10 512 9
-8.912841361325354 2.163978007382326 4.964837643912009 3.840589795499419 7.654442744645472 9.891750043253793 6.931395147890701 7.31878349865142 -1.8339462692481874
-3.8369927197664015 7.437779493942603 -1.2004136599732576 2.7641943557575814 1.7977682626931646 -1.3000356607390025 -4.913740993082052 9.844177569188556 6.672335287731986
3.067260974631921 -4.965390971458543 0.09816685131439584 -8.936407400573412 -9.635147543988172 3.042191570612058 8.08064507036815 0.8455932925779202 4.418463862574061
-2.4637127533741925 -5.42406099537293 0.5988896905147669 -7.806974032456475 -8.325074009111514 -5.501765798453224 -0.9207018805780436 7.63994906139218 4.803727642048761
-0.7293556668182983 -4.785012682301286 5.2265728692285425 2.4795599538489945 -0.3477871748630168 7.236469198393628 4.799424372228502 -4.186593811271444 -0.685390565283754
1.8442847063550154 1.554410875923704 9.188344445200741 -6.910322906536597 -6.534643314058135 5.327314484522139 9.758513525520872 -7.297043197879855 6.8726049611329
5.786869594395672 5.310336723669604 9.695147996499891 -7.829987739150237 -9.300654191831084 5.931981171068443 6.195880142782183 -1.440261493132125 -3.2892140875727964
3.3038272109055438 9.750297911513709 2.419119856816801 -5.785459688069445 4.654718571642366 1.650421845942784 -5.816779378474721 -5.946272659641578 -8.853568763630875
-8.112671352547343 -2.1978252707900126 7.012024683046892 -1.4599705397149094 3.679545262380646 -2.3152605080661592 -8.301262770561372 -6.80637942966885 5.275345343902572
3.779131051502368 0.7446200339614215 -3.3172774380558767 -7.8146483312492165 8.474537388438751 -0.9805117825650065 7.051814003883152 -8.387238686859265 -4.760790354024542
-1.6851988753732314 0.22699428762390284 -1.8744595523482737 5.409610516018526 -0.518833227167022 -1.6185157127597591 3.22627480396665 -5.936164539191036 5.983313890816188
-7.5462117790951115 -2.171304252226262 -2.609077022644617 -9.100135485351235 -2.261295115326387 -1.6332839732016602 8.804774946164091 -3.5307506667783706 9.694833812965705
9.137682937012485 8.747990376637773 -2.0585331211398072 -0.9063331205341534 1.6718981142017775 3.084846116322119 -2.1427986132648495 4.404530747787806 7.758687224550677
6.573346052284609 9.86457478647528 -3.7798655135318837 -7.2955237528623496 3.707384840004339 -9.712850679817283 4.804225481065059 -0.25640390786850276 7.222795801258361
-0.9868739922141234 3.010924249574373 3.4619802348059547 4.060245070996073 -0.5800327509025376 -0.019382043618085376 2.682329701764445 -4.538745907239559 -4.910465696587069
-5.077170487995457 2.7673672224056602 4.4050136395709565 -5.556805583034965 6.348123353030829 -0.5655079715883886 -0.9395984483082316 -3.0905933802886 -5.571421329302096
9.8686229102345 -5.113042879925116 6.943813845765185 -0.6980724416949347 7.8092424570759675 -6.666852662487677 7.388645336677662 -2.251621260839187 2.508025948456357
7.500337953954062 -8.198808340410718 7.064270281904282 9.989790404088168 3.2713159213164733 -2.659370422988374 -1.2660655689299016 -1.0793685268281301 -6.1930308419149664
-4.484094035243034 -2.5955308653709297 -5.815597538848369 -8.77195811324576 9.89783182861779 0.9197822142369496 -6.3068281545206855 1.2847890537434274 -3.136573111127314
9.99707475311994 -6.1603651160403565 2.1850713133174438 6.99792023526124 1.7179804631611422 7.449882648070723 1.1889751450925345 -8.137782020905346 8.629300853292566
-1.6102666797153304 0.03594576971863539 -3.8831737997679783 -6.455039647713474 9.536923288698478 -8.896289521956666 -1.9497725222692015 1.5595601090293503 -8.816949200124348
8.551932570599245 5.973967573827256 -7.0901664732049285 3.607491812367984 -8.843061001349035 -7.715589211066797 5.306266917133621 0.579344757802545 -9.588188285556223
0.2343895697914018 -9.236695379235034 6.5292110883774725 -9.064564209246015 -3.0298987611705375 -1.0362682687433136 -2.541851086121132 8.417126124650611 -6.802523769368401
4.941777540188173 4.413767418471398 4.752199072043844 5.850585352976264 4.061169401043394 -2.250192844436853 -3.9380839058329435 7.6574729946852464 4.835958253499031
-2.1966236499747804 3.572788243894161 5.965996133531917 -8.558387942387784 -2.1076484379648885 5.965158524674452 9.516903695548681 -9.607714550484195 3.943156270535507
-8.180645599682473 -9.47997963165937 -0.3760501522640922 -1.5164587568837629 -3.101922335510226 -9.79928437168921 9.128537216752381 -6.84656681758357 -2.2105355305001906
-1.5930446727233711 8.863626519589246 -2.39906783797188 -4.039057078318528 -2.2535901522808306 -9.07902208385439 -4.1536357544599145 -8.146754360792327 8.02599150956026
-9.422650950646577 -1.7760247610377924 -0.5831786209937349 3.876321114300003 -5.028457634104084 3.58764864737881 -2.571961616516429 4.573582951711563 -5.15606361137714
-6.371193860389795 6.108397088122082 -6.010709590484133 7.7585246438020405 5.011562468560866 4.1085957240590165 9.226838250714714 -2.036129850263988 -4.394141013076371
9.219521710734536 -4.243405192526168 9.837156434077027 -5.381851775744833 -9.368025647013052 -1.9710139080173743 8.728695353702662 4.831461606638996 -3.6774350349765017
-5.6458438669357225 5.044545962286373 3.476821231629607 4.406041095020605 7.767643789815125 -9.91160205413543 -6.5162549891160975 6.557373316761659 -1.299690127007242
9.236580892527911 -3.769731461238967 -1.4599892842293407 8.077967602239056 2.909122380516818 -4.555613270074607 -6.67394156964723 2.1369702348619626 3.9850024391797554
-2.33975542851915 7.11120097658268 6.681802011904981 -2.7272652759857436 -3.2452569900611117 -1.7116261998197029 5.039000301179659 -3.028748396915118 -3.298864862315871
0.12980579618006693 1.596059651698189 -2.709296766950164 -2.7691314488506658 -5.33238292169319 -0.47737368661117685 -3.9598986542013836 4.319532956520902 6.949865897683367
-2.139990204461915 -0.1003644278953768 5.019036300825491 -1.8289909446281154 -6.803836558833152 9.36994489375073 -5.376566273145384 -7.4457587149149385 2.4813102197921353
-7.7805991880126735 -0.8691534829058156 5.153873096662398 -2.1726109480313145 2.3703713465265714 -3.7094677222275347 -3.7151799969636663 -6.969307311026077 -1.7366029158602316
5.5387875045946515 3.4567219957134796 5.263370123114836 -3.784111206884617 3.5590418544898093 0.8442740365737222 6.811385491521047 5.787250266047501 -0.620257848411697
-8.117038041302271 2.2531368454909835 -1.5819742802977466 6.517102198637794 -2.6123857161111967 -7.63530758258085 8.00929917557442 0.5283287838459234 3.857984663868992
3.934322452759268 -6.711233774550851 -0.8467608661095234 -4.740220675189621 0.689277836535382 -3.695912495222144 -1.8117648736151999 1.7503932917522125 9.330017682419708
5.707790707802653 5.304623342987025 -0.6321466951372514 2.198013706404131 -2.0834507485077136 -1.3759628409747435 0.7353989342044578 -3.10184606002216 6.830438141395074
2.2944937206838496 -0.6840761832207072 -0.9427100239299602 6.24296036783749 5.598535741526334 4.605782026260535 -3.6228684126349613 -5.78961988403687 -6.071565436581016
-3.9747069645961712 -1.7487687958149358 3.3742393325371207 3.1102219048591877 -1.0984192146235756 -2.4372081329733364 -3.185896866144475 0.9570432312682957 -9.695336523133848
7.556654233561279 5.071744629535942 6.053588822182562 2.7785424675401913 -5.670426648575848 7.438024521817084 -5.7340019733602805 1.7796083125509483 9.488699609554704
7.651784638922454 2.66011490852884 -7.033841437048087 5.02614358771817 -6.9370008630036795 3.8746043004380546 -5.230267755279003 5.685095159931775 3.3954244073336852
0.00330833546539111 -8.738973822784883 9.37513557851949 -2.1918216369944705 -8.54690962809045 -8.08237677788876 -5.466582451849941 -9.30236825796711 -6.829633964052702
9.767507347088966 4.11773027422994 3.965306166479376 1.4938288634356152 7.852750278465297 -4.328637866022658 -2.365473319790552 -2.3484408423324172 -8.031612797433107
-7.757151774694342 -1.1181851370142937 -4.157141702329663 4.419255510991382 -5.056405410025755 5.329953739381148 -4.244099030253872 -8.909051448120284 1.6022788760900664
-9.54392850870778 1.392998484946533 -8.17037492512869 -6.358212749209729 4.406059314687322 -0.2091824011472525 -2.905049219827829 -6.692831823325863 9.271613318713648
2.6479983313102053 -3.7090432863131895 -1.8731036549154894 9.534749305674875 -2.272122351077865 -8.421816046508749 -5.749241341249438 -7.152804834128858 6.572540829330094
7.945745413074597 -1.4475610635266083 9.657975728331131 -1.8030924068488048 9.102596741365574 9.339575409419837 5.778698616896865 6.84732581296576 7.854843541853903
7.5721198834049055 8.425922931606959 3.8763394747452757 7.09227152580651 3.3250720375657643 8.193992596562335 5.005833521820701 9.579486954777412 -7.696618727727178
3.3622363991602775 5.925358163731362 -3.3589516028082977 -2.7981769266212053 3.833672318479586 -2.6481281057870376 9.691947941909905 -2.569494538811332 5.989028186156595
-4.032454314719076 7.694987225393913 -0.6929974452152905 0.8034088120020595 8.238211103814848 -3.570291940657045 -5.9209282303446065 -6.376625482733418 7.747170695392235
1.0325799249677576 2.0501337164486717 2.2754451795647626 -6.260232383861184 2.7336287202834804 2.390807351914093 -5.973170223305974 7.76171111095276 -1.0575148857282635
4.577508212160865 7.6445117491162335 -0.40818483397242034 -5.602912925894512 -0.38025759045640584 -6.416759407201997 9.160559306122384 -0.9633551196303003 -9.332702652954804
-7.3892436844495935 -7.852011257249421 9.137102080885821 -9.350008190587682 7.058196715992377 -3.881404454852431 -3.505992707698984 -5.6761279573921986 7.62317858765773
-1.0718854287554862 -7.179529367518036 4.045839526463329 -7.946290264812744 -8.854599539099507 9.775551321334202 6.170452491708797 -9.616748283564224 -0.6576864552825299
-7.473191609596386 8.482168128471319 7.742201008982583 2.951093911453599 1.282631813159142 -0.10120017422966576 -6.653022618804099 6.325372845336467 -2.572475840302733
-0.7044911311360984 0.22676714512715357 3.235216866378403 6.1342547155392 -7.788040627951592 0.659429029961986 -4.735818901851518 -1.5043776859742692 2.2206668720709377
4.787696470670401 -7.836655582911405 -0.6150139992605563 -0.5782082454148387 2.8165533803841925 0.7932799239605597 2.4801894212053313 5.223267140389687 0.37893184789387035
9.792863376801293 0.3759504000988265 2.3318852152078584 3.5666770068222498 -2.3524002841813285 -9.521145893823505 -2.67905130426493 9.280735596174424 6.264849593153091
-2.104736959221036 3.783336724305407 -1.778497772138369 5.910158198899147 -4.80100202257312 9.04524366477612 -8.106431495524323 -0.3470650743924857 -9.075843443882183
9.299724211513475 -2.690871977481404 -2.3880739254806427 6.672240713658692 -4.396468508914591 0.4575875575116193 2.4995613905330956 0.23603102538450216 3.7162019875797903
-4.67305473273917 8.911231105024687 -1.4360783063576488 5.961934069454193 -1.911488051707721 -6.707580278541685 1.0709259069216532 -3.8497748023365546 9.916634617725158
-3.5110877874231416 9.4264834957131 -4.249929117993658 -7.892016140455455 0.17662545643219296 -7.816852853709914 -2.162410902136342 6.267036344107705 1.7910507505343904
-1.6101709943792724 -7.870689839451779 -6.904075755833854 5.9057706793372855 -6.793497269204725 -7.3958230581857425 -3.7316430231743913 -1.4910031908214876 -6.925656225221013
-7.023232838756217 4.473692783770868 -1.7090828556419417 -7.902905291017602 8.558557449479046 2.167424257654167 8.805311330213154 8.930307416310502 4.040679087953372
-5.070307820065471 -9.508873765226692 -0.4917531973460232 -0.921231693781742 3.8727867603631623 7.407569128302558 6.638819345841338 1.6115966867695342 -9.23926059606318
4.131108922731064 6.9962018563501545 -8.789486887160042 -1.5143992983825765 -6.258758236399644 -0.7299640289402198 6.373318418599908 -0.14651993440012134 5.189402867189122
2.8771249183439274 -9.381650400050653 -8.031952958058294 3.107882028836917 -3.4465390876959408 2.5695194948961273 0.7607403560714125 -5.159560571657136 -9.373476598676904
-3.1286120845183563 5.986992996127409 -9.069542876880307 -9.570736465203177 -7.050809349103295 -6.271606843618061 -9.762959485424004 8.90246610148186 5.968428953473383
1.5672392300290827 5.946227430555698 -1.9172008062492516 -6.342652407834466 -4.247945116622995 1.961326586261574 -4.188206781534887 5.937129215785653 5.819443119489055
-3.120076401489862 3.666237575609694 5.118473938728744 -8.020351332462258 -6.1892396402244065 -5.569260442811315 7.947421619821441 -4.214132752437254 2.6537409617096017
5.213894950281809 -2.493525166637955 6.648015171726339 -1.6139416496223156 9.756657997698632 -4.158227691702631 -8.255714396359377 2.3273015603972595 -2.7824874965623874
-2.384189673057344 -4.5621983317589105 4.187244169828428 9.508231176424268 9.398499764549719 -0.3447790709281744 -2.684828317204202 3.4365433831209096 4.1182088702847945
3.128457144665294 2.5536670344872903 -9.42880290651697 3.2765750991522236 -9.62737355215874 0.18394719828353878 -2.1034978014735506 -2.954624187778472 5.31752204868555
-5.250611874872679 -2.914046819296347 -0.10865330500235792 -7.072925162723598 6.751166224846944 -5.702778886246249 4.734758660724111 3.60997774255263 7.971768697427272
-5.863721717260697 -4.3605717267877475 1.6467547112395504 -9.998519362969416 8.622908484363492 7.502105812235136 -9.448224024650134 -4.883182765200111 8.187158948696275
-7.696790222554819 6.371051278074098 4.717363132942067 1.4009374979343043 9.640687807728195 8.141092045354288 3.131258125113451 -4.127182296240582 4.568248599728495
8.55710272169944 -7.975538561051603 -4.826273018369578 8.58457416364731 5.059028687340479 2.8870943986832653 3.7544950864969966 4.943369242966876 -1.5407198699718592
8.37284170482063 -3.139485263698969 -6.219024004076649 -4.324558350523993 -0.3580526359766161 -6.732309479706064 -6.668582743511409 7.603855678740846 -6.197888810825535
0.8223026393494486 9.239698738078093 -7.113129710048645 7.794483015848691 9.06908673657449 -1.537697469906396 9.136810618147045 -9.744058631903947 -8.293722302414468
-1.4825525937037156 6.410887877415355 -9.188172342931583 4.316198568383594 -8.972895460988433 7.241048597849769 8.617134983242408 -5.972966206120056 -2.879207683251172
6.2510056678110715 4.52654138738075 0.7588771691428615 2.7600923313733503 -7.350751566017946 -4.5362231415116145 -0.3481666312266505 -1.905304904609169 -7.701135954247784
8.494502422845535 -2.3486049812873393 -4.4974528608064634 8.636601469842724 5.799198680659165 -1.5906148867633885 -3.7282254042508196 -9.91136493234879 4.351296208521802
-4.188295725532969 -0.4619031461768657 4.3021908033076155 -7.0898617909047035 -2.2552640089006566 -7.187162142894852 9.669297693426323 -5.527164737999892 -6.488792284128147
-7.278795610975999 -5.963198794125246 -4.0017853828978005 -7.668830808067424 3.8792576781939445 2.881644342010061 7.6419008168990885 2.5047591616808056 8.914003514134443
8.831821278473424 -6.21170669464105 1.082065684403739 -6.453963365906521 -9.522693671995391 -6.923235591081833 -9.70598325858819 -6.442873276151849 -2.042125279867526
-9.30057072748302 -7.174792911208949 9.73966219700663 5.147093488080916 6.1999274736331245 8.811865528025265 -6.485468726220893 3.2746327197914677 -4.4309665636843265
0.8659147777117191 -3.589119561507559 3.5645216908053623 4.030914603651796 -4.46244681786331 1.853205036828001 8.247064539260705 -0.36162947721416927 6.328499970804632
-0.3193215949305781 -0.8779255691058481 3.446693127953356 -1.88842274902132 2.68170678587917 -1.5132469655701932 -6.8891783707315675 -0.7558464611644755 3.5984478197505503
7.858712927637111 6.812208804157393 -6.396230771996965 5.621241153022073 9.90918629401397 9.20162393502586 4.846374596501718 3.932231785312192 -3.4673477859670276
-9.817979563298685 8.710395182434898 -8.634086698968806 -5.5752542266908245 -7.463575951327619 2.3660048781849774 2.746580184953144 9.35291318727652 -1.7837285469550572
-0.2213877115987657 -0.9489430086714297 3.8254644837348195 -6.605355218107065 0.609426388397786 -2.999514216291839 -6.004899206200083 -8.464908404332775 6.302182083247548
2.333168738428588 3.5663824555505244 8.281312469410402 2.2643362463795054 -7.082814093832745 -4.185797433907377 -3.829408071563421 -8.326002298680686 0.07623078538209782
6.862441918239931 7.834908190363347 0.7398022174072327 0.6523633092420376 9.20919285949121 8.301256759729291 1.5475710577375423 -4.01442616821689 7.904440045055072
7.927780016427096 3.1696004910777127 9.863277386449667 -9.932425745389361 3.13029582496058 0.5344990217787284 -9.976204219747418 -2.197893851179657 9.756926250464101
5.582725893199068 -6.855323435523035 7.41583969234911 -9.425942352646627 -5.7761134232727285 0.09446161552759591 4.566502045905878 -1.648794714644401 -5.344763301457782
-7.252750134382553 -5.056234842345251 1.9780179980354475 -2.5450284345412655 0.8363898733493542 9.756603764155184 0.07719611575814156 3.7710274993006045 -9.448343021492855
-4.14450706140139 1.9560622812235433 9.575869608053033 -6.163569942937346 -9.615928646092968 7.607343909543847 1.9321611182072544 -9.007870664350186 8.316653916796788
4.849122866307358 -3.881464899072949 -9.339477347117635 -7.765991948658164 0.8704789475429937 -6.241789916616154 -7.246360662851625 -8.10259763316827 -7.8464035370212155
6.786234251456165 0.07086355208718764 2.4470320365956226 -8.97713055022507 9.705418050978334 -9.875958799840456 0.8169079869909428 4.933562252974308 -6.2621266242228675
-0.30730123617353655 -7.7461996325605575 8.237128171549589 -7.2894575544376305 6.84329573457115 -5.942596443855502 4.68785100006744 -0.8905325490593814 -1.3049232307249188
-1.690118263058551 2.4915765082997368 -1.0748961661184993 4.603854848461545 -0.22318718500213208 -5.524421848941918 -8.530843903588464 -9.600737390644564 9.936314322158516
3.4621472537450977 8.850353763892997 5.610991197592192 3.6484033250889976 1.0871652589798018 8.414642033848523 6.781884151023828 5.493949351417681 9.907363509978563
8.95530936198346 -8.534087666907414 1.9379834135560277 3.5304508949732742 -3.7917218389308456 2.4249679316713983 -5.15763884531272 -1.1406008455227035 -6.558834172290919
-5.622935469115104 7.483252025315863 -9.408302062064653 -0.13013813940597352 1.01089524486585 -8.667873185140056 -2.4655747482206714 9.349323458044278 2.5412557076223425
0.21593604130889332 9.997389963321488 -5.364301454449971 -1.7259587628274442 -9.67653710526861 5.639533246186865 0.0666397718953462 -5.624522846655982 -7.738086186605826
8.140362320866089 -0.21506375100163133 7.922849310126836 -1.18892271902042 8.530055563343929 -3.9422882324193402 9.95570313963497 -0.3100600928925914 -3.6642981991669554
4.936031114183093 5.448280629780854 8.949879413836904 1.8475964931919169 9.472849525627577 2.1785889639973437 0.7288498815250435 5.924428384454256 -9.840782507914502
-7.0054388326826995 3.524683060161017 4.622146925069661 -6.976453877289894 3.134543406709035 8.541553715363875 0.057186242433818535 -1.4248971877789671 -1.115299329954615
-7.996669943947465 -9.731800240493289 9.3588377221057 8.076837477461098 -7.916520074792974 -7.8667514727076515 -0.4946328360308172 -8.918733834013889 -2.844198401730063
8.116941026231483 8.242123430226961 1.4337537772451814 2.6005229635890377 -2.9648666684489866 -8.330273768871335 -2.2049098150915514 -0.428942835784083 -9.28514472254946
-6.9086326038506485 -1.557502915790094 -3.4862442002169995 -1.300450866382537 -0.09235414228795769 6.501705400238954 7.304056274864763 4.548370670715499 4.19739638376582
-7.119489502138379 1.532979683349776 -4.120236940094841 0.38634178113411366 6.971844093774834 9.303191752169706 -5.879497339439366 8.972301734681256 5.559494777580966
-6.915140209275405 -0.5704364307848397 -8.646803936296068 3.135115909340362 1.4090513235662243 2.147342471337506 7.520725557723836 -4.9318776789422225 -3.489154226225013
-1.5217559414314792 7.296880381969039 -9.169136227084682 -9.680790808800811 -9.265406998252212 -3.3180167506803055 -1.0078477294848192 3.8138061343484466 1.1068703878180202
-4.260345164576358 -1.1895122067260715 -0.06347405678779516 4.442963221157758 1.883532870304954 2.108147395799861 4.666749590580508 2.8384309435117228 8.091610182541615
6.132151272467549 -8.883231476930867 -1.429152304101141 9.609172198219397 -9.997792261340255 6.935304226725595 0.2719065340222926 7.927609073466442 0.9854814248224208
-5.148931119936712 -2.7219753870046937 -3.2833155905795337 2.388996455940921 -3.800688996804733 5.568537051909889 -1.2071521992672718 -2.776273125966931 0.0034853203164004753
3.796305411798137 -1.4414139961153456 -0.9265496660703398 8.446720503288915 -5.5290921879071515 0.806835501966102 6.335815020548672 -4.78695186864627 2.720231510060975
-4.527426200609246 -3.829395819878152 -6.255857440464975 -4.009098759343006 5.6206225879788345 -4.3134239437982735 -0.9715897533818545 -2.299508077368831 -3.8570783419841277
5.926296788164581 2.119023554423766 5.862744228089301 4.719977947771543 3.6037265497241027 -0.8842087422608618 -4.560046943690086 0.4362768923827236 4.26376932422788
9.18073355534468 1.2335491076542127 8.052128914087014 -2.029019093814557 4.147516859049617 2.124056357646289 4.628998149324431 3.1345374147212226 2.124706147721156
-2.6261530896951086 -0.24557061050844453 -3.5951336167075665 6.607808038151582 -2.0518947633322764 4.633598913465223 7.027870117292704 4.473243775985383 9.054316547135027
-7.92553634243874 8.253324876157674 0.5925669256051656 -1.6783269735845057 3.3399421128804896 -8.1092558607494 -4.746464773438999 -5.2960631325017316 -9.562408325430713
0.6846277872393376 -4.205779837477827 3.2763767530979475 -0.29981400617116094 -0.8716854169381705 4.5814885606377125 -5.521478903629735 5.323594873242115 -3.2643263210182667
3.7690663121880377 7.648624089488958 8.471484837202532 1.5066453890699893 4.442263133468803 -4.145867879166665 -3.3152056015440268 -9.547755718725776 -6.057234222490086
-2.3822098100040296 4.914479713316965 6.233416421254741 -7.4448547319229945 1.398417668835128 8.900193425226899 -9.969122328509826 -8.062935752636008 2.696613071985343
3.549272719944872 -1.1472185724312602 2.26670454218338 9.31051713280398 -4.590768013186956 7.672513067746191 -2.9313744164309536 -3.3361362700779225 -3.2889513406068076
5.788987350070025 -3.810969296093843 5.753957761634748 -2.94691246702091 2.28192731513278 7.764216847781256 7.156587963244807 0.6984649724328627 -9.013801981621448
3.388972874300473 6.688146085681797 4.40032271431094 -6.211973409195528 -2.2746036886819994 -3.4551518637583856 -4.112438779604519 -0.42066864295750683 -9.109821804882658
5.7968936969339495 0.046892094501414405 -5.024287653307127 -9.274810225985853 -7.338235506142368 1.76331005508856 -8.94120737294912 -2.708194788818532 2.792317547446441
3.912195231891726 8.488396722799521 -7.3891196460096165 4.009035006406387 -9.53856643054775 3.6971363603340883 4.699143502178881 2.868469836247815 2.2627483755610527
9.157155453259758 -2.899494946909944 -4.449009355282527 0.8328832745706123 1.5212290123480727 -7.797835203474326 -0.285697214244216 7.427983571876386 1.5072650902508435
0.1260244177898162 5.21014916407335 9.862890578403743 -9.019237128436824 4.11205493503682 -8.884224186624117 4.4439440517766435 2.360878587646445 -3.1080619806282233
1.7706105409104538 -6.43785917774416 5.111935608520245 7.496633072790772 -6.47230101318478 -5.131986940736697 -1.5944919041854781 -2.596013682992549 0.6961322487855597
-1.8182378875420806 4.626439154949516 5.172492276855884 9.684775338041838 -3.3933661559809476 5.792868176046376 -5.4105382636119685 1.9781949828852028 -0.6820837872600158
-3.29854814846337 -7.452615386883259 -0.022533039367846897 -5.285839848882297 9.656092644891238 1.8336151213975818 -0.8182248223945123 2.3042853890330157 -4.359146055250022
-0.9699620048965159 9.853878649360876 6.59077632857845 -0.2211051650004876 1.8227561531329926 3.8163888409334934 3.0913380317182764 0.38366821596975065 5.7834877453843205
-0.2359833614307334 -9.481510754743432 5.038351036835815 6.9513839990032125 5.381523981862957 -2.787627850470839 2.3878219985845917 8.562278624507812 1.3402213564286658
1.8881816979647343 -3.778916215163834 7.681495501237528 3.6283178816212676 -0.37962236096890223 2.878025983153689 0.7597742759206092 -5.377130493470199 1.7602842847612639
-7.119854695187446 0.5470489885693262 6.429333311855586 -0.34820560004166445 8.563839137117565 -2.2082250600773046 5.605101194325336 5.002562701177613 5.933876458670822
-8.311674516468827 -9.313002388991345 -0.8703186050822538 9.990916719338795 5.083897636667684 5.506259427534324 -7.211792346833887 -0.23460885620570515 8.08400095092982
-5.854757577248886 -3.743389149716288 -8.655798580132668 5.414194200400148 0.29943075187590296 2.9653106245336467 4.684982553722296 6.100414781890297 -2.868582886662465
2.629034909593706 -3.8912065106503384 -7.523230123016635 -5.1464739860157955 -9.58271098414289 0.046735430031993985 -6.683256250038565 5.105546491068743 -0.27659828099005246
7.553371995149508 -3.959275079271693 -3.547316977449113 -1.4594809893587435 -0.0867432657949756 6.984688017198309 -9.84177266788485 -2.4777303271316997 -3.094678069319987
-2.201536582866048 5.893615778128112 -1.7495738601310116 0.3827522285293057 8.077824342329158 -4.003633952419079 -8.699512516024308 -5.785086567983693 -7.528893156782132
-6.086654894606623 4.037630575317497 0.36996978691697535 -5.899109933431377 -1.3950832985681743 1.8130708189950155 0.8891299684268539 -9.75833422098194 1.3001023823932805
7.43463065751715 0.2133165842343736 -7.037957486983448 3.5631063135735417 9.025011664562005 -1.570267571885335 3.9694288698135587 8.348245732794634 -7.3458510018299545
-3.2884198870979775 -2.4812425005545213 -5.105220742484613 2.4899430601995327 6.10329748112925 -8.504378038997192 7.156497765740781 -7.556584844619312 7.846478856936795
-9.772504763581715 -7.044618176754149 -9.634715102907808 9.640645062527689 -6.7127239237401914 -1.829341006028022 -1.5700422210374434 4.1875710453014054 6.385952757271546
6.058029787701454 4.148799750231662 9.446093027923116 7.916848365205073 1.4519344418483549 -1.0460407750938359 2.114170092527978 0.5430034581711851 -7.391542266632937
-7.74023792831902 -1.315605386486281 -5.23954111482057 -1.486679030708526 9.107847958853622 0.7612138427016628 -7.65768133717647 9.580476571672566 -2.0682538853673798
4.699233352804528 -2.704655242029636 -2.7996765115243516 8.05806141558466 -2.6194264814332 8.605537082401064 -6.160242218973879 -3.327886302514173 7.9975457480639065
9.837158543105993 -5.6586668032244125 2.808676546743442 8.597398023143455 -5.96684797479287 7.7335479542439565 2.622543741235855 8.922772098981032 -8.005307369705355
9.067469619978738 2.49149328713594 -7.884061745419566 -4.853330349573371 2.4955796855067867 -7.01967444281202 -7.3812508148537255 -8.73059966714427 3.7926375050672245
-2.9638785515315025 -5.643645748253023 -7.088214149538937 6.970703842594052 -5.494273468523934 4.49350819921923 3.1871257587196347 -1.148960595018039 -4.941186194420153
-2.84794815893793 1.6500819731283407 -0.5443413599395885 -6.638738162027014 -6.038115582931754 6.566360475158952 8.338976709745104 7.088055487916069 -1.4379261156106473
-5.9434279871898354 4.917550509116506 -1.0135209991513676 -4.824027171341538 7.250674784112363 -0.9163450040495764 3.317588674006224 2.7125253458757967 -6.87953251091489
-5.784018415671486 6.045569419356138 -9.5374793791717 9.544638039580803 1.1177885133334442 -2.9872922827898574 8.71306300597762 -9.281435196698055 5.23529156037965
-2.4228323645603123 -9.20315216430527 -8.92056658827515 -3.5949216737730882 -8.288078420655378 2.7394844105916345 -3.076459243931491 3.419298431224986 -7.508770604148401
-0.24876968984979086 -9.249682782705511 0.3606302683156386 -3.19408041183054 -3.667489103162076 0.5524197925088536 -4.415517888517573 2.838311213941637 -9.081149831624995
-7.6281685783666475 -4.97883399536637 -4.889045210791192 -1.6814196096889251 0.7058884736796589 -0.6911053215148595 5.116350087521868 6.875163370848465 6.807640192148202
-8.753715689655031 4.2918192056478315 -6.0459814601847235 5.925495391217154 3.575477690930649 -5.097315092852373 5.109539402258214 -8.210202035561423 7.938150967568184
-1.6507277330520118 -3.745962858870266 8.566954909359623 -7.024937452049224 2.2715239777651988 9.02552613762434 -4.049134943235966 2.89540102831384 -4.0067516634043105
-5.2019432157069705 -3.8820594104672157 5.161960211073005 -3.7539122041042683 -5.115811414980982 -0.198148967502199 -1.1780918217045677 8.489412494267828 -1.4313654929724144
0.3049591354766239 5.41825496892759 -2.143564479705759 0.416487471875822 1.5557920600826378 6.472198778261738 -3.573685037756076 -3.810776265847167 -0.1427097127327741
-2.434187437262432 -9.318858813392726 -9.632153356891639 7.229814985627865 -0.777828849145072 -0.22878230350420026 0.1827419140519062 -9.321017363260394 6.47395577752491
9.752532924638754 -3.938047136313722 -7.05221831800559 0.4254400064063262 6.193789013451735 8.029451016407933 2.926841796240886 4.172373433164623 1.9828361054156822
-2.5300888518555347 -8.606561497932145 -8.861421977452064 -9.656046196558862 7.833252363235861 3.6849529346846914 -8.348699737383134 9.39810124649074 2.4600583407061407
-5.819577384620656 7.9076481621641435 -9.756150753782899 8.151357403444987 -2.9830331815319866 -9.364119221045124 -3.451671808002721 -4.232557729478392 -2.780851580698478
-4.56089527550859 -5.558152952313387 -6.7117370094279805 9.07538007115443 3.4991263185953265 -7.386583366697836 -4.0496283880796735 3.611110852181426 9.105004443569648
-2.072603763314918 6.653435092437483 5.868601351622395 -9.925229413611946 7.850290583988908 0.218581529500268 2.8220151109799207 -7.320188777734327 7.771582854231141
-6.895422342209823 5.048352964619385 5.955544449830867 4.475897232572779 -9.597147953860098 -8.48713764993812 0.567389716310597 1.9970546179861266 4.956011028750183
-4.030775347422109 -3.3354042943178257 -6.075609680932228 5.142441483644486 7.929526356298727 9.836652782791656 1.7603167917264209 -5.121827070500622 -4.91603559938283
-8.53386903380984 -9.92508926333776 8.021433305783383 5.885723333604883 4.0784657309055365 -6.63214452867253 1.1025041312726813 2.4597380441445598 -2.3636377919030522
-9.082378108377531 -2.3437513821341804 -4.840588340527221 6.09367665884886 -4.074737761801368 8.661946938149029 -1.0307765197853236 -7.226969329246387 -0.7975120466309029
-3.396368796975489 7.541182114306174 -4.647519051875511 -3.0717037414163784 2.272208986179237 -7.3920011257178775 1.0129310789125618 -7.969729445555269 6.848728657681242
0.6278526932394701 -4.279934906597802 -9.112661814404825 8.901343087853547 -3.4628377037402185 0.9125741626919428 8.90352080424466 -9.222076414151157 8.573595469365173
-3.623114440198025 -8.028724602789447 -6.325631611201654 -9.453185729357404 -7.501677847265402 7.777532831390349 1.1235485137717127 -5.7629725081270795 3.2786073933954025
-9.789779490154874 -5.370287486673046 5.1392915694059464 9.637684847389274 0.42401537609991813 -8.981062930628559 -0.7389007901258715 -9.852627606882242 5.1545000500961375
-0.03400746525562681 5.689201633824892 0.4515558912029132 -0.29856481096943277 -0.808927688120658 4.051279634792632 6.881233176719871 6.599619041123791 -3.37185677164096
5.949922087474311 -7.100172215232168 2.030660864697669 -0.2722820657277403 5.654478699359375 2.7898959415706255 8.323940676069228 5.804930660331101 5.444760456837258
-1.6171135863540336 -0.4019184491950689 6.597353638710825 3.2331700922240554 6.508266386623056 8.825940076684866 6.510797782472338 -7.466786164443304 8.951618098689138
0.3010409674028054 -1.256693457383422 3.4648047741360664 3.605357943755296 -2.4684941231501885 -3.103310331903531 -1.3342386026197914 -2.5345441077692836 -6.9498243961432005
-4.553795189723884 -1.8673637538236711 1.9569590038783033 -6.925164299216233 -3.185174611192279 -9.33979622153787 -8.088098319626765 7.789841802848173 1.8859635442651896
0.985716614969057 -6.292587259695573 0.5692649068120232 -6.387345963837971 1.7583843234145675 -4.692615473902033 8.534668736912153 4.068086868227558 4.294583946432336
-3.1172953774635914 -1.7532598758644262 -6.9933456715525715 0.8879900027238108 -6.108461998185694 -6.751309994154687 -8.88655682915803 -1.0111099059724555 7.676878202739438
-8.682154895427615 5.898079378171721 -9.738349069647594 7.674746377256149 -5.974157397673007 6.401436881395725 8.383922360488327 2.3144871572667842 7.93431954516225
-4.570309926428868 1.7807370018500475 -0.8859899999902936 1.0249297687341663 -8.280137790977221 7.528199188942853 -4.734463019993688 -3.6707717001911604 -2.478607701203492
-7.1113105411644835 -8.561346893442465 -0.5246519047198905 -8.324448788184256 5.289208913438557 4.417651943580163 -0.7872874322476608 8.147489267507435 -7.078142107030061
0.2917253974748917 3.211820829917592 0.931280049760808 2.526113103958412 -8.144786803407953 1.3028526237161042 9.30480648668707 -9.435689617458687 -4.255454076351586
3.4226937907758366 7.347688769167309 2.690638300551182 -4.3753109197685225 0.42500756356503544 -2.415662924297366 -3.623746769633134 -5.665565267911488 -3.205168616101073
-9.33508985547345 -3.3059194043975975 1.455380874023966 -5.844167699204501 -0.8819039999547602 -6.836639610322028 3.1164916946305787 9.743815655533862 -4.385228660818434
-9.398184182258571 6.992385202536578 1.129251589338839 7.839597780192456 -7.387256104951674 -9.805173108254925 -1.746136434554284 3.0894391707357123 -3.945165108747082
-3.9927292586929575 -5.2864183737270976 9.48306514122504 -1.5068341615346839 -3.9099561220753465 2.87350124577463 8.91327825192963 8.052967244726446 8.587047991833849
-5.64035069500763 7.125926710750498 -0.4427688631399427 6.926992950713938 2.8556494324477715 -1.344637779238873 9.247952087825439 0.8879149549306913 0.11369517822541297
-5.37494675955323 5.745935905187816 9.08204876001706 5.5127858182685365 -1.309986727342034 -3.47260242339196 7.585824076170621 -6.16345792434368 -2.327409652169523
5.935520005047078 4.293008007608169 9.302514120442346 6.928068055919216 9.480145991505765 8.157801222634959 7.54940307206002 5.877774200720932 -9.202764356340422
-4.4762547456293404 -6.925397885964745 -1.79760412586284 1.1091656224019708 9.8395165570061 8.079430857244091 -3.0371214551791903 1.7179724105509298 -5.567321450342173
8.127679852389129 -3.6547751274073237 1.9321013303047003 7.965050525572558 -0.5835512657140676 -6.680551440174254 0.9373514255835769 2.6957506757014205 3.782853112932523
-0.43135782737167183 4.638556385235768 3.0235157543780495 2.6093284321252916 -8.12560460855196 3.9117418394960506 -6.390716567817041 -0.8323961451489659 -0.5723541137530042
5.453419548036784 -7.9424790008544015 -5.957303832057996 -4.712831595824181 3.5035325370550794 4.277271787218805 -4.977928154020368 -1.0717010662213369 -4.570782744424284
-9.135336570365881 1.602398374726441 -1.9280862067218951 8.85186622807445 2.8889457462684582 9.607726338234851 5.223787146827652 3.8646078614431048 5.751109420660288
7.323293116263862 -7.05780568823029 3.2812873766950084 6.3626294541312625 9.496219112477998 4.943870652175823 1.186243347700378 8.022724272265258 -9.578928020587242
0.5915356337212518 -4.007199932595682 -9.488332341354567 8.753711058668877 5.845696417006362 4.009127675395881 -1.9316383027375643 -9.283409316791701 -3.340704258517473
-6.46922718813606 -4.134279331463871 -0.7671785374126152 0.2122901188730104 -3.245079842383383 -4.036127860060768 -8.193883529560786 5.23975424098108 -5.369592637888223
-9.156223514318151 5.395744692775908 5.761352087018112 -1.2279841553184685 -2.0589110405364686 3.317535641726044 -5.272816210174218 1.488122180232418 -9.841708137066217
4.506478418658579 8.37103663550652 -7.293423412206767 -4.723417288448333 3.3796209203571 -3.1116263315513315 -1.8464115171830855 8.24414890954099 -7.168284496124531
-1.307092478906963 3.9817828088488927 2.7020749344139325 5.043994357205666 5.948512319276098 1.1680616045667165 6.60659865424423 -9.948667953482511 7.270037443366572
8.078957135834862 -9.976622083207552 -9.68545556240934 -4.840025358297315 -7.425460305143492 -4.291689412417307 6.752197388728959 9.52252778179103 9.094734739168373
8.836675132444487 2.9778129074023063 1.148441703274532 9.917527133916025 5.9908324172903775 4.1874100186474355 5.856460965288527 -2.86231590450444 7.347091908918518
6.969915896113594 8.405336768274726 -1.2768023939084543 -6.805158090152834 -1.5311940346774389 1.5272837398810069 1.2619571105576792 5.960624702869261 -1.9203223411651038
-4.695695446814203 -9.073258563462645 -6.938566421310419 -8.474901274693128 -8.325097318546517 -4.744292258538005 -2.99272702152229 -5.90283717146638 0.16438453488888172
-9.932910069639938 5.554462089880383 -0.06600504057699474 -8.375735623848982 -4.308586856610777 1.7077946959760677 -6.955402091410621 8.97390103186525 0.5867514145653896
-9.992091172557798 7.992300947278693 -4.578590243877516 6.069514367514529 -3.729740361851748 -9.915254601499626 0.8778129053433119 9.374147623602187 -3.1152655090701824
1.466814042354729 5.180041324366737 -4.7737040889104865 -3.137541915146798 -0.22425992292130204 5.391526422337858 -1.378982676203595 9.209573557922205 0.1224729410136085
-2.9278541085807186 1.2310080093514628 6.648665600097427 -5.212862914507119 9.056512546608207 7.4180362891162765 9.307297375690865 9.89856167706801 4.300255195147173
-1.6221119874497454 -0.5197904433177953 -3.3400865008651737 2.721497620549954 -4.120843754724566 -9.36216173462046 6.087576667377704 -8.009629340448898 -7.846528816427496
-0.8945455241603852 -2.4658242761284406 -4.846994567728277 -7.676224106495299 -1.3310867413293774 8.326038686887085 -4.889445153435004 7.786536032257459 -1.5437787139926122
6.523309853091089 -7.377777849717615 -1.7367710036043231 -1.9560198461151561 9.577316527917393 -7.238769282832718 -8.417845393764942 -0.7053784890966615 -5.979685003136577
-0.09353510924606745 7.57814498244824 3.7697509260177053 7.808117293147628 -4.379577717115066 -2.80688410082079 9.755883893975248 -5.438176889873347 4.195935864536482
-3.46741263594331 2.5235631410309765 -8.971749626191095 -8.75656209430607 -9.762887974380893 6.248615684112181 -2.793625069101058 3.0059434450980795 -6.798908310627299
1.6882898360763932 3.6714823095434213 3.6167915883062296 -7.18586653237206 7.04991767345944 9.12531237922919 6.27745683557929 0.46993762732552824 9.902816465162488
9.925410725294903 -4.3687007345302575 2.582722836097041 7.93934877074599 -3.2799533549622435 7.686760836916978 6.693497433823698 2.789696701203434 -0.10384652597022104
7.324467179092867 0.26154351168289125 -6.985594712391443 -7.8359337922152905 1.98618316576386 -2.5680044778016153 3.9373577854319546 1.0854706662111298 -0.32894517352561436
5.921160600842173 7.389988719184593 -2.714875318095899 -1.8289604384724338 4.269229819141335 -8.855781964087024 -7.019864700953247 3.0229521830528903 -0.2829322388373754
7.132525510568332 7.3798269606814735 -2.779815730335158 -4.825136076817309 0.0981954362219426 -4.10520517169779 -4.936568835742747 8.190775483872503 -2.666013529729156
-8.885299736658236 -0.7197050652670196 5.464817088709534 -6.400723904579946 -4.922650607659554 0.3861149980060894 -6.288254987297881 -0.9663414035093645 -9.182404260148587
5.6050019851144235 -2.330612459973378 -2.73187180129173 -4.037050436251182 5.5755910050304855 -3.7970057454628776 -4.385706578571158 8.219980604540186 -8.045125969396494
9.008572568667091 6.138886526611522 -8.746687791733258 -6.701562781899691 -4.7631528656325095 2.923818335520849 4.084601723368648 0.4953082558396371 -4.202579491748102
1.5627331497767116 9.69122234490526 -9.460862339466773 9.712183959805525 -2.2119934105830286 -3.8999167291148567 3.711595106669794 -7.965708104529641 8.294492875560522
1.3235764687737337 8.557229120042948 9.146190428673165 2.814587143627559 -4.643245577374817 -4.429215812219378 -9.805290585302957 -9.904459761042549 -4.1178277563001675
-6.02115909720254 -6.137536444874061 6.169397047041453 -3.203267582840958 -6.580385299622522 -4.107844389826935 -2.1035974204066026 -3.1503584021681563 -4.194096675326184
-5.041592632372691 -5.830654130945721 -7.4659874309247565 7.751717949978307 4.253007859512078 8.285946025220145 7.50479131429746 5.67724917645136 8.495474384858142
8.80517949976229 3.7098217030582337 -1.4587152320889167 -3.037959519340136 8.722380659674041 -0.1782931668150134 1.96548222334963 -3.5438017959776635 1.1032840229333907
-9.11065684321716 9.354296968349384 9.6843435462571 -6.2031561975505545 5.966399224860723 -1.9034322378079302 8.318346076075656 5.683169021338326 0.9837636805942669
-0.531389510877835 6.3147959320261045 -1.3762795454927925 0.49253382853481575 5.0908817419000485 -5.3694687641170535 -6.84153038430056 -5.290284748755083 2.433725793563715
6.274208799498581 -9.764186060337689 -9.528749584295849 -8.09985987571454 0.45407583417647146 7.943914484376542 -8.603201383084556 6.474593286159887 3.21104986561817
-2.8849988453458835 5.376641808337997 -9.99616932700572 2.77677374401857 -3.1349328829211487 7.033114883605251 -2.9226605651509674 -8.224935173760436 -8.587810413627214
-2.376885798055852 -1.380332585757504 4.642322070896103 0.494817926055628 -1.9473740937811215 1.7654673591076246 -7.9666868601617935 7.39233929150085 -2.670657599129605
-0.5006649304463409 -0.9026580839813487 -4.00006245374477 0.8384985118043513 -5.297443256513581 -6.728017367528314 -4.654429011436331 9.55678394005098 8.205223669329705
-8.399731375331907 -1.6211340383544695 -4.526960604348176 -6.925836348788237 -7.338574289060893 4.399460106212787 -6.655097763896833 -8.782692153461571 8.706099657200372
-8.869849266206042 9.305858804664386 -2.234568127044236 9.685537260532627 9.44826849183437 -8.723137492264204 0.3233859905465337 1.6240218412295508 -6.753422132148188
4.204199600106698 0.7219978821743105 7.28393257088306 7.26417897421743 -7.263957793050859 4.940768851622789 -9.973423727679272 -0.5538609652585116 -2.19643359266642
-3.308528974760259 -9.668736202287258 -4.206993213513732 7.401012092473664 1.3818443991840557 6.266513990823995 9.09645132780497 -5.293778838873133 -2.5861631006686263
-0.09064242687038693 5.702445300531231 6.104539246102036 4.691294403327845 0.019735497647982214 -3.3140914943091886 9.06162755692337 6.558505700509336 4.1108790418456
-1.0870176018848738 7.749733735588578 0.09446373472690794 2.4857561229971044 -3.134864314048988 6.980641218522315 6.130873046250429 -9.520693815318939 0.6562668299188612
5.532302849357775 1.2307759129174443 6.454409253822714 -3.9167425879087787 -9.985663988952773 -2.303625432023928 4.704595490689341 4.652513700775815 7.3578654029362305
5.055718805709141 -2.6213134644432294 6.016137689989868 6.4407169538780416 -0.9749612117971331 1.072488103426787 -1.0044420511103507 0.36554249642933456 2.0618925165617448
-9.502230507322311 6.689151271575074 -8.011749460585033 9.139052061793905 -6.075289202287239 -7.336501020078114 7.450332937182779 -7.735853792246436 -6.1210465232007145
1.6189386717627343 5.610626376916549 5.19340917710549 -0.4877833285429638 -7.728155097065114 6.435323935192894 -0.8571133362777967 5.700491261331447 8.496869156817652
-6.825316190447827 -9.167498202358196 9.241902719705632 -5.309636113151333 8.065099076370643 0.2772701558927366 -0.7406122010334855 3.138904985971255 8.997992871636345
2.1102682376653767 1.486071218624737 -1.4153462592504908 2.2175043873897398 -4.507250409171803 -3.9732896774591797 5.382191219561886 -6.445305817963161 -2.680406313175685
4.413827144625165 -9.387001877982126 -6.76357901270753 -2.9962697267371174 1.2141942937888022 6.811569652173176 -7.527217860954993 8.457729506752262 -3.655775711934548
-0.6749785372226729 -0.5037341848472199 -1.476730643934074 -1.897492689269507 -7.165284569644184 -1.4129025545398264 5.5763586043906255 8.524633959592244 3.940569692442539
8.718348267835655 -7.519244161300607 -1.3776740922207065 -3.444748011430903 2.770403416547209 -5.702391187327875 -1.600237978949135 5.084729415105098 -1.3743645730149563
7.319609951219942 3.000725511108131 -0.5163649010295668 -6.335816436754911 7.16986521659274 4.535791063030963 7.338902301635976 4.26969630681967 7.026493557001693
3.686131853450682 -6.681147641646716 7.284078421909523 -3.7352620563291357 2.453185189351764 8.556895897293181 8.330960740494614 9.338998646196302 -9.727410572588974
8.59937796056191 -5.832795430220081 -3.204256223198443 -3.2327247211601478 -9.404578308257692 7.724338203304427 -5.7743707623466385 -1.3387422874964692 4.584036216196967
-2.1257190757586546 -3.083416117668616 3.833611845504416 4.116397652554333 3.7265998304532193 -4.671687699918832 2.7236697630269475 6.131787669041962 -7.9245221530163175
3.726368391016022 9.510670593515059 -8.17247757836449 -1.4148298542891613 6.066290164117262 -9.456697218246726 -1.98151460085999 4.276121021164325 -3.629891454524346
-0.2514189509069844 2.699516164708932 -3.8284283381224053 -5.194579755787139 -9.582339255640202 -0.396756400789517 -6.171891979728965 4.960105111201894 -5.76806852596733
-9.804155072921976 3.4222660934183136 0.5115845296264947 8.493484130809797 -9.628558951252256 7.133232849183784 4.824514305822213 6.248493128437531 -5.668715401967958
5.198022793019339 5.295311855488311 -5.777327710919322 -7.680397255604476 -0.9026941307890262 -4.708695890218715 3.6236274802629254 3.271302301098496 6.123391143105966
-6.819392236852888 4.381651299569231 -6.711088302762775 4.686967185612765 -8.729166317136688 6.803105717893679 6.149788177710885 -4.488658779583712 9.53706577897782
-2.352982654347267 6.9596360765430845 -9.934574536331573 -5.655089822401804 -4.989294155303828 -1.4956049044542201 0.725831763326763 -6.00797450894202 -7.632889812432227
-8.470695334540023 -0.05367260447537703 5.922106859457276 7.112192136555514 4.621341195390382 2.2781094098292627 8.73898622715038 3.2241498059892777 5.626993197666355
-1.820804207546555 -4.902186755851535 7.630896629394584 3.5637095398760934 3.993005837071708 5.838685983358937 4.583691488554358 9.104723901728903 -0.17847252298801308
7.3211887037092325 -9.183608007937094 2.096604594667056 -7.42043605445267 3.182274496230022 6.5505116411010675 -7.345956822549171 -4.523384934215102 -4.214587561710806
-4.075067059373976 -9.48445113121478 -9.19688842681188 -1.4746655810116494 -7.559803738308306 -0.899961918803962 7.82937805403655 -3.3460906763038327 -6.165223940808113
5.487969442309401 -0.9451164895621886 6.593822258753889 0.857960196469925 -4.259218678845452 7.123141053539086 -2.6253490942532416 -7.128581766352 5.439277991045504
-3.1509108002462867 -9.406372645296328 -2.093190409295036 1.954952724593733 6.631265139677119 1.8962002161552878 7.512307713048941 -3.3496455802395575 0.6821956752247047
-4.156349343727466 -5.628262069635777 -0.3771571833409393 8.058590986753316 2.0789684607539805 -3.192500179434756 5.978962767039381 5.654302316739884 -9.346709973270869
3.4229866933366075 2.1036953071630435 -0.8320870704856205 -2.522981093811694 -8.447572981549023 -7.469705654680341 -1.2997741302289096 -4.81867562188887 2.3849534818575506
0.08805246616624629 -9.42503334909977 -4.744667534801894 1.8506448440711694 -9.945413425896483 -3.074150929609541 -9.404417557957395 -8.064920178275383 -0.41322890535430545
6.001093682713943 -4.5730116008857085 4.760388207682881 -6.976786537974178 1.087839219149803 -3.9747958217240527 2.150993050460313 -1.900175417691548 -4.17778061194767
6.32873786721532 -2.277201843279279 8.068775659364569 9.760912321069423 3.113693951513852 3.8438672583456643 -4.075289565523512 8.955216551808537 5.82036449598683
8.515398456046242 -9.361994159844375 -3.68838840280989 -9.992413889104139 4.299172370370437 -1.4044348382893208 -5.275372791893782 -5.6448515651284925 -3.8027830897645813
7.266059373440704 8.681181512113078 6.688306875643292 6.853150563587761 -7.150748991979226 -9.873784705664184 -9.783071016852658 -8.874148532731812 5.6669182925437696
7.8344956168219575 5.443268327812788 0.9652042481815855 -1.7902639791849513 -3.1605423860547273 2.783851385441329 -4.765188517071886 -4.813317582461261 7.1640156404015265
1.932505674820879 -1.9738304205874595 3.8485034134409872 -6.458281976420852 -0.792493765753207 3.215012738047543 -4.53946124389317 -5.041795761590846 1.2429578673683217
2.375210898240807 6.340819085129084 3.986100366519141 6.073652443885059 -6.6610450147172395 -8.86516615140378 -0.3277531533108551 -1.1738926108759706 3.7375096159445693
-7.404503933405713 -2.5213782764796377 -3.885216150626478 -0.5804121685681629 -0.576056699722864 2.4712918167771463 3.244289570454237 4.690688155142755 1.476922980174935
-3.28596822343221 -1.520829173720628 -4.393864432629249 -4.889218576001886 -8.393037695521986 -1.2125509001034107 9.136091013490763 -3.9796922143317364 4.334681160246303
-2.6615214021747953 3.044208986189796 -4.775093238753227 -5.360292188299043 4.326109610417262 -0.190879060883951 3.6248216450524158 -8.722011981841097 -4.99983280722029
-9.070061307480458 -3.8886437184953166 6.977865606061897 6.13128352380166 -4.468318567225524 1.9699339823969737 -3.6879160690751007 6.679607436716207 9.148501598961818
4.7061201243736015 0.1619392748111501 -7.611428909593694 3.084080805831759 6.060925553501978 9.07470212661869 7.414573692159941 -5.346705531925673 6.231434832671098
6.572441719494581 4.791215487438183 -7.3070965215531825 -4.771397460162381 -3.5638546325140608 1.2480503431901901 -7.072602421906327 -7.815786616164456 2.9101516738535675
7.3177849925464855 3.4732468014542626 -9.359975941477972 -6.464220330875987 4.237923641721711 -3.8343937821843443 -6.237890519664413 -0.9957788393290485 -2.18916194371253
2.5058084934326352 9.499927997397982 -0.9591586318608663 8.437524616934546 -9.845435295395909 -2.1886857123698356 -8.348718857217804 -2.935536306825366 6.13293343392494
2.5955129759261393 8.76489029878967 -5.925562364666255 -2.7499653596257634 -2.6150129111145937 -7.577366353643353 -7.108551059655315 8.8524204337848 -9.002936177344052
1.8918060692031275 5.810520643191799 8.787647195127196 -8.43100437335751 -4.034189592242954 -8.011988473793917 2.06076834639477 1.5760910369703236 -5.374227134582412
2.3546086393286902 -1.3292510903333028 -9.721327014508365 5.411929143733049 -9.599883412728358 4.757810147189787 2.2983643310273134 -1.9648189037913628 -8.062605233794997
5.697510643862147 -8.732057218397426 1.0337551315158677 -2.4864425391871308 -9.05891677296406 -0.24820509806020397 -3.9486601522506914 -4.904901403023649 -9.327882911495442
9.120574661310926 -3.91724451071656 -4.20956827755634 0.6973573234347796 -2.228388669545687 -9.426662480272848 4.746471130627775 -4.824647169514867 -6.884008383205074
-5.23249661798592 1.4089542990564432 -2.5953834611474154 -1.3787599574065812 9.401013667085696 7.639282474892475 8.716089280230044 -8.765802949697958 4.603903589460119
1.183806537606479 -1.9062472472923542 3.354877063740215 4.014790046724473 -8.951847146478773 -6.161868696747983 -1.3523168957197758 -7.53676487828157 5.583551876546519
3.641912392869642 2.661031229247852 -3.625740094948071 8.640975715318746 -2.6536794380727313 6.931728512052445 3.8282826797235643 1.8689108891867683 2.6724670122455016
-1.0040327006441068 8.688581073702501 0.9677735108780219 5.621415130302697 9.561444768460493 -7.751804101450812 -1.4312094376901854 -1.8242752537710736 -2.1701424628866555
3.015536530190877 -7.150541074873635 2.3325773772367064 4.940862494566607 5.157620756087217 0.23620618981967922 -7.949298767409825 8.49854178246007 -9.462570086520408
-2.1235935549673 7.9151489151675705 -0.7192949300227287 9.624120766029023 -9.538282670706963 -5.527415466658292 -4.148992307747346 4.008332195148078 -0.18119909103712217
4.338957188418053 3.9042404059448916 2.3639430260865684 -9.539211773261744 4.339715288385815 -4.930104687189436 3.6705453390813574 -7.714398073236124 2.739751619215678
-7.329817430119014 4.476727999676996 4.42821583009705 5.993239678702551 3.4781674524500374 2.2537469595711492 -4.175883508751303 3.1731669703649583 -7.596952566093005
-1.42505159677631 -3.0727646767825068 2.842485290559404 1.0851822049775919 -8.060885483641263 3.645528309973873 3.0566742852502156 -7.118555665869426 -7.726174740751497
-3.6746913365789036 8.952212551261717 8.473291977510875 8.103054927177155 -1.395767118499478 -0.2124048500415654 -8.299952038584802 0.7231713827683173 4.137926921270754
-5.8478243415299325 2.0092703033253034 8.364054156013555 -9.610595851137314 3.369237647882704 -2.0285251988310016 -7.575806871913802 1.7388801615889111 -8.217725070558634
-9.965450984040325 -8.313393101902896 -7.916967172970537 9.498977016849665 5.641547445880679 -8.793562482519306 -5.983207169386779 -2.7842836701363627 0.12289913856562151
9.097565825864965 -0.832130002394134 -9.681244077408145 -7.154185015276067 -6.106759991674329 -8.361452239272456 5.726805699639856 -2.113005310656404 -9.341634655686564
-6.876241885086851 5.160455870072859 2.716113382282499 -0.002219773342860165 7.257381199675535 9.400915682761351 -5.530435095138618 8.314169790173661 -9.453306149161032
4.344693228627069 -5.134755628937187 -3.570952447170834 5.228730998051621 -4.261598174950459 -8.806070918952493 -6.910559432283483 -7.660711335725738 -2.8306121718665374
-3.241702902782759 1.5972930166919 -8.545223247774985 3.6438391070491427 6.187139461632128 0.32766053798513894 -6.870255911152238 4.155918921424552 9.266802418172446
3.3243564395267917 2.3533717614455405 0.2652953305903676 5.061308453207694 -3.2339054930064126 -7.028843168175136 -8.205763980475798 -0.5773759310522024 7.752959972710315
-0.27035563480092506 7.343050010177453 -1.7465324974232654 -0.896121409969977 5.824070870533111 1.0027849677618477 -2.615992406328944 2.955227939569923 0.7556963986089116
7.094609236657085 7.962499125024706 3.33389408552328 0.14790038978732056 -9.470590981065364 9.364803572200405 6.147336590660288 -4.090222747547663 -0.8139123063923499
4.146187526621297 -3.3907421329413845 -6.672100416562808 7.0211614504469395 -3.3434787926231024 7.372917695015445 -1.0488676906054728 2.2761489774465655 -7.866222462348118
-7.753550315418005 -4.68529737283399 6.371220005100696 -4.996670076581222 -0.451154812020345 -9.324956892210125 9.028377701253795 -3.111756823809298 -7.861376386232431
-1.5138643350195107 -6.34393573893745 3.14325448198613 1.2502918178073568 -1.984903795041662 -9.788139713382293 0.3746998040715148 -6.255853699239409 8.73685754752574
-6.078370832064133 -0.4802072640723303 -1.813658034144483 3.0190239354917985 6.590409637569781 6.108520087861663 -8.366064271176935 -1.9743044301585382 8.374215736310624
9.40803155646411 6.733567070453951 -9.165204014240388 1.3632719543488019 -0.7961158736967526 -9.148011186237513 8.800148934529147 -7.809207520321271 9.271507909781928
-7.802275330648179 2.0331336230787382 -0.2520510146051862 -5.488854268620065 7.71547882505234 9.783827783765375 0.8837846962327767 9.476563003565175 0.36321355030978
5.562935868615703 -7.538958962598863 1.5724798058053064 5.72226234714282 -7.901609600897972 0.8830668947974978 7.839689250930501 8.008379919151075 -9.205384164233571
-1.6322939322922565 4.122443394049284 4.681599942848733 -0.6653720840590509 -2.5472334060954926 1.3610063477314043 -5.19372334244477 4.735934865491334 -7.1947719764842795
-6.498849612231559 5.6233574114344265 -1.8960893587806478 -0.8849525748228046 9.568864139535115 0.9075186581223633 9.463775923022503 7.458495760279774 5.855091380475146
0.9391957541103437 6.103592036633401 8.315161948406377 1.679050398191544 1.838604095310961 6.440158765142854 -2.0177023996060033 -4.557061874644535 -4.108395696102161
-2.117843048502417 2.891866908783836 5.0882814513197125 7.081102348045146 1.214685000181566 -9.38436128931607 -9.936136171625447 -5.803384135073902 -5.9517926442067886
-3.8533686241579694 0.4861863572739722 -2.7811227050564398 -4.517741242707986 -8.952943689853035 -0.6213375776414836 3.4077813970925206 0.10583334046728332 7.791039816539364
8.343164690466534 6.570054674669947 6.441372408845908 1.447490671807941 7.230526028668827 -7.726538496114319 2.9915704575322906 -3.1739648033698353 5.594976137237547
8.802566601900423 -5.966880781925479 -8.574301214374959 -4.832089164340633 -7.655605605825604 -8.396577399796865 2.3651223204528566 -7.935673368508462 -0.032702603107232164
-8.44760243787398 4.442227521357765 2.8757733738627564 -0.8444555461724885 1.8251731745382038 4.585282024197426 0.8817675641991922 -7.761321050572936 9.166527466074655
-6.162085551591003 7.487641488287625 2.579210027966054 7.79744156461814 9.065045351187685 -1.4658915590265948 -4.273874809905216 6.19532729173201 -4.6617100745035405
-4.677463995871321 0.37952060225346074 -9.687774774784572 6.916669900105305 7.20917832419731 -5.5872369320896675 -8.866785557128443 3.8759326779451637 4.6071170311013905
0.9782097904901672 4.36830396833053 -0.44875085951080607 1.9510935254516895 -1.008927471954257 -8.193483081392088 8.77277902875495 1.7487134877492156 1.944806762818116
-8.43431999215385 0.20577163600560766 9.097235292250687 -5.546824582960048 -9.87150728880856 -9.32889376668008 -0.25718140365946773 6.0480399485122085 -8.988629658537688
-5.453010955839308 7.751059308086855 8.709891417362375 -4.747682924340573 6.422396500979129 4.243788271648539 8.061815538174116 7.1076857772455675 -1.6150739655484863
-3.0642632386835285 -2.1071115156466202 -9.016427515232813 -6.05654138747526 -7.390225472435987 -3.1253214767738964 8.851842050553511 5.277326694703664 3.407980685720897
5.565815411547845 -9.9631377766277 1.2825492377563297 -7.689380927343789 -8.39922215124682 5.429528079697626 8.608204292606622 8.663213268971191 -5.699248249587161
3.3778875314861327 4.184962708714773 7.096251731400223 1.662424679191453 -2.6071054179042825 9.731024952445626 3.727200841602114 -2.255342994709732 2.5001639290526363
-7.683700034675491 4.921462283084377 4.237723582705472 -8.511424613054864 8.235271050081547 -5.5842735763307765 0.9834830634311142 3.6615805636713255 -6.180798866537877
-0.5559827670428206 -5.409967563760853 -8.98122929930399 -8.200543885512468 6.638239018787683 3.373733485982033 -1.761312218528932 -4.673923850916348 0.0217473941546924
-2.210124540283629 -7.486397174822004 -8.352148184373094 8.609029979737922 -4.7610827195730865 4.48118116869721 -1.5217513064689179 -9.755743595395076 5.724087420537966
-9.411378480305588 -3.0540736763538394 7.473693453922198 3.041078810369802 9.314538957404785 -2.3037457154190877 -9.783283902840285 -9.766397603303773 9.103389505156638
-3.4480716924989085 -0.010523778802761896 4.96649208234561 4.803349347881529 -9.40507060603072 3.67488976738818 -6.205978142808091 8.972004673804868 8.170058860729629
-2.334058443296172 -9.429128324645454 -0.011755766500964882 8.918997588486164 -8.0119940084044 -4.193738198476746 -4.313620935658172 -4.435714936741313 8.23625251550984
-0.7538517918646352 0.586315313331994 1.2586393715322224 4.048541821178073 -3.605114336972508 3.904239879772204 -0.09272665278407288 -8.92091228082039 2.252189235805119
4.863985407305467 -4.699655675451719 -9.884240356406506 -6.873828252299923 2.562507132452083 -0.8604821781436058 -7.060158438676374 -0.404876275646874 6.432460717062597
0.9557897895559382 -8.21964899059341 -9.276100006266146 -3.0688404888517473 -3.617432709803823 7.929173682254792 -1.9342078671764042 8.979450096092776 -1.214624299764477
2.023851026505543 -0.1939244699556255 -9.824426646264193 -2.718353287721513 4.933794414852784 -7.267655851878743 6.68324458234072 -3.6830219465325147 -4.083386725727656
5.439409599610535 7.234076064434795 -3.4277062636483375 6.38942434838599 -0.8424739183890111 7.941002460539359 7.48306795076272 -4.755396952440753 0.989852844778623
-4.686187157445563 -4.201735900304313 -2.675885297895963 -1.1862784880163986 5.5836382318290525 2.949621323912268 5.7570210328187486 -2.3858130156386714 0.0019358967448610542
-9.055079116595557 5.125849698864297 -2.932270806911519 -2.267246756103196 5.602237799572309 2.9207460246881674 7.3219637237278405 -4.41821821189593 -9.951697033002194
1.9019542186626897 3.1772323698959823 -0.6452096865466892 -3.826682794534653 -7.7253039829419095 2.186413234226377 -4.743301473567952 4.892679172099953 3.175462942645101
-4.917095676852668 -8.309077419391278 9.260277243786788 -6.580187731227043 -5.151894964728454 -9.058598269684259 -4.59584914224193 2.6108533706964643 -8.064770745970906
6.070327271249848 3.873132317220474 -7.135919893300846 8.049390588109766 -0.6947551955463194 9.559439971062268 -6.392533650858141 7.887958677387864 -0.1173013643100802
5.220118638812183 -0.9206391436304671 6.983993403836077 5.922562850002484 7.588164138840256 3.3174291831764595 -7.1338088631858065 -5.340263020633342 6.721302268359157
5.493830455665334 1.213622435639417 3.250254741956873 6.46818635102035 2.6381002766568677 -2.718510942127268 5.963310897998769 3.444576093488381 5.56585901807974
-4.495672396781483 5.8874568320648635 5.4473320368711775 -5.627274567782898 9.265683268433097 -1.8468455801271677 -7.414428589753115 5.180707733714167 8.165353870241006
6.091934940570177 -6.738620217196267 7.413128971994645 -7.180295131563228 -5.119618369957275 -7.36168408771883 -5.658719393882182 -6.363486804315239 -3.197383804079088
-9.10415126082179 4.328081095188423 7.833240791203696 -9.572387693575477 -2.573555452369831 7.784919174399562 -4.436264650913852 3.6911740718669517 2.0354472762097515
1.3211038667950685 8.70561764678073 9.427169137729138 -2.097512339551697 -0.6131225664773154 4.665586617074226 3.5682523681277942 8.919858330240011 -6.763559116782885
-5.148568798337778 -9.872068244056125 3.048188467960669 7.014214222707118 8.715610673466113 7.455183896913276 9.920833670802566 -1.4426027206497594 6.850927780206288
3.0727668656581137 9.842072378084577 -4.678970738868447 9.457121018614124 1.3944712844859097 -0.30549814511529405 3.134971850694278 -5.407068077581718 7.442972553658379
-9.523834850552609 -7.377385344233525 -1.8101732819922116 9.507231719380734 -4.812997828349199 9.773274297355282 -5.9413139852766435 -4.9189859136109115 3.9966145001694304
-4.061100470203723 5.943989346849252 9.445276415770131 0.5882432268356368 -1.2244405647765806 -2.285279992079934 -8.489373724187434 -0.2657929468085527 6.9014449689529975
-1.8660561324411447 -5.75712277595265 3.3300266196891286 1.9062840768950835 3.4207751715862678 3.8293596480231056 4.162977414060357 -9.001454360891305 4.69197968630098
-2.7548835219578454 2.7237230972567623 -2.8631309152468436 -8.698233489782288 3.4321148382657807 -6.918725365717027 -4.149024421514705 3.7450126738212894 -4.134306030775856
0.19694339598538946 5.649854353682947 8.416119728393156 7.7091649618120925 6.369964455495033 -3.102623680360825 2.7204189579775893 7.25825852326345 -1.9443278711034289
-0.746959921743283 0.4321044847508162 -7.825788930250925 -4.425445278488738 6.563077376838393 2.9177777845691484 -1.4111499817084798 9.185809566163044 -3.144028707574904
-5.6572568080089125 1.47414610522077 8.09947333062054 3.9435348295209423 -8.84843031518653 -3.2588212827355196 -5.612724587758837 -9.664683208824982 -2.8143429361720296
-2.3304451325967657 7.8754867340550305 2.5824476237400624 2.565813496287861 2.0453107871215703 -2.500718904682433 8.606844167679984 -2.71102518989363 -8.887150620254051
-6.981066195720027 -5.914063557725502 9.657381997437497 -9.958959355089274 -7.498925674446523 7.961040075901909 6.710943167802476 3.608874832469681 -7.3500324767708864
9.125996719982044 -7.244612034820466 0.7274688815763941 -9.993038521725971 -6.665113635785711 3.681351425754775 -5.060383545380298 -1.0481291512585038 8.495541120778906
-1.2357396952294408 -4.694421401147086 6.949760868231756 -6.981087890521723 6.292867178808606 7.942560389249238 -8.748322650509866 9.042321584097127 -1.380517083774679
-8.270184643693357 3.583831656467595 9.307044529566696 0.12726928506541846 -6.323892072112791 -9.518248251230592 8.073516887852477 -7.08333308066754 0.8450372457087418
4.620321693896816 -2.5453916710072715 1.388582107408089 1.9451964143793976 5.243870511840498 -1.7694697735193472 2.79508718483698 -1.5990432415079106 0.7187617996496094
-5.0252519414212955 8.627184671414952 -5.850310797509451 -4.536078514274542 -3.10232726676589 -5.074296048014677 -6.59573432306863 -1.0852156584000294 -4.901634381690658
-7.249280190799285 -6.3069058996577905 6.604339882703531 0.44840188692400673 9.196030347263704 8.45264298750061 -2.990518151849395 -5.335366575140517 -1.2567983786575532
9.167578245142323 -0.458818625987206 -9.42800969059551 7.954547295271283 -2.998533392827989 3.473110185337987 3.9668745167985158 -3.467537420831672 3.107683019766201
-4.535045526125736 -7.606640090625348 8.234177530026063 -9.770432241265452 0.9909629470045651 8.588413504175183 0.8829386408787663 -3.033041226300675 -5.069198243889204
9.897687075651259 6.988157299545719 2.261012580041399 -0.549875230565938 2.412588321320044 -9.106958430001615 -6.8266408555465885 -4.819963062532109 4.345247911327233
1.2746351449173225 2.5607928432302742 9.446056040366258 3.4187354878324143 -5.470543086471431 -5.99651646885095 -5.3235206032404925 0.578677480994493 1.6884453777561426
-4.523435528487692 2.5631415641785864 8.349047498214492 3.9193581356473928 -1.97641052382437 7.867007289303039 3.122214299012871 7.084455947335609 -6.976260393770155
-0.6728851993392588 8.678148996923866 0.16475440200134095 1.8195291842508414 2.5713851169448496 0.3748463664721129 -9.773613227107907 -6.762599088734378 5.791728811582999
-1.6818994448436584 7.0616108594167315 4.685458008062863 6.067808742375714 -4.227532461556804 6.244340122272671 6.106859250578463 -7.376061652444827 -1.7164400709838254
-7.095699248781717 -0.19940181385555178 -6.5721739379956805 -3.584905648563737 -6.388474621923468 -9.241270110386514 -6.51338461033292 6.507492933094113 -1.3222195483566974
2.469043382493405 -0.07781533730922874 2.2354343780392245 2.71553268336417 -8.771057525556964 0.9801836986562833 -5.683354876124007 5.980792084217283 -7.974178482764563
8.34361820479235 5.156243421792325 1.7399829328132306 -7.0411790841760595 -3.6207461090208053 -7.494783103109867 9.026361479146672 1.062724423146019 8.03637080807935
5.548967098579931 7.027591656495705 -1.526312613701453 -0.6831991212334021 -0.3710312020026745 -9.56327852019957 1.8388906935405718 -1.3101312772974296 5.765216268261028
-3.548800066667388 -3.0049668195414814 3.2281418644154396 -0.25854323512120914 2.6558079739331557 -6.988234590801186 4.394145164840255 -2.414645539446525 2.19678325379752
7.264509829282698 9.17778408089039 0.33481082388266614 -0.6059186418328295 -4.787173750707612 -1.6716116547027067 -5.798394480437745 -6.233657203670056 -4.726203140672764
-0.4226107130261685 0.43631598160009055 3.8491907842170257 4.682090417467963 7.999883535303386 -8.928187316370623 8.301793174536133 5.830512392876903 6.371335121217797
6.0920322051666425 -3.747373806988488 9.95576972121442 -3.538502316040719 5.707427769728017 -5.668040853312812 6.3911776731518195 1.8741043813852762 1.9190298857375083
-7.512503083096842 7.272835605098081 7.510166275194724 2.3240766867494216 -9.146037334249957 -9.519291246282911 0.6203852996460952 9.079235646533373 -1.1967960028091191
9.524304409545909 6.699868947907881 -5.5840615550021555 -2.9842214202846717 6.076890856733147 9.994812206932586 2.0698451461551155 9.135599647130999 -3.6302992164548193
-4.634761371722396 9.909042728945348 -8.223094319009963 -2.8397256393976384 -6.450103403576694 -9.846405801327908 9.013296431012805 -6.369805105628263 4.83747358805547
4.657894491717272 1.5905407536233458 4.783354865405338 -2.7149606953914045 -8.830549390899293 3.376322425130443 8.72864783221588 -2.1415471262865404 -8.81782881235355
-0.41143795300102326 -1.60902995213557 -8.561012333830915 2.059972274833024 8.950510795820776 -9.050735839106725 5.41811069583316 -9.367595236448201 -4.446909691404812
-3.730600890170164 -0.22516764334575434 9.503133246323717 9.50532315851174 1.2364203521477624 -2.202525084319995 -1.9885179649586586 7.1651270858412275 -4.822699288279175
5.203088435958081 4.599789740962352 -0.030689476658738002 8.383173826402675 -8.421133394251694 -3.733721206380718 -3.175609572393247 -7.7218316386723895 7.654912236312292
8.264623871445583 6.117683043988961 3.709342444975336 5.765415078394687 8.991668988671648 -7.833004725717099 2.185606015430885 -7.05294798838378 0.12937972980973456
-9.344335894598338 -5.717860444818057 -9.462905289659851 5.308580045163156 7.141894525074775 6.963558925901975 5.194740654777645 -3.5419765578062457 8.425344039750588
-2.4196396233066704 8.597109895787728 4.788859924184468 1.1793949881140229 -7.896481835791702 -2.958765256319671 -6.771443446207835 2.6661409695540446 8.091258471543004
-5.433711061191691 9.642399217613974 5.573601114103825 -4.602256998997493 3.6973710745910964 -6.381057476610081 -2.7258337604643685 -3.771126524057622 8.095166605212999
-9.580453210435408 0.5790147470658802 -4.489249424588837 7.865006151793324 -3.6406347027613783 5.115350639399093 6.394730825535653 1.218577087520634 -8.21214756439357
-6.304916812099142 1.3630863872742367 8.94933469713505 9.777103530299662 -9.300237688062696 -5.7819189531852295 -3.191967137556288 3.2043768855905768 9.701530512217975
-5.023938235049441 5.719855052236424 5.0964929748917775 -5.112111966732722 7.4457387398971555 -3.194993566177599 0.06309482956268297 2.6850586210077836 -8.96334074538505
8.577885768084734 -3.8598935738047357 -1.9214047701213115 2.3637239570608877 -3.4079827421838242 7.7257420111679735 -1.0002467399253803 -7.045955585160113 -4.064895256271653
-3.3270934408776913 -3.0584487759693673 -5.069637259541214 8.412683759336272 -0.8376368796194242 -1.5549040418670117 -4.335823681129856 -7.751847434024064 -0.5671306718671882
2.1503165461861613 1.2484531757023234 6.608954997277301 6.3713362932452995 7.571586941667633 -2.4459735641066533 6.538270576751827 -9.86089802009284 -3.7922070305163587
-5.39670119692762 -1.727438893498956 -5.289172818518464 3.5587548253512846 1.4933856089731297 8.348118813462609 -2.339315044386863 6.026597663699068 4.744334272957367
1.6344825598228425 -3.465124556456156 2.951198936582351 -2.0523042911643614 -1.46544865658689 -1.7243317783590584 -2.033452052902196 -8.56111027408996 -6.616021392469078
-5.2245570890811415 7.728258695374841 -1.1465635065718782 1.7782166070685417 8.7785379104402 -8.309607067206136 -8.193323910907974 -1.299676310212888 1.8708928187573477
-1.7263278067351138 -7.943862116766178 0.25068402813093904 -2.1755165179841 -5.620771205147623 7.334158745157374 9.344488112476043 -8.705383268541507 -2.7957799492952677
-8.968378489054817 9.937463669913537 -7.988452932012029 -7.705069227926778 7.949901694490009 8.204268349213091 -9.340862729259277 -3.217102170908386 -1.6190865940011605
7.075037174302228 1.622578953868139 -9.07983287573022 2.683413680579587 -8.355745257846879 -9.118214390196522 -0.8094414424690584 -6.783380740615039 -7.346763899561912
-8.978092793931307 3.620669542893431 9.326697208528763 2.0042557077861964 -3.3862530718942185 7.344847208008215 -2.7540691477220385 0.4765749146109073 -8.700469768741444
2.6081381651106597 -7.268889269014604 -3.4824829656740004 2.4633946468407064 -3.915357564157798 8.721919529761553 -5.964445701861248 -6.819945123542719 1.0428390180794196
-4.265932348405112 9.319358376037584 1.4586874991056575 6.31325808935976 -4.529506547376316 2.3433525738647187 2.7484059938077454 -9.437287697550891 2.3462008305424504
-9.96465902622873 -3.7727601889954006 -1.029808612117332 7.254654746984258 -9.081789165665256 4.980422924708776 7.393126706998782 4.516601742861642 5.039910917729626
6.337589264043309 -1.0607168782319203 4.578920342256376 9.480967753075305 2.1193118504911457 6.978871800882917 6.630917803737134 -6.338447467942165 -3.576700185447182
6.612869070940189 -7.95666956933194 -9.575954542302727 -5.750492029251633 -3.1648846095351857 5.099600358808374 -2.9229081171933347 7.390749843722908 -2.440202574597401
-8.299327044655078 -7.087960500940815 -6.359426398545153 -8.12517325452309 2.5643814923180663 -0.32121182898609035 -6.377187474404118 -5.038553588780175 7.179051123707158
7.544446982707484 4.593347894915665 8.014508670806773 6.6983324504558475 -7.690232307947964 6.9513269635709705 5.2888021948166575 -9.17713536987375 -2.546955970845004
7.723595419065141 -7.416504798422614 6.058697965812183 -1.419703954768723 -2.067655699889624 -6.705833438376063 8.268940756200237 9.517390909796784 -4.56051562269129
-2.707895497968698 -2.4612449527646003 -0.11492772028915965 1.0982714367367024 -9.395828724354068 -7.857489062965451 0.07027454435321445 0.9523358049514403 -9.98540801029209
-4.87193382784805 -2.6577623525925738 0.7733040300910226 5.848699472220556 -5.830604599114942 -2.6016451893828485 -7.304505524659765 6.127982268695909 -0.35239696645667706
1.5541130948154276 1.6275683912783876 -6.514941342660117 5.324477081155765 9.972135552501257 -2.7501147899920797 -6.1704805849709405 -6.427945770215797 -5.327480966308298
-2.878483721875476 8.024306146139907 9.065656316209619 -7.865048133707715 0.030056218409175273 4.139011629070737 -2.1575616932362607 -1.8982831118883823 -3.0089175244432305
-6.367081270849429 5.921711846514304 -1.4502980929527673 -8.177470148307071 -5.927858420919532 9.374976567497477 2.3287265170839824 3.5114737600573758 1.2839723109782248
-7.857199488139268 4.914886297930561 5.8558607460113805 -3.496581985155962 0.028378907622707672 5.2214230240168185 -2.033092876647869 -6.707586861238115 0.46463890671399355
-3.492734716517056 1.3251971396919888 -8.478644146963553 7.178399610454225 -7.928725639330816 4.532706230570335 -9.148253680394305 1.0912784368061992 8.206123650733531
5.896586555326193 -6.831229206675311 8.989728743173412 -9.311667585610426 5.880897575716819 -6.517765280503635 -1.9711151512414133 9.466989399428961 8.799941264245248
-6.448875490177539 -9.933034288314996 -2.787417295995551 2.9048744804541915 -9.730578701456649 -8.441885088896807 7.434357204087387 0.006157920431071773 -5.15392849664366
-6.553595976562672 1.5357798030270438 -3.4360502482948956 -2.9971817119117095 0.2558199279480977 7.330596660265268 4.844850341379946 -5.788555226247299 -3.3659606476465953
1.941070442810437 -7.208367833822022 7.908709804600154 -4.919876207738055 -4.081914045736954 -9.642006576403464 9.892137509690293 4.2472571025840935 -5.010744749392446
9.2916146511137 -1.9693188865333866 9.358548161088756 -9.56788749844981 5.543243883208026 7.6394421483958865 1.9888820267182634 -2.073846861286035 -0.952578460207711
1.1874058666783114 -2.178955769882702 0.04962116641179293 3.8485331037194968 5.005754207376116 8.897540039075167 2.6037255641246446 -1.906844215126247 -9.062204132300009
0.7541827501777387 -3.3305052954144614 2.913930709578814 7.242797353317748 7.52372447978631 -7.720702583972187 0.5650287916073466 -3.7017213948644967 1.5351919048752798
2.993509077028854 1.4297663894682522 4.932836133323072 2.8803253273600227 4.079445728843204 4.667606262064137 -4.666797741424964 2.887726429435931 -2.923815142568655
7.714143572018877 9.892895862986009 3.8693084052261 0.694561636453102 -7.457299078948765 9.766576162776264 7.28766160615038 6.400592491021278 -7.709176657555695
-1.2506092056198916 8.50432269784499 -4.257706634784951 -4.863904128199783 0.21776521682209804 -0.9899094442309764 3.114738623980342 -9.579712867603025 -4.573855880667567
4.526426421160295 -8.252867163646862 -3.2435288488386433 7.534600484878386 8.909408881907886 1.2716946875082193 9.199093301479852 4.595247804970581 6.9130028301447695
-3.634488642033517 -9.659342686433822 -9.15559537624765 -1.1829973732932846 9.659141782090714 -1.3873384059340523 -5.94045261248646 9.490917357111638 -4.5519676464962044
-4.00872184364486 2.995530794251664 2.4961257248958084 -4.97706888526976 4.9755510432635734 -1.8700433944303878 9.876921900648188 6.366618304707895 -5.59843267129724
-5.834539268459393 3.2881352131683776 -5.4815710017065395 4.486152050617749 0.6879570762974208 -4.595095574501473 -9.1586545042787 -5.289820579670936 8.59823133120782
-2.199532868492944 2.546662686381584 8.245063669796842 -5.652560953955139 -6.750686351609561 7.754502807902512 1.011302076531111 1.697302355135598 4.356423329206924
3.3712051500420976 -2.900298391586653 -6.806179065311837 -9.354997490463187 0.5296632536857828 9.508061656070929 2.211424637264747 -4.732856832953452 -9.924431435166971
1.018190148606248 2.2162138541870213 1.2328417708344972 -4.473513337825626 -4.055636092802337 3.2644710849002294 9.831095895233808 -3.341719757454637 -9.04016966093927
-6.192776062743286 -3.338168187511716 7.485840853007332 -8.100984096153567 -1.9268314142812848 6.876002594142491 4.086524545652281 -1.156983601840727 9.496279652888376
-9.88783641222273 3.2332953005933582 -9.279209916626158 2.340018032528457 4.289088177338913 5.915494507441881 -4.213120518120961 -2.2938896864049196 -4.446532149180655
-5.081669227828726 -5.039450373182303 9.122237113155752 -8.389920574653985 -1.0801652329416438 5.62048324473783 5.451544650116295 -6.571486504269595 -9.257136512232275
5.45294681247292 1.6173439591979957 9.257544542786064 1.7040575322967229 -0.9936087573550303 0.6808205438734856 0.42161325011129414 5.775779900810205 -2.9798899585384486
-7.594836304543636 -5.390429028393761 3.483901205499979 -4.720869869393994 -5.523254559740048 1.6227328272108803 -7.28438615425524 8.042651608574829 8.917108217199331
8.17139800809922 -5.240844671521985 -4.488851226601134 -3.0202273372359567 4.538820603274022 3.5754731978221717 -1.6910240638528187 3.389718828187684 -8.649807052247398
-2.5511334656487383 -8.993608426173 0.08395746924978553 5.322298090413383 -3.3187831952060565 9.310937112205895 -4.951199084962912 -1.8316362687436953 -4.0359341076396955
1.5599981173813848 -2.5560798259470063 -7.9785033906288145 -3.81618319424809 -4.387789523149337 -3.7269375578818558 -6.383574791666547 -6.171578753682088 5.692470867434604
-8.33553551975021 9.482100903114581 -5.423610443844568 -6.355537227448904 -9.733478065363917 -4.122516974718247 1.2701716926419788 2.7759352388152543 -1.2616947843211364
-8.928618680776676 4.3941241531627675 -6.693001361200066 8.95060891143564 1.704699373536073 0.9607203261920017 -1.381250225612881 -9.576009496346424 -7.980728842431171
-2.2429220619603623 2.445411729840119 7.009300315917493 1.2745082385303323 -8.345986679768469 -5.5298866366392545 6.653305349871246 3.3727132966422104 5.90466667096792
-2.958155456195901 6.407414818157584 -7.732287387408336 -6.581062123423457 6.377721245781441 4.583790622196371 8.871246704755869 7.318309961156263 1.7276803011363047
-9.760354915408202 4.674485575953224 -2.84555067324656 -5.673032974788203 5.879599589629901 -2.363013201404243 -7.829530163737706 2.024186872125881 9.636628587500667
1.1256459844261197 0.8688851126455539 1.5545286707463486 -9.760561903472393 -2.3351495083589002 -5.975615643475784 -8.390679419540367 8.87898072618789 2.5947162312571326
6.615506549818193 -1.0641844887525593 -9.289403156449529 -7.3074853331328065 -4.731382681105014 -8.630064665018516 -4.220888570218806 -7.213717704763177 -2.9383785541553937
-0.8649188953865199 4.271579952052647 -2.2005828493045954 -0.5616557363062675 4.325488885798572 1.5876573451813378 -1.6799265827305518 0.3165553136064698 -7.547457474194836
7.706565476237049 9.17725153664486 -9.307491232519006 -9.118639826403163 4.887295551063547 -4.91618961040823 -5.411558829182268 9.558098487105003 7.628304422127545
0.09341030645792614 5.547735832897935 -5.714348597439171 -4.856589155371451 -8.545055238039929 8.123968428389105 -1.8617286887611648 0.7911041307982973 -7.112187618024157
-7.659153031318981 -9.333822374351158 3.7634346416935287 -7.1948700442543885 -8.339480320998545 -7.686505171460332 1.3223264910337953 -4.27648864176613 4.9485922097022055
-9.74422330816817 -1.3311714363763905 6.560578214263902 7.05821616820829 0.5381251934836904 7.303039310635437 -3.4985747845196418 -0.4503707578279119 1.4928382995592457
-0.8950065107878462 -6.129688036138916 0.7166121025659642 -0.33098639409688246 -1.3945652143730758 -6.920256225376551 0.933863659234266 8.367681628549015 3.2857868568572712
1.2511499251711449 5.313144032742198 8.914657107113243 -1.9743230358028505 6.759484501732292 6.90770411563112 -5.094424264841065 -7.954065640016488 0.4869858215623353
3.5367908908868433 -6.644103326165074 -3.8427618319476924 0.26595131398983085 9.241391193489488 -0.39166164191389896 -3.1074119384039323 -6.16807881898652 -5.882973107521519
-4.90851788945434 9.834209751709928 -4.9581131510805605 3.5433690339833603 8.692048087536193 -2.574281948929718 1.5007649667307188 -9.591645385586302 -2.483678719613378
-1.4870690515881595 6.1904009288113 -3.982180685371503 5.0298396680771535 0.9182562330151551 5.8252299007173605 -5.800339900164935 -9.041433176321467 -2.7660613816556427
1.6371834855395502 -7.752559785076272 1.1392778270548103 8.443287147731212 -7.929252825043016 9.151358605321754 4.584879036435257 -7.284815901050072 4.213340554782425
0.10961481511477444 0.4615216810877154 -5.449013753658393 -3.922112744851889 -7.058109109780677 -1.1337874696760064 -6.622447410566378 9.860707831386485 0.07298916159997759
-3.989647870098918 4.990244837798839 8.19484083134886 7.116849292506437 9.945549955429279 8.272275593771269 7.74470027169561 -7.3996297219026275 1.4998022569036955
-0.13734046310832326 2.4920022343625714 4.676003406327123 3.1362834233007817 -4.319284899453115 6.6393197071787 -5.525760378742939 -3.588734093159025 4.31665057520015
2.258574408132361 -2.906029094964997 0.4641293138844702 5.872938569220887 1.1287744646237954 5.764230081388764 -4.705343953696486 1.0360094972221656 3.334993090201193
-9.866050923487911 4.771618410664136 2.545034830378171 -5.141387108955396 1.3354067311131441 3.324645134927998 1.8093802872480111 -9.44323151604971 -6.374826468792298
8.419877721007182 2.2471348269800515 4.347129272641396 -8.274785403269478 8.761775212817344 2.5660940630230566 -0.8602744685226185 4.7987231341789744 -6.2507256403770235
9.788364759200881 5.077451838163487 -3.677000284507928 8.996855715141297 3.463157113413704 0.4178283558438345 -8.820419444210298 -9.085591124773169 -3.8237546375287685
2.296907496878264 0.6912924521829886 2.7402951520839007 8.068240572751712 -7.466770553150013 -9.775101530267927 6.812137168354649 -9.99940342088604 6.657574866564605
-2.5993128934775793 5.227022879345661 -3.761463884744307 8.663677646721776 -6.922449318445207 -8.104129535464837 3.5213388750771415 4.015698215934364 -1.7011910543234343
-2.2841580651919413 -5.832334150496338 -3.0310911198378303 -4.59251542953899 5.866627133663947 0.719705347202158 4.419046642211024 6.1789951466366055 -9.246795610793242
5.522134858756697 -9.53459877750159 9.804906402722004 8.574997338386904 1.5042907455839618 -1.1042679983970238 2.571532895789634 2.042121603220126 4.184043423832936
-3.9430515701661246 0.8697750619143036 -3.6009207005229342 -2.7910114596188107 -9.821817985894954 6.484451202565392 -8.734392674382928 6.875671072702257 -4.569131226002813
-6.119334169839696 -8.306890628041831 0.16397324410537806 -3.194968925737463 -8.098325355489646 -1.8964269633542674 5.948679784474077 -2.3128657812615083 -0.4028982063577793
-1.2998290823488645 -5.244018367432497 3.2909728965642078 2.125706829091314 1.3278743164956364 6.24510785821268 8.654597051561005 -4.708511167373435 -4.8133518233560135
1.8136316956661407 5.704903567297912 3.222494797984199 8.796321463811466 -2.1643333255338 8.928451076928066 8.293201243339968 -4.1675285881997715 -4.433215816716267
2.587671829166103 -5.892096102277192 2.9043730903649294 0.6773108013060991 -9.122996960274216 -7.881778901472803 -4.4667635769956675 0.8111661902695495 -0.4003925385887399
4.431734505710752 -6.531068729187135 -4.554199584803662 5.880694080454532 -3.511389414844299 1.3549193811656561 -5.424659680911783 4.083045839295503 0.11849709432650712
-3.7638016164834465 1.6943978168632015 8.304592164507433 9.498073959845808 -5.20042187709985 7.754732971879658 4.530239600201414 3.191366233986294 -8.569558451825618
2.586951776692059 2.3121858829471122 1.7648974679882876 -5.542156019307473 -4.982364049377046 -7.413687711963643 -7.3367157782881565 1.3531604918316926 0.24476871905716457
6.6205460595815495 3.093632833367689 0.459049514447198 3.145814479120352 -4.403040103536444 4.728996385646296 -0.9411747292034782 -4.062843778881387 5.441076968835601
-4.595046486754779 1.8344552052804204 -4.742027873648924 8.531962457621976 9.768744240293891 -8.302517077313173 -7.365849561010114 8.45138938609799 -0.7295606327341524
-2.056336871603399 0.5905314843385927 -5.0763379986135 1.2641753813039198 5.582967031577006 6.74047332484022 -5.6473645377091675 1.5334828310365012 9.711207854993688
3.2076796068962885 -3.6901854761047037 0.2565037530193486 8.524670507827242 8.331602330464925 9.014435048056274 -5.81407725062677 -4.910300646640346 3.515309571479012
-6.138095497352969 6.7279427244474235 7.5834079850233636 3.2876576063592715 4.755226331426348 -9.95041177096325 -1.910740053874271 0.4489084044629088 -7.939498749595337
9.154326887205649 -3.426374114010211 -0.6577355026755587 -6.891657096485897 4.143063385793443 6.868819219994386 4.710362673641841 1.722440733100834 5.559639193647234
-8.352749591473094 5.1489985096105215 -1.8578866437892607 7.292130188152363 2.635989839896581 -6.13425231142525 8.919605094821677 2.078337928637115 6.109999225606803
1.5731682942421727 -2.0839999298139444 -2.3077959776039236 5.158797694312451 4.6745222597888905 -7.185296319542928 -0.1757449446212238 -8.792688695643356 5.754419794994332
-5.407051407171504 -6.0253601561010095 2.3847228458956238 -1.4902690747162808 2.8644675416226697 8.286361839015644 -3.482474735324674 -3.3418278402638757 3.4301409265654232
-5.6973337465637774 2.573828761396106 0.9348729623402043 -6.076106187255508 -1.1663621086797509 2.6461830838228106 7.056362467719342 -7.110695472778074 3.7421490893971843
5.817431098273108 -8.661910158459014 -2.515372179627599 1.0370247267680632 -7.255412058897295 6.807304167618614 5.980101327244631 -2.0650139485603685 -1.008618289547826
-8.920904637107938 9.60668766695829 6.837133224799359 -5.663391755966636 7.344814154203721 1.9850607884094433 0.4506194534430197 -2.690198405489559 8.204407184705605
9.064855348591216 -6.967118930631974 8.637156227224256 -1.3392313087591496 5.344084281434736 2.9666903940935523 -1.9210039844107278 -8.031589250035294 -4.35474529582363
-0.2624812893947297 9.246004867094396 -8.83682556842314 1.21867287369402 -6.85972530340292 9.88795909391208 0.5263513157929935 0.9364965429455694 2.0632406822618776
8.231451065326166 -7.236621037881941 -4.116285572230119 6.69026526027335 -5.028137412240743 -6.525179852354905 2.0029777208236705 -7.8358217697777555 8.74017614838223
-8.245176533238993 -3.1087179151285778 7.2377218803017875 1.3772317683380582 5.378096323625206 9.525280073196384 0.21444578072682852 0.3180063394156427 -3.395928199660414
7.766140390398714 9.805482443609538 6.047437331778262 -5.63028414871904 -6.815376475622614 4.1989781996189794 2.1562720143641183 1.5242758848357738 -9.204677536700485
2.3254755371337854 -2.3040969158377784 7.640385960895447 4.266832098950509 -4.132844904165596 4.742453743225923 -0.9112289990708149 -5.660988536003833 -3.5908171574271064
512
0 1 1 0 1 0 0 0 0 1 0 1 0 0 1 0 1 1 1 0 0 1 0 0 0 0 0 1 0 1 1 0 0 1 0 1 0 0 0 1 1 1 0 0 1 0 0 1 1 0 1 1 0 0 0 1 0 1 0 1 0 0 1 1 1 1 1 0 1 1 1 1 0 0 1 1 1 1 0 0 1 0 0 0 0 0 0 0 0 1 0 0 0 0 1 0 1 1 0 0 0 1 1 1 1 0 0 0 1 1 0 1 0 1 1 0 1 1 1 1 1 0 0 1 1 1 0 1 0 1 1 1 1 0 0 0 0 1 1 0 0 1 0 1 0 1 1 1 0 1 1 1 1 0 1 0 1 0 1 0 0 1 0 0 0 1 0 0 1 1 1 0 0 1 0 0 1 1 1 0 1 1 0 1 0 0 1 1 1 0 1 1 0 1 1 1 1 1 0 0 0 1 1 1 1 0 1 0 1 0 1 1 1 0 0 0 1 0 1 1 0 0 1 0 1 0 0 0 0 1 1 0 0 1 0 0 0 0 0 1 1 0 1 1 1 0 1 1 1 1 0 0 0 0 1 0 1 0 0 1 1 0 1 1 1 1 0 1 0 0 1 0 1 1 0 1 0 1 1 0 0 1 1 0 1 1 0 0 1 1 1 0 0 0 0 1 1 0 0 0 1 1 1 1 0 0 0 1 0 0 0 1 1 1 1 1 0 0 1 1 0 1 1 0 0 1 0 1 0 1 1 1 1 1 1 1 0 0 0 0 1 1 0 0 1 1 0 1 0 0 1 0 0 0 1 1 1 1 1 1 1 0 0 1 0 0 0 0 1 0 1 1 0 0 0 0 0 1 0 1 1 0 1 1 1 0 0 1 1 0 0 1 0 0 1 1 0 1 1 1 1 0 0 0 0 0 0 1 0 1 0 0 1 1 0 0 0 0 0 1 0 0 1 0 0 1 1 1 1 0 1 1 1 1 1 1 0 1 1 0 0 0 0 1 1 0 0 0 0 1 1 1 0 1 0 1 1 1 1 0 0 0 0 1 0 1 0 1 0 0 0 0 0 1 1 1 1 0 1 0 1 0 1 1 0 1 0 1 0 1 1 1 0 1 0 1 0 1 0 1 1 1 1 1 1 0 0 0 0 1 0 1
9
-0.7208257384798278 0.8101103621255332 -0.10469152077420563 0.7297193431870279 -0.2275555789111967 0.8201578589148799 0.1560144700634396 0.8823732750917672 0.47069466608856136
-2.4583249647620047
0.07660152241554287
