10 11
1091.1970314279351 9801.80670950768 -6200.2344868223845 5651.808743431626 5830.276480571512 6894.832552362615 5001.054184338653 -6893.339636229059 3222.5526424334803 8474.063691724528 1265.703049919688
-2781.1697923942556 8990.402972157175 1231.9730091734345 -1767.272109290163 2282.669961225538 6082.5003326290625 -5433.95818772699 -9686.159139540432 581.8979414628429 8827.14840151617 3605.1592520638424
2618.160002600129 2556.302949799465 -60.205754765649544 4618.385394701092 -5016.111199325506 7835.08527905936 -4510.546895095466 8898.900264214677 8529.934200641805 -8441.509519049441 -1036.405975113279
4880.7256987416495 -1006.9185698385936 177.98049672830894 6136.478753434356 4099.843218985441 9160.084454458862 -6710.280114338425 8471.185723726423 8559.725050143454 2694.9787728104366 8807.816545941347
-4946.288252291595 7635.745668072948 5469.585859203806 2193.7799942138827 -8187.415107038749 -9397.312925380756 -9780.610090117629 -4988.838851036472 5247.048198863633 -2267.499352155338 5508.934503104263
2512.849818628496 -2214.7620175631146 7602.932575724844 -9231.655212836085 -693.7401958431201 6597.046787856314 -7463.730340538133 4209.751230232383 -3437.683161794367 -9513.97442846109 -525.5013822137826
433.8547789066997 -9168.274986523089 1318.3870710356132 -3051.3232408432114 -9910.13585487406 -6184.5323864686925 -7783.786554426502 812.439094648098 -9137.59673915323 8562.651401961586 6901.239447967451
8905.952874629122 -3703.979344271331 8105.347771237884 9686.2484504007 5294.62868505293 -4498.34772848833 3417.786082943072 1913.2630746795985 -1915.9339567111338 -3878.042919711468 -8803.036188645394
-7492.3505048708175 -7320.876879897607 -382.14270691379534 2837.8676945378975 5281.369048889615 -9065.724800555563 6475.197452248354 -9130.57553418083 1098.9366011602451 4882.956996160216 2624.4274358845596
8993.573513660041 -3106.0329377432863 1717.6671047507843 -8344.018745313673 1195.9317586459747 6265.976021525776 -5967.909723490386 -4780.709992656387 4008.112804393875 -4922.360661278735 -4815.090519571901
