9 10
-5251.129061981039 2741.4135218892334 -8067.424085459578 -8854.23188279384 6818.266406108516 2015.6409100321507 -3972.5485028981057 536.7918497954197 1158.0496532896595 3555.565377679055
-9997.314368371577 -7111.032604944489 -8136.603334649905 5061.720958014912 -953.3056844944313 -6032.06794816834 -2510.2788386448574 3389.091874882397 -775.5185273993629 917.1809511195625
8750.665403861618 -1993.5360528746005 -7934.921532163772 -7857.231001611056 4494.347156245189 -3750.608482245645 -7699.238881316716 5563.623205011849 7776.391370970545 -7952.863194829485
2330.276711089831 4809.7671659180505 -5083.307039581005 6733.377592453908 3680.2482850180168 -1108.6040488520175 -6685.687532239992 -4843.344255650936 6589.363171797919 -6643.843436262445
4092.666928730201 1418.8516180594615 1214.359906094247 -9673.366552475067 -7545.974239640776 -3803.9086635612903 2606.584842283957 -2371.2916361301814 -4870.1629454955 -2323.183532129665
-737.6848690014522 1891.6637457428624 1194.949125787678 -2639.6396478157276 -1490.754538804631 6124.784947688644 1780.30646159165 9409.693918669233 2049.4743039765726 -4334.187455950249
262.3115947605402 -541.9633345477068 7058.5217719286775 4749.990920358425 7611.755392634961 4356.5870678065 -4934.484162243187 -4543.693993180742 -6723.831864222086 7580.840322709188
8001.656154136952 -3528.7122960867246 -9535.527173829962 -514.6486130506746 5767.589053736761 4059.1307411069356 3512.0743881456547 -9579.702618387768 -7961.6875262134145 4584.318178528716
6371.022895162112 -6355.649352411166 6327.603219251816 9025.60825646139 2032.6941209691322 1034.4033141279451 -9341.55292935009 -1721.1394172805194 -660.092116584734 9069.081675577134
