9 10
-8643.724313400437 5304.686077063225 4222.243402742277 -4125.793096459513 8600.592007220734 -904.377455473681 -3812.822766870636 8549.77551189826 -2447.6745909350475 -8639.135446556054
-9191.167795261488 5889.330495264896 -8171.2799714732955 -9858.551577539745 -3823.344996869533 -9976.545716360843 2494.6135346746214 -6883.320827042931 1879.2272907316892 -6615.18432650984
2987.3018087815435 1710.1897506792793 -9595.617957782351 4850.651556359409 -7300.883413018033 -7967.518705601695 4179.939786392313 2150.526162553806 3220.788853736043 -5964.646068110846
-7997.75452398519 -255.39898383154468 -8393.97473407822 -528.3958140578543 7191.9741400608655 9743.94924959708 4542.62403964797 -6638.934531829308 -7962.570765883225 7100.762333350085
4597.37596655808 -1557.3198331228123 -7399.970430024425 2530.5555025552894 9164.591436847313 4608.404469386758 1060.8604920081561 -8114.807646099018 5823.748557961424 -2437.198326533323
-2564.713727142045 8298.155117652896 1233.867958001445 1437.257907779709 -2152.184112548499 -3865.698539886582 1319.757058241239 -8169.078804182206 2099.011600776339 6996.310022084508
9333.268309287716 4703.761083427711 8847.584777012806 108.11051333756222 -9580.689965489935 -9975.223072897936 -4843.922296080554 3629.8267085533207 -5810.226104783658 8064.543923266752
-6275.698078299754 6568.730099432472 4693.094862089185 3332.8613826333785 -4489.651923504039 -4785.0078616523415 -7222.970594135382 -9183.452550740241 8349.962332328614 -2974.0487317396983
4940.077710675421 -5997.889640130585 2655.918314319064 33.522664491687465 -100.24634828996568 2645.804472463331 -3581.9862500550644 2695.8450847476215 2351.648311449977 3807.806706869482
