9 10
-9002.860067926966 6454.398464413927 9483.537645997843 -1697.2517687080363 971.2412952513023 9260.755424661747 9571.43501691029 6748.967874877802 -7389.564963158746 -9705.414265123483
8990.950685518234 -1650.298488709759 -9932.143805395863 -9714.173716705422 5095.076412313812 9604.892853309422 3515.2379465618687 2241.23926427727 -6190.801394149081 2167.192794273111
-6029.672492496101 -3951.679128411005 3770.8000806741675 -6355.577096316116 -487.8904143068048 8455.394565566803 2552.7820112325862 -9563.090015245403 8277.622230794754 5996.491133025516
-7684.412023222462 -4870.224575188675 3071.339804063069 6345.464386162643 2898.8133888025586 -7697.813082953717 -6911.197263239353 7024.794968750226 -9154.047959944119 -5885.2851866190495
-4806.612348801534 -3705.735363587357 -2662.12404691595 1349.3558630125463 6988.755768836218 6927.198432256999 9224.058196146012 2151.92998280553 -110.28651708995676 2882.869080112896
-826.7127513675114 -1291.1876481102045 7428.214630175946 -6434.233604692803 -2488.421561252252 -4179.290233716803 -7230.861015465383 -4572.531382231655 -3249.7786298955743 -2655.9704961628586
-8125.84976281882 5588.338318547323 -9286.690646230736 -4607.557182928838 -7011.679264617851 1669.0235271350812 -2781.867773116831 9786.060534191773 -7407.1812192489215 -7702.0717444919555
4610.434657291482 8675.08158806806 -3842.4047560115396 7140.73159144077 4573.214958736729 -3946.5867872284143 6711.194713193283 -4015.4899038789263 -7826.971694916438 1216.5997786309654
-376.55406087567826 -3258.389109246682 5957.487221990443 6246.573231168328 -7513.503956930858 -7679.838731945263 -45.309599260192044 -9243.512406661643 -3298.3617879821377 3742.2098062038094
