9 10
-1361.2136737442797 -143.99112956718272 -2464.5963094494828 -1415.7232925626358 -5886.262839740352 -1518.3885949746582 5419.6679878346 -4647.274900718466 6187.0798672514575 -700.3372428044095
-2742.4074275236235 5997.9836360211775 -1002.5353217733918 -5079.171782393836 -776.6729629455658 -7448.954030142217 -3202.825664980931 -5618.123487052216 -6913.025215730226 733.7018230943795
2090.8579893027327 4583.430784650105 -6516.130702572809 3218.7475735116022 -6736.490536881925 8701.661878267256 3248.704927166411 9978.56976339719 -7750.969174676973 -3558.7959350845513
-3445.172859774774 -3334.400675300897 5241.452584275614 -9969.930769618986 3167.0887246113707 -3951.4954925452985 -6268.946652150868 6957.8310188318355 -6819.322485440671 9171.724504342405
-8412.81537517931 473.55426779085064 -4807.884857582388 4103.0445852530665 -8980.251643232677 4884.3425645307525 -2178.6052787509425 -307.2457517414423 -7183.750166462985 -7186.878911002683
8427.19795004165 -6976.126785253958 -7605.276877443288 -1918.816624952462 7841.546549485996 -4373.764979565427 1534.2392892555545 -8006.596234902048 7067.765406911305 7992.87651510986
6903.448078921294 -1940.784915968863 -6558.015118381118 -947.8442813955298 -4663.404708494785 -3245.672192175506 -6508.36875337429 6170.3017955544165 -4782.133863447258 7908.7904359701715
8321.91335586337 6500.276435075044 -8286.550758567204 2745.827662962838 6334.189757922846 5326.32326447688 3514.7109233755255 -883.1675545771468 8021.589615740395 6695.248200117803
-3359.7246533108537 -1513.3224730130296 5774.305760527983 -3954.308560690334 6177.508988419408 -7199.472732969774 -6492.864713147508 -5476.391773014868 -5376.854231181685 -7486.974609522615
