9 10
-1315.848663519011 -2785.6186402415115 -5506.182443934759 -3552.7914562850983 -6013.373399248174 2338.7312214434332 -3710.7857077839417 -68.3899431869595 -3130.5772677455843 9483.54596458218
7130.68403023389 8027.992323682389 9719.622829998403 7558.616141966722 5473.732843397838 -9635.483231696664 3687.542918583733 8336.778906016945 -4568.235845012927 9.64679545668514
4182.609443849618 -7797.04834345241 -1205.7342866070721 -7806.364737667591 -893.6104878537008 9653.640319176728 1229.4336576259084 1256.0416082391002 4746.339121304971 -2484.246511737784
-1603.3926133067325 2164.204537278709 -3242.1934266777153 9970.120091866102 9835.831894633717 -7103.350085074682 4438.580086482105 6893.866364069603 9506.018271805915 -363.27141432034114
-7203.894704371934 -8319.049244822354 6996.763649393193 7047.40511451941 5300.253908513394 -7812.20286265587 -3577.2760350405906 -3763.365348057384 -6124.1205385437715 -8745.784956928192
-9041.641390564866 -5404.922704106103 -6453.222797086908 5695.961171365569 9108.798113884568 9729.272670958359 9030.486722314985 2392.0498309318154 9689.583535218128 7919.606330800809
-5803.96303651679 4394.443339055004 1926.7412628003185 -5540.622387981053 -9852.94626862582 -1081.5267655392163 -9784.564165040234 -6930.674049936847 -5976.658603040823 1578.154211659139
-7413.692931653375 8228.571100773173 5755.265551270277 5007.932078923033 7660.563185044841 5540.509654082503 -951.9092228634763 473.156036935663 -176.76601861540985 6179.327408407034
327.73090453424265 -3912.77008598047 5827.189912530017 -3358.362704316096 3412.954857251134 8596.452981768874 9839.27516563025 5114.415627765307 8573.105290044594 -9714.554516366661
