9 10
5054.529353793918 -1936.660643134931 4786.725303494519 6549.859174550853 8570.912899463707 3648.6886635139344 8387.987012759757 -6422.213244837043 -6192.775226964873 9858.86382621713
2490.661433475283 8504.660605335757 -8441.405613811201 8635.04294614209 52.17728628972509 124.87145719161163 1745.0292192038924 -6300.854882394582 -300.86902955191727 -374.75229250472694
-5037.672604021 9372.164634420336 -7675.439440657308 8777.351834535377 317.6638540973254 4060.1609255735275 9892.079247515074 5790.5169943588135 4453.741922150151 7661.110600779393
1825.6125058743346 -7057.127421655678 -5802.737825201662 -2817.971800832879 -8002.584562331108 -2466.6673707527334 -7487.722287229701 1469.2139463031635 445.4422299810212 2144.6802055506287
5269.805132924399 1401.8503493055669 2060.941202488486 -8091.0314410415895 -1632.6238453667502 9842.754467658458 4981.230632061568 -6230.236449771703 4345.468451120294 -6441.354762816884
3756.9782533809885 -4487.4912809625675 3527.502912977592 -6617.1138814696205 9741.497592701424 -3279.3552359581945 -7999.182529063975 -8193.13922579463 -9769.636979355497 -6227.774866899723
-1295.9447674997118 -5035.423218856945 -3382.091831239726 -1450.2163843525414 -7521.856229273889 -8689.7590038606 2160.5018516168566 -4061.2443916482425 -2327.685822357633 4290.947475890918
-3102.617363397908 -6619.615856089691 -8204.146242090479 -4478.338369156929 -836.0007396018682 5836.962433404651 2407.2962441330947 -6806.134304939864 -7175.229827372346 1156.1734974180254
1347.180059216309 3602.3620879642367 -916.5802829535278 7399.208499980508 -8647.860468735233 -2208.769497400127 9506.378512350446 -635.6393868874129 -9417.164116430775 7173.253897394901
