9 10
6221.394406451725 -7363.49794167164 6372.214153495497 -3408.817008461693 2136.255674891019 -216.04481331740135 -1106.2860478583661 2180.229920840544 8147.426419738385 -1717.916904761927
-9466.77948553675 7027.613994241012 9038.013752940624 6143.53624159639 -6866.547751686574 -1576.4209829857136 5137.647764671776 7272.220917466526 7397.253932807751 8472.732385128777
2832.2752980341556 -7226.7164428033 -1596.8430308408006 9189.914217528778 -7355.484412330824 8658.982300997872 -2808.437349949122 1817.5837648692213 6269.051444892777 -8141.617589845827
-7752.803980972842 -432.6449349842587 8086.480009199437 9405.515319897379 3086.0584888849044 -6170.358951731216 5868.4314574407545 -2475.5991503877613 -4713.79006578841 1798.2261259375337
-1141.493632107993 383.8228806162497 9408.909372830694 -9232.455296586379 7471.018201973202 -1330.1952314348036 6914.700302903493 7521.506064676807 4737.093410636417 -524.8586811349123
434.7623616141609 1921.5713038608847 -2089.70338241887 4270.828783518467 7095.041097934132 -3261.0691764395506 9090.092922871405 1254.4143719806525 -4127.297133085659 -6745.216522058532
4526.7813975390345 -4378.249764486551 6177.690173710713 8939.0248237218 -2950.0404393640147 -2440.3519698457994 -3964.0029055520954 -4886.6737319928725 9973.249230216574 6554.221535875524
7301.667840142622 -9446.14191844251 9047.830984950757 6477.3972448194145 6465.399740012097 8532.284258355117 -1765.6667413825635 -8462.563801318625 1388.9289274762268 713.849971800546
-5681.379687187898 4847.880967363721 9703.651898785345 4325.437636343646 5882.85149606053 5454.737420312436 6210.118665717775 -6808.070873330707 2111.903665712518 2166.353471331291
