9 10
-7031.959658279403 -1881.862336641023 3598.5896622000455 7553.131658021903 -91.88150177622447 8340.933455196304 -3550.7937023738777 -31.182170184993083 -27.068162699821187 3401.363026305884
-5960.173824010928 2195.412208335607 -5624.538062556885 -3195.59369897936 9251.329265093635 7980.1607606201505 6362.367618355882 -9290.634762479754 -7032.662350761405 -4862.361758561924
5683.331363783083 6846.6665415473435 1658.963604924431 4362.633035536588 6141.107599501516 -8672.817379244296 -8307.137263338598 7377.906280087569 -9211.683412439425 -5498.186926470079
-9187.359467081982 -9694.297200605464 6879.093713848157 -3388.1126549983946 -6786.198794745588 -7023.61019422181 3121.673235406739 9371.96543385414 99.99385211356639 8021.809537680099
48.57197904855093 1477.4495498309843 3571.427135787182 6102.199780642741 5156.927645227652 9810.651254111246 4939.307783002656 8115.614467057327 -5877.903358688334 708.3260865716202
1972.285273349382 6513.932343207078 -355.728738681677 5820.804234181911 -2228.622196997716 1727.7691116289916 7026.3321496213575 5961.1894220831655 3139.691037722683 -9995.186069496662
-6360.621556275779 137.1557370225546 -4910.812030332414 -8687.583134545384 7197.6684424292325 8858.940426263263 -3943.9024370193265 -1838.5366523027842 6200.750676345739 -8754.824822575538
2819.6972512490047 -7453.583741344259 -4258.233200095496 6598.81373256812 -8889.459082206773 -9281.323331396221 -1642.67910407411 -163.38081807472008 7266.503662164017 4343.77492690379
3470.8761719906925 -6972.5245520042645 9734.118484373663 -1777.1960742503743 2235.417286497199 -2266.339889335285 -9059.341683763192 -582.2158190386963 -6972.644922103274 -9350.69075252112
