10 11
7908.598287876066 -7093.9916878892145 -886.5205234619607 9922.497650496214 3414.3310256088516 -3716.7629579533277 -2505.584504727738 -8353.080084100015 -277.09071228579705 -9861.445583255609 -5050.121616362322
-8834.296066458355 -7823.280554870089 -2424.5925099404712 -1804.4662285687336 6999.479156230853 1500.1136909723755 8290.85652587979 1451.1481503068044 -9888.271708849623 7220.290233387317 -9368.295584152675
-5659.397851187533 -6677.742362750285 -6450.9204831643265 9675.929870938464 -947.5597454500312 -9779.12567476652 5339.615202741839 8604.138271370106 -586.8292032479167 -305.5691140263916 -4639.766836389552
3082.352690627311 8243.59041653714 -919.5406231259967 2301.2606218097244 879.7788102699906 2658.915683533496 5204.50147541809 1508.083145600447 3042.28748692901 3119.3178952629387 -1049.3717364584845
7604.009580563736 -4653.41770284778 -5492.459868917578 5884.954775973425 -9066.214258775537 4658.023853541921 8850.674738943333 -3452.5556292743695 -281.898046222841 2122.950939482447 -9538.353899875849
2551.2973887593635 -6006.265435440654 1337.8661541249767 -3304.497319763009 -6114.175365578889 -6876.410426880113 -4114.839057096813 741.7781205327901 -6365.910405377924 7413.3421363914385 2446.2453895168055
-7882.468849924942 4011.288025418249 -2328.930762852863 -8743.616846721403 8650.167937520917 6419.314950215539 -7014.44435532798 6139.316361558236 8958.20049253096 -1776.6242014910385 704.0505841129889
7695.496395890619 -4716.2949409822795 -2852.1736280094665 7056.6100429082835 7962.207621707472 5367.038160431637 -2886.031297159164 9406.82049976505 -1770.3097057969153 -4776.8448282668705 -5832.688372471682
-848.3716298701511 -5703.454152871685 -3665.2080695799486 -2495.8539216351674 8444.292607679756 -5932.274522411641 -1497.7262936992756 -5033.025006202667 3008.884881414131 7864.829857872886 3921.2876026899685
3337.6879124816733 -3635.2589553602766 -9663.030027293757 2700.482502273844 -8507.74165778484 -3964.4551378924752 -8287.784873689885 -6802.025551285982 1521.2608420665074 5480.195279532907 -1309.5039669296966
