243 4
-5201.337535554689 -8534.462216034133 -3813.164097424419 -7253.155922813479
-4450.610312459058 -5769.1918429159505 -2581.0303079306696 -5871.462277104782
9568.277891932055 -1085.0872478751317 -7898.145555859684 -4634.688604495365
9330.935329689895 -9260.704582811119 8431.497891199866 -2656.265406962304
-4766.664062813417 -5337.087647703571 -1650.9660581489297 -239.8034471543815
-8036.685505699821 1092.4424494866616 7312.968149398992 -8487.498176412751
8446.246520896253 -6342.15893869251 4736.1627872673325 3123.274804202323
-3278.316402042805 -6108.833453607711 1665.760604229812 8696.906877819893
-5706.586246305507 -8403.343060672922 -150.80124992559104 -981.434893620697
-7426.469071516358 -8237.164134772524 -6129.777297724508 -2815.1366653705236
-9020.175295730836 5079.157139999748 -7502.672275881397 502.4183644225286
-2462.5368746117783 6716.893992769561 -3560.554768438662 -4446.84696801058
-5812.229658740848 -8111.069252738487 897.4612503426979 1446.3547562301264
9091.167214419696 -7439.435271839298 4480.8928174139255 5005.552508290504
-6412.026779052664 -822.3505424245432 -9639.951236579645 9325.955598625224
206.8505738829972 -71.83407247628202 -3354.1915445404857 -8895.127097357266
-413.47524598784366 -3353.9672482473716 -1572.5697490383081 2460.962831629642
-7282.54634363247 -5031.958362111515 4321.623562020814 -4862.743166355816
5541.886554342627 -2303.222621411418 1873.7487287816039 4133.063960228621
-300.79774445551266 -9032.366546166755 7908.889721263593 -97.98972847061304
150.30669316569583 -9681.139581025 3948.4542755696475 8313.782695217324
4492.907476341001 9268.070024107947 219.78220643775603 8365.857258475087
8248.939689737668 6073.447324356763 2783.6621678364336 -3698.261605061113
-5619.639118882274 -832.4220899674656 4932.594522726589 8406.034766887056
4548.716569869292 -5798.496369888997 3005.4791554812364 7214.063263419503
8982.98647272557 7048.633428526526 2677.294792372466 -1292.6592648946626
-3701.192564858564 -268.0707275963214 -3471.9904869110405 6740.033428927818
-9469.876122880938 -3482.1123780997777 -8434.608203057654 9511.40508299839
9979.893982475973 -9367.392268129115 8260.932782729313 -4784.504825210452
7726.481354312498 6154.969726049449 7962.7409631372575 -3492.950125251188
5798.891178767199 1685.4520293738387 2715.977868414164 6227.993325290361
-6489.618648175872 -1264.1182735453694 -1885.907330272922 4178.982310369214
3106.7598952320477 -2949.298217022978 26.554406005494457 2596.138291269983
573.4481252826754 3053.3131098643225 2004.3976715332974 1672.2669855988133
-8917.499022380534 -8540.854991109909 247.89718954258024 6108.674100914539
1476.5653644137947 6553.648816308436 7602.169596931977 -868.37819655151
9885.388669365278 -9904.336200424306 1421.4686615979172 5749.705807727323
5818.565677904438 3206.1626037625083 -5632.253427231603 -1791.4368524511228
6913.978701127842 -3650.78102719286 -5297.222930395884 -8489.050336181786
7160.637457683504 8894.285200555529 4589.055708860502 -1888.695925360089
-5820.539139947729 3357.852491873846 -1502.4087176944759 4650.398554197889
-7403.449505480325 3786.0485945655564 -5731.634785538086 1904.1627159758082
-7509.240210862548 2772.34538956944 -2919.0286888291284 4592.913652513531
635.1180327479397 7672.765210794285 -1957.4321344713326 -4331.088081969179
-8521.409121346524 9719.974195800176 -6175.713484641374 5716.502688506907
8616.56342942948 2471.416363967648 -6531.420382181161 -1855.476070096258
-2652.054679733469 9407.31498648294 -3181.804727101714 -4878.36646121141
7145.8875620873805 -6226.190210151363 2644.1445972208385 8601.684665604855
-7045.673396886863 3243.399772267936 -2252.3835163480026 9614.999279977044
4655.432766417209 3505.751990793642 -636.5041078444465 9436.639324197298
-1643.7449233734933 -3750.581051019566 -8194.049954083295 8024.753105773834
-4611.195359892766 -1686.0047492002323 8759.353013042783 6741.737664706765
-8412.83209081701 -1271.1037047255668 -1223.2346725163898 -2309.8052338163307
-2406.951811808164 8293.683050890635 273.4616720378399 287.8975700091105
-1807.3317002440199 -7659.981725995588 8466.65761965973 -6175.6469653368185
-7327.485242548886 -7854.818307435065 -8202.035273266367 5188.632688146186
-3.28365198308893 -4502.308451818302 -7151.331505650564 7912.374978237283
757.7768352380081 -9304.279344859391 2690.5233858034317 -4556.665356337177
-2402.6515768207664 -2619.563182023643 -2195.03556412094 3798.811661811822
8353.136488664011 589.6124684928491 6156.245102809013 -3748.719054721021
-2569.787563894939 6973.039789914954 -2882.1935375447083 -5154.048424902635
-3938.1832465797825 -6306.869343410921 -4039.2113456745847 6581.084572550146
5181.225090109234 6931.889926943601 6955.92849952072 -5195.654952654189
-7228.391041173414 -8607.582884659445 -929.6150030786703 4389.831276399358
7564.919194374299 3598.2905471734393 6420.292135914253 8976.810939278384
-9914.159702700079 -2310.942530539428 -9477.924037498915 8472.02381032311
-331.7854756894885 -8567.317321242854 -2392.8760296664595 -3907.9935603878303
-732.0125802532857 368.81838722872817 -1996.1574728323785 6010.766252258669
2560.9640813824226 294.9531929472323 4817.467053695225 8641.154460042704
3879.6977009692 2572.9339633440522 7159.073583907575 6828.766957596992
5705.695838014493 3071.23664653004 937.1508623104637 -8661.569275366117
-2894.2025242791724 1173.6085138326343 -7460.953112610516 -4372.09645918011
2945.9261970646585 3934.937696959447 119.28610197173657 -2625.1585688778105
8956.967074592176 -2962.2714785376966 738.5568833688121 -6053.039817323033
8984.64312644173 -4905.4497344253205 670.1692488711997 7723.501853329115
3966.1709821233344 7751.997959334338 4742.055924367678 -562.994722154117
1168.3400278516456 8451.004125007123 4630.339020863799 -3866.334703464533
-6094.189425056562 9304.12859589675 3284.8662479456907 6515.2415665795925
6204.103588983911 -4689.2461490306905 1561.030139623881 -8759.755256250339
-9019.560169143148 3544.9279795778784 -7180.245583676709 7823.651835418106
3165.3947026928363 -1470.2755762276447 -9055.83772343952 525.0340066060417
8391.38500017476 7401.477047209799 -8757.733928540232 5184.237161850615
9236.616692373631 1860.2009197665775 3801.135916309262 825.663429117687
946.5688586002234 3042.064956376613 740.8112486603095 2603.552133591742
4080.1874742553027 5937.357135697588 8836.687579395279 -7248.242481992349
8177.398559078829 -6587.911576040768 -5755.62993898084 -8705.452659856468
3670.6945314903223 5789.520304844584 -6281.66410660055 1955.8123145084446
5499.691229808863 5120.36340125523 -5755.550158324463 -9208.673246155644
-5999.583440441694 -1859.0046847754847 3827.5489554998094 -7325.636463017527
-3474.0467209285607 -7100.757129865431 8927.155249405983 -8680.67250697749
1396.5335000158266 -5945.8003654508575 9216.214587566432 -5418.566538325962
-8370.322033723916 -7543.367205391576 9855.653003744796 -7433.163321327236
776.1518832390666 -1543.6617351475434 -2868.765488737695 -8470.970687722069
1865.7135318254568 -3449.7287290340428 -7019.37610666175 2585.8341042446355
-1989.5409674507182 1423.5018373741568 -2844.3112156158004 -7413.019147684223
-3976.7545587708737 -1795.0736912659995 4486.748539175305 -1127.9938798659186
3698.487562811375 7626.566942043268 -6646.2593556867105 -9941.030349708664
8801.029835261146 -8559.540246123996 900.9235357419893 7029.502171866927
1354.7507063477879 700.7213036372796 9715.852526657512 8534.954337828218
-3895.1043802817267 9159.870848728955 4230.845731686539 -2556.56676081335
-355.80448109510326 -3728.3598979692024 -2779.750979112465 5842.369870214785
9446.400890865694 -5506.72379785498 1360.905205569381 5103.451942446318
-3896.7570495069003 8597.70224152398 8435.205897515378 -6960.917486942699
1850.726607845194 8867.386059638313 5962.284552538684 2561.3889611830127
9119.733439778814 -7694.760368482852 1267.1188479804441 234.1156684373109
-3546.674779372447 -3493.031930368351 4577.697073167656 2618.1338529951245
-7722.060834552882 -4374.321670904675 -4804.221894513963 -8251.668153591252
-6766.193192499892 9358.109936716883 2513.9669747877397 6163.076835228321
-8833.710458295418 -6791.751882037184 -2018.81673774724 -1813.0257112641448
9079.73423361489 -2074.593740120914 6206.132589528244 1935.517725934793
-7492.453961417576 -5350.113661673808 -3284.999926002388 2734.781733140182
-1992.335615455845 -1675.5332558061891 504.6366243260072 3827.425681468443
4204.186403286603 -7706.326010198385 -2994.4078729024823 -6486.501850922173
-2703.727478016851 -577.1606982107987 777.5072291848064 -8729.131897718851
-8116.206628966671 4745.763854098659 4192.059937242007 -7887.899021925505
1240.179885458405 -8466.721820059971 9802.051548493218 -1778.9973282850242
9870.517573220943 1666.4677309146118 -7098.384665362277 -2048.802908882394
4380.640314315175 -3299.593651455197 6551.372579284511 -2110.249776005646
2748.374333503796 3597.208453363761 1161.602031133185 -8856.825383018793
2994.91837440165 333.35571037687623 -5291.0367954032545 8609.912465440986
-1015.5461462938802 -6139.146682986796 -1302.2553727610612 -936.7937858301884
1362.4513134978479 -8881.38968327858 4737.715074330841 -609.9464094632549
-6188.254867073891 -8494.401729292202 -6782.764771295915 3397.4445283237455
3720.944187197463 -6943.465237808961 9990.195523736784 4337.568250175142
514.8250664472616 -8145.6061702891475 -8120.726010312252 -3475.465338920747
-1974.7774062092512 -1396.5445810147448 -8819.042572255055 -1422.9361036446808
4389.580590896598 -1681.5360839204623 5171.419534545657 -7296.916195309061
-2296.081664334295 -774.2029383200988 7782.664102160605 -1398.6178557830026
-5577.838603497063 -6905.604760221635 -4236.312504128028 9968.238075346293
-2752.7719030378958 6983.634714990676 3842.729891353274 2241.920290994716
-2302.3945106498613 -9464.275893351238 -6939.380497853275 7612.820041560939
-9745.851337607412 7201.845638816281 5586.986574509194 -4368.715188286911
-1748.4920389164054 4823.514463017502 8370.112576220512 1915.5034434339505
4376.7137031213715 -1482.7174474432086 -5841.110174260342 4850.513829202853
410.55341195821893 -1866.7060218366614 8883.179647063058 -5208.389262937448
-1923.9791982639872 -5037.276901817538 -7695.114282883551 -9223.44766155206
-7554.168040580296 -7350.352737055557 2455.4359681287515 -6857.837030293926
-5109.513592575059 1199.5679497532547 7190.944712690336 8079.440449908292
-7233.832439499713 -3433.453477947077 -6716.393531190585 4468.168801523931
252.43956683178658 465.4106693767935 3747.488789110457 -7516.328478549214
-9497.954341637767 5835.328049221744 5087.596000933021 -3189.7738925411677
-100.83354516472718 35.15964577687009 3885.7482731308028 -5543.670294034937
-8175.413345791813 4644.215365509144 -2540.261761292688 -7402.171183553545
8669.472010262733 -953.6617875743905 4480.079859052257 -9035.02782946339
6501.920753859602 129.75967196778038 9719.058280291647 -7595.306546803129
-9402.447170777978 6169.449502954711 185.45978509711495 -6700.304967056367
9611.226700611809 7030.855090466288 -6849.259325501367 9315.846265224267
6411.685131591254 -3472.3804969573475 -878.5097554199583 6731.423945993094
7869.647918732022 9655.307828585792 -8738.994558917539 -2690.501465613551
9101.675683395646 6117.790240599978 -5879.882776284424 6097.658501924907
1520.482830452609 -6812.548541526921 -1987.8417368671262 8503.928322101823
-4911.174245553376 -9258.335240245322 -5657.075054216399 -3495.626140800965
8548.919502099296 -5253.447010641119 -5933.927723321044 4610.869855276929
858.0015086518179 -1534.184011584428 3552.759890448595 2506.94877249031
-1909.682548093845 -8671.112568327295 464.445727237915 -6588.017059694668
5365.549234977567 -8814.804484328535 -3715.5550040226726 -2146.827722797715
-2492.6300254817525 -7417.432428094755 -3930.66348339028 4755.076016018154
-7616.321404995711 -9681.825312044326 9262.471213716606 8686.82623495604
7764.703723488812 -8473.01724915939 415.2416681791874 1182.7130686307082
-4176.517223416831 -1689.426314431088 -2457.332560692138 2565.797312847595
-3065.7152961029333 6127.847584603085 9364.46114548366 1393.8205722071452
-8656.478033795598 -7837.691943985707 -7966.987749051406 -7429.363699027355
-8745.090760988103 6889.631952018568 -8081.514084667029 -1852.8006040556975
-5307.383743040627 -8916.38364102721 -7375.037698112807 3524.4168965421995
-4024.887387248171 -7024.505024808079 -248.22845427717948 -3171.5906561582296
-5424.031367461011 -3374.020735367236 4247.248952483433 6342.936500236921
6736.782127295999 905.261192458378 5271.542244768249 -5286.979844855317
-7453.825348946668 3655.2271058952756 4479.190958548799 -3444.5862290027726
-7178.4512335002455 -2316.2600980433144 8480.044899123994 -129.3638459165395
-9730.457694254386 4696.085550368165 7202.824626432746 2581.4080809229363
-7897.46995340703 -3130.908107758699 3128.897935341576 9714.073979110268
6928.198166913109 5304.554629299313 -1455.025123794534 726.9646667271718
434.5462267108651 584.7377574616839 -8222.418312742548 7781.165001525376
7398.113217725098 -948.4860172720473 -3267.3397422995777 -9356.565436554216
658.2311665033558 -7957.421000720937 8770.552748822633 -84.31750759466013
4375.759607606906 6067.045569915119 -4095.6114932013606 5892.352418819095
7175.965900666688 796.2566231568599 2177.9120608116446 -1288.741817787337
8121.315115951766 -6358.078265243896 -4797.582284980142 -3051.1988262279947
-6025.189750596914 6079.404672922858 -4782.353258189729 4504.334882807905
3158.0153974438945 -9882.437285685459 -3312.536686998351 6110.397656553876
4170.009632384788 1753.9378561567428 4336.961069364583 2010.0945859488547
9934.826476575068 8020.284104792521 -5772.986777720374 -9496.308024463047
-5116.585538653298 9810.736043299585 -7412.194886105217 -4474.429505854867
1368.5330763983548 -1154.085010812365 -3521.010147518835 6611.329747256725
-4.9816558975999214 -2284.836729839044 5839.586039460635 8683.601577265792
1035.2947343904507 -6860.285609322523 2504.5419911631398 3847.105322522548
3509.7039257422584 8565.3523485763 -2572.295136041247 435.13053321358166
4381.098941590251 4827.005905457465 5216.759643354841 -104.50296284135038
465.01096199445783 -3030.6153303175697 -3662.8407581803394 -1245.8636464528026
8072.109246096923 8646.36622383317 7423.561998555226 1756.307665766877
4018.966432624027 6079.021092773271 4300.269636581503 -278.27799995200076
-9046.13683520901 -4164.615747557025 -8665.258863053268 7173.598229496227
1366.4786393829709 -3081.656447240908 6397.114466502142 4737.771454940868
-76.75631631066244 5248.709395535867 5202.171309843687 -8868.157360289484
-4557.080332746453 -8651.129122451975 5003.885078548537 7991.754361229661
-4030.8522736495497 -6729.432270736146 687.7279135954377 -3456.189820232831
6582.731484988297 -5726.762401409595 -7709.447365269754 -6036.72954249421
6636.544882023536 1210.6939157132256 14.48450058616254 -2950.74480231315
-1762.3684933385357 97.4172303195719 -3561.0101489032604 1539.8822428256626
3412.8317289807856 4375.867766854766 9065.5019994826 -9715.115539176473
9570.666794276298 3714.465868832047 -8697.530960724198 9478.703423667084
-6615.257881750818 6122.151088095217 818.3933846054551 -9229.844748168493
4128.796259622211 -5103.854750965928 -6913.288553486858 -1502.7241993323732
1472.2281314573738 -6176.74209687246 6748.872025048833 -8495.170893631815
4137.461824735867 7702.601843648772 -2474.8472807910284 7533.0106651335445
-6803.405346368945 5988.84168137734 -158.09124443423934 2888.685741676263
-6874.033861808217 -5634.771977683941 5461.543367597342 7963.878640280211
-7136.869475570218 6597.202636040394 -609.4138436133671 -9394.237195782003
7054.1405390167965 -3378.2047647647296 3103.1010623917264 5234.437587472123
-9803.934492631619 -9306.66054796275 -4658.731298933576 -9942.51167193722
-8270.825682362976 8498.404397380764 -4674.29689117057 -7211.65727700913
2989.740863635583 8982.706217365016 -4324.066363488919 657.5935066893107
2064.7898273528917 -8260.900641053293 -3777.074884181031 -390.5834222196554
-4382.514598051644 -1376.1673756022392 -599.7578999743873 8908.339044059878
8323.5139093047 5635.475662963636 -9601.770662284915 6334.487099895128
-8170.912336142397 -833.3629529839764 3982.246316949404 -7535.477295081919
3567.878577427384 -5384.553797285432 -4579.124100795653 9321.7361672129
9368.222073426987 -2367.594215176172 2546.5123364534684 -18.746881645130998
-6431.078561345292 -3605.478002275353 6027.277020988278 -7480.223263593109
-6825.589488672761 3099.129608384994 9888.8335108086 6203.41980591832
-7792.834834507092 1000.2966841210273 -8244.650506429993 -6328.756922479051
6999.984366327528 3764.0439420625717 4925.827927857274 -7363.441834517866
6480.489478661977 2854.148452093352 -9749.177257629575 4270.666719847375
956.4858300097967 5459.500167343611 -2127.452949760529 140.87598101243202
7231.305272390862 -9729.396344301802 -7471.602705176699 -1820.67857320835
6515.2249936003755 -716.7287715298044 248.730880145833 9514.100132329873
6384.467940167215 -6457.767503954466 -5088.115940950981 9341.276207455423
2302.3036102610095 -710.661465182302 -5294.4826912855715 8559.664673876476
7461.84169572889 6509.8281431276555 6307.718405064768 1743.7405085263308
8147.4568514122875 9887.98562662088 5669.1234772728585 -3222.9721027470323
-7722.117343028578 6260.434138400093 3598.0524358644398 4853.124799343632
-1828.0842006683251 7060.822336993118 -9970.475710088262 -8804.52156730093
7785.167838684269 -3203.668822895085 -3722.4214692656506 -694.9103451233332
-5802.004399482241 6181.2417679195405 -6796.849927848707 -9564.288338633241
6952.106668161727 -2661.333371002912 -1830.724786198337 -9026.85881121832
-6278.125574740683 -4521.994880163214 -720.6646444902944 4209.1783296817885
4876.71834500498 -9719.07040530516 4917.550808019381 -9691.22441427032
5212.942061093883 9988.008942547483 -5826.812289372318 3661.503922259879
-6319.771427487089 5169.151314306377 6888.569673713737 -7199.702990008472
3046.2683340692347 6382.841378285853 9529.728802213172 -5805.089886762156
-9963.003925640553 2170.2334836318005 -5097.649510080669 -868.8850488784301
863.2807816836521 -2250.671793086838 -2693.4073758750983 4419.1384430569
-4328.236272029529 -2131.2646538887693 -2710.0402848064923 5181.045883193134
