69 15
-1258.1859294847363 3704.7470988823443 1912.7913386700366 8191.315693914872 4772.1037885876485 -6424.991314628556 6978.215904780591 -1147.0807293549042 4722.401304813671 -4471.11606548827 -5989.406842713461 3248.6984241855316 7389.555880225878 -5359.981309863495 8169.6132214436475
7203.917202029403 -1895.5859706155761 5125.460967723757 9674.708750560501 1065.0828003088118 -793.3429493417952 4367.422371530523 5462.429956704131 5624.384446416932 1441.6899300858058 -6335.436658527822 8785.424414982688 2817.1299134042347 -786.8380697825614 5125.83877677149
9215.565610221653 -783.5079278454723 -9892.574982520478 -6324.436761424057 -506.7027054920127 -9095.18516695399 6726.281271050346 3223.1011235267433 -6880.9822329647495 302.83358982714344 2962.192086917479 -1840.0292076920377 -5961.632888328788 -1444.0501555011615 -9551.099422128727
-8845.974889210287 -7938.9923414985915 9493.08454221864 5624.278664274134 -5548.776585171271 1403.7001554906783 -4590.779630115052 1546.0831399423132 6679.602254632424 449.7400177853742 -7619.581540439215 -5605.795878698325 5310.681022600687 -6322.292353928089 -5471.095258385352
9126.531140802545 90.16712196392473 8642.699536711843 -4581.95013777108 -1218.757673042208 543.523621848939 -1273.2012397449435 7808.520236479682 2776.7029640565925 2913.7309115721328 2494.607162623208 -1554.6831111219253 -3208.2172512875577 -9218.047646937759 -102.32321864928781
-9.104128721877714 -9545.417618279254 9923.684106158427 -4825.795608942239 7476.281733964504 -1637.8807981676564 3180.021019409871 -5444.80471510852 -318.50915292661375 612.8264214895116 2617.308007736161 4614.0933694340165 8518.313640792629 1686.1842206173133 -7951.72154902942
-4763.299446559008 2588.243117822367 9303.873811323541 -4050.023545239712 -2414.742906727618 3187.6020596169783 5086.185914772792 5419.045849315124 -9213.11843039225 3824.13120170032 -7046.239272483339 -1289.3391435093745 4096.450507523919 -1459.0508883896 7922.216108332548
4288.53322500672 -8711.57258529681 -2353.4350536733655 -8695.363208441233 -3474.4208526757393 -9840.644126257552 -8788.499929572861 5523.216572787533 9481.74848300597 -6954.190541929131 3643.2748966729687 -215.59152179096236 5158.141308042879 7993.988864841587 -78.44661885349888
-9895.123996974988 -5756.523834810871 2159.140107567726 -5112.75771192897 -8998.250659175745 -952.0684085822413 3745.4154391534394 -3112.0888964389424 7925.31202428307 -729.2170938492236 -8891.52157512736 3158.978476374741 -1664.9442839636267 6098.477704785359 -2720.1666268708414
5771.699521919016 6766.085285668945 -7858.556995052275 4630.173323178204 -7284.13180666339 -3269.4418246138857 -5166.789437219041 6079.276514627634 -4270.250602891188 -9264.325611468717 109.71131591472658 7609.0241677566555 4991.18454423426 9978.979672844074 -4371.549271524078
8525.457394958292 -8311.401313553588 -6600.166833196801 -571.7796227007148 -9556.721992986075 -4162.055020622896 -4068.2367184926234 3296.656555162219 -4585.888689897663 0.7518453058892192 -3197.9983549148837 2012.9163296294864 4354.3128971684 5382.923994846815 -6113.7614917098745
-9844.853818826787 5433.380787180375 -2176.8038827293767 -9355.562160520858 -133.4443183290532 9562.021908415347 8135.450067286882 9462.113503198649 4791.225544905448 -9976.255342274644 7989.967523659016 2370.2002287367905 -323.2982411988869 -6111.546236901555 -2214.425219304512
3609.4861511551826 9534.21019962465 -6951.472409060216 -6323.850104206655 7368.120494595423 3256.4326293546856 -5230.961210536753 -3005.9123686110233 7434.446144589205 4282.911587785256 -9480.477538264218 -5419.092526711064 -9259.304818833141 -6210.208891016937 7702.379097135705
-7942.766259495697 -2082.9284076209296 2429.5057101797174 -582.1635005205098 6284.737611052202 -432.03670933115427 -3338.732963642492 -6434.365197062671 9583.020445346752 -267.050837921086 6505.220749146312 8174.557102958584 -9932.390779923871 522.623198441961 -1592.847706481507
4830.426664324883 88.15848886564527 -7720.661199231719 5198.205500645157 2013.7184385811543 9843.673144850782 4557.156549725645 3371.7148760608397 -3497.285686355749 8954.430629609764 -7174.574629860708 -1177.5112211071246 -3410.4975623819864 2539.1753391027105 6572.275229950756
9689.547859663817 -8467.770755709807 -7085.064712180143 -1381.1790439656106 -5088.178103457759 -9444.316069318933 5670.304186908541 3287.3624496865705 6561.1207466456 -4056.68620274537 -7040.185289835501 -369.71941225770934 3569.068584387298 -4212.177309859544 -9650.78252555261
-2847.960590431795 863.6684499621333 -2711.4017014724377 7.4866101954085025 -6728.926518124794 3010.2550889659724 2038.3953355325611 -1401.49168847916 2044.1333424458971 -3681.5940894510586 -5313.567188187169 5221.473595864441 -3567.2949316704526 6648.493088785013 -9313.613896942348
9885.49303366549 5831.312792202407 -6320.435743991499 -7906.071362506699 -5199.847479812161 -1011.3900596225121 -6273.62554620593 -4674.277332406939 3923.3366423664993 6394.614643553308 3877.7720116965793 -5093.980256688175 -2402.049836224309 -853.7647080761981 3272.3273421592385
-4863.704570079295 2695.356432549559 -5667.666826859581 8054.112671677023 7129.451542329818 4882.757245805271 -9521.144223167872 -6764.964944216641 5382.194148514172 1424.8748790057925 -1179.0151544988785 -5428.518609110027 8242.921123366967 8583.655809886794 -8638.53052083551
-6798.5986175319995 -3934.8969940241377 -4838.311413533909 -921.979486203445 4268.888764766096 4684.661923073345 -2928.4820367920192 2834.7176432799497 3811.217471472086 5887.598442207927 -4907.854480476446 3695.3275316935524 -6737.511377638386 -4263.780035682045 6704.493167029836
-5719.372776991856 6747.461332200204 4882.209640296573 -7326.468872780511 -4170.391896629053 1601.094792836304 1160.300893403426 4383.624581422204 -2319.0921573806463 -984.6035269021031 9622.057981596354 -6162.911400021598 7571.014655427822 4969.58640375387 3228.936252872929
-9626.316837366036 5420.557227068246 9270.171108365965 -3884.41616895046 6798.645822456307 -2457.100076234322 -3766.4396466443886 -5778.217887446462 -8156.896003341097 2776.9371784658833 -8575.219794028879 -3602.979795767551 -804.3772790803832 1666.4866983204338 7000.33798419471
-6178.889415202637 -5629.679268465344 7317.065384917594 -2319.4015283402196 -5787.976997126781 4366.537484940964 -6897.505451099839 -6405.918792552136 -2713.6607791843635 2969.422426568797 -8501.367613928818 -7161.616580027412 8495.611027027 -5145.171627911538 5117.53571802803
-580.4401181858993 -1066.9538951884879 -3806.948491027356 7879.889922963383 -3066.2020916172696 -1790.530658914764 5743.996902689745 4462.3540072971755 3750.0668684851717 -8833.302888691624 7582.792481935026 -4495.774260632934 -6295.150363528765 1636.010215983597 2337.639786314632
-620.894011438615 3237.2639070110527 5793.92833806857 -4252.816785282041 1854.7160693565074 -4928.722866296504 5992.350692078968 9833.108070459093 8025.561701433169 4005.7577193761645 4352.084758916397 -811.7251566278774 4640.114741544228 -3270.586859971656 -3965.1500676667647
-3066.1081128524283 5175.1639268033105 9165.144162325269 -1696.4322078963214 9259.95709627806 3889.59495083848 5111.2429512523195 -3697.6931484010247 -7724.81369719253 -2700.3375054335656 9885.326130162422 2862.195693430722 3417.207756783895 2700.228892820329 8240.953047295323
8809.270771851883 -5246.242130542709 1674.2601659625416 8817.438008751276 -2587.6293677119984 9043.829412112635 5962.699129519027 -4803.020993970222 5323.71609969442 -4670.101805059563 -5981.368628606231 -2392.336042669279 5437.413364853575 -3337.6306581207227 2129.132854852305
-881.8377311746754 -5197.675486479583 -6463.864901632519 5620.899166744004 5009.544474298629 -3769.67969395388 -6056.643537034106 7319.475033966493 3522.485840081934 1878.9301330124144 5359.763441696137 5305.683513921711 -3106.3482006238655 7246.04332469427 4492.441033204364
-1466.672959013369 -6710.8209539550035 4791.114422474777 -5307.652945803789 7836.632643363293 9171.437444651317 -3636.1349088843544 -3980.7858804052885 750.786085271684 -8467.35927253636 7246.559828515037 -2802.736782890689 4884.07137608554 2019.194956127656 -2813.228316676168
7134.42479188399 -6926.838183989743 8985.515577076781 -9755.408090992667 -3703.6218373146457 -7097.527242596858 3319.982837400352 -6662.504277484546 3746.53057043274 -1575.7921248217717 -2426.8053437809467 9267.691234569378 -2251.216930616236 -622.4433495372141 -2141.4368715537194
7403.022236690478 9592.220094986358 -7273.821641065428 6295.829060745011 8755.771679246525 1961.373867018212 4441.468866308076 6776.283950701971 -8535.809680137123 5724.475701586074 7189.099987836162 9843.182676419234 6404.72219516414 -7071.1203628834955 2373.9511370440814
-8644.244185081236 -2651.5575178005 672.4366691217328 -3878.6230150204974 1010.243958215764 8465.559790538082 -3483.859966872862 -8644.205622485624 8893.377805604778 4249.443910422677 1126.4575084538283 -4738.40792452026 -6177.172349342072 8369.76014387223 6761.649521031046
-1196.2574440981498 9217.543354645422 3344.329411991168 -5955.097624416212 8817.692832969678 3735.4457459846617 -7296.624168296859 1811.8907680425382 9667.195280826112 -3101.8366122550087 -6722.224818638958 8304.951741159275 -7793.0927619324475 -993.9598213564077 1993.9537077767036
7192.288701843441 -7183.94342020582 3491.73189448059 1747.0352256925944 -4760.888498659708 9417.362511162031 5539.805086980088 -1932.924075749822 8188.8532018531405 -967.1559764995927 -3094.7182033828776 1205.1292729377565 8781.068402598616 9958.048697819158 -8667.500557559817
8579.866387073289 8023.393789882728 1319.5385967611091 -3912.421571086952 3595.9147980086163 -262.5276839221988 -2866.7785246413805 7335.551872819891 -9124.10789120567 -1043.55722637717 -4345.748978345456 -5819.1516924771495 -7577.233717406413 -6633.404947997355 6896.786422987574
-9805.754135185436 3318.682816459992 1738.8170320877525 2332.5270110041347 4778.073832861895 -4659.329650705375 -5436.8132604092925 -6749.510182443455 -8191.86221995605 5714.354411398195 7571.14730868585 -3802.558390410165 738.5669258676699 -6301.246852623219 -1611.986434438415
-4436.934652922051 2089.8896377696146 154.81500197794412 1166.6837360784666 1438.7575611149314 466.55783807144144 8810.013840246793 -7867.271797456629 7254.332399269191 -2909.704426757471 2193.3554064004657 2726.781044657071 8420.84723747729 5619.005048227989 -7262.791118822678
6913.971495208207 9962.381400345894 -4270.313023675172 -3602.344939064981 -3486.9851948341666 -4024.8556379773117 8414.510107586866 4529.78908525971 3579.9587912032166 4304.069221767919 6961.792179846663 -7055.916962176248 289.8016160713905 8673.294294232885 -1837.4399883139577
5152.918172318119 -8092.524339397089 3611.217410242749 -7765.444931772569 6329.511621721156 1387.67390949097 6038.631624330326 3446.542496601596 7143.209494474693 -730.0340536976983 -2723.2370121880404 156.66041557113567 -5105.958256027121 9059.690288737671 -5946.087420627042
3681.9037839725534 -8141.137492005064 1934.559965327615 -7997.007553382445 2336.8852606651217 -5955.0963949088455 1819.487445853625 -9512.017570292002 5305.640095008217 8442.303591420688 6481.013034778422 4298.091063232312 8883.703153731512 8264.592630313527 -7990.251833914836
-7537.463153671087 -9869.835185353917 3445.4116764102964 5392.592678167623 5034.653910256307 9320.812124940276 121.1747279275769 -4386.584039087804 4768.228184058555 4588.229246841653 -4219.968757885086 7107.837614849996 4526.850820825126 4837.5750324709115 6178.606901463665
3039.2266423529145 3381.852476044889 -4212.936090813635 8510.22288263763 -8090.06766937103 4649.083559913643 -8543.798137596223 -7046.831106086731 -1955.8163555883093 -2762.5770516915372 2963.0746443027765 8117.820268884116 -7270.888814638712 9915.250203942727 9601.374890653373
-1107.7720339178213 -7430.113758441785 9668.299161688334 -6019.905367479712 -4311.321613023864 -3176.579544224529 -3523.4890190717615 -223.69147434785737 7072.16404856673 6194.790055014033 3612.64632442947 -8939.803326762054 1995.4879838933757 -5676.628181249388 2606.5747789960533
9898.925342539354 4523.745421425063 7513.634162071274 -4049.4627504234404 -1105.2198388808847 9459.46934256288 -7958.505830088392 4491.246299372106 5041.0539058744 8280.064608074743 8919.446269553231 -5479.919798746316 -6132.120153482665 4369.565608189674 572.8484246187727
1154.6890784244952 -3301.3784066715643 4624.339807216811 -324.44476209386266 -1704.4117271758823 -5301.266274133096 7333.681279834251 9725.060826676126 -7026.7495113042405 4190.466918204147 -8399.002310553928 4900.728649034363 -1831.5298515282193 9350.339524364583 -7970.564659266237
-126.36152106029112 5399.759919893062 5952.0986015349135 1532.6238071987937 -2671.25427805261 -5723.0065433010395 -3270.9366522547725 7434.18447441571 6589.8052450771465 -3845.8484444582864 1881.9198897300575 -9110.574910436333 3782.641658536744 3221.1969703360137 5430.251510773674
2027.6099391934313 8619.485740420318 -7264.0330579405045 -7983.878502186164 -4670.904407279175 -2599.6965550791874 5765.54762998673 2799.6904976081787 2535.2940919573066 -4856.094105691653 -139.53509739132642 3178.8597694776636 1324.8362270653452 -430.19471578098637 378.2859750272346
-4251.049979023452 -5996.72293771697 9293.278888197972 -9722.394157053624 9026.866111548927 6887.523217462498 -9156.046603737695 2568.9424586962214 6964.768218744786 -4822.89162402654 -4826.5152523811075 4148.459828858997 -65.76307847025055 -180.5599491445755 972.4140515627241
9318.185666928977 -8825.333161026403 9422.030449232167 -9187.286303430394 5475.381592779857 4596.169143858244 5613.669574978774 2900.830082531429 -2424.2277104949862 8957.94152705478 -1717.6523174118174 -6743.280028748628 -8042.768662890416 -1863.771019253937 -5995.460667877667
-9821.109148027606 -4873.354713805232 -4371.683081583197 -5364.555439302554 -4532.45558427889 561.7910993689566 779.0057300710323 -6671.028648631538 -9531.288839265419 382.0731802641567 3492.0888728643495 -2771.888518249255 -4115.5435693672 -4177.466841072195 6981.574444649654
-6220.584264708437 1506.8208963588677 -5492.557301358787 9462.24293967335 2819.541322547808 -4845.5000325672445 1684.6526044720595 5387.3038772862365 -9580.676506981652 -6293.061146979056 -2748.122549141276 -5845.370646171653 9236.829839323542 2715.020984763878 4865.232808935138
-5914.256593425464 -9025.93213751801 8103.974494565558 -1678.0334006100802 6381.034844180742 -3658.897755065609 -8373.190273302771 2041.1241080283362 7506.5388700824005 6470.542794718269 -9293.704232461683 -847.5717683461426 -4566.9617669134595 8696.739123157782 -3593.8151952398002
9534.533236359759 5510.721801895765 -819.0637679051306 -3932.987661482194 8308.889302935644 -1068.4181945591372 484.02927143927263 5301.431443509013 -3700.1717023865367 6748.793409691298 -1853.644669304098 5408.457704554239 8662.951055043617 -7528.677810651936 9491.579024601859
-6817.757380727867 -2769.4146089954193 4721.187637619654 9057.211789564124 3669.2876554173145 -2220.9634924206266 2879.300711908574 6185.252261052423 -6486.077238848671 -4591.838311912497 -5829.188272902208 2906.8712467699315 5322.178776267259 9174.880506378919 -4823.899646639756
-629.589936220922 8466.541923029981 3258.3183871702313 5847.900856965354 4440.796071968687 8331.397883515521 6226.380176089637 -3176.722086183905 52.79981025342022 2352.2961119098836 1109.5504359598672 5463.764266699047 7226.639363127757 -2567.5725944626256 1718.1983416940002
185.81151218620835 8794.279762641432 -8783.532481497443 -9696.944496828288 2132.0979437336773 -8080.539470457624 -5063.675110715762 5564.660902967589 3027.0614589550096 -368.05553266252355 -181.3468943437838 -4861.193534279258 8178.965305464677 6935.912872112876 -9377.434268127052
1575.71875818646 -1187.7036429079963 2683.7295399261566 4674.965446217346 4388.965482683432 -3510.5505317469588 -8539.003230275042 7093.9863410934595 811.3830532488428 -7503.331657897345 -3840.1508847216583 -372.91902541945456 2615.429946266062 -1951.0249068195253 -381.9697451510292
-8621.458374128555 -8807.706344870112 -8046.698941825678 4435.979661946974 -3095.8267220813786 4558.593016997842 -8040.664435268279 4633.28733516343 787.2577452710375 6608.334877384234 -5142.465238150713 4796.8982839561395 7554.482033782955 9671.685506730802 -1036.0061660972988
-6921.039507792008 -2395.399020331539 -1948.2467828418003 7776.118504924969 8328.49240188066 8636.36032097632 -1956.318504847587 -7706.090950107078 877.7209752628169 -3424.138997058699 -1125.4433083305867 -6486.012112770166 -9652.47541481549 3292.2119840611012 -3795.8782308851632
-3395.9039422309397 7420.25579145431 3556.1449886561186 6575.18534860478 -6020.384167179633 -3528.0039878288535 51.961252766683174 -8729.492004000858 -9433.349516085711 -5106.6847236019175 -7288.0084041614655 8490.72823550474 -6896.6399770732205 1323.7186857844245 -5435.423013068197
2101.624971031868 6990.123644789175 4060.0939329512094 3818.456166328917 4438.762856661846 -3219.7065574831977 -8068.952467069952 -3883.498651026982 3006.356485213246 -9456.210621263854 2537.9962297409093 8975.064083620382 -8953.226789587787 3241.93628579691 -2629.406329264214
8284.783035834043 -762.9207052461261 -6263.0546598934325 7379.065911243917 2701.568539727479 -4820.981733506349 4990.92661030019 3977.274453033504 -787.108027851591 1482.725021547316 -8046.997242486109 -5994.0391508314515 -1330.2319946552634 -8318.545070602646 -2810.0995550519374
-4590.964168064244 1586.1368977554666 -3233.8534835684186 7912.885218137719 9287.481022257627 -4434.962814998576 4719.817192406508 -3908.6141092975904 -6924.626412497375 4967.484234458401 8097.219088891485 -3270.438867126668 -6204.818153889406 -5588.543190189421 -2733.3749936403783
-4672.173997120246 4860.601650396786 -7634.539863003371 -4139.76845722454 8365.825553708775 459.8715502655741 6773.318351364025 -2164.3923190023706 1208.7436623959275 9306.21042148564 -8233.189809172567 -706.810896303863 3465.071325011966 -9180.600829316687 -3406.714772236921
-2990.324708993202 1788.0380723202688 3529.7506569638317 123.43620070136058 -9780.463728123948 -9237.143351650508 7271.487196014696 -1976.5103392097362 -8045.541301537096 9534.78163725782 7801.935488977524 3905.441617027627 -285.4257122938816 6210.800503849196 -2037.4076080401555
4966.092742334637 1220.823798280131 4047.243145472672 -7092.7617385523645 1641.5641120056225 4030.2868892525967 -5959.359438769829 2554.2467061276493 -1239.107193611184 -9141.67352910995 9610.169982401392 5277.954018194094 1701.0188370988562 -8857.691503547025 -8128.055181570601
7160.812871351838 527.5352601691102 -8477.334759397589 1295.188890117346 7510.008893314589 6377.557204981778 -7814.222875914405 1651.017903846443 -8798.060411980736 -6124.8000320491465 2735.59247851888 -1261.488871356376 -5709.096145985868 9013.158675749535 277.60947230078636
-6644.803674696381 -1727.1977333376362 6863.856123098496 -6943.620943439923 1695.2730800277168 -6622.280959583584 -4379.766307596955 688.7822007752093 -2817.1067880781056 -9007.032050076617 -2774.8828559474805 8891.697980928468 7547.803577201696 5462.365464823768 -2830.0389807247248
8380.016337255554 -414.94174237621155 -4477.6728051074115 -690.1019717470881 5672.926837136876 6062.92510970146 7714.872539166598 1356.585561581358 9017.933818627498 6979.994976241032 -8371.20552317957 -36.44239059391657 -5305.895865971904 -4524.102143735585 6254.655898583995
1 938
-6438.377231146615 -8667.230566113234 8050.675358031178 -646.8918202982168 3252.8528172211427 1458.6822260041827 6825.294808312861 -1151.1081157320205 -5488.125139327789 -7708.754828698668 4976.152617685102 -9578.89501092431 337.8590632519954 -2284.1317198781417 -4579.742209428352 2321.010531767073 -5716.693021441323 -4867.023028962995 -1279.1527272871426 -8743.08419184031 8383.378420081386 -4703.938607308797 -2725.7088488123845 4385.831479698101 9310.677815850424 -3530.4988035697725 -4912.984964267559 -8170.409072884601 7986.775666728699 -821.0031461148301 7122.977264281541 -3513.97549834247 8838.931472230255 -5755.204477813076 302.3639597551701 242.77302534209593 9179.367656089478 -7557.21411658161 -7761.089101474612 -7345.491813583809 2814.235422148162 4207.270035581943 -7475.416940741333 1722.6628214273405 -2478.167347857947 5367.356016853071 -1784.8820555738494 -4403.663152464356 4268.416331911518 9851.124410542347 -7086.554759829245 -3703.1479514404127 -5871.625474346247 -1149.6597582737704 4805.799138747834 -6448.114041966184 -577.563202142981 -6491.205642814941 -620.0504037969895 8688.591790163428 -5877.233078595612 -8335.714863102168 3838.216402761278 -7128.332944364831 -813.4778992002193 5806.275820633873 1514.046695334786 1585.5911885960177 -2679.2580146491773 -731.546296274375 -3487.6161713161146 1001.8539119523648 -1188.0380047661984 3553.3623277488387 2750.293186698409 -8125.802718017328 9201.269027988572 6517.047756076059 -1802.386069375687 296.0989600042958 5258.568139695408 -6067.106908880733 -5736.248299054203 2355.151820147881 -5215.014934889222 1920.60446468195 3556.8402760571735 -7910.7090400601 -8603.944967062827 5069.691093693724 -4702.843614151184 -6466.057578798441 1641.035795060896 9251.842525645829 5771.143349066184 7922.281932577294 -9122.092443883757 -849.6343814082866 -3375.2182342661754 -6776.621041211572 -6414.060580274366 -8496.294558738797 -3181.378520625133 -5422.0274825605475 -6322.88261317762 -9311.55877364614 -316.9398581598325 6509.643954316958 -1141.0008420028298 -4547.632764430389 -8093.160444013427 -1832.4067862669672 6023.681354708164 -4194.897281920378 2675.9792610086133 -6950.451619135238 7119.354054082014 6401.3012992410695 -8333.341471920685 -6595.779388497145 -9956.963382196393 6447.840709790002 2414.5441565049296 8112.715815203257 6339.223847708219 -9643.534395382505 -8795.496469077623 9850.356877446484 1261.0737648828945 1882.1790801866991 8660.832775569852 -1970.3443739435706 3234.4505307296204 -943.1135716814169 640.4590416112987 1796.2703425766977 7222.938995778994 -5456.895868708159 -298.6948807586432 9047.044637648876 -4189.086885307575 -8234.699907043792 -3328.286228604982 -1564.6043482391797 4452.691425809711 298.8961909826339 5847.764314078662 -7637.362878120137 529.8347187993477 4321.4736819833 6860.114846597808 7892.385473039609 539.9112234939967 9454.011957112554 -2227.785228981649 3767.0879967847122 -7809.870712610658 250.6536432726607 -1728.0712544190774 3341.0297286681343 -262.0782775251155 3711.791471548626 -3239.2471640123085 8977.78783497588 76.34784630976355 3983.6192807528223 2195.691148039392 -655.9724730829948 1134.751650080918 6417.7436201103155 -3364.7841983766184 4000.5393178148825 7239.4674154985805 -7311.420277284262 -8816.30057514695 -6937.935042110863 7340.0601493336435 5796.080988301635 9173.74583007484 1848.1531668576445 3616.080660745354 -8486.985521887007 1168.4710586863312 654.9123145899357 7368.6955768411135 9285.224752046252 -3601.7145459966305 3985.0666495737114 519.4068449985134 3111.028880152362 3843.3636977393726 2407.5210307513225 -9716.86409154801 -3502.174362677033 5512.791638562285 -6219.822405001463 -5790.8142005738155 5006.054728317717 7724.623776336222 2573.372127169094 9883.453087745525 2575.5102032435043 9733.318297630289 -8046.84524825048 -8350.042591814734 5023.338570596497 -2954.2685460860093 -386.53589849071795 -1563.5249158182778 9313.282224568688 8911.073594177975 -7817.00127511763 1023.3435500903106 -8269.795753369935 7405.628691655154 903.2782930436551 4642.979158159706 5958.797980366593 2857.681927596199 -6773.1586866987345 7719.5920408180755 -4412.406207503099 3553.7537796830493 2726.1234168157043 6705.086554859296 -1734.2150232259446 -1376.66838206809 -6467.126718422667 -3467.4823028232886 8284.883756944262 3169.47524798837 -3504.041507641029 7318.574240837992 4281.986651684236 5942.702942471948 1221.4326655429468 3954.523148705377 9254.23366770053 -347.79685891943336 4460.767794154628 7726.918183127833 -8758.501408925667 -5900.893616475293 5933.303630038607 6257.323216404391 1554.4012263155819 651.0715495651493 -4656.273703996474 4391.647140001325 -5364.270160092013 6038.387986987009 1177.9174691909448 619.4315895031432 -9045.74526400627 7141.639956773728 5390.229563343872 4792.739976925543 -8653.747418206069 6717.555354894419 1384.8607422835084 8911.229046788474 3005.881505864687 -4392.42596481475 273.7989818976621 -8905.572642110197 -8954.540088591075 8563.40295359695 -2209.11053087431 -5459.161373978978 -9291.155447714955 -17.077678755635134 -2022.9346984044723 3970.6520735249724 2343.2794618794414 8054.782787635391 -6609.977252924508 5040.077671638161 -5900.514432832111 -9537.68400006838 2406.205014019117 5748.803931751494 -768.0640612007592 -250.07118319788606 3312.2974634823695 1379.3509950736552 -3672.866730021915 -3929.606673659927 -915.1557261062408 -8698.113797765085 3005.6719727881355 8438.272557841752 -3832.302889272758 9399.768656151446 8339.100843408232 36.952428353914 -1713.237602934225 -9529.641314026312 9004.239323201145 -9114.495705231599 -1282.8103552150405 -6129.634740355141 8259.996190154092 -8133.732449278641 8003.335318864061 -3536.153351619313 3580.3749288342333 8721.953379921244 4739.649548045443 2991.9000404495728 -3664.9621914219524 -1266.3607258871834 -7046.885916116846 4373.2625505910655 3695.9522729901237 -9619.39641162946 -9199.765832139345 5928.089538855469 -1591.462625209555 917.1804839969045 8379.870433002507 -6326.188916047157 639.8255405647706 3765.949030572763 144.70217386830882 9911.511811200511 3752.0352988389313 1991.9002448197534 7734.659673422626 -6209.5047955915115 -1910.0169388261093 1625.5811394949196 -6356.730450570944 -9655.670414460197 -1247.644878023104 1420.3395771914202 3423.2159333757754 6542.270700914934 -4733.570480024751 4377.304205265065 1086.1097688196296 -8687.788739555252 -2368.2924962179386 9372.389236707884 8034.783960814588 -8308.166275369189 136.32556211501833 -2242.2115167801658 -6110.355866702601 -8912.245410831938 2390.708798906271 215.60524336468188 4187.208670052078 -8245.674303436497 -9552.606105656365 -4680.67159820942 1006.2653916401923 -1489.444376219466 586.1424741004757 4248.248039331067 -4010.230601264073 -7302.1353468062935 2219.559641050706 -248.17382960548275 -8083.83420072371 3276.5804729569354 5272.338665367039 8478.713027792077 -9161.354323712745 1.3666368448775756 -9338.73859069055 6238.471921328268 4453.730345831824 1783.4846196954095 2276.0813327443575 -8411.638140937801 -5932.660013183542 9685.520087417608 5025.913939365631 8830.081596320946 5686.495302914169 -2931.8431341658434 -8389.633823337821 3247.631697693625 -8300.427306705747 9033.516605623732 5499.213169342302 -4350.694084808672 -871.3043305085284 -7361.040484646799 8727.688245217894 3963.085920446554 7640.7910301434895 -9250.280101622073 -4731.103292438941 6465.50130184495 7839.278447121091 -6619.709697818746 -1183.0413907312159 -9961.703785065904 -7957.4736801266745 9336.819164103566 2106.145757950115 -5818.861327211715 3582.321028904007 3664.2546576283457 3078.1857916419194 8301.981110900448 286.04938267249054 3460.437767291329 -5326.324787976102 5654.290076438929 -5146.233776388285 9853.292911042103 8922.234374345659 -1411.0863310807072 4714.087848196705 -1365.6814937904783 7315.321371319431 -4288.165378282541 1054.1390054373733 -8899.370270774296 8791.8255197656 -1622.6302654532155 3636.277025848294 1665.7690936736253 -9300.143700630042 -8251.142647975785 -6183.776905234259 -5173.933026754118 -4978.828356131644 -4964.6293973409365 -9343.771073408094 -2200.097838485779 -3378.9227301076116 9586.709360599485 4265.565719203365 7161.083180300968 -3605.4224268540192 -4251.660959214716 -5062.4454164555455 -3051.8529356637837 952.3315935660339 -390.69911745711397 -7938.524313525206 -2866.656557356968 8324.99880649197 -2603.6536021952415 5476.316846621852 3110.998339215943 -4897.317763217404 -4318.25407406621 7319.368650643246 -6002.003862398715 3425.6264251800476 5125.7351701607 8965.959696441172 2111.1910742546006 1400.7542765758135 8090.710962614117 8030.860415534709 -1640.4231148394756 7494.3325461259155 -409.34275640787746 -5496.149854987653 -4533.2533608980775 3692.704849971782 -4010.3476868033376 3589.7143336481004 -6154.862266309268 -583.811176807325 -1463.3900502955858 2353.3049253927184 -9847.587094422446 5292.951710666641 -257.954227281165 1028.2926316030916 8640.216322668904 2829.270734969101 -558.8668278471323 -159.9301889639355 1534.444395548986 -2294.136135053551 9059.732568005616 2084.5199088282443 9963.766964172406 -4803.892146691271 -9778.349054834029 7716.737616115421 -5698.5188534280605 1685.8910828927364 -4891.908707126691 -3702.2849835383886 -7071.903752902539 4834.414230692566 -6930.808948256832 -297.61961045993667 3486.928037425334 2280.7459913542334 393.1002508104157 6686.031197643708 262.26765711584267 -2013.1377863256157 -1994.6314341441011 -4628.8311165350415 -1971.9908100089697 5588.69282148885 2828.2242199122757 338.61962942388345 6622.465179609393 -5220.4327192141745 9182.968883637714 -319.218236917628 1702.9953154075702 -6982.4530118172515 -4021.9030498467264 -4724.324012485841 8547.687128305392 2180.1202439613535 1339.2162471477495 2071.0379480361808 -8592.95501679679 -3636.1985155488856 2647.808329227497 -4986.776354671701 8972.779648474192 -5942.94564385137 2063.7604337168596 -765.4065504937716 -3162.040553551162 -7295.845149171644 -9176.48420623237 187.231139520718 -8339.668229694515 -6038.744800754179 -1984.2449497729795 4342.406512939477 -8909.637378044321 -7283.863690386843 8554.120632447066 8971.203613173242 -2353.155349846589 8306.80884539126 5833.136061952653 -2518.824776619217 -3431.714310987837 3058.2588207802382 -3801.518720463011 204.88839209686193 9768.365853652242 -3471.7991266340987 2742.3953380362163 -9992.809905668793 3415.2254375630964 5915.3381936210535 986.8179120536242 -7794.070409521668 -1933.8146229089843 -5887.082988497065 5571.908391612324 7278.308250504659 7006.1879190873515 5035.688330619703 6894.646472180611 -7968.232649065365 -7820.29032242247 -499.93437964495934 -8100.6799345162635 5635.991362199231 -6999.810262109633 8407.972530852076 914.6050627860932 -3055.133036367414 6435.326423896211 9547.413770575833 1164.372730173356 -425.5927373124414 -1410.0182439327855 -4426.582908283718 3811.1771335354642 -3465.0261442947276 5791.38382070387 -2246.487386789413 -3107.9724267183865 7940.738988314901 -2717.565135607345 -4043.7468622926517 9088.624697409832 9183.726130007948 -1198.5364781912704 -4411.191890396102 -276.32436669730305 1489.8626352863212 5170.0984515417385 1319.6398305655493 -3735.249280206316 5901.567566196312 -7254.170658154266 2060.2881620490916 4954.825484049175 -6383.434776924018 1255.9429842730733 8324.852313323921 -6464.25698993331 1149.5355173696244 2166.42981800248 -6054.45757362955 -9733.257087151487 -1036.5548252833578 -4847.008447563332 8731.630367774487 1129.9365163174916 -6644.264087398699 -4111.309922256101 874.6527251343159 -9363.925173828186 -3756.5577202920285 -7500.20417343736 2978.5507151187976 -5670.956796686261 -9683.019782688782 -483.2540906049635 5614.204725558084 -4515.386119844636 -6563.598282547049 1617.2394915027962 -2195.087450274582 876.7082757149528 -869.1612484381458 4772.966298617293 -9268.382450419807 -1211.5035220102764 -5382.129313734794 -6504.1993220327095 3397.8594173552665 -6631.8189252346165 -2557.9511568642174 5545.003853943472 7709.777049695251 695.0091683288101 -5439.4500420319655 -8856.744226824769 -4333.500920994707 2914.425309073229 -4724.791234459966 -7702.411334782497 8860.363239448237 -2260.479461044538 2200.585509421664 9528.733482618274 -7533.899655558709 5437.1186592945705 5208.048401866434 9021.565432752115 9498.880822955987 1257.8714620102473 -6128.5112583124655 4342.890444386196 -774.2976114681351 2092.467678014884 8928.750237893353 9435.79567185391 -8649.286249746809 -778.1841619201605 8867.362302680598 -6197.395927426171 -5552.974685912226 9239.481045475888 9073.91480710444 2786.243914165256 2651.435579020299 2365.3908530882036 2428.9004581874924 -6245.146669278214 8286.396759389809 3420.375750583011 -681.6001310816391 -1270.1952261894057 -9923.688764961236 4884.787417565374 3499.928674146955 5532.8036517275195 -9517.22534531392 -761.8167501283715 -7215.697613453673 -2449.120426940978 -4620.335484300064 -7119.673839022813 -4606.200170903656 -2435.1194730294683 5154.595843570976 888.8046830050298 9179.375996613366 8628.302821763584 3253.0956468776913 8958.706744427705 -2617.2084225988556 -179.42451575302766 -393.97615086813676 3818.7601832609216 9460.585847588321 -1143.1522823235791 7288.17003479684 7071.991557274487 1487.3073384709442 -3161.1597368449766 4982.4565077689695 -790.9448031931825 -1194.9513759429483 -4064.2347720791868 -5118.254130466655 5261.030076135634 -4262.976631115387 5430.440815700391 -425.0391044521966 2762.954735487552 -8406.126668299421 6942.075739687556 -4616.461981209086 7273.10329911501 -9466.361504777005 985.9622352610058 189.83056296592622 -2585.5659417739525 -1200.31524371852 -6361.561303553615 2144.394638449852 -5263.771772195667 6302.3938973269815 6421.080545754947 4369.51763362059 3171.0705751425758 7199.251519193647 -5926.3624931115855 4828.064678762767 248.4793509424053 -4115.829031173692 -2395.4353747237155 -1726.650269297499 -6475.127570861634 -3687.3644367380766 -6084.557942976189 -7927.319415745142 -5658.579304266896 -2915.2898520929484 9572.473777513136 -4793.0878522810235 9656.386550888448 -9733.085860764266 9484.946833569971 6132.715853238446 -3906.0214516991846 1967.4966479480136 -2744.8244915664573 -7225.558139824772 9192.958303389973 8121.485297984887 4365.434221656031 7799.911321397907 5749.597022398086 9829.929170026455 9469.646214776836 4655.7395913749715 4203.995950155828 3598.6676355943437 -1033.775862298602 -4655.564484565184 8593.709993522389 -7043.741119392485 -9704.285292438022 4631.561332240564 6297.692048319357 -684.763240980179 -152.58359160711007 8803.576866317711 -8919.70613898041 -1896.65781454865 4740.922819520405 -8474.617114444489 7115.658499838239 -4164.876861911042 -4470.8807974904375 4409.591170820777 -2151.9917008922284 -1270.2133517354669 7005.657031385155 4740.639913922792 -3296.059406756486 657.8446050243128 9143.553807626358 8440.193701307118 2010.5542586481897 5554.313442108092 8482.839529193603 -7890.413633122964 5283.484333427772 7069.905605437369 -3971.331783697241 4135.622601285191 4559.1356015823785 -6746.8698321292495 9413.091840663772 4743.612915519841 535.9741997097299 3568.2682221222276 311.48369272563286 1742.1986331368535 6977.690116010992 571.827895100545 2029.2507124388594 9311.155071292575 -7869.302435800964 -313.90550303698 -4719.337097563259 -7183.444017850406 8325.963862696182 -9791.155789230315 -5788.612355748077 8308.083207016196 -1640.8103978274885 126.36885940680258 4497.087074793577 2737.335539396643 5719.309691936689 -406.03259173365586 7505.0851989391085 -6070.064698419211 -7084.5726237963545 -5097.221818660333 6707.976177910139 6223.244812454637 2997.527177342181 4502.523601070545 -8903.57977175981 -9446.205240926549 5173.825448904043 -553.3519446133287 1266.4787723621066 1249.5085415697922 8249.825163206118 -8779.975415332749 -916.4908901663675 -3132.691346060934 -868.3860855469084 4313.519786101753 895.776873801804 -4541.600325787651 -9060.207488763688 1880.0522641323496 -9281.128402333987 3859.982475048053 -3343.3288832791995 -94.89047574135657 4863.804029273846 8594.564435865352 6327.360551887006 -3889.304555108637 -1520.505881024541 -5526.922509489463 -3182.960577561649 -4973.747932423144 -2286.9454252345076 2412.169078409046 -8108.27723235672 -8910.501175404917 -1093.6642986435781 -673.6764218260178 8014.887768309836 9484.773203136123 9721.254937804868 -6486.645605565726 -9694.195759247265 3181.3000814566367 8092.11729772123 -872.2208066545554 9795.687583362862 7467.468114355321 1526.4647987256067 376.81270528819914 3495.7161822050293 6594.769646943292 -1809.3519813114335 8457.131053647925 4429.129725731742 4045.0381089347393 7235.26210985209 -5112.744659747775 -7479.322612068134 -5231.8513130681895 -6329.429011075874 3625.205571637349 1318.065800630613 6855.059497054055 -6097.501155831511 4235.369641722804 -5271.670078599897 1916.7088687577034 -8065.257388396485 -3829.7273930956635 2178.509111841986 -5953.08077358798 -2034.167641656346 -7909.481868394514 -1281.7742342196198 9989.559632939556 -1584.3738101867202 5778.435330856089 2923.394993890777 -8243.886508960342 6950.510596225602 -3972.2653782774305 377.40372903642674 -2612.158386699195 -3414.7125960558888 109.7300935330095 -7487.134394960216 -7148.345279362196 2241.64317219865 -4438.470220780777 -9861.568328030056 188.34335994807589 5385.643163887316 6644.777485685219 6885.759168197877 9834.736084486154 4708.902512611967 -3087.262857005877 -3448.560940727132 -6009.631000996762 -9712.799823834317 -9683.765091990566 5705.867009173484 5290.786912735337 -4177.469161731821 -1048.4626914484725 -304.62193642169404 -627.6507132676888 2526.569352824976 9506.465813937753
