20 25
9838.837539982553 11.711466621662112 -6246.912863126407 8266.174119903939 3847.7568561184507 1100.8890446604782 3414.6045123623735 3873.837778846322 5675.342369515913 -6611.122663752291 5914.243576560459 5943.039418215943 5527.744440537481 -5916.120900383404 8817.763446600053 2319.2048698823055 -8968.20339850286 -9453.176864781894 7778.947119137723 -2263.6340454355586 4578.285766479003 -9408.57119953976 6998.110180141637 -5609.381679058895 -5260.255882992074
-8666.57944941388 4746.100695583018 -4230.113849548338 8661.361813315514 1453.2648903788959 8478.88446256943 4258.631748684429 -5872.88651452021 7551.553588630599 -42.074199126991516 4202.939450286132 9239.250499978385 7668.047345059811 -8507.975365705544 -4200.219794040152 5041.164827254359 -7979.294986974805 -6276.874572535387 2890.0547201232694 -8722.242702360974 2277.1658751208215 5896.846366730444 -8485.406227184478 -3266.9811546531764 -6539.009492921246
-7877.552552337522 5758.165134628547 1328.0880679765014 7382.962496852808 9595.942936197298 3879.3819861563934 9630.007488170893 -8299.093897951008 1455.1457539327293 -10.845940866280216 -6126.434754665075 5266.439875886761 5074.336938433504 -6358.3709678825235 -7253.532548701491 -8201.162217648653 -7334.440824651802 -3678.9534415350645 7322.580538015751 -9071.867888326797 -6848.983513827488 -1397.4042517032558 -7356.120285532142 6869.241346797935 -7429.369876640788
-2915.229432111246 8569.86637530179 -8713.006982368683 6047.507826065437 3921.9791598322954 549.1274398205205 6060.705823030252 -4555.909533140328 -4487.188505984163 2146.1893743647524 -2240.8318260023143 659.7933367228106 -5251.642076547351 -6224.317868367156 -1916.1299290654797 8230.52930380065 -1203.2127294322654 -3390.938672128723 2426.170704750557 4530.293055758773 5975.294990638495 1397.0690468856992 1754.9496745037777 1034.1527684646571 -7215.518358857844
-2584.5230764228 -497.4622025690678 -4307.584208108581 -9163.988747618409 -2667.149062481495 2591.7604363475693 761.1105800620189 -1678.6057698283257 7095.702411800634 -8342.874126481858 3492.415088152269 9859.868922307662 -1601.399383550539 7104.005353558645 -5430.325973356391 -7068.113129359242 -9985.062568010766 -9376.703247174193 2182.024252286121 -7240.634027968947 -1276.3362834266463 -2225.970301198894 7104.831440984559 4143.680392834414 3314.715231087457
7607.888214826355 3522.9390275656133 -3844.9093270928606 -2064.4436239153238 -1732.5919556974623 -8010.318216500643 8002.444025012086 2272.061076572325 5957.63873266868 4150.3542993424 2352.335092147063 -3105.2137446089637 5672.405912238215 -9829.61018893162 7402.27962863123 -8849.471797024988 726.522464673566 -5187.23115613573 8780.025029445987 -7352.087347107506 4350.398587047595 4508.603850092863 -3821.013617365743 -9936.104775553355 4971.311718969786
1661.415444729353 -2742.529971249168 -2967.7450226826504 -6561.876926291272 7263.276947518774 -8851.900618116255 -9392.41980100696 -142.86768321463205 8.044809153250753 -7233.055466163234 2154.0936490265976 1346.6200883926267 7740.410157026916 9736.771063665292 751.8958190183548 9905.551079420464 -3333.806595276934 2730.6945977460837 -6629.3529282995605 8690.122458415502 -4374.48162538109 4002.734980412153 2985.5143299608735 -1744.8369916695465 -924.7654616402342
-4335.471074475617 -6959.797274649848 -5504.494727338627 -7143.5659765035725 3763.779380576978 -5769.459527431615 558.1334124020796 -8828.137197935755 9296.890932444669 9624.338288911393 1341.6121153624117 5479.4216233109 6161.009251493206 -2467.295603731168 9246.02787905675 -2546.7764230134508 6869.10549327769 7006.205785718812 -3341.194572203807 -9097.829016441938 -7719.954103794562 2047.7808929344246 6963.921508530377 -6660.525909896995 -5423.840414304744
8116.0765327228 -1367.7563112362186 -5885.685126316295 4403.690840995303 5694.8383806739275 -7306.630041978908 448.35921815045003 -9690.635730057731 -6927.577204600957 8712.35743514336 -4008.0633040582916 7950.243981445867 5909.685580574527 -6676.583846404979 5398.671115703477 6205.777521271057 1424.9791468813019 7890.639091997658 -3397.5900313847787 4072.040511545767 -111.91776079683405 2497.2004559464986 8099.686515269033 -7213.4060468313255 -9073.777535487448
52.35947371404836 6745.5153561576335 9000.30778095287 -6242.870197866184 2548.3551511773912 1924.0858298922867 -8749.123102800193 635.0449867881762 -1263.3712927536635 -4678.052140505886 4511.175460308954 -971.1278177673939 177.68659530469813 -6487.876472047711 5022.160437900524 7539.336680826087 9690.77853685405 1883.6703056331098 8354.086492867576 8694.182964387091 8347.718005534309 9964.29081031667 3825.6230229538596 -200.82558077876456 -5078.09742271224
6103.742518397279 4800.607008733716 -4627.94241558331 -191.5461491599981 9497.322506464992 -6903.938869977593 -8422.884588304038 967.9491019468278 5420.43128343209 -6836.450995271106 7422.621548278039 3102.6587408002415 6261.484782231302 970.7467365440916 5059.621561912096 8696.235967531535 9882.397079884566 -1767.9332545712277 8153.326155208313 4584.8936571743 7925.591139504919 1166.1930557704945 -9180.592123884902 2983.5829662803244 -8926.795912368689
369.0381148534889 6058.756946920423 4455.761364834812 1581.71202029684 4920.765427070852 -2119.5490346000543 -3480.267201122302 4400.69087766265 3909.4507614840186 9108.783931122434 2793.81966925861 4832.56815308188 3350.7761074832524 -2901.6101054577884 -1959.632123305746 2179.861472087412 4549.468350310413 -2496.063478248915 -7301.779248688757 6050.632375137069 1181.3564688845127 -131.84390471367806 7272.242445254888 -3204.894050026306 -3605.772412136823
-9773.205805396952 -3253.2088097248834 -4567.1100090049285 9707.121275192105 -4948.562688723484 -7947.484593901706 -9104.850451102255 -7789.195639472575 2899.755215975918 6916.720737717336 3762.7389450953924 2479.3540831594746 -7389.440850756344 6018.002435322125 -4948.32956745977 7843.034844600417 5275.040984008581 5255.637717936896 -7934.358569956503 -3579.7991899799954 -64.43513594193973 7995.476812084031 -5562.584578340179 9095.157321277253 -1342.9541830646249
3735.0707398395007 -6416.389533873199 -12.301583017790108 -2500.1465966836304 -3243.673488032173 -1233.9163860512526 6763.412231635146 6974.5145900036405 4341.8348913042555 2325.8911466422687 -9433.842578274474 2520.965381341688 -6255.896191221193 8129.700272778537 -6533.579579090794 -3580.936897549731 -6281.168993229023 -7764.615702415281 -6588.16237766618 3935.954347617744 -2429.3033249906657 -6711.288145470462 9498.860166660506 -5782.725412474141 -5096.672439764525
900.8904993464166 1894.3480144123496 2982.6247985531027 7567.843284434683 2521.610161687493 1393.2196356354234 1924.3817117297149 -9402.199692890144 -1413.632999865029 3794.843886815497 -8107.313309187006 -2869.2326287048654 -48.29230596537309 -1015.1197530122299 -4421.04353673908 -5453.251954383607 -93.13485178181509 33.062923481667895 -435.4960436647161 -4317.682033775188 454.01398083377535 -5983.9324715560015 -9612.064517644727 -8203.083959800337 9044.376555460734
-5521.310921845315 6327.1656169166545 -6656.951881543 -692.8213343522712 7861.636804400401 3357.6555951644077 -7846.453825976802 2681.211891433164 -8033.658181513119 -4864.8453329651575 8018.302888196096 8305.70925715398 -5418.821321266129 -7256.38887643222 -6201.503265973097 -7203.69157441992 9938.973984099932 9077.671184280098 4044.4731943908737 -4192.701846470921 3231.1973685714074 -6305.2453488577175 218.9591578559739 6828.318830333312 6408.351407058595
9261.585129871837 8156.398778148534 877.2727785320749 9923.377649699443 1255.0362670192735 -2267.874231290066 7649.035863219298 -2469.469573582932 4106.128085063054 6430.8286715803915 6445.094246131903 -282.247959237382 -5849.594070922728 -829.7960634843766 -6297.556792729301 8316.265325385284 -3588.092791062376 -2293.5286189840617 4631.327451222327 -4415.364778228024 -2590.1296030640533 -1544.9049686632716 4738.33091802136 7651.297784939648 9167.897341574462
4697.288373776404 -1162.7955183532831 7162.847434683055 -7206.82469055167 6637.373357653756 -6397.770718423933 8252.808763267392 -1234.7068657837171 -2791.3960738093047 -7848.21696855583 -6765.699196081358 6125.369192574208 7714.908393330552 4765.652321141655 4859.614871425883 1823.310511097603 -4528.987837269587 8611.329535807334 4236.69900648208 -55.243202567657136 -3255.1812688714544 -8704.161082224107 -8136.971117849632 7664.003915132624 1854.5102395882532
1628.5841269991633 -922.9541948832684 -3559.231584449263 3146.0749920802937 977.5832950800141 5198.71441915773 -7262.864339004924 -6856.928042527952 6625.214592518372 3036.7662846008243 6267.988214513889 -4343.448512057288 6226.603065553058 4274.713140439277 -2114.362716627121 7857.751724828155 -140.25560025254526 -5967.956604157407 2051.8686927919734 -65.58261047111773 2975.7617015338565 3462.2800532525907 -9742.630996409687 2826.169912639767 -323.1668243880995
-6898.013255159696 3559.710165874312 -9960.118228776424 393.181020465654 -3394.07248458679 4299.768908180602 379.5461037432615 2853.4577197623385 8934.271994150316 4173.899350358306 -6655.707248488849 5889.376642382078 5330.893186737172 2329.453103541382 -6666.875955443778 -8236.193568796156 -9040.249440999663 428.0502651405368 8394.387079568463 -1721.3844845553504 -8451.69399504882 7433.578394593635 8553.873523876842 -5494.093922506296 -4328.680418413258
1 25
-948.8862842277958 2951.05965760656 5085.870476315271 -3602.36940881643 4682.931622626324 -1738.0279462502185 -2370.127557821551 -6706.727707083859 -302.1519969165074 -1723.7567303386331 -4133.343678374726 6333.196599428713 -7974.994374285993 5187.395603087822 30.464110968712703 -3966.5245871926345 -6411.104030157037 -2667.407366162076 7714.434445114508 -3337.8508364089957 -73.35451174256195 -8670.498578893686 9674.392568272957 8960.31878999401 -9766.90174281247
