67 22
-3564.400053049737 -1732.4621954613322 -9388.751197569558 -7084.811209076014 9828.462393846461 -1706.385304653617 -2755.655071153522 9553.098289816728 -1635.537285877137 1499.7697732193974 8882.063833164088 5556.4117960679905 -6230.739592612232 3422.0268016555638 3682.894732657771 -878.490775216871 -3725.7711194953954 -3074.8895952346556 1518.249155643225 -843.9274530487455 6969.470063709494 1843.6072963019997
4689.803531695121 -3338.38480553124 2230.8602874186636 -7681.532683190235 9499.420329732096 -7556.14140020437 3873.54317636825 -2160.2130982825283 -3383.7560626275163 5922.924492247923 -4193.745566228619 1414.239110329494 1904.4378463002558 -7665.633857725808 -4632.315414995946 265.5508320048066 2175.7077049840664 2427.034867603328 -2644.6094700175026 -5264.401816506385 -9480.788637126572 7438.089851759392
1573.608893207911 4494.332321474512 3772.727088788186 5978.133651446547 8254.95329111678 -7447.770858743115 9225.347340550219 1061.375758191567 1362.8174361275433 -9618.984302602124 1698.3293996344946 -5528.920552250746 1231.14219152236 -7784.803860070417 -747.3128696845288 -4512.228012252881 -6001.532660004945 -1296.6220066449823 -1061.9755550272475 -1645.0185306017556 676.952359280087 2663.071002124854
7505.288928355585 -2988.932737135523 8837.123003044646 -7012.540545380896 8459.087289075502 -3686.0467724925993 -7784.875991145972 -8747.920416141962 5251.420185557043 -8975.941306488536 -4506.340820890106 5544.432989859068 -5875.128606235687 -6756.218887731118 -9165.979498011626 -3532.0504330727417 3939.6963966005333 7815.6274161218425 -9085.5159495308 850.4086522588059 3408.2862560694066 -4510.399746095899
7227.208340729587 -2883.542091809736 919.4637703972421 -8870.15767244689 -9422.32024129584 -3539.0480865676373 -3663.5075907816736 -5221.548531855542 -7317.947108528204 -4815.350488617878 -5360.483249935637 -8036.994449735992 -4900.714123670827 3825.996078123355 7556.932030942717 -3019.823827937391 3792.2902535681096 -9948.470804144008 483.19377608831746 -2141.844440505036 -2433.6227945845576 919.435837351175
-705.0491948526778 1513.40692447336 8713.644620058425 -5670.697505610978 9659.355333182175 2334.9037956772936 619.8782336260083 9559.736245946457 -4549.872034334277 3106.911620332796 7590.9991992631 -2045.0078775513366 -5133.525323271358 804.4428852842229 -3093.6212197694913 -8737.634606022888 6344.08397566155 8576.527173317449 6819.133925968628 -9308.124137877727 2055.70581236193 3979.0483852007183
-9597.48923867064 8638.183548683806 7656.128380348131 -1339.4474149550697 9229.828231276173 2162.435587694594 642.760130948709 9796.495487699132 -8018.348954282619 3582.0576654850192 9609.474727860852 7856.072391542064 3926.038012855095 4808.160364277541 121.6283242840127 -7422.933966250144 2054.8973934929963 -5837.9698820085405 253.02469700047004 -5849.924574664831 8048.476099978048 -6927.780282865962
4589.719057869601 -208.53463541104247 -5398.180610608718 -396.01233918333855 -978.0225043197315 -2509.040223625223 8466.504097166046 -4294.93764474083 -9592.902192050457 4999.059377271191 -8845.538302049452 640.2927071844824 6164.951385316343 2639.308894985006 90.43187796999337 -7572.7477452089515 8189.9403634401315 -7536.688739855222 9196.18575693811 1133.38597728252 -6515.198658313637 5066.863320880284
-7946.312126452853 6293.142210706097 1755.4983425312712 323.1548848589664 -5354.494071155184 -922.0715217284433 -4892.802389559274 816.9433281542915 -8118.852700469768 4056.3626988968645 2382.7428586396054 -7445.1984806633445 -6401.564272818774 4184.925151491663 9659.895692896614 -5666.76508881484 -5421.236482319003 -5912.333937527925 -2570.9040231020854 3132.125924488766 9083.386927470914 -8494.264757123998
-6813.171378774501 -8113.886018119531 3207.031055163894 -3902.8260306260636 812.0243370845765 6360.513208608436 9235.233445267037 3683.653704340537 8534.975827913648 8200.553692393729 -5217.702218385855 -2295.6948057160134 -128.05576794097396 -6578.615209542729 -6098.151399915303 6976.242684765944 -8465.011771760706 -1952.920085390877 -2808.6654432349787 -465.2942570705127 -1346.2209200359612 7398.282412608391
-1195.3724489316282 -4012.972391611511 4392.796573432957 -5689.94052256426 908.5505749853892 9054.420743686263 3686.3097286418397 6452.88628922369 1913.7764930525573 -2540.299258966028 2458.9623473123283 -2760.4630454702383 1287.4126437890518 7431.187908203359 3707.2016925908993 -6143.840739043313 9700.605386161158 -7068.794924296442 8241.841883554618 7729.451403957984 -2063.442111258587 7113.797464976757
-4145.193537765699 7717.4299411227 -3754.034684592304 -4427.036423930413 621.1808207703289 -4142.053628258606 -9294.702131042992 8702.248729107461 -9280.220491330658 -8635.833669375903 -7690.198590225125 -4247.729491576409 -5138.100601755493 9537.947232075538 -2947.3795887286933 9151.920399546361 -6958.182192443492 7330.854542079149 -624.3699053275122 -5345.429752985433 5148.677417043182 -1858.8093530152582
9174.679638197009 -5734.1019609281375 477.2726597026758 6476.183261542417 -5116.450887099087 6906.510870344184 -7601.842836506605 5923.727281578162 -3410.4383402287767 -2139.2376566755347 9740.010890578855 -353.4745943621383 -6615.157113337295 -9549.424175794742 8056.93216644086 -8330.2486466816 -5354.962281561233 -443.1291833936448 7444.706032217862 -3536.9294381590826 -2750.621531907438 -9747.014757832743
-5715.166589219331 9485.872710500007 -4127.2692268809715 5576.85239358043 2644.053695718436 -3292.6920891508553 7825.206055673563 6054.234841581678 -602.458884392654 -6135.9466847022095 -2060.7904785173623 -271.897865019253 3431.2191041317146 100.7832840665451 9126.01113867987 3801.06016036021 3380.545717219946 -5055.266158259068 -8687.967072534484 7591.236666076649 -7079.963077021427 -4567.424198445151
5117.612418323059 2326.520022076613 2873.6089242161725 6733.965814893647 -1990.502573883652 -9577.115965777883 6427.776880029342 -828.1435291545622 8505.702389041868 5700.045370364212 -6928.02603158087 4688.882165975392 -5520.125898868595 2652.918909758773 -1259.5751711877692 6921.867881410621 -933.1614793169083 3478.870340932328 -1736.8443954840022 6844.638530970758 9602.53189736887 5842.747503489707
2261.255143365166 -7465.459048753307 3548.027230401367 5727.851570607976 -6808.356089738439 -7028.077802116221 4345.7789021851095 -4154.261746685402 -5698.4528819877105 -3572.559256334116 1922.0836520971443 5765.587182729098 710.7220687378194 -4963.461941217364 850.9813644718652 -6268.5829531701165 -3687.6852096373195 1875.6859354329354 9984.933212720302 732.3931380865342 5046.563886874539 1075.667196669874
1653.1100745034237 179.546062239815 -1569.1687241124691 -2361.788611246152 574.6918730947218 -8805.476569541956 5312.2245163742555 6160.491549755192 1954.4656260809988 6387.684043027872 -1817.3354096438743 -2617.710550754391 188.37638328332832 -4157.7576022920075 -1761.1864802329874 -9123.993061204817 1800.3669681583106 2320.882436154441 8250.362584605497 3275.022974391606 6278.4149720044625 -8666.944732672557
-7285.90127170015 -4584.618606447224 6352.426032182328 -7160.129146352738 -784.0487119961235 -9601.633907132817 9087.123394204365 -8409.89174976459 650.8511534823774 -3873.114557340118 -9413.129971261205 -1799.4469931538079 4828.916800685658 9255.81493692072 8621.235455412698 1584.614923653502 -9663.486263807366 8592.122301195217 7089.909261612607 222.16536919116334 5655.159690574876 7329.546975646845
-8832.048226150411 4383.857510614975 8313.278722042985 -712.0559411662853 5574.484049070037 -2944.8333142421634 9018.809947428155 -1506.8671552536998 330.44588646656666 -8381.457593406236 1544.0907986028506 -2848.196319837626 -376.43660530114175 -7109.201298550276 5315.836281661603 9913.771430033903 5346.04914296182 9586.447319988409 -4527.248075062418 -859.1564050026882 7119.424482578317 -4819.595696948398
577.8744662085192 9737.968687786175 2037.776449044677 3629.0847764023256 8031.568328136669 -2915.120473216919 1674.452862043092 -1358.55556438044 3127.8474899930607 6908.3742491244375 1336.4376980927427 1601.8357165369216 -4104.314852272404 9971.679474336757 6920.350053728533 -8838.75023301512 -8787.760547469334 5981.545640533528 -9606.383191414403 3775.578419046524 4231.789241343826 4360.61948198026
2494.4908204056574 7705.241529442712 -3687.5554290268165 -582.6300937779179 411.2502041017942 -4426.6886214373335 -1736.1206906614898 8853.214624533495 807.0778693094107 -6326.3715829902885 -9944.858135146333 9124.653400777719 -9458.98383638327 2798.142349101434 506.26134508289215 -1237.0808640000014 -9144.60502306357 284.28266688327676 -3937.7841547067364 -7433.07850283432 -6588.943741485302 2464.8965372171497
9054.39623653288 6639.450627967639 149.742085040054 9629.301877654565 -3209.5369368705187 2423.648351716307 -4330.0843866114565 -7720.749948759524 -2716.8923284977245 2267.833913224389 -5987.322465735209 8521.463442300796 7674.578329076623 -5358.368677282577 8041.7562829013805 3536.0329011422036 9095.159091830574 4686.006378666365 -7604.7711299677885 8337.800266241895 8467.606018493498 -6183.561380662477
-1451.9187173863156 8985.87932790467 -1700.6091315422273 177.11835128574785 3176.2946741052 7084.089177910337 9152.122613022431 -3637.8379363663 -9154.820082240656 -4585.784282338758 5821.083517076857 411.1210459003305 2207.09313166669 -8427.57735586243 317.967407448672 -1002.6455811219566 8312.404185775958 6746.753710714471 3972.193009518547 7884.5057819122885 5307.156781441168 -5532.225829181734
-4421.514351196923 -7984.680379267408 3640.2578328228046 -5032.193997171417 4709.026745423098 -1651.137843597402 4092.4507144213967 2016.324540701251 -5651.155183363474 -7710.516766332971 -9778.05191530992 9289.540856188898 -4391.3940871930745 -4066.4001418180114 -4437.29088930008 5658.92958794273 -8753.10905704801 8866.653888829624 9685.144422724763 2247.2128520629594 2167.98782483399 -2078.3754257373776
-4578.715440695755 7268.945279806216 702.3816928829656 -1329.505349553665 7158.869998449758 1535.9266830947254 -7838.7146836385655 -7674.654620943926 -3071.150846831867 -8582.882835944602 -4016.527960319667 -9182.278923736225 6852.64376076217 8496.778180981484 -2729.590215556972 -4338.601738044008 -3809.2640623406896 -1305.198151553388 7759.911496943383 -4545.475685813558 956.5105595831228 -3831.211969300881
-8224.412822128914 1284.0861107450837 -8205.956120760558 -8264.98229637787 6591.927174406417 -6455.040999597297 -6497.237007738595 -772.867276801644 8195.928933499701 -7923.315024382833 -1558.7519913169108 8407.901211048797 -5806.738431508856 3398.6359036753183 1998.7111768840514 2887.379477863389 1788.7532114860915 6800.473400946736 8517.002090314036 -7792.396704426934 3727.9535493940257 2489.5084054910803
-9301.143990824836 -4795.06047210249 -6313.049440682211 -777.0744143834345 2224.4981253797923 -3982.9580042412863 6030.800514186252 -933.4910495182994 9868.200027101855 -2916.484230590073 -5449.566950009832 -8474.18355343867 -7877.05897334088 -5614.077903523283 6617.961164281194 8306.838031643289 -6509.203192247668 7010.754993286715 2465.6983684872066 -4189.73985586796 4062.0486698916975 -1303.7151474976436
-8815.47339732037 -7444.991908317309 -9728.468790261408 -3288.929991693779 8168.155712404048 35.07327860710211 -1357.6212051201092 256.2573855926312 -9117.630566853197 -2556.319690686404 8017.1985869752025 1357.374960056506 -5634.350764642806 9289.496378592456 -1789.1643667064563 3426.4737068292834 5461.4743344429135 9779.618961851636 -6014.53133118633 8186.949971384449 -509.6436180413839 1353.9782705613743
7780.857766448826 5999.766384702569 -5758.191761701803 9562.868392527424 3397.4749093211412 6669.89012839918 -9735.898971904227 -6488.047591072906 -704.457726254026 -5910.298141647077 -1887.5398383273541 -9516.997474239799 1881.953467036412 -6689.161418951293 -5386.304473301011 2319.4884984325145 -2367.9395054026163 7703.561760254968 1144.2211472091476 244.6861117932367 -9845.871149044087 -3155.1762235184724
5295.158757306506 8290.077314522216 -5099.121524697199 -8838.081179139972 -6257.474243079379 8902.396596353901 9154.074212875064 -3451.7582670655074 -1976.8854278545405 -5642.3835366171415 -7982.41879578921 3721.2812494729496 553.1343986148695 9748.520635467965 9166.158377046744 1934.0010461176862 -4283.68477434615 7622.793069694053 9441.205058622356 -7902.386213382811 -6264.723977744088 7156.271849344594
-3659.6815748093195 5514.740860221949 -7844.125491129917 -5303.569172237237 -8708.078220141568 -7853.050918197339 -9985.039813666675 -620.2519981995229 -5629.813979704343 -5270.976486123351 6087.554867140987 9050.734873518853 965.976475467447 461.28420963845565 -4363.886700388999 -865.3285560542099 1907.9302772240117 7375.11745171676 301.1497687201354 4269.776287596436 -2357.13413810962 -4491.48718903273
-6759.530518738744 -3476.809615909413 -7415.100907408292 6677.957164151139 2244.4513078966174 3795.311452504782 412.3617975023226 -2919.219809848836 -1244.1301001539323 2474.864191028677 5072.037095912938 -8555.82820097475 494.57611591501336 -9277.920155407086 -725.0628238560403 4988.111861350268 6706.549641630681 -9110.022486429309 2410.7537529043148 -3747.9511513135003 -6436.191309563239 -4530.82338981698
7691.665200726897 5097.044424486223 -574.5720324571685 4612.771828862478 -1063.1448349631337 4528.806220330149 -8853.763344931744 5545.695828373049 -8141.598646152206 -1023.3173115077007 6408.994872210471 4621.391399835824 -5156.093610809063 -1406.554691805988 -4058.150367452633 2065.025949567238 4693.1118490113095 4517.416458009993 -9821.907260570466 9214.671531452055 -7202.112661144538 -363.34518591303276
7893.8332413765675 -9957.18019102346 4197.277013325103 -3856.6046215484566 -4503.791634726366 -7412.450142380251 8969.129912140663 -9186.637529101296 3055.079517506045 -2516.567973506625 -2740.3640916287704 -4754.387428204461 6130.032183847692 3532.8370372099125 9760.75926904069 6778.278508861036 7511.652476697869 -3011.3936326559206 5419.3198573844875 5872.550611563425 -2095.1024041265855 -4032.493306934324
-9119.35631531206 -6505.809885465536 -8543.917290512429 8813.287039130297 8112.54972652459 -1568.2453983857522 -3616.198796407595 431.6626595768994 7960.925286473299 2317.5655168765516 2791.1270922607655 -4122.594238642882 5538.731259533812 -7839.8542694496555 -5459.675699833621 -2612.2663388609753 -7604.907721035681 -5270.09984545542 6472.33093496193 9569.492714556396 -8200.585360049925 9265.435948845221
1870.749264395301 -9609.135816633918 -7998.999267370153 -6075.437449664425 -6751.230654858895 4748.922084938411 -7791.313591591706 -2992.080067265526 5116.673600184155 8425.328718160807 -3726.3304525891417 2109.5067894504064 -1088.4692846027137 6000.038337780559 -8817.924202230475 6393.459659908422 1345.7483371862927 -1795.4623883170825 -6632.313569344299 -189.92493824937446 1800.2756492523858 7560.8744084966675
-4640.701086220957 -2491.092984314231 -5248.794089751752 -1625.5424883163632 3538.8449729388194 163.18018463786575 71.58343364334542 -31.81932830961705 8112.023270243819 -857.2004827980782 -856.9240027612414 2266.383489053498 -5702.889894121379 8745.69827807209 2705.9066275911555 -6800.251563534775 897.9413397247954 2707.479864983883 9069.089650272643 -4608.10053116145 4096.5250504100295 -50.3617252571803
2198.054627178497 8116.06305242447 2724.332285217026 6519.135492396108 7109.591825451942 5176.337808302533 5036.924433341761 3781.04897834238 3576.791670647439 -3842.1958575342187 2449.3289255132568 3411.6448168982806 5664.591531477134 4389.411329850105 -6853.281708671617 -1178.169723048919 -4979.91371934553 -8315.778173619208 9142.025460807672 6620.615159398876 -820.8755105593154 8964.698402346108
-1073.347096477968 2756.4456959977615 -4065.7643975151796 -6468.218344265684 8916.98230303463 3565.5871943110687 -3195.8272309712975 7600.886879200534 -1747.061714160407 6561.87371557565 6777.98972842731 -2468.508679177079 129.86079283631443 7289.909596151298 -590.4972136994547 4670.6759760699315 8989.562293451843 -693.7038060893137 4497.671226095474 9773.989860150545 4294.85868793269 6428.271858315973
-9444.069287465296 -9390.54768157773 -915.6598381719232 -6679.931439776044 5249.5482533996965 335.1190206575775 9117.70758377029 2407.882136301052 -9019.754586879968 -8336.304121571427 5034.049760311364 4274.67307524066 -1443.203153851302 2640.329989020258 6939.642840692199 4630.792096309617 7105.52686504594 -3760.6450353404243 -5638.41664223826 -5325.257515584844 -4732.8265176171435 1704.7532871514704
-9627.105197715224 530.5093700534508 -5399.514923207888 8331.73530405929 5162.467399462546 2829.7267321138715 -7142.248546230132 8389.052242215246 -6787.542315694915 -2932.9186540147957 5228.107708984948 -4069.651602246844 -3754.4215769886114 -3911.5082755568146 -7868.228392510104 -5349.423027815341 3131.700719907365 306.9125113097489 -7855.338849722067 -7045.705427619282 1750.4172178732351 836.5331390362335
3109.0709481585163 4674.325231586043 -1445.9035038200473 5801.59265770674 6128.284131555389 5467.737797473619 -767.1572059874943 -2946.935634684014 -6849.994242967474 8587.255933953871 -4483.139475697329 -6907.20220852105 2211.1828043867026 -5831.238232543421 5585.363805270041 -2135.356913292874 7852.883320073739 9698.371595095661 -1601.6243623290102 1507.5625506168108 6132.09481781358 1251.5826664617562
2664.43347253066 3857.7417715647534 -1141.699924751425 8298.372067616507 3361.107729096555 -6607.303800841138 -7953.594913800554 5545.522314848449 -7377.630519761129 -2164.612870683036 7722.856055430057 -3024.396820865116 -5559.335986138092 -5844.407305782697 -5936.93266530908 2662.802155848487 209.35265544121648 -2414.7707493490316 5433.9782157754125 -2676.4981834510527 -7772.973588980385 -5111.418982616225
-4030.0034942578386 27.051196317344875 5142.606299056046 -4574.142919150153 -4019.6446281557455 439.64128152443664 -8720.676501259377 6968.970340884811 -1835.1644468530685 -1652.3491151300277 3137.6905359667744 -9880.451834584874 5344.267588829249 -3713.8544089455518 -4718.054647475316 5568.523654971192 -3842.86589545682 -7866.665215086224 8199.955121829702 3996.7529901864345 -7788.0215454092495 -7282.963043163033
-644.9308482397992 -5256.326748699549 3888.8298168269685 -5323.9380676965875 -8796.943563109704 7618.744093348221 4424.98185589415 9532.697231399972 1089.3129825622382 -2906.5371681579363 5103.999073682937 8428.420572681593 -3714.6113644983707 76.17186866257725 -8494.210984179905 -6358.216254089639 -6435.088696239306 3534.550103165553 2884.2704620180757 5148.581773980422 8944.704759815206 -308.3481328137441
4162.838708788684 -716.7993922865353 -654.9396360337851 711.5051171352043 -2191.1456021596723 5708.148742745005 6463.220853223018 -2572.911250912477 -9585.184258374717 5326.053818276667 -8317.796159424655 -3815.803065740429 -9351.978223848633 3559.6298985657304 9241.98479300733 5329.493919517354 5297.537551041751 1990.7377599005522 -8405.722596952633 -2089.5069486641614 -3047.4600223625666 7803.582154726388
7295.2603051454425 2801.446935784008 -7496.921012831303 -2036.152271170573 5558.393726835358 -9546.240923733214 -5346.208682897902 1444.4587083889255 3153.6272307205454 831.3353728369075 -9525.060878570546 -9148.657391344159 -7802.247835444443 3330.347089203773 -600.6652772220714 -7073.533507754799 7351.192562139164 7134.5678683692895 -1601.2996837797364 4865.23654715183 2927.7856954044746 -7963.051602981952
-3194.4618007716554 559.3687570362235 7344.047539936095 9010.192922231647 8216.542507437738 -5413.689776614292 -6161.8961055554 4728.216270085417 -4474.25243500815 6946.274447327869 -4366.162314817537 -4180.5423670393975 -4889.876294708415 -4620.548474132866 3271.7697972265196 -1131.2730464660508 -1582.0681253911825 9261.242558797247 -3834.2766661403966 -4456.721109252119 5137.531537502091 9453.637892946783
8067.5953331065175 1103.421192875674 5071.4671494670965 -5689.159390535561 8822.351770446421 6137.763092578536 7089.738863020386 -3561.800581708776 -8124.609072585611 -6849.097346710154 9009.843583665628 6929.402236550843 -5330.20301610849 -8770.464706772225 -7072.7824310907745 -7858.262392065268 9822.263102180263 -6120.059227348291 4895.072085137725 5099.914169048361 -9086.749744398736 -9330.377895109476
1738.5449436009185 -3091.5369904407535 -7791.632246445919 6809.648105981887 -6424.560274346704 -9067.361807712741 8057.106623089014 3307.065517939185 4106.032399643238 -6710.078915889728 8931.90942189726 -5648.607230756182 6790.984558739281 -5648.470173279092 -2513.6071838523267 5903.161179253684 8639.79378948523 -9815.274601291238 -9712.279291560399 -1455.1727698426384 -6502.733718724556 -4932.27192735817
-3948.6807498272 -66.6740039129163 494.91236619910524 -1185.1757939968647 -2684.5893659951007 -5289.304479502035 -5004.5014215108495 3055.046281270792 133.89263905467124 9052.950347586317 8922.769677513621 -1543.1569117649597 2997.1099486246367 -6644.9929035853565 -6993.502965249725 470.7238606448336 4530.728935462863 3388.623793956691 2732.29752872652 -8251.260545711257 872.0426903574589 3094.302643992394
4800.665003346636 -1822.8121979046327 9872.138857120528 -6685.345882882299 -9370.040170666698 1573.5660921993003 -3902.0388872710973 -4999.387941608305 -9706.539011672783 -1244.3472547847832 9821.875893140485 1695.507819508155 -1445.9312746856776 -9434.45897808021 -9806.37900453824 -9765.628391765298 -3431.072111590781 -6085.0818626382 8979.384628868811 -1258.6504143886905 -3340.386618447519 -3874.7150721199205
10.812834212141752 5708.288679101923 -3668.32241671911 405.6507926419854 -7450.802807580274 5219.725604338466 -5408.724538203646 -7033.648360389658 4047.4363287457854 -7982.6176911564 -8990.338726719034 3765.0966295893886 -1375.2479145786074 -2715.61116563394 -1805.089194163551 7681.202911110759 -1941.8923106913244 -6972.725109808193 3924.4528337718857 -8563.96500710617 -7764.038740657599 -2390.303231461381
-6335.575226077794 -4421.273876717888 3388.4336770343725 8961.101977666982 -1650.4768013285957 5565.916870418105 4626.994018005884 1945.6691365552433 -4884.058453040907 4376.66673273304 2045.46808852313 6201.200287188185 -2278.75593244588 1560.9149517553633 4698.833677768953 1468.6233056942074 -7075.671322889793 247.97719783945467 -1723.956237067985 2493.98112125455 -9307.460456382143 -1088.4880820523722
-6152.635379954599 -7337.604303758137 -4194.8982824139875 213.52088089414428 4927.726027423514 5686.228907643144 -2284.3709030424743 -2978.297538330614 -4549.104690935848 5457.896596379454 563.6944945317391 8213.813185918592 5118.46972160893 -3243.0156812839696 -2875.1367688552355 4877.315612621227 5745.98392479549 3269.0407032998028 2850.360928196298 9652.361282544454 7855.117072237423 6683.9247891265
8634.173714655793 -7843.020011224451 -443.2658907793266 8070.006244649576 -4635.24528687022 -8559.793052467629 -2193.3781685330578 9821.255646378562 -8192.696534858756 4353.849475093753 7715.9351394473415 -1691.6511476088508 6664.829112804393 -8782.110189073313 -8689.369259418449 8512.086383979102 -5146.926141931287 -3787.5215393342114 9504.368360827571 150.077352226137 -2494.4679783787897 909.4728224225582
-6868.22718149613 653.3734804051128 -3595.1566875851413 -8692.312761942538 -6908.3472216141545 7583.343933212109 -994.0877786086439 -1005.4176619810278 3363.2131257391393 -7396.326807480327 -2955.919336136597 -8990.432604137133 -6122.112564135508 -9470.025702246481 -1504.1682262471459 2014.1988300874164 3338.560119308202 -9930.608433832545 337.57837796370404 2101.010642244275 558.2466039561405 -4.21667210216583
-4808.2919362336925 2967.9390635854525 7966.247925813874 -85.26301955471536 -4590.260965458801 8165.009382257958 -7835.470496124959 -1916.0731056578188 1695.964242248163 5779.389451587267 9321.47330387151 -8257.164963478986 9915.942839124433 -7278.699003272637 -5805.574986283302 -3701.0039239313073 630.7262709064344 -8949.382055972872 6383.2070657917775 -556.7448438781794 4588.609149606231 6827.190075040155
-8564.209424838247 -3667.7883682306174 5478.024969101138 3464.74875173335 -8645.963638242478 -4362.128731448763 9418.433829194892 -3427.076387224224 9833.399587425145 -8404.059259987436 -9286.785018701103 -1052.1141690642362 -2650.1908928280127 -7572.528486434713 -6695.13777158822 -4170.601812501848 7200.267094319053 -5722.988486716658 2472.690028394256 124.44461638333814 5571.19611463219 9660.64525521826
6533.42661661869 -9968.091063762375 6390.64152702377 8321.561595655941 4768.979127594104 -2470.8185052976496 -7086.8829423800435 -7829.770479303017 -610.6049647116579 2421.827176244522 -5596.3975609390545 -7790.409141564978 3743.858958844812 21.768205636906714 9219.010529657957 -1232.516908699814 -9803.06961861605 4077.2341723336613 -2170.4934629748204 -570.636372539826 8147.174190405534 4834.693662541153
4666.96435168787 -4287.913698558193 873.9216131769808 -4852.683698070197 -2542.0843220808865 4918.754850610501 8741.547991048974 -6796.0570331898925 -1715.1957962538982 -3936.4582306644525 -2019.8179099966528 -6188.375871040972 -2981.281766127373 741.6420816101927 5583.749913512929 1588.7050352084225 9532.806176219205 3135.5486206874775 832.3883123270298 -8426.366546112416 4535.768173613616 -3931.5337231084804
-7961.4275086152775 -5584.830794718163 -4361.265282067139 -5180.848655066026 -4740.224024585445 -1159.5516374834388 -597.8872051198869 -8408.417089131472 -2403.4680485294557 8284.595874161478 5526.17847365562 7708.437622675625 -3874.417803154147 1089.093806922625 -364.1481362785544 7613.015984924245 1636.3857175227295 -4548.80597351107 3333.6627886611604 -2836.7338347573477 3505.1809829357826 -9007.742904052675
6753.419269326274 -4900.871774137925 3538.1632731055615 3629.743515645867 2337.422935567776 2892.6681290138113 5902.834806883255 5257.883779857753 -4992.146585501034 -4568.192231687615 4085.0514696458977 8122.644267745505 -8252.921213987234 -9178.035743445536 4264.177324309079 9750.363007116954 -3920.658917657065 -9556.028247950431 7672.185808684964 3242.4685328264477 -2476.526467886213 -6970.215851006216
465.4284297253944 168.52123200977076 2647.4073251506325 -1550.3240374832512 -6579.114756965576 5460.718717048438 6861.92803443447 9292.215067383888 5845.506979416457 7648.048231299286 3947.9005748143136 -6560.043737239498 6846.6056443681955 9890.20926092915 -9815.134298158719 -6045.545528417748 -1428.9647672086376 -5474.3772146571 3983.4747512022896 -3552.9446958917624 -8352.962733589768 3156.0365691678016
6350.975086066837 -5829.689393588642 2958.2757701951596 -6418.021695662024 -9745.915945528792 4773.4039471954275 -9694.842013598169 2111.8643625855584 2470.3484848223143 7449.797191596161 3910.975308634981 -9228.499105504065 9808.507008724431 7783.847730963567 -492.9960019273458 5035.509733447709 -3232.1814236456794 -4202.972705203018 2063.0908519832574 -6285.956610912973 -3613.145200547936 4061.6657029898743
1903.1543504587262 9205.770724846876 7907.726112209999 -2678.441621034871 1184.4865316201303 8794.238802753116 8843.16587420839 -4107.2885479461065 8006.249677199601 2769.831864008607 6246.863289715751 -1022.9301482916289 -5336.327358365354 -8142.28285126996 3817.032140450354 -5785.76228457389 7102.985084120635 2787.684684685033 6509.007837003748 -7942.421987070189 -3721.8174976991313 7947.864450229208
-4120.548025975139 -8649.024274251777 -7210.729003581018 -4338.698019258718 2378.1848010895974 -2360.845602490329 4393.397976389921 -8825.21656445342 -2595.970572663733 5626.621686794968 -6827.415307124951 -4606.806079419796 9104.975409792649 -3870.93589058662 9331.80817438781 2047.3771298403317 -9933.899668884862 5666.413078668236 -6151.389024431488 9967.958681557098 5966.224639917433 5675.441446974341
1 22
-5290.033389351774 -2286.5929164528143 -3937.6334225831843 -4664.38823255813 96.21881578953798 -2648.348897980044 8225.680713739559 514.088831801877 -9751.35714662681 -1988.2051415708866 1135.0069155725741 -4197.554954709517 152.72267232003287 9682.337248289867 9758.995421067877 6653.935481092307 1590.343623430119 -3256.7117682625276 2440.233056767005 3484.108395628735 -8263.03940623898 4444.649885227749
