67 26
-5899.002637401986 -3003.7674944918444 6608.1534945212225 226.39589287220952 -62.318508026832205 -9511.186826777583 -8494.890137656703 -2804.139605780764 6331.492194819697 -8842.789691245005 -8561.363419725929 9173.833573665906 9337.711955603616 8632.574376654768 5314.818497327422 1801.2690937774496 3880.3888791622394 419.74036018693914 7399.063167658496 -8896.4833888867 -6009.099121142094 -9867.565002266405 8411.87593420493 3814.9177164051325 -8124.965123993559 -8914.563728211711
7849.091110981892 -2562.029314377821 3358.284764257198 2895.3075626959653 2352.9852573586104 7318.596781377339 -3993.1553682809654 6812.794980772498 4843.6161882298475 -4973.424577280978 -2151.9856776829683 5020.939134787421 9218.996159928007 -9262.70096087571 -2030.832975449599 6339.267494753112 -7509.875283177321 7649.805821925045 -1984.704911283934 9977.923311739734 -634.5111549200792 699.4438176134008 -2315.495245779666 -9567.350536980259 -9544.816883977186 5889.4658387946
-4513.004540770094 6594.408141540254 9850.9961250501 5493.417798209995 -5988.974828199105 -5648.914663537325 8264.16453096161 9901.515368237342 -1403.964531323305 -6877.493229547996 1465.4931006301758 6540.094793055727 1349.215595687363 1191.459737325502 7890.703887351363 1933.2750648738747 -934.0962126897848 4706.061201172743 -5587.855253914333 5596.379627490684 -9600.75061539435 -6332.196396185607 13.63780824510468 -9965.055987591475 -7092.941933753185 4184.077944075398
2055.8755050289856 -8929.935549543718 5076.206325111205 9865.4210877439 5627.556678992569 3403.087885231671 2222.601128105245 6226.333198905499 5159.578271899818 -406.0636398610459 7197.330445387397 210.08866025690986 2466.1161950579826 5224.743569027798 -4873.709913166397 -4424.674383308286 7793.314260138963 -8401.644122868092 1581.9296520322077 -6853.956409956798 7503.364272169787 4944.695872249244 8620.404735458262 -121.25066014612094 -1265.4855215827374 6193.911601586999
-5068.1439756601885 2311.5603465582462 6521.305577644303 3605.5263550072887 -8622.5593948547 -2062.939704144491 9991.313169787809 380.2009815838246 311.94469722590475 -3679.0444659128907 9031.168342309062 -6441.777293569823 -7936.32215705127 -2011.5021630231204 8048.353993172324 -8840.604990253776 -863.294799344163 3569.2594682601302 -3220.234817393297 -4654.225645808885 8733.07196515063 4985.960602272215 -8956.40907813364 -5974.5938017172075 -753.1398595184983 -2621.1478635573894
-6241.689638374601 -6139.879535966484 -4541.88522112557 -1586.794175025314 1351.4306898344457 -6142.919520568257 1815.0484421758993 2688.0926444952056 -5402.952830642968 8869.567533179736 -8462.77586005619 965.3491395164147 1078.16695943969 -2728.6322191919508 6417.5420971803 -6425.042528177328 5952.787659291635 2624.143000960721 -3455.3437365278987 -5052.818715471021 -9143.334046687676 9666.019166635495 4427.200273672299 -7363.636989779645 208.14898668054775 -6014.169808052306
8087.799059116169 5508.7386328796565 -10.636643571795503 8595.642561897253 4395.577277414537 -630.7525810825391 1387.892197504094 -4302.095790380984 8395.310889476474 7896.71792901888 -5127.721053655497 -4492.311150532792 6493.369767565808 6021.713673244909 9016.616509633692 -6515.517856125456 1898.8304915367899 5701.200707606162 -3932.988962573665 7658.802474333064 5180.478756317341 6276.2195294258 9695.12156386382 -6116.702770801183 -5265.241965635461 -444.591208787102
3635.151898798613 8761.858833607377 4275.0544210528915 4963.174820161215 4272.932664619311 1833.3140104661343 8088.354340819627 2024.3433279662695 -3469.0776752478023 8606.119947174851 -6725.657569349879 8964.44620190575 7664.994605584925 -4498.946537565336 7941.756859949535 -8667.23481925441 719.0940472026396 1832.8336492756025 -4549.346981731557 6836.11170062346 9030.181046440772 2076.1073727808907 -2256.6261728302807 -5665.382402981929 -8250.180152494417 -32.30668209365649
3736.4872807860866 -2748.1653581038736 9330.251382601517 -2280.3224202013444 6724.688478748645 -4799.269214463855 815.1848481402976 7399.022492519511 -7600.1133885157 -7471.547517236882 -3043.6938969228504 -9853.112107759565 2682.8461023768323 3147.8292484197573 -7215.489718032715 541.7630953400712 5636.388195838315 -6651.286176240647 -4966.960589983014 -198.98561866392447 -291.08960158848276 4944.70408406241 -7167.805049209495 -5223.015194631577 7523.195749396651 813.378086263514
-1357.6725475556104 -1196.7634558482405 9447.190086945531 -7086.9984539754505 905.8136838611208 -9942.561429617283 3941.089836423682 -183.45970588417185 -8687.132971215458 6267.50942583223 -441.16569672370133 6126.633841943092 -8652.666239390259 3543.352663430276 8869.627247062224 4735.764429819672 -8670.401379767352 7254.94556537089 9070.095138928842 -5894.148819064007 3566.392969153996 -1597.0110535674758 -5088.759446546678 -5759.68042328554 -8739.613187083974 -7997.295319954114
-8116.93022601455 -5230.660758177494 -5241.351286331753 -4341.732646424439 7847.55950372091 3769.472108216518 3466.9014606152177 5200.800143618348 6707.965804502732 -3303.0983219099962 -7314.271693876859 5820.073921797337 4994.938144221014 2430.263640959014 1497.450195563977 9822.986399644717 6818.61188988054 222.11813683232685 -2969.455020313838 -7999.322753385572 2200.8689556433765 6178.171956816583 -3586.0635172062975 -9453.238998243234 -7184.376106179621 3101.4652021742004
8592.720228038612 1911.8919222367258 -3991.6015659915074 9151.843938411901 -6493.920958093566 2378.989738646522 1775.5092335150948 -2933.0612130182662 6384.311550032355 -9163.23677128859 1667.6553630095787 6468.454135191114 -5671.349744356336 -4961.202642750138 -3839.9607259367103 -9601.632312213133 138.00345486502374 9488.614851116155 -1881.8104665470355 9399.342833586794 5592.596905758695 817.2513195082956 754.2784243062088 2790.627218849364 -1831.2392613027932 5439.908416682503
7192.9077097824265 -4121.865801516346 3945.706987597763 -8167.181121607814 1408.6965768101218 4850.311919067182 -4419.77441463483 1812.890009658433 3173.7009483654383 3858.5834431778767 -2513.0277615252417 62.333682030946875 9849.685847593479 4337.034596274019 5926.356074421017 -6364.963316738353 -4099.074828870126 6746.652705084656 -7783.4667962423155 -8919.170954393107 -3004.89239633327 -7012.924311683928 1927.0107861314063 -5376.876254035381 8318.686847120964 7938.988025282302
8091.190873883468 -7948.46941879045 541.9364790668424 -8832.772519401842 19.26183182148816 -3992.3557342392814 8984.162283553298 4761.934102234631 2054.0020012947916 791.1803280970944 -201.32771379240512 8923.24870915341 6262.112191327005 -8318.744807014757 -6480.172132421696 3830.6838132925386 118.60996041713952 760.9845418233272 -8752.529919408456 -8341.973895621382 6642.959944426973 5506.239816861966 3453.292378470229 -3775.5789437327403 6050.4752187296 4515.827598556727
-1869.2415248168363 -4411.211675547824 -9424.590349659033 7960.620125294459 235.74570582151318 -9186.852858507411 -6440.793874999457 1012.5492413261218 -7644.911311981743 -1984.0964279541076 -9004.513115871216 -2845.0910206828103 -7455.122358931998 -937.491415392511 -1950.9422031402382 -8663.25297497217 -5643.412144923354 -8350.848481916182 2303.864899594517 1905.0399528741564 -8886.479712102251 -4858.295880069585 -3600.877437089245 -6628.129092977923 5166.492875929931 -3998.4372952542335
-5318.16902419469 -690.4227855860954 7464.490894979783 6134.65976250393 -1133.6882233497563 -1400.6264137745802 2749.60386419528 5385.169122587407 3038.9378774244306 3909.5745335682514 -2959.995193638554 2004.5477788750668 -2170.5455972802492 -9099.805568280748 -1172.4310577857214 -7744.789895309259 6155.503096858716 5338.422379856167 356.9246812807014 -3655.0639090708173 -278.3032794341452 9116.651274272615 8378.577395625936 -2618.736477939525 6749.642862654342 -6572.6186296234255
-7473.721504734185 -5763.718406800429 9181.713053191848 -9576.109664738507 -6584.056720110989 -3388.4393366153254 2928.1269759427323 7289.615888492783 9236.983951447412 8078.537360248407 1191.734332617838 -5713.574453627037 3007.6832730090846 2940.682087494006 3608.9067929946814 706.7093277809672 -6360.811042447323 -4335.735686819741 -3606.8671636299987 6636.5941269622635 -9343.254458477131 -2776.978206012408 -4469.980972835401 4103.271200617597 -619.5249237410953 1960.2544933284444
2431.119275548899 -1540.0020958553432 -5323.1529988930215 -9312.72999794049 6716.534019970106 376.85558392246276 8744.358082059618 2188.9341812682997 5278.685742845744 6863.949470423686 8698.43728682107 5809.628078785838 1224.3135344928178 -48.99263177710782 -8329.095922437875 9054.146186653838 -9213.80535880968 5394.787447921259 8007.697439469335 -104.53013048746107 -2529.8579696154948 4327.63265132521 7620.918219800318 6238.351422348263 5072.069904211205 1057.710046761078
-1866.2929244290563 7535.04004224635 -1328.7624907846166 -1889.5646365619132 8205.45910635245 -1155.5271491608582 -9300.523897285611 1289.5164335320624 610.2721158429831 -3610.6169315610996 3068.29538906161 -2623.6359848040693 835.11664778454 1875.082283355634 3141.742915212202 -1630.2106580747604 6113.895881198199 -891.1661073191481 -7480.8600159758425 -3796.2635709196 805.3460540712804 9257.154169978261 -282.8602933438742 3334.4566214308106 4389.047494861055 -7764.7751795279855
-1925.318458484091 -2033.5838475500805 -3223.6988473537776 -7620.148228179834 707.9995650749934 -9643.991535281779 -5491.376942504132 -6819.234249237104 -8493.643687741242 -6536.744659119205 -3010.4726111903983 -2802.7159054421636 -8817.696928359204 3086.3574983537237 7959.6474291288105 -9526.526883231234 -7569.637567892802 -2180.366228163897 -9201.40585845701 -1969.632778594295 3237.6943453882777 3838.871786819671 -185.26083597941943 950.4244299656621 -8545.352674180338 8436.688350093693
-7998.5846254937205 459.0231263306923 7070.316535184749 -3676.7139313920525 3713.4528456270054 -3961.927479768424 -4957.554332373384 -3022.6186189852197 6215.659181507252 7767.712316117064 -2531.71310364267 -9353.699845782496 7913.573974518895 -3224.233444948961 9878.09416727364 9753.580840624203 -4590.757464819135 2439.789849192972 7043.731792394872 1840.538195957648 7316.627214297168 900.0547865771623 -6115.703107646548 2179.4680897930302 6523.140999308747 5433.828508465178
-2328.1801767751585 -5657.62368535214 -8064.301842584784 7728.807755321963 9801.522278154083 9769.492986768997 8004.057247793549 -7454.9047739038615 8924.262574520646 6767.667283150149 -8141.544411130865 -2453.9356226271193 9577.47288856221 -5186.041390739835 7220.575568792432 9012.185703238236 4687.128048515229 -2560.1263924987898 -7654.625012380713 9128.454901437573 3789.4400998001292 -2225.510683551255 3613.0356852731875 -634.5743692411106 5175.39387243977 2469.819642737164
-5010.998020482591 -3598.0223159092666 -4649.247025409251 2257.267899601611 9080.29850648014 8416.340899891831 -6225.634698288812 -7849.859613903694 -5080.796419875928 -6285.6087788846835 5051.155464822821 -1111.4410607806185 8797.426946008865 -2426.945481076781 -9278.98358056614 -493.95273558555164 2017.9705399971645 3214.490624026008 7562.577134421841 -9249.752458059671 2298.881082463029 2929.5180717179937 -7365.162146504372 -3658.5428221918683 -5868.860348508933 4740.086938884109
-2516.3852255812126 -7855.764573226398 2169.0237748344935 -9711.801721698981 6019.340892070124 -7259.903990961448 752.5495586530415 3831.799145992214 3545.318869143486 6582.611842118666 -609.5956594965974 -2868.6471629941225 4644.9628712214235 -3243.184065608042 2784.149442902217 5634.345608493148 -4118.2007183346705 9811.451004208553 -9849.739988681773 -8950.784108512291 -1403.434939555109 5688.949581629309 -8183.140187697598 -4477.3436956615 -7362.043428607257 -4229.111024104875
8465.602351600879 3502.071124773018 -7184.092300969782 -2406.121969928139 -5219.873863060769 -703.9214052905554 -2354.8026597814724 -6443.719991286265 3781.16410527458 -6503.629085706332 4987.108617077225 -3200.206742828138 2194.5921645909602 -2610.051581586694 -774.4320149641189 5649.167101533354 8018.2237120571735 1612.6921200304387 2768.0627582001252 3030.615108342019 -6947.931271378502 55.81587231884987 8731.42052661 -5226.098709319566 8994.143610260835 7866.077521712537
7464.056444062546 -2851.860455500694 9610.749301917487 -476.3888309778813 3274.561555043123 -1927.3402343812959 -1970.9958712261623 -4777.865809474349 8014.420665149377 6193.4189919125965 -9217.798499481265 -2892.24643581272 7452.761035170537 8749.660723690959 -6079.828658827653 3501.234991014526 4573.63346516331 -4001.8310208916155 3691.9336512664795 -242.43817198890792 5377.472739830822 -8194.138515088103 -1297.7859468920851 -9992.553600152514 6973.736656670222 -2918.142349298145
9943.094994240386 5777.395721124794 -3982.755859085154 -5604.654517049663 -6184.249152916687 3422.964185601926 -7645.89897006867 595.2558323861958 7444.012677459152 8219.486962283867 8368.226773576731 -9089.755017514311 -7130.21485035922 -1776.441847735221 5463.387790231125 5496.275806868354 7338.020571969868 -7877.073985324812 -9991.039889761796 -780.252723210644 3320.07950558797 -4960.771636186787 6077.372315612964 -981.7631148745695 -8309.22089976093 -8987.055779416762
5148.678538355229 -180.2877833376151 -1097.5901182740345 9452.868752760241 -7657.756311522421 -62.26772034316491 4275.609835066311 -187.11284808192067 5916.014309784861 -6424.136264233915 9679.32730952146 6983.947086984917 -8026.819533381992 5066.623146138885 1185.3290564691488 1741.7789826605385 3757.0504288502525 -3497.201468248858 292.47511807776027 7598.569879112281 3181.3886410151317 -6952.950882866471 -5350.131008311314 -3296.79616693515 -7589.772049516943 -1490.7310957957106
-6848.583126552354 577.2056748174546 6885.108958890793 5808.187695243492 6190.462079953488 -1030.715191483785 -2468.8853669904383 -3237.609282537017 7687.3775526412355 -9246.120427968628 4448.774075355954 -4318.670195735259 -8113.227530054343 -8304.430965834115 -2941.809542743503 -3277.2978756298435 -854.7794693960859 -1908.5832948949792 -3810.125146312913 1116.7714117328287 -8846.011842061687 3825.349216636123 3426.298459670321 4871.663479633418 -8283.120577453436 -2636.5310920312268
6351.53616840896 -6964.489254861137 5843.098806107882 -8229.749153380759 5599.518352225268 -4480.464772968522 -4498.569027803716 4915.691525325863 -6499.861852725839 1558.8233923318585 -9872.65881235121 7721.877215745131 -5692.577106114718 7103.001488234171 -1187.301257635103 -1589.503805278091 9462.146054065164 7615.170092741715 4225.454608533206 -2287.1847832038457 904.8078383824977 4144.155880517947 6639.245929152999 -325.592508319678 -7962.741735600885 -3839.700328149851
1685.103774014291 7608.290914348123 -654.3967144106336 2387.5969620797387 -227.54435478622509 -767.8384864589843 -218.32231230341677 -7524.192652110067 -4498.162274222362 -2375.8756464597973 -8505.520409970655 -3617.696243475355 -8084.013171253182 -3095.0541255356675 -8409.112924007972 -7134.592999729936 -1409.2879341531334 -676.2331354261514 -2060.9453824377197 7685.802485771474 6038.7490737358 9232.506320111308 8717.627254540694 -7177.7138349422385 -6483.287958093191 7297.6985914934885
-3772.3628087498273 -9602.769161117529 2417.2863397738565 3343.5172852963024 6760.909695178867 -59.06773184319354 -4986.608156345857 90.84038666270317 -5206.601831716464 3460.438778512098 8985.607719043368 7092.356876379974 528.0841839386903 -7290.507505034682 4554.572464614621 241.07882117144254 -1062.6668907523308 -1505.186021997215 3731.5948042104483 -1351.6652302229868 9706.463118568154 -5030.658817555002 2095.2946277328283 -1918.5991967840791 -4832.409196670786 9804.027431466493
9917.748795269039 -450.5282827762585 -7384.96410717103 -1601.5742750768022 5929.108142597921 -5808.9791441943125 8993.233733988804 6730.461338490757 -1724.5606739610175 -3323.6763413961644 -9643.93455865355 -3806.744710379897 6816.411518785382 9316.813812318444 9101.571198237438 -1663.4495699856088 8564.149305668692 -6730.039863974262 4109.813663412491 4185.870779238587 2811.9427859045372 6192.975306577315 -1190.4118020854112 -6738.645119285891 -2719.8267514017016 -6475.728792569295
-4585.973385426893 6077.541544186362 -6226.126648671216 2826.0170413363976 8919.719001534984 -3725.581500156066 3115.2277942381734 5289.98381770744 1957.445330978915 -1224.533143500761 -8374.201915102703 -2067.815452287434 -5058.246384052787 1771.7778227132148 4413.818700940012 -2593.7602352425793 -6611.937437569977 6937.531366699739 3341.9296575508015 -7630.356960400651 -9324.277397407652 4403.628436433692 747.135735792197 -7336.917500205633 8774.604581090607 6448.929113468639
9870.551538227635 -2983.3942141731586 -1878.009791398099 7311.179416318708 7651.865842983872 3337.137911691956 2467.9097677749814 -5342.809995718189 7086.641702015735 9782.2136080792 -9965.353838379893 -4516.795844144961 -8264.753713130916 2751.787050448802 9910.624858397208 5831.604642012968 8075.219393465795 -1086.922385466958 4779.308421055237 1211.4639082203867 3638.827849056599 6401.417751034216 8596.2440375498 -7885.598052361487 18.051432841068163 -5050.701739292478
-3344.3161303822408 -2742.925634891809 -4555.040683581142 -5620.926224612736 -8862.639603378786 3657.064700362178 8380.777126246969 -3315.5539661055955 6481.111265686632 2483.375917933512 -8074.786762439517 -1768.7944792148683 -3620.2672000245584 9191.730161901363 6941.286454176785 -9039.722131807526 3566.383292963137 -6104.889312995516 863.8517281571767 -3891.4651542147194 6759.930438071875 -2471.2951418261882 -6452.53565374833 -7227.143161593665 3161.7030250209173 4797.483940453902
-7163.532528821821 8205.267039405775 -4009.5158655317655 -693.4992945032154 3790.3870647804997 -9425.371686186603 -7494.907590845903 1042.610625177007 -5308.940757633578 2710.885317145903 7139.173422603959 6089.534519661262 3393.505712192511 3783.4304597671253 3025.3403119818486 172.88918666046993 6073.971601722422 8650.048979119565 -7563.839981717572 -2339.178851061137 -4437.526550297821 8515.835024643751 -6915.834049921927 4828.666978306075 1287.8881079684961 2139.6842308686064
2225.865991098368 176.24057461191478 628.0538874994272 -4440.825352500171 -1014.422843350434 -8709.915338291934 4470.234232566512 -3726.12979816205 4057.5212813413764 -3271.928567150788 -3077.8176101124673 -8357.209539946165 -9971.824140794148 -2331.9665325447577 -8018.7933965134125 2835.2328782466157 5032.667125511076 9779.218819143087 230.70934753360416 4249.122375204017 -240.27202018270145 4988.035003521085 404.7127024160327 8668.99919474453 -4476.876270559657 -2713.6437785170474
3942.6950951822673 -7975.653306768849 8040.2161550725505 -4200.7260589343605 -9584.026565505832 -646.6983705283401 2586.1333771337104 9053.070948990797 -6953.0101782849815 8868.959054048431 9877.16154292514 1070.839775124141 -4967.95285412001 4914.431730716666 2866.1466942338466 2447.2289080187475 6624.087934460513 -2551.3051837357307 8398.0530584685 -4582.3024973884485 6710.13955161802 -4905.164842425307 -5741.677188161211 806.7258111425599 3086.5106967401953 -3072.6260764242115
-425.6422662461755 7502.791570577156 5523.562989330081 3905.7858798773814 -315.9997154496905 -5550.955823159867 6628.737216621452 8680.22255670928 7770.395345145247 -9899.557855423745 4756.9357722542845 -7513.11184122754 -4210.174143022487 8131.283040682843 -2621.5961819646764 -8090.794451401819 -8433.33894919763 -9622.528755721274 3390.7669881662605 1182.8114325661518 6188.544105547848 -7355.153449555852 6796.316277710954 -9859.307570545703 -824.6386428606093 9863.90416679073
-7451.762568207836 -2053.771859162006 9465.988341299806 3334.524795462423 1096.122702965822 -6432.050385045382 -4366.495678507143 3622.2926120624725 7362.75465962887 -3359.185930572322 8509.086641784801 -2737.155232247055 -3685.885720130551 6938.116385447549 -7921.475853507789 6894.952753122823 4981.677581571979 9625.34603785062 -2115.1414628510493 -6191.384947231039 -8770.153837190192 4973.439578568919 9433.960294756635 3335.9436103450425 9520.662631598778 -2799.5647600590546
3519.3059320827015 6469.586391548117 -8149.059011045472 9998.738265221156 -2584.93659125085 -8479.893281998733 7943.704851229995 8592.394733816192 -9328.745521658828 9973.534675421899 -4507.476280206822 -7309.165012529393 4830.734347554913 -9454.70728614499 -5662.416452450953 112.13311349929609 -41.36870002014075 3937.799080140876 522.5352337241602 1787.2639224301238 -8417.61099751726 -410.0825759998861 -5069.197968990504 6751.313513270517 -8559.272341549968 3753.5241332734895
-6882.564066186929 -2419.3840523645595 -1377.6011166935987 8123.0672770618075 -981.1202215262765 3584.1477030469396 -1142.0506766605376 8061.169328931974 -6708.159922616773 7900.3852872799725 -5181.66378997263 -930.6240823098597 6840.2057950715935 1939.6083617309596 -8817.225714236387 -1820.7382942822624 -828.0608878037747 8512.995688715302 7420.131539064812 2321.2406425080335 2583.7048186682023 608.6890229648652 -279.41766068728975 6440.045885496616 6179.650749913135 -3146.366202343156
8137.000674903058 7648.687330892339 8502.975988901413 5556.521049735709 5894.932201068987 3426.007302356935 -971.9670613450271 4106.1357410230885 -8700.032522980313 -715.0170472541558 -2818.565697511597 -9603.580510050755 -3315.5585016126324 2148.81684222442 -8233.936096214802 -9994.379237659787 8322.620039086702 -9285.836251534438 6822.739696980843 -596.3014888914968 7949.838964403079 1426.0889134314966 -3990.1491693706603 -6462.611364949231 -1429.2086362857572 -9352.311483385385
8298.021116696204 -8166.613262039497 -6994.490933568219 -127.9273024902468 -1418.3203908800206 5796.103421034442 6817.089500194936 -875.2411898713344 -2456.6731165172077 -9886.356186822717 763.5398674622902 2805.3968047255057 -6428.80102233935 -9031.10005871698 -8542.727555022071 1483.3544550024435 8741.632444549577 -4771.0299329653335 -7.612348622951686 -797.2689858944286 2897.979183699159 -4229.642759645289 8784.966140387343 4336.806636916235 7603.062268401816 7136.856206710101
7651.820801374524 9748.444828360065 -576.5974554066506 7030.816816834162 -2452.4831326781186 -8936.730198959796 -3507.0470977569876 -3838.1784825259047 -647.0020042125907 -4685.373194981641 -8272.185523164388 5956.190376856475 7899.948808226945 -3873.1773230544377 -7333.337732636113 -9006.167559259655 -2841.788697584131 -7967.965267295467 -2833.1772100011785 -9233.84186935743 261.56509466096213 2264.587110691351 -8778.778473218284 6750.770299401236 8416.821380974703 4856.685829977216
-7490.011782381345 -4132.521851472712 -4111.0337095941695 6008.209966440165 -9620.014164888142 7349.251055108158 -4327.0357102049875 -5038.729587966964 -8518.794246845971 908.0353906906748 -4638.251098982644 7429.411383776984 -86.38904720727987 1803.3431099957143 -3623.7554595686224 -9774.836991662598 418.71956818008766 -9936.71023283179 9758.69039648409 -8980.276791146027 9222.504988378012 1085.740762308098 -4267.904539832619 2165.6114758550666 8202.523777191112 -7258.661192464308
4812.493095376487 -9861.94033794437 1377.4359208261394 8944.446173566277 -3614.583184354081 -9822.4642739574 6092.795301182548 -2674.1865323474603 1811.486308514608 4048.2629999481687 6826.410483865249 -9523.037420327786 3263.598641810124 -1886.905977150268 171.53423499806559 -9299.325240085183 1143.642685060242 -9096.264778803492 5181.274084169976 630.8538503505079 9143.692746660232 6783.939458287299 -7997.605039919944 -5891.4040590091645 -551.7023152998736 -4337.695039798399
-2925.7194908170313 3151.5116849903497 -2801.0554124411983 8978.640548449905 -605.1462107910083 -185.01880336826798 -2626.7434114049056 7484.736058679813 -5288.415151950203 -6598.0497939786865 -5279.520259404635 4206.938523419391 988.8530973383222 -5308.864443661354 724.5685025069579 2382.25416131597 -442.8559136314634 8150.678254941067 4773.3824978109205 -7361.900798536632 9600.114527778132 6972.476787505402 5361.513750777696 8154.074152046327 -7115.548874056683 -1448.5599694112389
-9869.233613087294 -5849.750183253215 -1914.1630509069719 815.5111359401199 -8354.066535502301 -2511.0579794622636 1016.2256652817778 9343.607272942274 4099.81609747256 -8833.300821101242 3151.3612395779073 9291.882818544786 998.4804189406641 5116.785853611664 -255.60393385351017 178.25861338401774 -6860.298887376384 8509.02922092181 7581.399759052729 8128.631927156319 6080.724558750249 472.21701634101737 2697.711981436978 -5830.887557733735 -2897.070264000128 -6562.275160570805
-3211.4642407538586 -3628.6110371352233 -5207.2529571713485 4011.5497302726944 60.25582415863937 3030.2387588062957 -5901.960788099343 381.8968428055887 -5551.847543355053 7373.529463264065 6118.55454699521 7717.093175633247 4748.889762731989 8378.162992861278 5591.23862798544 7333.517968606837 -650.9257283151765 -6278.706618792693 4740.832880944996 585.3301529318687 9537.277179589357 -4987.201298857393 9597.802958414017 755.8991330602985 -3625.1438598042696 6162.065538948707
-6938.345505792246 -2379.3338485731465 -3375.5388785665173 -3330.109714499845 -2419.898720639746 -2394.3831583521223 -6352.721233837501 -1873.232106911686 -3128.171128038606 104.65152265359757 4046.4852051251237 -589.6595647252889 -3781.3385362761755 -4682.559768319743 -1789.8698757607235 991.3186357556315 -4976.405023252039 -1865.9207037381375 3270.7203063779107 9685.406368300013 2064.8222386587095 5301.9565667407805 3136.4667173471134 5237.789072758578 -4740.697747610505 7298.068245849336
-6250.191336829734 521.7767693037476 -4155.774676861354 -7355.200450507422 -3201.7977422147605 7792.073735993628 -9776.146427623193 9755.5826696718 -5736.414211342373 8316.788046832928 -6384.174946501191 -844.3294110528404 -5450.436298235559 -7370.629043424328 -2589.0222716105573 6131.971996726608 8317.216643612457 -2388.3820582366398 9720.651938858002 7793.545003248706 -3948.516743170958 3869.2002687010954 -2101.2657792095915 7513.640469844129 751.8008447786688 -8977.738217965929
-8101.809175290957 -7440.8678318556595 -308.3549998004819 -2916.446070380208 2343.566843234121 -5363.749172876775 -7106.437860441783 -7336.128842720038 4315.2867857229885 1955.887599688378 6753.452238747883 -4880.464176397143 1218.0885795864979 -274.9744147297406 8075.211520853594 -6514.72089139389 2289.0525790396005 6997.332344662809 3121.508153650133 1306.8732454629335 3181.9296657980103 4238.960494860203 -7876.843960636102 5249.375355923652 -2087.2139001383803 -8827.137645973926
2536.726098783751 6248.6025169779205 1681.6647154442762 2339.4799732525607 -7288.617457231978 4995.25647581512 -6203.621547386755 -9607.003056148531 -2286.562560119185 3225.6032177949037 1821.5947879629166 -9359.394697836873 8217.150013962382 1154.040085370978 1035.9394523458595 -5489.28624968178 -1162.2563180265115 -6897.531525520442 6809.694284615263 -6931.525709263293 5629.018088614033 -8229.497003260833 -2125.010338054527 -8160.592066204928 -2581.4886004698765 1840.2519096679098
-6558.87309811753 6656.356690913795 8244.364545262106 -7310.967678882405 -9963.67452784973 -230.83489659629777 -1904.9936434907204 9459.646877269868 1393.3337989310548 1309.0581001625324 -9794.349328848368 -1035.3173587302408 708.7161437935465 -621.8721559820624 -8312.570992087123 -427.97446888290324 958.0652921561559 2642.9443192219296 6024.576695733991 7907.896045644917 8921.72362882012 1880.7837981064422 9819.9897355676 9523.962436103076 -6825.483157516383 -9496.334882012236
-3590.003393359373 -8380.999336093966 5014.544231203599 2852.0899855232165 7519.547187368393 5807.796636320931 -4198.613763054386 -6416.283058826799 1866.8333518575728 -9196.18709633871 -167.22962825731884 9457.532828655741 -545.1010487732801 -2305.466780319932 -8002.03998722109 -4065.553204842371 3801.479123117513 -1687.278571287081 -898.896326695989 9308.009818786435 1371.1552195393106 -2212.201045327025 725.494813208119 3450.8549549816016 -3259.2169523787006 8767.819666473519
-7635.207819448544 -9422.179182911357 7836.195258660813 5128.988913800937 -9354.03850565621 9223.61174701988 -937.5829189625474 8401.906524985527 2003.9970542451265 -1478.6409492624734 7024.532673785718 -9372.175108783298 -3620.490114764588 -6139.4438768741975 -4597.189616096216 -9563.84212630984 2755.85356494197 1435.4125967416476 -7514.067925484897 -4382.435646625764 -3403.794673732239 5117.124002354381 1118.0244815367041 -836.3813543051219 2390.5396484143894 7330.048928621232
-8036.399340908225 7440.504475457405 -503.9894964541709 5034.5044276126355 -5526.397183992537 -7974.147326896815 2105.0625368902 2009.9278168278433 -1735.1048340809957 537.6904263345677 4108.778406003023 -140.4962120791606 -6103.192517044258 8014.851101840788 7520.609253720962 -5658.918906728767 4017.153586864735 -1237.9273299405431 -6243.731474860517 -585.7572329097129 -7641.197327973748 -7124.002360671398 6484.0218673714335 6247.294482208876 -6308.085869619066 8224.90435984869
-325.24664060457326 -5583.422409706575 2088.476985681955 4666.2040634266505 6801.847090785206 -680.0764787164007 -4367.49782136703 -329.44420012808223 4461.830148668834 -3501.982101213428 -4403.254223302831 -4994.431622578588 -9908.143996791792 -7736.640007759661 -7922.7207815422535 4954.622589243185 -6943.052233693885 133.1756910211152 -9469.399790548627 -5165.695813525448 7219.652858309284 1630.2878438727766 -4014.757239315083 9342.29215757447 7205.168650726238 5372.450484433086
-7478.910452792961 -8778.799580532253 7587.927942660019 153.6108855494822 -8287.431357568044 -3470.559041212484 -3539.990651774774 -7820.660569377795 1590.2755604799186 -3385.117995934248 9219.035307740745 -18.638070539340333 -1764.531462198036 -4367.754850743883 -2506.741868774562 -8902.914537147473 -7191.841788009691 -5575.681458732813 6399.370317818237 6790.6082823272045 -7324.286382448641 1524.341778164402 -265.9423302689229 -1635.2051032578365 8303.758117334484 -986.4360450061849
-7293.695718446646 -764.4184428719145 -7182.968466225746 1152.1230944219587 -5879.801555911397 774.143592758146 -5421.080154202389 -1344.9876411009482 4615.564993388374 1148.4912258959048 -7291.11055560477 -6698.683901617819 -6268.405409527049 -1535.5453201407745 -9504.406486805641 -1757.5473592015678 793.2376331418982 4.342724302310671 2355.1915442632708 -9183.168419969243 -5967.270296144543 -6572.172242537581 790.7861671343671 4645.455576283324 -3573.873812502122 908.3990304940307
-8981.188561048137 -1252.8547809359843 -9496.646799772661 -8882.801990395985 7241.102168092784 -1983.2249804066396 822.2378934319677 -4320.297604759753 8815.187956834689 8414.090731412718 -1358.4039614389276 3876.5742660029373 1239.3076262945287 5832.333392640976 -6903.676362449316 1124.5579436391545 3547.3139506579246 9146.350782892769 -8904.084631930216 -3094.602802613962 -7989.97442333651 -7064.394829041807 -1575.6264311913965 9575.252507279642 3153.087862119286 -7677.551656714641
319.40532333720876 -723.9475922724268 3277.4840285982373 1711.5606719877796 7528.366081716133 3605.627198736147 -848.6487803422024 -6860.204795751446 239.1901052596004 9082.262795328825 -6391.998226330875 -3446.3553896961275 -2289.6119146194515 5029.1690649164175 -4774.97383581555 6537.339283879584 1622.5803547020441 4436.720758207468 -9521.341858015649 4632.713504937161 -8909.572912539541 -8805.074879256226 3289.194868781222 -7648.19190520657 2370.744741509772 -4452.375045547677
-5685.532304803096 -9440.43363997516 -9040.755033402134 -9258.999831214689 9331.001476814847 -1274.236561405709 7185.793439611014 5535.729050914633 7780.839905617318 7578.849493579852 -8644.278373306352 -3621.0155521071056 -302.3314865316079 -2585.0708211572937 7617.54882110457 7306.534592799919 5159.488875390585 -6237.1472828509595 1391.2258948126619 4007.6472875222553 -4918.190042146076 -9244.585954156555 8701.672064032613 1764.7094174885751 2499.200815641707 6723.026200932942
-472.94856799228364 4636.901403645068 7862.896585810489 363.8468013563015 484.83012376143415 7281.511802481284 4288.531961069142 -3492.1828227729893 3264.4685112184834 -3473.4649418911513 -9460.151704291819 -8222.59352847638 630.2832741464354 -5590.991643043571 6322.85140272344 3620.3124600206047 -8698.732117594505 4819.89679192889 8071.705742796217 6983.343810188333 -853.6773658170368 1985.5324957052017 6280.620614226131 -4718.292102768133 -6154.439719855942 -6011.381718234295
-9104.486247000881 -2078.1119158710108 3637.17059608652 8357.286466134236 3868.4987406440996 1305.202124453097 -704.3043982937343 -1627.863697534356 6939.995285335324 -6000.368272738084 3290.922335607138 -2854.2236324253854 7853.385207739466 -1856.833576836394 -7223.878447048573 7095.763025027514 -7394.713245860771 -459.53819338530957 -4908.380302120503 -2611.2356943856366 9638.493696767935 -8638.977610382566 2102.642178963377 -4767.423864675895 -2102.6951283989965 3243.725926310006
1 398
-9016.927185954233 8718.097817585356 -3961.521320255534 5283.059718213335 -7037.676979148262 -1198.3437604445808 2583.736341715068 9731.359436931343 -9834.468699696587 7379.232321075891 4680.034402263298 -7790.193645446761 -3545.2086531648238 1894.897143693166 570.2086067293985 9416.628691624992 4032.1029950710035 -2773.712140095122 9873.693589680563 9020.667154068415 9920.097015032887 9733.80993282068 -5852.355237052773 -914.3668797212176 -2728.22284645085 2001.6191160302824 793.2386590129245 -5417.72716080424 919.5995047376819 -2647.3698495462813 -5379.480985801441 9902.974117271111 -6559.39543314509 4882.188226073582 -9613.733194322884 -6440.969579848437 -6509.208878986175 6873.313761303754 2675.9682317768056 9587.319151798827 4582.035062146282 -5212.453637145369 3646.453152622058 -8022.797658110015 -1867.9512336435764 3365.3764233909696 2508.994753394363 1794.5760669903812 820.2346498246807 1141.0295233516772 7861.985176885286 -2365.566900890417 5626.803788547959 -6870.926501560945 2766.1628524512507 -3009.9508597968324 7715.34702397784 -2114.5496219663037 4150.635100662967 -3011.745481575903 -5375.798965342873 8040.843288856875 -583.569760823415 859.6165327957078 8154.7376401388065 673.3918715800773 -4250.212137657432 -4969.594711773968 1019.4758741948772 -9392.825854934283 -265.73136504017384 7963.234640246683 556.0881565289237 7092.727659279895 3816.626357942485 7466.474631587644 3890.2783097165466 -8243.308709930514 9008.717838816443 -6695.9943829876 -9147.340630438885 -1361.4048806804094 -5975.205038050335 -886.755765457754 3201.583472428827 -6778.19857898905 -3608.827531837431 680.6988528712864 4134.60817934067 -3612.3421931560088 -8722.668392712234 5371.7427297626455 -2653.1178769505123 9677.250318211627 -8986.02992008188 -6462.448750444736 -7756.115124505985 -4180.5083950030485 -6554.028225071845 -3144.96442565287 -6584.591375606401 3697.0088694658516 -3999.7615063979274 3358.6691465082567 484.1540187939245 3658.982829559116 6822.436250550352 3666.8576169080607 -1620.1259303216611 -6448.361726075183 6205.520927605867 8092.255634152865 -1325.2589970906884 -6487.063883166497 -2138.0748444208493 -8607.16262949748 -9862.342032785396 -2231.1978875019167 -2860.794473361155 -5551.8268500363965 3879.9404102194785 2950.25386340562 411.5457048633871 9895.70033877989 -8380.696419687652 -1896.417842963645 7527.613310620327 269.03536649534726 4291.977118000845 601.3091569499556 9838.875848755437 3186.1740443712133 -3209.199561216543 -5257.318368292707 9907.27620300122 -6479.332703708198 2303.565960198426 2499.2696431015647 -1344.3644008917909 -2864.058970538359 -9539.838683543923 -6886.429894913588 9396.413324045905 -9728.532954263213 -4760.086195003161 2365.6891179046142 -2661.4530029149328 -6378.403001148731 -2090.743496717142 643.1325834700438 2240.168531792855 -49.91504644191082 -7223.08441426084 -7832.414186919863 -7642.889829871624 -8536.28613091241 1443.2367840929674 5556.840343505031 8010.878623824774 6643.6340704751965 4146.006321562172 -6566.461712092067 -4612.471236774105 -1541.558604963784 2236.454695442313 -3692.482813353182 9924.208681351862 5390.3416732394635 -3599.2967202976224 6731.84009446971 7076.4141250461835 8408.008923880996 869.9934464432972 -4210.197006059606 3308.490705407654 8063.938140861745 -9652.178887025535 2971.4557181319396 2630.278674041074 5763.460860297149 -9831.514224534158 7192.781723563981 -1511.2629560307614 6009.912322688833 3171.3621205178006 3588.513529669626 -2830.646774365917 9222.320410444278 -4927.4356953118195 -7954.931674655321 -2572.875567561421 -9790.293903511487 1612.9968622771303 -4620.658231676575 -6615.448868677528 -505.10661264622286 -7050.862182818969 7071.8391597286245 581.5279032697381 1123.0562705523516 -4321.361315165284 8834.046432301424 -1240.7492024147614 8757.01127604775 4497.116040323657 -8784.401476837946 3098.8247153498814 -9415.362134775829 8541.834735459885 3405.8259516600774 1612.985199734183 4146.4926721599095 14.03750057864454 3274.0131906629613 -1669.8378161631535 3078.2152815121444 -2304.207399313005 8233.245715469522 -8402.695638583835 -4693.544551432505 7497.623756032855 6961.844666769008 3583.861914492969 -6327.365168239683 7264.780810419477 -9456.044775279319 4517.688227393861 -2348.056502804783 4448.992993093432 9368.148920729487 -2243.068980205576 -3136.94055928101 8644.094544886284 -9456.853988838559 -8668.46333129881 8013.420681133692 -2431.205027700392 -9627.309035316766 3115.8563297634537 2138.9947589474214 -5750.752470156366 7638.64160153241 -7963.4051329130925 6901.887217667871 6257.387159742595 -2876.9485661791296 6603.836914676936 -880.3552190484697 -4433.24997108796 8723.153881605358 3527.128262653703 -6953.715424169051 -5666.859181968695 -7764.6126537749715 5083.765302329859 -589.0586662424412 -1941.6795477888772 -8964.846624806349 -6929.417152716369 7198.265579161023 -2958.0813100883743 -1340.8793636526789 3855.303038702723 2721.777301936392 7227.71721826425 8253.214482683874 7442.2395267693755 -3415.353930864282 2306.3296577934107 -3950.509690758002 5536.414451570345 3196.119608102099 3558.815173857847 5522.339725124813 -5639.367577121444 -5620.131513426967 -9095.880279297075 -4561.354993328002 4284.581110789684 -5988.933714108138 -5120.004691232327 -6327.447239619104 -8809.024846886374 8939.521280657493 -1698.0476480812868 4503.880241277091 -4033.298245718508 -3047.3767626288636 -687.6580033514456 3907.496873481641 -4376.500566216219 7199.172481186968 -4058.8189239323237 876.3770775407447 1704.8400841802995 9160.5518719623 7176.091548209188 -823.9170118103193 -4981.989961324835 4275.076041606744 -7400.117906822741 -8140.368651101191 3436.9680781182815 9964.78676031285 -3444.136427885116 -4883.389189305627 6676.5893412673795 -4604.664196425374 5439.90682941197 -2620.0082609139154 -7434.995018989186 -2077.435689773146 -6560.516095267314 -3331.0965697876927 -5777.696675218238 9485.337112094683 4697.108952851686 3701.519680106074 2815.3941660176824 -5767.262931400241 -913.9908838439878 -7940.195590643922 922.1528729577349 -6533.855052651971 4837.496348345032 -3566.1424633717797 -4680.119368964794 7698.780803193349 4016.75380154519 1795.2466190900814 8729.125069146521 8202.174397807321 9307.639474370451 4741.583131843108 -9794.140657285488 22.832895735851707 -9540.766999801486 8091.258364516569 -5422.482884831658 -7046.170542190133 -2334.9457756201473 -3315.2986237975647 -2133.884132481965 -3251.8689432993833 5546.274639326659 -5165.9213280291015 246.7515069152778 -1704.5002987503867 2950.566024136573 7010.156979652245 -364.95071874932546 -9594.556026923665 4867.063159103298 -3200.6525601563226 4502.645076064082 7569.761789043256 5120.902900569499 8612.344413438139 7695.0455195624745 -729.4376180959644 -3219.69594263158 -1743.0059169124088 -9325.236866187419 9714.03710748699 2567.5329533333897 -9488.820639329457 9058.92975008694 9512.359159690874 -2162.267432384512 5865.015637566154 1009.2462432664415 3943.7356940079553 -5356.537952820857 1977.13726101252 7201.927640097791 2296.2638798713615 2394.1441724175165 -2970.4440586652736 7685.375575241971 1663.1417639989213 512.0459477307977 -1857.2384658630199 8242.88248898507 3795.2260922608566 6310.769314108864 -9335.323053402279 -5042.669916502072 9988.99056892363 2296.495784446637 -9196.635247543092 454.0587535980321 3566.6850551670086 200.30983692695554 3927.893831978854 8023.5835108506 -3396.0679964683213 -3151.444940580248 -4765.135481105567
