29 13
-3050.281245397242 -8036.04057043932 2012.9934509728537 4029.4477136930054 4494.433124076722 -3694.5362503334 7763.151625385937 7155.94177447346 551.1805621838157 -3496.5625978093094 -4278.501209820171 -633.5509716828274 2982.0064724636377
3949.3943694608006 591.3915225304827 7755.702106972465 -7991.65551134168 -8202.738136927957 2928.8541085495544 -4570.333881561577 2957.633512333852 3639.6222911989407 5558.499099168979 -3566.1824197265205 -8029.415803164621 4642.818019364375
-4721.529237471001 -7033.045488192771 -3322.958659039712 -9505.407217201704 -1744.1019048046783 8356.827690338581 -2008.3775268187983 -7174.266809387868 -6398.952929092469 -5065.862377471038 -542.3397844223582 -602.6649174027862 7912.596405823217
-5844.3363471080565 8454.289108818586 8702.255037918258 6399.783386285726 749.8404248257648 5545.360442963323 229.96537287981846 3782.066175236272 8736.566065224928 -8723.421567804286 6090.249419677524 -5145.437424695443 -2273.620592910379
-9672.418207369004 -1647.51667388432 3186.894560552768 -5475.154114758745 -9823.78140396133 6315.589635986176 8679.297677050581 9709.2175618299 1842.2124310429244 -4432.746065966575 8550.013335445918 5358.820491121105 2206.9365189890304
3144.967166697168 5795.946786630608 8252.665684276555 -2107.614678566785 -9947.139467215127 -6260.494684905871 -4423.834351552263 -5039.825860941815 -6654.08312366117 -2710.3391845030637 3192.798524907059 -4017.6121862739847 -7703.342255348578
3565.5715515204283 -6551.881606711824 6548.939978799648 688.2600223448844 2311.943698912726 -3756.559581325192 3394.256297858674 4639.5865520907355 520.1197426347917 5865.579934402154 6249.437434574849 70.08444526937092 6648.767580770327
-6121.7583561884585 4265.448817940765 -2457.990882953969 -9812.800248981057 1585.1105048620666 -3322.8036034754923 -2852.0860131951695 -5863.287199472149 427.2317044394222 3592.6690710367056 -6862.589270215067 8052.877509884609 -740.7380084663382
-4677.655645852079 -3992.7939294535 7102.09133071424 9092.717485588728 4042.5478656918585 -8258.21253718299 6965.997097713593 3812.330722696759 -8616.89733985447 3448.4775350179825 -1460.077045495209 1485.868909479168 3617.0387472365237
8601.61690724016 5271.7874604913195 -7687.705988177587 -2033.463688389037 1488.3389060334412 272.547202445503 5664.608606787411 9268.544495912261 1795.7889330564121 8739.626121133886 -6300.642169863999 1053.6938714110438 3308.6474091579676
5348.134391689511 528.8338413666352 8696.73678376594 -277.411327521746 5860.854988919798 -6871.822973337235 -4433.019767092456 -2927.7110490194145 -8246.334364473056 1117.4250279638545 9454.167467327185 1458.4119365760635 -1945.9522037901515
-3578.6841281214784 -1006.8907879467151 1720.4690069582775 8647.310362029879 -4169.574590295322 -3653.0446683114205 -9928.13341552395 -2370.862261474669 4834.043147892082 6249.693786781207 -6986.937005382248 4437.1955499248925 1662.1928346048826
-3727.9277183890817 9375.669511721808 1126.3239894047583 2886.1679671416205 -2377.5256138051536 -7776.170940921207 2729.680363157371 -8218.172585728407 -7593.9369964078305 -7169.345085089176 2135.927162290709 1169.7488960494957 -7183.775304738793
-2223.165563660854 -9871.91385796296 416.5415342004417 2761.3382577927423 -90.95979537364838 7828.706010633228 -2777.9479827592195 9467.550139652063 5159.996663619919 -4918.439225215636 8864.750440201766 52.53025563358642 -2485.45331909781
-6217.189814455617 4040.464785486167 -252.29642437278017 -2303.9401275569717 -1057.759963071294 -8689.773512734027 -2812.2559861233713 1401.635232840168 -1553.6813863310126 84.93240032912581 37.12678936273005 -9787.868549956916 -6870.034195029324
-1701.3825815856271 9712.348471381196 7012.62211422994 -4882.830172017591 -8824.61084788395 -7185.811693120981 7802.088407650495 1409.5431702808164 -2685.1517801763785 -7378.022679602241 8297.50326855365 -756.2677899953269 1295.377497830872
4288.353166344792 -7284.788741983346 3825.869308798112 4884.198928240627 -7851.518114961049 -4755.140204371868 -3267.12902546048 -5514.9944297780485 6229.342268159875 -5868.2832371066925 -9208.648692636427 7024.139937642463 -1303.3890495065316
-7988.178673948807 4183.062294449981 -983.0208969425294 -7600.420304161579 7425.82181675643 -8219.856335761184 -378.817622306271 9356.373341110535 -8522.13139495058 755.4631720861089 -1496.9396408286266 -1509.7607463333989 2823.882901165478
8733.253635449677 8562.097961191379 -2383.8086733198807 -1617.6971095595727 9436.830265185588 -8781.113011567399 9779.501762788288 -7832.504219015493 -3579.88981418188 3186.071970958208 -2166.12885591087 3306.43877566061 8954.83533734074
9659.451772084074 -9245.509031173997 -4346.408025216948 -5494.514187162278 5701.349322867112 6290.012909040523 7910.814603206407 -3746.182260556934 -7396.275624790838 -6184.656607389079 -5271.719400904218 9939.202786815571 -9921.094045976375
1354.6664987305721 -2617.951024543301 5124.905426677273 -423.9069616558645 -7377.806348515363 5836.623768441954 -5080.026862227829 -957.8719999022615 -2601.4230796283937 -2471.0662929463315 7447.858269608412 -5237.947168330544 -937.6312500426411
-1092.292048863539 7871.680786457942 6197.500174447483 -2807.4851483448347 -8854.496170721857 -9897.758944638786 341.47656013576307 1774.0946125938372 -3488.8048666617897 -5566.731980917516 -4176.370725132283 5035.896970194784 751.3015166441983
-6724.737527755491 -9751.530204953666 5062.134626967796 4145.501119248329 -6974.5755965009375 -2451.9495443163187 1108.6211379522065 -1813.4299755988568 -7856.167805890123 -1731.5222708548808 -9043.882212161376 -4899.606850353884 -1356.840150487733
-3544.696291949572 1075.0391675332667 -3928.358949378856 6383.373834063666 2746.243539809484 -4646.657675757486 -8832.883866390175 9507.422097728704 -9737.859219266697 1287.2279464328385 9006.473718973819 -2872.825653341295 4862.662442336054
9802.85247329051 -9347.826823409818 5843.751964819723 -6346.026231786086 28.239161052772033 2844.7768776844114 827.4500025261204 3147.2319696443883 5119.9984271476515 5830.156287842476 -6624.800183875605 5771.416865622212 3241.9815072603033
-462.06256650340583 6545.556575912247 2378.9956272263826 -38.109565508519154 -599.35958753675 -5379.043676261257 2090.2030449622707 -3621.200459596741 -6750.250965482815 8946.912147223495 6636.024710426656 -49.57574283990289 -6329.558343664283
8611.655414874836 -4694.460493355495 4659.55467982068 8309.760358904976 9980.508870714555 -1884.0354515179934 2950.062500602022 7643.349983552944 9427.364185660706 -4043.2726942745267 4829.828473275713 -2997.633534637116 -6635.589654577894
2657.580661982267 1454.5422707247399 7617.800090175802 -845.8959787942331 -7558.47700638943 -843.7385818342864 -9101.717624002858 9306.571259553966 329.81378800705534 -1019.0917753436897 -8864.800554287109 5246.826367388954 -6690.518589987712
7246.890066771019 698.9860400780326 2239.635498177 -3600.6449782892487 445.7683704828887 6724.976926410305 6987.58286406134 -1520.2227621792044 6269.399186376137 8142.443596651923 8639.097915188904 -9182.802064742353 7246.080913223726
1 13
3449.1546978985407 -9477.377480528176 -9882.84346775182 2539.8424761441274 8634.217219247035 -1926.290430619013 -9432.895089604272 -9876.746668554888 2320.389303983373 3280.8398885545485 5269.427716890834 -7835.310305159158 -6613.554769548715
