22 35
8660.667194580772 1360.1098117817728 -3573.5881465192288 7809.096182138863 2456.1569231947797 8244.000603535242 4549.448208535494 8369.715890681437 -1705.5992831699805 -2943.361172542376 4010.693873822629 -6224.863774113669 -7085.709195759933 -2849.270145841725 9995.118429293332 -5355.983148330761 -2.7883686603854585 -5669.2286314547055 9145.317491363821 8038.98756841811 -1716.6587065406275 -2467.6135106297806 9054.425694603822 -6008.310037486262 1969.4957396266382 8644.825000836896 -4478.926892162301 7557.000545383984 1965.1943895284367 -962.594542598963 -4272.793568376325 -4654.9528412460695 -5834.795663805643 4016.6150884985946 7845.747411536926
-2944.3561761367127 9940.909876964593 -6410.662381297328 -1155.6458747851702 -1003.0015862026648 -8216.85852232837 -9624.225750855532 -869.4228446213165 -3796.1591514326055 8796.046747505694 -9083.352939338682 -1774.0756831667695 5333.905596875275 -115.61904171424976 -3283.211172318872 -4434.88541606144 -9881.668109764707 -2125.0389924972214 -5495.85763304655 443.2072425862225 -82.05838008339015 -5061.543266293172 -3192.5383233324283 -9334.199465140484 2512.024208741501 -6372.1138711257845 -8939.33370337466 9861.515052399773 -4481.295737118505 -1686.9875946352913 -2161.6574086228056 4272.018026448941 -2284.516806625201 7189.456843441807 6618.904607379409
7785.139743179861 189.04302295495472 -9044.458283836719 -2393.895627442682 3039.5158264887414 -3867.0819485762568 -7710.412734123529 1260.7932230932129 -2714.891323567712 9864.558710268782 1463.8652549148464 -6020.566006210942 -5061.456427330986 7066.282467904064 -5976.083185836123 -7187.305590528832 234.4840704329672 -2526.6502813762527 7467.1236747408 6901.239832549563 2085.6597390909883 -2795.1593285561185 -9928.676095284283 9959.665918577295 -7287.1444614856555 -4384.312104293155 -4448.859155441764 2885.9876553744543 -9815.783294844256 1588.221280202386 -3566.0569269871003 -2237.1024707174647 -6280.104292530835 2559.7174108173986 -69.55172176396081
-4274.838977839821 -6721.69016195853 2371.7651424769247 6783.673351434885 -3315.3013500935203 -4054.773675155934 3708.631602715788 1034.1859772284588 -4217.247695346134 -6369.758061907349 6938.052111325229 9808.892328690923 -9152.11779612429 6992.539008582684 9730.836328839177 -3090.6205985219913 6337.8638637332715 7835.43236046064 -1662.3338972964884 -4427.106877349201 6953.71490388352 -6206.145284332722 2892.9586235303195 -9844.952712984525 6279.973496543133 -1847.021808487856 -5508.456273109477 504.5787081482067 -8119.82186427612 2728.9670361442204 -1482.2181560383106 -6783.606422350567 9345.640927705459 8279.7197345583 796.611342697206
-7410.443535292805 5006.998548801281 -5461.286082344448 -460.9036684751918 7334.952586558535 6158.219681072276 -3552.292091196101 6856.700532581417 -6112.941849439831 839.9098614959203 -9380.61046796442 -2117.982204020379 2982.0817590453626 5106.3591022460405 -9844.956089048505 -5898.429390015772 51.547133837060755 -3845.30381821057 6128.303089120385 -4034.8719036119937 -7869.026141644286 5145.758739297315 -1323.1286423486727 4124.742917290307 -5693.356895673834 -4121.96806053978 -3719.3275971958474 -1708.2401482377009 -6764.437480848001 -8949.119037832947 7571.261768734035 3260.7241794107013 -7923.228276538319 9395.828052329427 -5022.322680366206
1946.4446483647298 -7471.530055265194 3378.3245093201003 8367.437169443252 -7736.118148145865 670.7857738511575 2868.5492930609616 5717.534832218929 -9237.391554990954 1563.7543008185803 9177.46529747641 8840.333702894448 3406.185026338073 2594.0316879596285 -1584.1991147629305 -2318.26367133227 -4454.341453684032 5850.752122794995 -3494.6180818955263 8197.513820667831 -4272.176844872018 -8724.717613334422 -2352.8299892137 -3583.298779577326 5929.204737994349 -1916.9465783153018 4437.828705762993 -8111.31197860532 5379.322564885733 3552.5756115802124 -8413.0567116475 -1563.151173786202 -2949.8789917666127 -126.87848064092213 -8405.287841488278
6767.242507842184 -1676.2494856635767 2007.4123624796011 3646.05956556001 -6336.803408257952 5359.066309447997 3096.050094597227 -8987.524668723318 6749.679328259099 -2796.574671111429 1689.8140773120867 -4907.390631692406 7151.95743214355 6405.173213789676 -6973.441657062425 6127.307032081275 -8570.817244734304 2025.8212480193415 412.9921415818826 7935.082148559264 4018.7507429188045 -4937.819592875483 4434.643047399131 -7121.390057645631 -770.0836510354675 -4428.26034245229 2257.9538780176754 -7084.611345799827 -795.1330084261808 -673.4936436898715 2819.13084670267 -2384.0131305126542 -1243.9590492978477 -6264.721097902524 -547.7928237476481
5572.7658420703865 -985.4933941307736 -2494.0112021395435 -2858.1114377477834 -6079.692684932903 -8171.298868401275 -582.3188660220876 9313.529895290809 -9859.941648141048 -4737.723774724723 266.94876152579127 7777.004056875758 3559.9070568667958 6661.337857431619 -9273.871326568682 -9779.133977188178 -665.4394558167278 6210.309938010832 -6298.60297290557 2191.8086193975105 -8335.900454721785 -7682.581575773695 -5128.647855143882 -7730.36865249537 2650.185764429909 5072.974809411937 2982.7896089603473 -4725.915970624695 7947.9539623847195 160.20875201239687 1317.6562278855836 7370.969605037444 4402.502190588413 8210.168369917345 -6563.865318037326
3789.8575273542883 -3402.158619687272 -1388.153451484879 6946.699707866432 7790.584016678782 6980.295623360915 3964.974675660622 -7762.993460699366 -2405.2951248272866 -9522.244238404706 7037.939327452215 -9067.69524362113 -7629.847973254673 -3678.569412328945 -3620.2275962174554 -1952.4137046304822 -2470.9679662654453 930.6492787080206 -1814.432732133473 -1102.9630704149822 6884.7628553871145 286.3364174110793 -8780.960836648756 3010.7196404047572 2009.093205473937 -3855.272118197926 -7024.379846012723 -6946.249904136659 -988.4902660389344 5006.8767338779435 5489.483341477344 -9346.23016120704 7029.00552673484 -5887.276930428178 2164.6948814063435
1375.6495521214692 3649.812819255747 -4349.9910243181275 6524.880903389381 4489.1017710001925 -1738.418536245028 3531.2227768565863 4407.970464897377 9787.815244227368 3478.112705419151 -5812.778234292035 1334.2063815666588 4207.313775239898 5316.637305532646 -5499.667813766807 6646.953398607442 -1835.5641384805767 6338.99800141909 -6317.296964607935 7905.142955254574 -1658.2444328384863 -5725.873401116497 -8962.84184055292 7509.248121477449 9288.825386056604 -5028.418311446203 977.7580236434933 -282.3077761002096 -4901.566621232889 6607.441673738678 3379.06805209758 5488.522753221876 -7190.766505003434 -3371.1449831096397 -4742.3142341292505
3103.8787947590336 1655.45244928369 -3882.5924496355137 -4381.012692474184 -5621.14734280108 3881.8754601299515 870.2507736153602 3685.9228397858824 -5797.113724450906 6819.165945321631 -2989.4828895360397 3396.9651338116328 -529.3222582456383 3698.4882644591416 7169.254672372743 5629.267263794582 -8752.953326297456 8571.636633454676 9454.477771131493 1988.8028777833733 7632.528689792933 -9797.517563440839 1587.433636531392 -653.9657693229747 -7760.007677707061 7804.421708963444 -3383.8026495041977 -6951.964208508296 9781.812662327062 9596.40386879235 4919.692330938875 -4281.969706628097 2370.244140251112 -251.90367266265275 9762.53652557703
9840.120145853907 3995.6478451368275 -2758.15081807804 -4341.403062251272 -2277.190580129438 -8972.387919839464 -7077.548399370479 8055.010396946782 3628.041553591722 6639.039731878929 -7706.131014916342 4101.784859293066 -2846.1600413030983 -211.40459964782167 6974.672550997089 -6997.022253011151 -6197.982751019457 9290.039811306851 1980.093211432435 3448.20154076568 -278.00493002174153 -1268.6803617496898 -7970.308125273756 3703.7485255606643 1931.499157753593 9659.913815534816 4166.835750814107 6644.67570909518 1308.344967858795 2973.8553123671354 1839.5568723091183 9333.404781913912 4817.186028178869 -7782.524765796948 -3158.723431488337
-1539.7813261656484 3666.790880525361 4287.930373801217 -9736.985443662024 -3380.744032988692 -2899.625731996969 -3622.754438105673 2536.1056610325886 9788.168430720332 6638.2682062230015 777.5450455682603 -1871.7608326314576 -2563.9349599340003 4320.053189055392 -6658.662080012614 3657.327431159136 4522.40322994688 2387.3966923246353 -9046.701934985906 7119.875427414663 -3628.118560809943 6800.102194358715 -8382.674581966998 1253.7125450170697 -286.0282270624357 -7032.507552130809 -856.9391991631273 4096.849870941049 1762.121349716701 -581.2798778492142 -5267.526690196262 -2665.028527965869 8306.110406660813 -9679.022810270595 6266.937465678795
1457.9694225270396 -3944.8263866917596 3030.6305108090255 2082.913511554718 -5484.275658024533 7730.219132726732 -5628.826920996295 -2449.157039249537 -4240.282823206845 7167.394335207959 3930.6573748595347 3419.582863339594 5826.472200461112 -2362.7703170977247 -8797.19351465576 8523.523133865689 1109.402987584319 1814.3038914552053 9038.65544242107 5829.5889483563315 -2884.0974495137516 -3656.9096221993404 -7104.1589396808085 9476.969206698486 6786.02333901294 7516.547657046405 1166.1080646325445 8959.407947640837 8024.0379637867045 -9881.49053023297 8006.7198625116325 -7578.922898321656 -5741.1060087641745 -2649.2115703484706 1122.4367893457074
534.5716318811028 -9854.437179969107 6807.742156398552 -245.03932709408764 8419.813515599162 1947.873158077562 -1221.5729076727002 -794.2331099538333 5829.915553234056 -1384.7561643675872 -4894.202910136163 -3546.5918974607357 -6504.999111350778 -1135.641301522077 -6983.333999859174 -2649.4550224224313 -2734.9751457929815 -8754.556860289073 9738.155775110234 9194.144218588415 9275.96647665869 -7374.682754437612 -4728.237973471865 8130.361581598347 -7053.874815884463 -4178.630807247412 7924.722811944506 6248.140297815557 -6745.12905491607 968.5103843723446 -4955.380085132561 4389.21322375911 5255.9674274116405 -2469.2978863095896 -8992.385648016721
3404.119963791063 -558.8372711139418 8920.16715075944 -7279.54923018115 587.9274803624485 2332.6641886865455 7592.429015364829 -755.4551331423372 8200.776616860327 -4324.224793289044 -1234.1607983128724 68.94697988618645 -3540.5733441254815 -3010.358257444079 -9824.818123908659 -9527.93645286973 5755.524282554923 5952.764954170891 -5885.5081845748255 -51.69509006424778 8992.981568694919 -1311.879138539507 6567.8694714257435 -9597.932378976835 1050.0997323374395 2878.8702788738974 7898.422000349947 -659.8375631763975 -561.6180161659959 -5052.586516686854 9729.840065217777 -3890.4089649305342 -351.15346738164044 -3365.2583028248737 -1067.0456449170633
-3926.43336200706 2717.3658337594916 1888.4043563412015 8770.746078130553 -6680.2769840210985 -5171.401981757717 1897.2583593895197 8622.471092307911 9794.095170596982 -3925.655952132998 6278.353001863952 3984.6039070923434 -8978.05764210259 3520.0050756485307 8367.081270536219 3738.6166624155576 9739.682057409442 -1540.3258580567272 1720.4489392277774 7161.099552846656 -7567.102291204992 9498.196494581152 5911.066276904456 -5381.973996460963 8229.93713144241 -7637.312366647475 3409.59900315477 -1.3579190910932084 -7073.770059908882 551.3080846449375 5645.830343422 5104.789282084796 -3924.284028580176 -5628.815221789618 -4566.003472724711
-7984.3846976615905 1614.8408367675656 8941.890792593611 -8518.51364801929 259.97582044613046 3338.8693505180545 -4657.854490905486 1122.202634210249 -369.59083356311385 -8410.724507568524 6901.525127047811 6200.871397788011 -3647.1747257409315 4592.643344991911 -5274.778751039111 9454.452589650613 8383.209854257588 2964.766077294884 5987.952163572225 -8239.135269158916 -8652.668899537013 340.9217361128558 -1400.9244578423695 -6890.363233382784 4127.543899417769 -5961.581198538033 9469.904655006132 -3060.8745982109094 -6864.165122853301 1237.483528205823 5145.619962830806 8680.102844626395 8291.403001537023 -5221.150332770181 -9913.773915559388
-1521.117328471777 2972.803294680327 -4212.64603210241 6998.587765750151 -7704.089595643902 -8810.660831038802 -8368.547357050073 6557.469771074466 -5790.3366029847 4218.205085356647 8936.660758526723 893.8590363015119 3450.0134220014697 1642.841269229506 1360.9011389950938 8258.41407354594 7920.054201101506 -3627.923775875028 4183.894604326828 -4025.2675613272595 2833.4960097027833 -4127.791110353412 -7578.2799478006655 -4330.289321887004 -3895.84728225052 -8163.7963422449175 -7813.613724493775 7493.64593053182 2462.3448785495566 -7310.722772292793 -821.6215173311739 6070.493613885155 901.2014197905864 -2840.6928772538477 -1425.130553766643
-1689.0377443383568 -5116.751051084334 536.4896783571821 -3887.829650077423 2973.442783692317 -5607.520070018461 -6855.102435199976 -311.2747469529586 -6653.487689268059 1792.188922358273 -3235.1661608439026 -8116.141563342702 -9269.999456122197 5100.509946109309 9699.377845645697 -9090.659848310795 8393.013329200036 1787.0853575138044 -1032.9568853831624 -3038.622619034297 -7479.189694025681 -1905.4205254427643 5255.019340004337 2647.2164494967874 -6571.362132256738 7634.356080251109 2923.5330130795137 993.7468620988639 -490.1268765977675 -158.38552794052703 -4145.454572200453 2874.411804785881 -2231.2457559595814 7330.50036805727 -3588.7907823507967
-1412.0757279027312 -7134.892539183633 -8954.49545585509 -4096.930838983748 -9726.291573232127 4082.2770026175203 8032.945856756316 -2540.619348403583 1023.9369618273831 884.2308664851353 -9019.198104101415 8583.499960222733 -4344.816223163821 5519.284420512522 -4520.066587751379 -4547.0662891841675 -2257.050067980753 9092.93094901802 -5893.2635980241275 -8790.106880139743 -8252.421170676087 -1875.6617295127453 -6223.396855831984 2113.0240852356656 -1251.0193208863639 -9377.725581086765 7303.672635118892 -9510.59852976897 -4456.749276210359 -2383.290913335354 8063.03392199767 1994.7335165386867 -4213.465264287335 -9310.895144803932 1316.2764474033902
-5280.8623806701635 7953.004865375209 -8080.226800823693 -5496.135365668923 -9401.480232501544 -9270.553967662252 6205.028705688814 7379.850980920863 -6682.992608430869 8631.839354603511 7030.696185175129 -770.6362206124777 -7452.326596718212 3246.14514820194 -1103.793619549071 -9185.508598251721 6927.302773458283 -6684.115722763287 7841.0417535382 -2574.67109235711 7625.396536139222 6299.5845443275775 -870.80235848743 -7586.676355083419 1980.0499475791457 3557.336763238065 4791.6967663781925 7810.52752254955 2279.882351044118 -6977.919175633445 -6785.447260175952 7349.33377658933 -274.8085587997084 -8176.394424245695 -2591.5448269850795
1 651
-4889.265867726511 -5385.871682303351 4688.175499430477 -7239.302945631525 -1044.5962114677004 -7143.664733217616 -3318.0776802464034 5047.274903052665 5663.3637783356335 7936.598444456591 3173.7207408392624 7975.573913535623 -5678.627912769251 2784.9448652058254 -6282.204232643971 9223.039042380646 1200.9533790400728 2140.366293112287 4673.948323551509 6190.021835962094 1783.148817616955 1910.1613575500578 -7692.44240490837 992.1415712048965 -3325.822779950836 -2005.9756755023936 -9636.459698825127 -3339.2009383703635 -820.7607715101713 3403.5526134261454 -8064.732703675297 -8782.82309602435 4528.794747709184 1374.4460023697047 -6072.705919057182 6014.1917602395115 -8156.257005649503 9131.78222466468 -3916.016646768956 1971.787817471697 4167.9214688895445 -5852.154667919222 -2369.73514172305 -6726.300176270232 -8769.869093782376 5095.638493248376 -9367.17660303384 -6050.945711620073 -1231.8626006847771 9313.179541900914 -463.5378556656833 6312.77087648302 8949.47961169251 -7652.8679763131695 -9891.454282594967 2817.736100958022 -2604.7668907485067 -2514.018964900697 -9237.804146514485 2851.068353432478 -7404.266104060833 -5531.300849721401 -9981.237971416876 -7334.818376371066 8715.338014843685 -4811.228089923287 9899.168365839803 5647.583594631891 -1829.2975287622394 -2439.234756087767 -7862.433307294294 -7178.543997964936 5829.797704441682 -7952.091724375437 -7921.4033968822205 4318.201020257848 937.1493434839413 -5962.293738800797 1688.732555626877 -3517.6889221162264 -1325.3455025316562 8084.228417166858 -2634.952772750503 -7260.946715502301 1684.2206046816027 4740.129350411906 -8413.768377873943 -7242.933383421352 -2102.68801051263 9408.068119386215 -1024.9790240408602 9012.371043849162 7418.035188640901 -6561.416273642193 9004.40503196746 6542.319396669231 2763.402753564609 4233.75934090233 -1475.6156337203847 -8457.97917584924 1893.1114161504265 -7743.956882174974 -5453.087282790918 -6967.2218596129915 4984.783840491653 -7800.134015141464 2529.0602579423157 -1416.3052770149989 -6710.720193494628 -7027.813843631508 9555.605008076698 9810.063355698738 2465.0388728302314 -5643.458839147348 6663.862615489925 7077.701056083031 1369.0255255992088 9690.969355140322 1421.255037420502 1616.6896299430937 321.51412974651794 -7512.360840259824 2705.0343319285967 2026.890251137971 2132.906821860268 -5096.449325371024 -8963.248731360132 -6393.436744443059 7655.051237465781 7722.462983567719 -1990.992903337099 7456.78324423388 -9703.125215939934 4702.559470372076 -9412.081820447702 -5631.491886962077 -6679.618595720527 9186.041666046684 -5861.5386328405575 -5717.120914442713 -2943.273951555885 -52.88019720537159 -3611.2865080355896 -644.7377842498845 -8274.898902962093 7330.888533914822 3641.4365519185812 -8156.063036493224 9497.196684754515 -335.27858755615307 -1611.5914141607736 3319.7723660733227 7312.714476850906 2289.1781853364682 -949.1229126102044 3472.7888743147178 2608.883427130295 -6265.5564053455055 9860.404544906422 -7477.415134593817 1098.2798224655708 6793.590089626188 4472.017838436599 -1937.9037614169902 8260.930483323747 -3033.724153577784 7278.81175210093 4916.657908275163 -8166.036865995349 2844.1909940731894 -1693.7129626860296 -3569.9814664529276 -8973.639519473552 -4713.186388299841 -3133.4043584923647 1334.7438922229485 378.06077098777314 -574.3158158743081 -4481.609820024839 2660.800492234119 6404.202592702713 137.88668586926178 -3907.7042962299683 9782.043334634764 6707.151962215383 -788.0902338971046 -7161.3254332661145 -3851.0259204561016 7907.270206948557 6159.880184625479 2428.1902977010013 -4209.436941341398 8103.821143286761 -2235.855609707578 -4514.821290721252 9379.103502013579 2479.1449366583165 6557.585409581465 5953.044119717255 -3746.144360593924 -1177.5727685764068 -3688.469941538119 8097.156619776488 -3300.022920472754 651.5565145450073 8460.76153689218 -4735.9967739227195 861.8103340206853 5301.607836046889 -8109.188875777176 -7482.899495146531 7224.186762718298 -401.71089825052513 6663.781688744068 -2154.087977954673 -4099.899422211611 7590.062491524848 6350.123180613276 4068.9383518321083 -9163.193767688823 -12.568556468868337 -6442.889797679723 8091.92863275982 729.1482176806512 -5003.168221279886 -3534.806827163954 1384.6726996767484 4241.561214819678 7328.1574463554425 9841.461175791817 -2325.347188772146 -7054.168330098157 3936.552156274902 -7966.431204584385 -6900.594028955918 -9150.462446040172 -1065.63321342143 6898.517841148965 -6870.217225798656 2638.389937106338 -6135.884200518997 6715.795335431652 4433.82118975768 -1547.9024118436173 -6884.603337506094 -5961.859761425259 8292.522911880078 521.8970914673973 7730.012420985982 7575.095587343869 3074.627332013926 -611.7997174343764 -8994.009220583994 3829.4781553223584 1593.3352978861767 -2123.1659857218374 -9298.092534788857 -7047.920424487675 7094.6846465671515 41.22957847667749 3235.437816868556 -6531.951458922558 8033.493984912791 -2180.066674298014 1672.553942117329 8090.922764580631 2442.2238333947025 7520.242904606395 9831.662610586223 9660.021548522407 -5964.983297405093 7416.401934935788 4604.790683177629 -41.523571976804305 -8614.626962310602 337.47933835542426 3588.656731096862 4134.494884659431 7167.968269664903 5262.306011808558 -6593.179523628876 -3671.7392615192175 7571.214067734014 2280.3728232500052 843.172477425258 -6129.941315153408 -7069.979839078744 -7640.012790159481 -4764.850552178686 7871.917621786131 -8112.360783168951 7649.410371428759 -582.5876168432551 -956.0655993108485 -5431.1339682642365 5771.734121981266 -672.5955186294086 2407.2231480557966 -4508.96097493084 -8456.543366685004 -9660.485169669557 -7873.019908870032 8897.95552955077 4219.494784721128 6624.917186210718 -3618.9702979777703 2489.6726872274758 3760.5009571783394 -811.9486124074574 5347.838566964001 1374.8606710507556 -1942.236059636135 -5644.479244595204 -3722.192921791674 -2999.78005758581 -9033.447514807134 -7331.890515885661 3354.885757806127 -1731.4771598305251 9930.406949455293 3349.7621123326808 1973.2536237505665 1911.323261751335 -5207.003324314454 3352.2967555850482 -1925.6729762752875 2950.028825605861 379.66638981864526 3975.7505156513525 -3457.34353668345 -7289.642090177344 9811.588692935977 -6948.6508172853 8950.7564852451 -1569.3043804522858 -4286.6607590157055 -4152.268766024481 -8476.07357843376 5872.902886114491 7770.179743692999 4692.886989580109 -2085.2099524358537 7334.847654521134 -2487.1383238116887 7494.210357080694 -8706.171128391135 -1087.4801709477615 -3650.9491341575813 8264.654906024345 6243.163099447434 5638.952414847185 -9113.563351226781 -2829.6075000096407 3142.27880798534 -5072.082020742295 4122.284570706453 -4372.18129219703 -579.066423727767 -7751.172674640951 -2889.3910487780095 -5222.879805365759 2868.7977066194817 2981.6949168934134 2152.2982776025365 -968.3592447250994 9458.777414457683 -6031.277360724183 9780.68405892672 7294.364104167056 5968.631905650767 -6200.695818591462 -3190.801834055661 3023.8075178577747 -6002.639248987627 -5456.182481119638 2975.247549261754 8110.612918818071 -3261.349782434959 -828.3626016723774 2191.4835320097663 6393.937140308604 -1076.6178005831262 -4457.222264423015 -8417.134593108267 3926.0267498954963 1250.5956449969635 -6717.07688587514 -7935.325578458279 7237.9683130704325 -2644.641732380266 -4657.390269497632 -308.89132790604526 -2334.775175493498 6850.211268993837 -8113.076314952983 -209.06730969405362 -8385.876700895573 -7653.561816759862 -3962.3692043486944 -4460.923714968406 -94.46164498120743 -5490.550625944073 3572.3660054475513 -1747.0178579908224 -3536.314224892718 5576.397104093296 -633.7595416163695 3144.715514304713 -5064.292593904096 6540.023334818448 1109.2958539286337 -9683.284750948142 7688.8835907822395 -2371.0178916870973 -6693.354448543414 1870.1183036636867 8752.467624995432 7978.65992037654 -2108.0833330985097 364.19612342960136 -2441.0940053293425 -4952.042160908627 -3082.130800783413 -6065.541951147442 8325.390942588154 5552.793625222141 -6225.175285309366 1974.7593757252816 7590.858605578644 -1375.7400410917508 7230.78995530284 -5672.420703339558 -463.27492373602036 5901.161782953963 3921.5049777222885 7320.9462066645065 5636.705545282932 -6066.2513033449895 1228.657580640498 4894.621925178075 -526.3523440726403 -8440.083217733969 -9178.857825369863 9658.842282887821 3034.9323115604493 2601.207637379972 -535.7903693514018 5316.418129316187 -2863.570755544658 -523.7634660094409 -4684.195546982024 2405.91423243407 8125.217390710106 855.6527445475931 -4495.673275184775 -7649.669500512171 -1121.119307244815 3665.1063803734487 -9944.806341427146 -6726.66243015438 -3847.5051716992903 -32.954509771192534 3583.1167150203673 8028.510496387069 -7743.3467702331745 4949.324942312125 -9245.20768608596 -2060.100460070593 8322.159126284801 5005.8126322500375 -3418.337212604474 -5852.793274688286 4964.980201379629 -7070.633615347242 -5550.194550585002 1093.1913279929195 4470.690196024789 7247.3429957776025 7637.687901190198 -6681.564103037725 -4678.535563909984 8904.724794196907 -5156.323132682707 5647.910368586732 2592.7008187901683 -7361.55025920942 4970.777142735635 -3127.467315405621 -6008.870494271032 8385.076169864216 -5637.214575497327 -8120.75986647383 -3736.709158014808 -1859.6296351906585 8882.810759822933 2880.747521422165 -8906.99817537425 -1298.0982118818938 -2987.4325853316905 -6314.994045416897 4505.75233921128 -9617.806539458881 -6916.063069437851 3362.8358302482957 -913.0099697129481 9930.317930454003 7510.793665088768 8691.854268565294 -7869.166977662728 -6640.937937728986 -2794.331079393679 522.1686118710077 7232.146581605088 6396.510417312242 -7894.457126358129 -4033.2079774774647 -3758.0127716510888 -2335.8650162977247 -3214.7252653987616 -7191.164215868511 -1665.5967211545212 -2453.180743558718 8826.12926191666 2931.4589825258136 -66.08156908678211 -2558.1234703048876 -3068.1083184878835 8297.66886112808 8138.745392790057 3961.324227232468 -5196.321018511363 -6229.818047823246 742.7726053061142 -7647.024189530011 4657.173045479862 -1858.1124580582118 4013.293603214961 7080.649959642582 -9773.043556249568 -4438.944055843177 -2119.8635104155846 -6106.645057844018 -3135.1678668675877 -5397.104626133373 -2540.213472539117 4322.335289172201 -9342.768880145808 -5931.562522894032 -639.1787049934301 3401.4787800046615 6986.039231612725 2728.8702174776554 9881.672316606931 55.00181313989924 6249.8274428239165 -3131.8515464193597 8249.406887172216 -9558.403173545385 5740.151510675922 4844.0584124666 -3799.5775813353557 -5828.537640105813 5475.324957568844 -9130.813057039497 -4789.304177934826 5282.721029860864 -4642.663478770148 -9473.25345378807 6943.824641539388 4881.270654874634 -3598.2706979483028 2198.826537707004 6580.992522604316 2687.086538098165 4135.9695512279795 8807.133759488239 4443.133990021315 7127.575236477245 -2988.892442208733 -2489.6205328201295 -94.44747077585635 -3313.3804938815765 -488.1462305085661 -1607.5732813383638 -8056.680231373634 -3540.705309571259 3369.1348808648236 -1613.6403211556717 7046.692484454965 947.1294764349841 -7776.770364466587 -8896.814515056472 4799.60272949379 3967.1408287580707 5839.601736490216 -1005.7304974053477 -5600.672316078086 -4342.020152108324 -5472.7322923315705 3272.653028732375 -4667.360814213553 -2215.8367254231944 2405.0460222613765 -1615.7366446594715 4709.700999868255 -8371.609701559519 -882.4135032449103 -7501.520906043366 4633.820238776543 -4485.51865690691 3229.007159984598 6958.547138473645 5311.497891659583 3554.5973077567596 3849.028109339308 -8069.893063698275 -2060.9417426900163 -8657.940171414295 6045.390429616724 1752.6756347467326 4219.423294307258 -636.8428784936441 1451.139211963984 9190.940944114602 -1997.2289634134822 -7048.100094799614 -7364.1285374765885 6400.995441502033 4511.796419830067 -9104.887026257718 -3401.735523898299 2188.923775473897 -9787.781048672794 -505.600239829344 -8404.4700236185 -3066.834703347081 7797.607494114032 4848.064616701449 524.3529842088574 -4888.448391957887 -224.9832064793336 9485.512541870881 4058.794595980464 -1122.226421596677 -5392.595130901698 -7067.445664604379 6023.327468739595 -7349.647750635466 -7020.238041051747 7575.84004398726 8743.518090875248
