30 34
3072.593550040552 -3096.3503506051993 5205.977268178105 -3485.80177732825 1290.2015579565887 6344.525554431346 -618.6478315355744 231.5841247522203 -2043.7231877245513 -8654.14613258932 5556.7759802550045 -2811.212194157817 -9765.589511672495 7994.80604602092 -236.60142842899222 1909.9913091684066 6691.184487621205 391.81416333256675 -8250.557434644252 -8185.641083000894 2681.992536837466 7476.980916421573 7620.249976496969 -2476.3385944006113 -1854.6476110099984 8771.678855688864 -7215.4926406915365 -4119.951913695654 2424.322395242616 359.9976379412492 -6264.730786253652 6432.740342064477 2520.084197192069 -8946.067835690734
950.2006309490516 -4724.96950367721 -6740.693165776787 -1465.6646188099858 -936.1519475899186 -9763.700332007955 5642.568142476377 7465.572624645785 -8976.478371505042 7250.005046265131 -705.3068696569644 -8523.199241435434 1015.2531768581757 -58.391608501635346 -9674.980200916547 -9210.008552573081 -599.0756218517254 -1959.0457810089056 -7236.461993416124 7519.226108937193 -3503.4269163570707 -9747.140126979159 -293.02340626511796 -9744.03999259383 577.6658455082343 -9771.059574831066 5781.600856362071 4893.320468518825 1093.3919281258131 -4883.331872857178 4255.279648511572 -8124.679762037652 -7632.134942647237 2084.1027655785037
5054.775391700894 8770.711776242806 -258.3651024919727 1336.275205991271 -2846.5469307945978 6110.039106794029 -3472.6500021999436 4745.862724475393 -8497.40913569437 257.80771404740153 7024.160933180778 8910.548072751808 -2655.8710787821974 -5935.663094146477 -7132.18125065417 8856.023287995366 -6152.021701409895 -2258.720972075669 -5770.241320155676 5204.022870628412 -2884.8858655905788 -1783.6721859168956 -4916.718501430592 -5577.318625253265 7521.122201397422 1846.8095142162074 3554.160820424775 2918.5988304132443 326.1552679794313 -1429.440505216422 -255.35817068577853 3195.412365824688 2471.524789622432 -488.1371976804603
4530.436833270192 -4374.815744406879 -7693.051945179004 4823.734564338838 1414.8042700001533 4984.445450163612 1625.1350751708997 -4024.457831695674 -9169.56986027748 -3802.147365733166 -5623.305766027252 8823.757429968704 -3602.274300885948 8193.654483426712 2721.3653826791415 -2966.978634170494 -1974.310867992086 1123.6959406109618 1291.9974052775724 9160.966394198174 9786.985479474006 2373.4621317577803 -7974.166859434604 -3992.8221354689276 4935.001990884082 -5603.208768466084 9505.974561881681 -9303.406454952867 2628.788182031274 9432.829905317638 3249.3055420098262 4497.837608445099 -6140.914282324527 -9099.145427014711
1157.348557344334 -2165.10741235596 1804.8649552319766 -1894.605619853336 3355.3173216895266 -3357.068894333366 -9419.967102760396 -4535.689773950679 8784.768970796202 -1479.0394521649869 -5224.880949139541 -6365.499512232926 4358.65244165787 9803.162863693095 5110.1145589557345 -1164.9258267607383 -6660.549464046357 -8289.520323735513 7425.6319686143 9997.455858166562 3864.7692928562046 -7374.129972272061 7079.764382922767 -7694.070519620457 -2250.6148113982326 8424.014421076932 -9711.48825617577 -2073.3789312808385 -6157.194419709369 -3296.8651243374807 8096.823616168316 -3044.0400907353624 3218.751537235361 -7111.479499920324
-254.2007803962224 -2371.3789914760628 -9143.4211350434 3544.105131366974 9649.666107169407 9868.387631742022 9553.794115522825 1829.6354741155665 -6388.894473675715 -9562.6616875944 6658.636524806272 -7752.36031290194 -9531.336698602581 -5785.351347673933 6091.5822106344185 2510.188496396657 -2348.436867748609 8487.438048651733 8171.3826209953695 5595.599796296672 -8871.445452733426 -1288.4452676315505 -1237.2840620832594 -7644.236596771883 -7519.392972050012 -7729.408412801224 887.7620380089065 -7419.013992405723 6401.863715408432 -7986.256794359289 -6936.716706417889 -394.09919930804426 7792.677228946584 8141.342316318787
6233.201601595207 8703.266771264778 9961.043876015352 -4922.3785986682 -5626.898832039471 7913.634114309552 8455.57587891274 988.731886707079 -811.2076495967176 -4477.49341706365 8159.376058747708 370.2552816450425 5315.2758079771575 -6211.213326511606 -4431.508977198462 6411.299688517363 7911.842459406398 -8125.6059704255 315.9422084108119 -9588.695121285686 3409.8433733780785 -3720.2523652584878 2742.889959493017 -5088.114293466943 -1078.351356265981 -105.70017310659023 -6008.029820712589 -2451.295821667325 -3810.6152312142804 -3807.3085595787725 264.78409827355426 -989.8745686432394 2045.8100117998674 -5152.279586172752
8565.555760220348 2311.1579750611872 -8353.839911116216 -7658.88348530585 -4001.2923396470887 -965.0722697100737 4007.2757007374785 6681.197258695804 -4079.9642285358486 9541.440015604421 1953.9426612459065 -3846.9014759621277 -459.0103758396126 -35.47359225785476 5540.980078076698 3579.670614170818 7397.218327896757 6135.249468340593 -3539.65231886489 4805.548365705405 328.31049356653966 2423.5689121885334 -3463.3741932660732 -7612.774120720976 6629.347088284103 8498.18475317485 4947.404599828891 1054.831450109008 4126.831185645893 3794.9199548325378 -7971.115347709408 9762.246829490534 -1505.3834926945 -7151.810213332517
1608.7385025235162 -7145.363732912989 5363.661223832894 -7058.004035343058 -8114.55302965568 -4221.6346978388565 7295.6999670861915 -5104.428674827966 -7360.145906982964 -2488.355996758096 9842.818507078224 3881.537345405015 -5918.696992093744 -7840.417431269972 1979.5238000405952 6136.420843160724 -6276.590665711492 406.6964111684483 -8503.937451776046 -3793.2979238102125 -339.1915129902718 3805.2054401897494 4643.647805671308 -5450.716808339007 -2248.049650307915 8665.582464454059 -3806.0933461384748 9981.81363350098 -3170.205764871861 5126.003435016137 -175.5153744932395 -9730.694096820267 8851.150907630228 -7371.697102331192
9715.322476046367 2200.309592460655 8363.92954012832 -5814.043857604498 1512.2069101838915 -7952.586861106634 -5469.940394214463 1711.5256614957852 174.1714187069647 -9414.054396521637 9459.341695455245 -2176.831730586572 7631.701330919124 504.18884845242246 -8192.879817394436 -9287.459694630825 3390.458290876102 -5442.245349305051 6970.911120139026 -7034.0653123093525 1737.9456348242747 -7288.755609725279 -1156.6393370398073 914.236911050637 -3776.0878025935417 517.9627239744077 1178.1274849190377 9390.648298393513 131.43827731710917 7319.0990775225255 8908.224467929413 5299.959920287893 -2643.662794471462 -3474.703469130689
927.5947734285492 -9268.546307771323 -2834.038587621517 7766.293709420013 4167.649621301352 -1806.4499056346103 6062.660896119052 3938.7691673447534 7699.987306159201 1634.8369389702784 -2672.2283499477144 6114.986114303514 1927.2641373233982 8197.542115748773 -7672.501321676384 -5958.676594113655 646.751038423452 -3696.2756687675237 7215.419079217165 3115.2358418984786 3254.423179616815 5934.33068072065 -1958.740472398159 -3519.444305399499 -1239.9953268832123 -9944.034014361856 -9227.719149909459 -8058.00462835669 8491.76103732198 -77.69060041494049 -3722.20547197845 5721.0586235161045 -8667.058057296888 -3352.7649944457426
-2800.8552665886446 -6243.452462713699 2214.7440620723482 -9011.948115930642 343.0949248919387 -1823.461971713933 2188.3395017810744 7074.334907098546 4634.648989000065 -2744.3187959704355 -9360.537055711044 3048.5003722468336 -8246.843873444148 1537.16546170338 -9154.014562670596 -7396.2606289095875 -4715.478201085013 -7477.769809213508 3655.7686560883503 -4903.829645073496 -3605.058521273976 175.90925552103 -7667.600275444979 6877.981006371236 -6625.7758474402035 6362.061842005547 -8682.76146046169 6764.9044211408545 6573.416789450523 -5520.945466596965 -7223.7635443740355 -5946.248107204452 5441.187084151352 4094.4442146873916
5931.611197298231 4601.067945149469 -7280.511795451825 -9133.32800187063 9993.328954461442 2251.6729261661003 -5262.118957608255 -1973.688521820307 -8807.010665417312 -7547.491658181651 -5281.239502781207 -894.2712135007132 7985.910664103452 -9513.170962174954 3211.0821900668125 -531.3466356928293 560.8487565173928 -7431.814387604694 5644.544301638885 -233.46962256526785 -5472.767566869383 -2369.2405204343595 1085.1808332870678 -8167.184311760539 5839.810676165329 -7052.311310315329 887.8356658256507 -3479.6476238509367 -4348.7995816976045 1195.1699084585089 -3890.2890014997874 2362.361930363879 -6856.210278988559 -4827.602066374643
1065.9543441969108 -4578.734848524846 9090.010571229966 -6847.224810852166 5761.204146017068 -8846.370574098648 -9399.585715971412 1026.5507869006287 4289.232369442307 -9680.619309323745 7316.293457749191 -3600.8714585802527 6111.182680764337 9272.112646505168 -1348.6714449666033 2806.9873562057874 -7579.993039763147 -3904.3622488990222 -2452.957276636327 -8784.599286013352 4299.233947713077 -3944.966210683496 -2881.708508172267 -8527.872844339026 -8959.43559799773 9935.889844780653 8513.635004171301 5014.468688703073 -5501.0229663044365 -9713.9988947826 -106.12561350336546 -1428.2089790301943 -343.6973805549078 -902.2549041691091
-488.14923199631994 -1285.1674091775258 -1805.2719086833258 -937.5930765846424 -2267.088656470355 -6248.95044644469 7688.596211131859 -1346.2712907373934 -7358.760700639806 -9393.48803214704 4971.451239994296 8240.466816224383 9252.471939901716 -5305.479810809994 2913.3169906190797 7146.631451746867 -3457.0251124615825 -7987.092543025938 -2523.372479245898 1743.057294170916 3626.3107577834126 -9476.23120898255 -6423.232603598841 -1078.1877627975864 -171.8109703715927 -4326.451597294918 9223.959694814097 4534.568910717706 -9300.696814549785 14.574812465099967 -1128.4096184514183 8440.69645633757 -2657.835251749263 -8661.749888298933
6387.666317358628 2102.3432320658467 -4102.741944427848 3879.5163998536827 -2426.144859778514 1910.0001499713617 -6522.7939459791705 5301.599376252831 -7966.846652454389 -9846.59783189657 3201.9683716360414 -8327.067943482256 -5141.41794494741 -3676.120703442458 9379.18698641003 128.39927650833306 7555.677340995942 2273.5688266882753 -1701.8248507772405 9484.122873140725 -4588.70333804784 1619.7957180998437 -9690.07751358647 2352.7540390438244 -1460.327112108178 3595.670204708358 823.0068754950753 -2287.553324097109 -3004.8395339591134 6576.6108671609545 -8122.277925257075 -800.125814726207 6638.384434217216 -8365.323578896092
7277.82792362928 7213.60309143017 -3011.4759384641366 5909.114059577325 7197.883529225321 -8881.129514894605 -156.23896111959766 6277.9955919260865 4768.139924993087 8155.03397071196 639.12734147421 489.3058865117546 3136.094340366948 -8109.9551628787885 -8742.418190851471 1385.1099892930233 4325.817146507494 -1385.8318643309449 2085.3085530718727 7247.414613220379 -304.13398163160855 4003.6424561259028 3462.743891668484 8540.272760927688 -2051.0900194878404 -3680.593101648755 1398.3279435313052 2480.708920941368 4973.639334317721 -4837.4549811722245 -8240.229388749418 -4097.536201853347 9389.391342507166 6690.1588735189725
4814.055861604194 5950.072431469111 -6361.203288724431 8482.1410614005 1379.1205216022481 -3630.4062874975452 -1598.176506991791 -5113.564602727669 6165.103371990632 -6210.459589664506 -2250.6584895584174 6642.5587313927135 -7945.951665357289 -3668.971574451094 7387.259637104828 1446.143520486612 6875.970831409697 -4135.406800716852 -2019.7269890226344 3007.174037309722 6040.948381539407 6172.588766292853 -4060.720323497917 -828.7735191144293 8602.220761261 -7153.756908252093 4684.424125105534 -9544.089157534132 4111.285434727941 -3725.79069461138 2607.8998667164396 -6824.726203054776 -5288.510207767207 4866.702880690071
287.1862602526671 219.95901278057136 7368.076459104097 1707.8066691739077 3590.7353893118634 7266.879995610991 -1252.2914385229833 7344.143744828525 4271.966041154512 -6567.706953112444 -6307.112235221543 8102.313134385673 -2546.20664580631 4357.452342997511 -9270.036431607554 -8922.299528633657 1755.6047115318488 -9195.008243119415 761.3965022621796 -7336.300294367133 -6101.433950204376 8877.697588550644 6504.209722261432 446.8303505024214 5001.9230492439165 -6934.877093289313 -4987.077765757719 -4652.967549355451 7842.297691674292 -6255.727974028407 9188.902262039057 7078.953378838425 1017.1155486323132 2007.2371873586853
-8083.953815157849 3162.158078756045 3345.1883494077574 5543.380868353008 1909.9127098785339 5994.663760360143 -1269.1909643607978 7854.502433612499 9740.75200879302 1127.6513338313562 3208.8286108356588 -6175.384779320337 -4642.614846985664 -9902.691084457267 -306.2462305002955 -1714.2500817467972 -8194.353132055514 9497.715443461966 -8702.570477964222 -8697.064865677072 9869.85587533683 408.94393140869397 4313.236579652765 -9140.16874909892 -8084.543278435756 -84.98139459791855 170.60765589618495 -388.24631863455215 -6856.373191513634 7142.623083317616 6767.748810906505 5420.108717546733 -9535.712464099848 2863.210296615067
4356.061927194623 -9939.400414336462 -6767.5973631127235 3760.5370087230312 9276.962162472642 -7578.72697654002 1093.8606838158503 -4635.73508661274 -7889.963373529772 4212.71416764887 1472.7249541199617 3810.9939870844228 3937.545240402036 6551.217315962553 -370.74554827170505 -3689.6287650245176 -634.0739064617646 420.95401154161846 3775.3568633066207 -5987.2921972572985 3414.6377052216576 8435.383742812843 -5926.896257264935 -5794.380299296158 7078.539768820767 -6593.93362488228 -6750.504048784622 -9498.074698938073 1394.9468839633464 2574.8123353388964 -4807.062126591038 -8152.419103663997 3234.8037943234613 -5106.161695703006
6096.590835207422 -6403.058083628717 -5393.688242878281 8852.709402839297 2720.078228005592 5394.60418540725 9674.622508322693 8027.0653949860425 -8692.280096495542 7820.288995564195 8270.313128147456 -2447.406785053752 -1917.7822020565418 2636.633110173674 -9779.47968274246 -7555.1817545534195 -8456.32047591087 -5374.073123238541 -4468.219221279861 -2430.0489945117088 -4204.401188691773 6725.567324650183 -4426.037329472141 -3201.92400154776 5798.577602627503 7209.5491955155885 4742.8952079162445 -9723.242104477946 3638.457188469936 -8862.933351784166 1631.2327928484974 -9317.986151433484 -8980.11036997012 1034.130992900351
4084.5973914634687 6221.886704271827 -1147.600608817349 -196.4430997489635 336.5567089373635 -5780.331707139737 5330.586241596564 9386.294664936915 1720.1016223963525 -9717.894094040199 3053.9842884517348 3095.14924966513 2403.2929950175494 -678.6127211817638 1118.664315234173 9450.982073775835 4678.48482798485 -9150.05977932277 8493.419633120735 5344.539286569965 -2636.3424903085297 -3988.942210114965 -153.07939137206267 7806.765579755629 1462.7118730137317 -551.0554864666392 -6098.960582574806 -7275.35808831959 -1818.619542746933 3236.535123256139 2498.94109863811 -1320.839858081612 -1942.1131638703182 7664.097248892031
-176.04600570745242 -8879.043986672643 8645.326936217149 9563.516114875052 -9548.201875239776 1261.2175152477885 -8479.29884991196 -8054.598844249419 840.319913085792 -4130.184869472604 9410.912143444824 -9691.158039289225 8768.571192972347 -152.176128009507 637.2139007611258 -4564.242220411287 -2954.024186242572 -5072.847884890999 6895.1698951998005 -7131.495398691419 1157.0936798007606 -1570.939506902072 4053.2966515693024 -3139.6770938887066 4801.487782759714 -9627.25248968493 4253.643704257862 6947.8331575570555 -3734.9597578444873 5336.100254550662 -4925.922827899045 2830.3830567411096 -7536.310767787353 4783.207476727894
9249.812798951101 -2131.7431866136703 -7351.516486635292 8155.292097994836 -494.1253695561427 5782.336993473587 4956.847640159967 4854.908130851607 2971.5160919203972 5094.108998086662 -3739.1533462948837 -1676.8089691174118 -7.401237589469019 644.7923905962762 3474.185315286464 -3283.345932705597 9160.57150957375 -5650.281024101789 2001.1449723534588 -1451.4833097225346 -4331.846376904756 915.099267979982 8796.35746972205 -5858.18757846432 1816.4970961710587 -8042.761424169833 2996.5552819379936 532.3691842663102 -4486.195658693675 -9384.644625866757 8402.308564687624 -585.690624288085 -5941.252280935796 -5926.307784826075
-6100.9201421918615 5580.568230995832 5882.188964202131 1165.2873339393336 -3198.3577815537756 4953.942769506724 -8235.991294703841 -3211.9174855693 -3141.206520445512 -4298.553539809777 -3713.9703949944833 9189.381846741791 -1992.6394928617656 -4478.760033999701 4726.846962038311 -5520.509701457668 -5491.6141901269875 -5006.23131631903 793.8798981592627 -427.5837114845144 3245.850620856456 -5524.4825047572285 -7478.504021970835 4753.433285134635 -3121.6069762328916 -7687.1156407806575 -2670.0281074219374 244.36017279954103 -6998.440156056049 -7584.577009411435 -4903.0391440429175 -1038.4685616126244 3222.8629444112266 1282.9458779499673
144.8099005356944 4217.579535589855 -5480.684752561576 8973.980206489268 -36.325380403013696 4296.942132597538 -9581.172575375518 -1306.8626813390201 6156.684521961801 -8705.231124398802 3738.308484986037 -2220.0593569970506 -180.07827150943922 6844.886577555819 4725.305329178826 616.7751984755723 544.0719135975305 -7428.689938747919 -5069.679588828393 2023.0113034874503 9964.457309222209 -9239.708353027065 4952.288855275043 -3953.9620501918153 2352.2447180559247 -5276.383184031625 6855.591107317825 5131.614719223335 4683.256429671248 -4417.297389931956 -8676.821548985554 8727.491391961965 -2210.389189945816 -2609.5663282661444
427.415072554757 -7594.059578837621 9813.720518047994 -6531.7133986269655 -1657.3196763477208 -3754.5828657571283 -3080.5433579012197 -5561.4346829675405 1569.7862694056912 1954.6583828429175 -1547.9580047806212 7093.9907730419 7288.354050903283 1675.8826022758385 -230.62595614872225 39.83765353047238 8454.788606884384 -8309.388775176001 908.8132318091048 5025.78729439736 -9023.832832939312 -5502.42068580955 -8142.154585106527 -8067.31919372043 9387.28735197043 -1856.9738761504586 114.28477070887675 5788.819168560911 7916.77090204016 -3738.56746076906 3681.1773140696987 2573.6816947366897 -9607.472372470083 -9070.22717451906
-1259.7713430173353 -8321.478474120602 -7565.001428755269 3508.2851825609396 -8870.784872001159 5768.141416760489 6939.429292327393 -726.833549189836 -2579.0901244526276 -6549.887225176881 -9177.359104988709 -4175.746741248349 3929.664540532751 -2282.8170878299334 -5101.996617997155 -7286.594563861016 4323.110928786333 -1474.8019548444063 3058.452851968663 3559.2437265417702 3919.4415183008678 1956.17569284178 -7911.39664924805 -2763.864001253207 6693.656266094909 7127.92911274407 9428.283497576216 857.7915705542764 2458.5347518610088 -8273.11269071159 7588.374789707563 -1079.0871770989434 6984.461225693034 -5108.626016393987
-2583.535033334694 2068.00541667789 -7995.357452948099 4977.835541807897 1555.2703923343688 5303.444892045851 8237.897998695593 -8347.601788493505 1910.4171556641031 9785.594698742549 -3279.9581622132764 -262.6229733161799 -734.4523110324644 1501.5454959494964 1809.8810622662822 2630.3990631468423 969.332597479317 819.4410274082074 240.68595294632541 6538.9867447278375 -2352.0415853516943 -414.8040926787835 4820.456102041155 9695.017393654722 -5346.261825513338 -5105.240709547101 2156.386808561727 -8524.110640695213 2593.6836113580266 1806.786604956038 4236.934479170588 -3448.536299085179 -466.7945901108633 -8465.212925130085
1 34
-4917.291844724147 -1945.5661074458394 1277.1936911113771 -824.0823774861237 -3143.9989560127706 5369.373774414094 -8752.368967241579 7882.073574599843 2239.8062670945747 2309.670208133548 -2107.9972597564847 -7939.070075285464 -455.4256570300513 -769.8052073900999 3288.1947132209443 -1286.063808409428 -5630.3215912852365 -8024.951762416786 -3605.987455016293 -2306.8400179664604 -4753.48733471326 -2208.23932158378 -87.43559860348614 -2662.055769029592 5454.523582075495 -2126.6102570593466 1579.0081662647553 -7216.374210747678 5708.94644355797 1671.1055085554563 2818.0531225756913 6919.828290569338 8237.384372739267 -1953.188422015437
