48 34
1439.8960000491516 -6908.330789670181 -6069.762415870435 -6538.64495832257 9626.293395305322 -2237.1025262912544 -5023.207025467169 3915.6493458698005 6679.649298687924 -7610.559497710774 -1555.9302388716096 2366.1809782644486 4285.170665942633 -4418.197061117259 6523.609085386819 -760.6726971108219 -2185.22694640177 295.82184020264503 5364.881565752334 -4207.175714179944 -7763.315991218671 -2684.9306289413644 4440.2137473889525 -3807.590465950794 -4556.422625467345 -3884.779063769024 4049.0534623525054 -5856.174190942962 1356.9041940299212 8173.63983116969 2763.817413798459 -9665.12363699805 5140.041756383398 -643.3936690067185
2719.3536664681724 5205.643060710736 1122.0161781768984 8271.962642364884 5209.64818680124 -4556.648748738381 -8558.463325148861 -7627.1696069439 -7185.44932081969 8501.359416621159 -4104.544159290195 7881.810015454223 -2880.1832301912536 -7086.274537287225 9794.619108933566 3494.0486307941846 -6945.334272606858 1691.3590722229783 1782.399303065442 -8679.02901517477 -2808.919385794108 -9633.094371058065 5244.1150470318335 -6392.977625727658 -2451.7106521985797 3436.1544306406086 8852.566859558126 -4078.955038258243 4431.5065043442955 -2468.9778069830527 3569.5999253995687 -3980.901208416676 -1550.943376112793 -2005.8882298095068
5197.7205237453345 2579.780355343233 7929.627736435406 -2784.878964961803 -5105.184168111856 6111.714942434302 5180.0932861245 1451.2079599711906 -8034.221617431589 2867.725144056245 -5641.5020215902105 -1016.3212716342714 5296.832304901 -6316.958560070498 -1008.6524849542693 -950.1325474608293 -4563.218363044383 -9257.836577083694 -1380.6038373803476 -1785.8588021101696 8526.941750307065 9059.262987558952 2976.350392252236 5730.198417152176 -6907.518941703456 -643.0512029100773 8777.401551843712 527.9206015206346 9913.161676151729 8228.839469053146 -670.570323971464 -1518.6875087976277 -2206.48581201283 15.100032599697442
6741.1745956660125 -2260.016854231184 -5090.515278777768 -3905.6381341649303 -3468.244465331045 -6562.7905709981005 -8130.849625815981 -9960.522398912666 7205.4051301419095 -4044.6570220326494 9761.274174097292 5256.462439879448 3855.878899989253 1784.2582379581345 -915.0402722827766 -6677.64819958524 4577.564481932635 -4498.270596665321 -5844.98104416757 -4845.480373893039 -172.71757540955696 -9482.534799360641 -8834.180627229496 -8092.395056962471 5937.619576622979 3383.530526737204 5620.666051586259 -5531.761818720093 5695.542736822374 -8334.297838728853 9102.403155161224 -1748.2766783272891 -8143.631886929139 -619.415027105133
-5605.01829514545 -6658.153515622081 6511.958047775293 -8323.961215017838 4868.421090471382 -5435.182499967881 5048.8029967722705 -7389.545352315292 -9927.936661838019 -9578.240426264147 1901.568972758294 -8766.868711849744 -9022.433162649806 -999.2564791828736 7482.349230760345 9745.740906044237 -7297.153458571106 9931.936804529043 5403.158832939909 -9254.58806067128 9833.605352979659 9861.663745953269 -2421.34783953414 -3438.6791340898617 725.4951121283375 6239.47109992548 -4522.976974442318 4665.81435499789 2153.2349971842086 -4063.3612221755275 9704.489948950828 8945.641499467292 8357.19577287167 6610.251835430787
6640.574148918342 -2707.4555233436386 -8821.26781194244 7519.913976642401 -2388.5916534906855 -7184.738158128559 5839.899036126999 4487.466876696719 -888.4164953693817 -7892.802688361265 7164.522156798321 1268.8685375079294 1225.8455568173413 6004.46132703595 6737.52936370303 -910.1828092637516 -848.6692797179803 -4976.753948641417 -2459.1263883161637 2676.3602240888067 -4874.465848576555 2533.4735811370483 9156.96278583226 -7504.626667532446 -7531.095558375231 -9002.333709071872 6721.8386020037215 2733.0035832310914 -4720.680748525341 4612.66404933507 -3120.1838393398803 7793.676069715417 -7177.059482315164 9455.892205843349
-6850.170094879746 -2175.2493886147995 -5266.395831527339 4504.948112242715 9454.167472062 -1281.4644487732676 3535.877482798691 -1876.5245233663163 -9015.455109191236 -1804.958817870658 -2258.427695757874 -5203.548606727697 4433.62270667518 5723.75434720418 2010.6846879715795 9453.599093657129 2093.206130997254 4540.6695200743015 -6453.699894783311 9358.90930981483 3190.3392048620935 -7683.698447981469 -3750.456889604854 8361.455394580033 -8919.526086505683 -2076.8832456219207 -806.4025814118068 4373.398790839607 9126.287932904066 5753.475869462907 7752.7733347411595 1744.7215066526642 8116.114117907968 5608.368716254423
72.8483788239264 2881.9781410054147 -8516.656408880533 -2136.945127454226 1549.2394379228317 -4561.007080016601 2228.6428027867714 -872.1164999384182 -129.7679482280164 -4274.482537622579 6473.421995637804 6292.40377492339 -5301.830812914774 1633.0913386712891 614.7562979964532 -9197.885402031687 -7040.030135461159 8552.019924607615 6406.776575820601 6803.870177947887 2914.3871007623784 425.8998662721351 9218.709548436644 1935.2480406200139 1920.0638249377826 1076.0311548324062 4727.075062062384 7112.138159584905 9286.56535850087 2196.267223334711 -1163.1620439010585 6298.97526875222 -7147.930603335402 -9307.311112153651
-6704.855651565633 8944.47457001737 5044.141094847773 -9933.095443700195 -4166.325343408934 3074.636488744769 -3660.3475156301065 879.8186749827291 -2744.5813232610153 3739.124663685272 2681.616706236884 5349.738481949977 5063.703842346666 7835.398863689665 3609.1281669843993 -3953.758594511587 8912.552557344268 3147.078120449127 7070.61811454358 8131.181726689811 5799.660741282598 -1580.0768696770356 1531.874548364127 15.694479559911997 -1578.3440853292122 -5697.378475806902 9422.687961107757 2405.4363318465257 5285.787893830035 5634.06256198482 701.6298881430012 4185.2679792445 -3989.5305459093215 -3137.6105512190834
4527.447231913764 79.00247797067823 963.5503394940297 4055.455479468954 -4669.442049145987 -7280.836425469721 9029.933660988529 273.7999291259166 -2046.47990817967 3491.005441067995 -5820.951785068145 -2649.9292633501436 3440.2227950923825 5993.584833040941 -7255.82111027292 -9886.862305744979 -563.4528420714396 -7265.304869774094 -6966.329705306202 -4422.448023145053 8296.80587900784 -4082.115969669462 -7246.47786849343 -9529.698510961256 244.41205029486446 -7171.745585900016 -5262.938050447763 -7031.913662932007 -40.21589781685361 1804.9841259124241 131.80323199423583 -8328.214226108197 6477.683063978635 1533.156367738573
4192.960588992666 -8973.457588999156 551.0598912376481 -9970.422524312633 -9500.685468061361 5517.408043608972 -1965.8038949532065 -4822.450742176316 -8444.82115148911 -4522.902137484734 -699.6900061310571 7504.683930409254 -8861.097570353919 5105.059157259571 4976.506364247985 -5364.544476686581 4764.720596410596 9630.09823461713 -9873.4098167353 -3921.5174739405347 1701.8751689776454 721.4863330659318 6196.500723989902 -7767.884622469308 -7229.844382318457 7656.149386619894 -7818.04890783856 -9374.634641541994 -1539.7289223978096 -919.2117198739161 5236.343802774452 5887.711666106634 2946.3718106884444 6199.191855064888
4913.277418592987 9994.898859437792 -4342.443361465594 -9411.05625698371 -2279.2175882339106 5500.61480586524 6391.897759244694 -9875.565862077225 -713.550121312066 -2859.371303368752 -671.5999545029445 3814.3929933541986 7627.002318628045 2243.381079379107 804.0186989415361 8381.840286633327 -7933.112298165943 -810.2262185147265 7716.217043797878 -2364.0018016682916 -5288.848656556771 -2120.9865079893752 6810.148691482809 -1801.5093191173855 -2704.5816926245416 2023.6303470914354 4514.303241617186 -9197.583561790432 2050.245732077481 7778.249563933234 3506.4024650410447 -1922.7208206177356 6490.288584354188 7992.154167558809
6810.968542082479 -3486.0523146652777 -1998.0252985021925 7508.492007677472 -9462.137422264594 -7485.158069056872 -1305.5585256520571 -3232.1410059127275 -9585.030457854897 -9965.225250068437 -3763.2910117981774 7361.795777058705 6074.550498916258 9451.163224071333 4779.283788097364 -4314.642433185567 -7546.252096922668 5150.216469429781 -4618.415031500096 -2883.9342703882867 8772.654317744968 9655.07707864049 -8594.393321921762 3095.129617281793 5680.681229878046 -2400.8436653848685 8988.145748574989 -3763.797071837791 -3555.238069338975 6337.533998741688 -878.7980312347772 8860.025772940797 -1714.3507895824332 31.1499659265246
-4276.175535104332 -818.88204393251 -2624.550393974683 -2420.7083960624614 -8620.462766628827 8444.579379279614 9704.275618275686 -4926.012977864231 -6509.6354140724125 6954.563860182036 -2897.680124797129 9125.454143164803 6759.740209188192 6677.170249686478 4422.207259010513 -3495.368340570697 2600.293934665153 9324.711880095187 -2738.064199990895 9998.471066464535 -990.1083666897175 1684.3159542505855 6349.519640069602 -3645.338223843377 8398.473175229501 -323.2838768368947 2860.0964951893 3340.919804943427 -797.7119369710053 -884.4476818108742 -6189.45011667789 5756.0367524955 6844.940185854488 8475.036370222118
4410.092114485542 -301.6426006605634 -8732.773736318375 8799.457244165573 5088.854609085121 1118.9310235829962 3659.711275922784 -217.6545019645455 6951.284395720151 -4018.996216616748 5494.734398515682 3519.529674462825 -83.06368258239672 4514.54248416106 -2378.990837796964 -4202.997901490992 5544.470299673096 -8950.328909030628 3067.1879853641894 2709.8601776289725 -576.2910057490899 9799.4009840531 8430.485718119973 9128.982071314585 -4844.604235153298 -340.67343999689547 9248.629862802594 4309.603632289332 6764.363967783793 -7261.679550875657 9235.5481159894 5320.300615476441 6937.940163939798 7240.347676696645
-7184.5034016701175 -690.3097265973229 -755.1312325965155 5514.401685218658 -4967.692177818499 -5573.867846845784 -7679.490992797153 453.1303371912054 7385.460452111529 -374.8546136078621 -3298.084102904715 5319.830816038124 -3002.864559117351 -9267.119475858944 2835.6437538928603 -5445.099268920699 -4183.362925232177 9850.991950047392 5364.298894648075 -1869.8113238167189 2499.830344012531 -9592.7912187996 2306.380232648813 1486.4171835392517 -9443.166213801192 5613.470563160148 9542.540537173612 5171.591976184924 8381.48274802995 -6001.340446465809 6331.917391147859 900.3315759186862 -7135.450996381607 -2870.0616506884626
-9089.895828985666 -6594.373851114888 5817.041948193733 1509.6791462795409 2669.414002037798 6927.588945611838 -9694.889183525385 2495.4666043417674 1300.6284854460155 -9803.362058778363 -6987.01051118822 -3429.6805596605527 7738.603463861509 -7201.446300911726 9349.643179992556 5087.338393514523 -3765.8224570546236 -1896.3040203981518 -7588.122351433834 -4634.825853209616 9588.098376885875 2711.1069591316045 3054.8230447483893 -5430.043172687459 -1234.5742573355092 7677.299542016608 -1892.588665123627 -2021.883356448806 -9392.993605260604 9338.937308964254 -1486.9420005021566 -628.8944271490818 8664.59800780419 6307.732946966387
-3579.085438314327 -8132.749832424582 -1204.1451172015786 7890.794984384971 -6207.22810229593 -1647.9565432937234 6983.937029826331 3794.9186467014824 5821.6526898587945 5772.4360639401275 -8518.140841151271 3075.703835619417 -6256.349413841662 7892.826946300382 4567.520834610059 -7163.745166645108 9490.062246231162 -6562.422244052239 9879.256997160577 2052.3283135992206 667.8865317895907 6843.874722050339 3318.224029285817 3145.7449894590936 -5682.635288312113 -2188.387060944805 4075.203236225767 -7953.581864963764 9941.997556998907 9229.890103767419 -264.63564323977516 92.52970483473473 5915.875869368958 -7279.675001584112
8865.293589899058 3891.189263452059 5699.843288287708 -2988.4147227215753 -2549.700447338945 -897.2606980676774 -2332.120051163535 9366.865115962544 -9519.497106355202 7943.037759989606 -1325.7003525913842 -3559.6397596280567 7954.654680537034 2836.267054456257 -4861.762993739362 6818.99740769705 -4202.111502276158 5584.125220074793 -9807.496957435222 -3401.8544681595376 -3040.297225077722 -5069.762075809843 -2832.341364945528 -1163.8643980093748 1489.030638276543 -4449.192836015745 -5266.834111285696 -5474.559507849701 -9903.432596353958 -4835.426923205557 -9008.250370374755 -8880.360380279937 -5073.3542715999565 5154.612853818337
2865.889093390124 8720.91992986629 9114.632684393659 -1818.897862736093 7087.765420507199 -966.8293186093015 -6793.348197941882 1501.7219240866852 -3747.197400780351 3728.51172412877 -8549.181401342472 -3483.548872789688 -8005.133233280543 2784.2955118547634 -4511.781555708847 3202.6484432827983 -8918.571272971454 1492.686349421705 44.808386194723425 2287.698018055822 -1204.1682841988095 -677.1420581560142 -357.377798334659 -5298.974858146401 -1225.35546243902 2087.672805778231 -4049.758779899619 1933.788067462263 4615.848026416259 529.2706800978649 -2586.1831237693123 -5592.848628986937 981.262827546163 -4789.088351166524
-4563.154439606514 -250.3450833996576 -9229.70768291099 -5145.842820893298 2969.916988309693 -5703.935864992156 1961.3925905877513 -9159.671047868416 4694.720641341215 -5965.057467631512 -6802.356769054374 8809.581364868627 -3840.660072186757 2475.9430589806743 7213.566105431168 -8209.202019137305 6728.04967495404 8868.698022675486 2458.9299923440503 3179.5580701342897 -8445.469237998248 -7934.090448374846 -8418.07418873137 -7842.36208752729 -1236.3806574889895 4959.768850509183 5094.361871138246 -90.84975702502743 -8297.871662357566 7474.027175035666 4019.7380589855966 5552.666951348985 865.5267154490684 2687.303410475586
-1766.8121627183446 -975.9511832799435 -5771.324475407733 -1879.737492575362 -199.97840048862963 8897.810692147828 -1217.25482817812 3527.5917657441314 -7491.1759608209995 -7248.562728164272 -8478.439234914928 36.78216818661713 -7677.855678198264 8443.5299177581 -464.1258391095107 9589.675606683424 -6589.332792451194 -5859.997716413423 6719.21474726011 5349.262555809604 1974.7948362936731 9433.16034229004 -5736.60623212813 -5889.303279105878 5460.648253158586 8890.385356833984 6450.033058879919 -6372.545204421194 6066.799983815841 -8244.850065488678 -1661.1555703373488 8851.923677232331 8860.288501408631 3221.107685810892
1647.0076261619488 -336.78772683278294 3142.8490809082796 619.0130547806148 2648.073633054624 -7669.096784886185 -4956.276698876585 2249.783519921575 1696.154766294123 884.9557391139915 -6495.500952858677 6967.7873165458295 -5575.943612237342 6663.164987678967 -5939.930094544041 -5849.56204714844 -7244.84564351952 6607.602952709683 -9826.308089755617 6952.740063128593 3420.8678104110695 6339.027764032968 7304.8271503160395 -9286.97272216179 2139.083885158934 -3524.4294726493554 -7057.284914605013 2614.6208599488 -8690.254251420283 -5219.0856470505205 3781.910745378038 -6356.3147099247635 -5475.322308705435 -1157.2683740983994
5428.202000738023 5247.351262286926 -6599.3893636529765 7109.046365754784 5644.0808574389175 -2121.7234873351545 2416.7963267594114 -5263.025316272891 -3025.106415823133 2151.8673818698935 -9854.361117000617 269.6108060561728 1118.2162191436237 -3127.414450611299 1943.4235313345162 -8470.35016394253 5991.616433755498 -2427.6493812861145 7338.6321632165855 7473.407794465311 -9496.968093430465 -351.44649689682046 -7985.699184375908 -9263.027344823653 383.7543267188521 2574.173974836398 3095.363903807276 -6230.851244075839 940.7090007218449 -5859.010369564512 1169.1286708308016 8673.765320900231 7533.329507330771 -7748.8934421125505
348.21431932218184 959.5610797097324 -5404.19463057384 2901.7967351592542 -961.2520360705694 1177.3692471782524 5936.585251430457 539.4702639623247 -3002.112947961 -5808.821442951106 2968.7534797831668 4513.833656598683 3505.152127057496 6825.943886497484 9317.400444935796 3862.6813012903676 2713.157750137205 5160.282484445055 -6907.9601239263575 -2700.1025289050176 7577.622707373874 6405.030183741779 2904.2314859409544 566.8967390823182 8296.662300641994 139.6202624722482 8852.570628220441 98.98435278221041 5230.673776656562 2596.6848596437467 -8656.998759117374 -9030.914122959206 -9095.653008291738 3054.547389945017
5103.178734546587 -5554.4570606802445 -9866.159810895044 -9364.156072190226 2597.124080820189 1841.564839927003 -9534.437706464987 3534.743878381343 3052.185096500196 8236.642900383595 -1001.9360439925749 9131.96940255737 7369.453310059143 -9517.567160618073 9746.986295488026 -391.6623812754988 8246.555066232504 7810.956789078737 3965.835562064505 174.28578996859505 798.4115595038093 -426.88724435870427 -2710.0501972256016 -5938.97641985653 5595.589557856045 9910.773780671836 3679.7056723812057 -997.6782381087451 4258.131694435138 -4505.041203047899 -3816.6041752281044 -136.46149170962963 4306.920535573086 -1585.2449177097387
1109.9825999579025 -1995.0224544431712 7787.779744054576 -5315.892809261946 -4191.322731456626 6675.18945426838 -8557.744959303422 9439.46568005949 -3216.2827764669655 -4448.968379385485 -2741.4578780289767 -7252.328509687247 -6554.100015355045 497.58919207327745 6968.0476741692655 7612.77521199211 -4057.4863389855254 -9833.082909985567 -2500.5260808426556 4296.195601625181 2097.847172675236 6719.739034426337 1601.1501831043806 5733.9876691111185 -1576.0914359840153 -6937.534781822962 -4397.477351176149 3471.124232453765 -1379.2207161036113 671.3210967020968 -6121.881663511756 2154.5973392920823 -8509.013715697973 7955.033608859485
-2686.7459986260965 -6600.531305493589 -1347.1353266463448 1737.4154280206003 9121.462182692008 4681.8380991269005 -9151.036397798773 150.65917544869262 3158.8948092807605 7706.84355242391 2458.0589589767587 1200.3039339547813 6207.0371601344905 -5014.076096545133 -5093.77432820983 -5533.195344271955 -2860.692965745595 -5553.653299825265 -9768.805224477166 2001.0815845590441 5903.6838026589885 -1678.6503078329824 -7520.027649884189 7795.356373239221 -5488.394661099005 -1413.177562281051 -6213.224432970761 2870.447494228116 -584.9542810022413 2356.4162854223378 -356.4624568099407 -6709.798723449041 -5703.271570483385 6932.027096669026
765.9154941608849 2213.556148327705 -409.51650092458476 -9338.794143182517 -7208.435064437626 -539.1406472880626 2568.0282207492783 2572.9822494293476 9914.37061586533 3065.8180830025976 9569.29683449306 -2372.402261268776 4331.864341822664 -2349.9345443173206 5578.806271017136 -3560.021313211776 5103.1526319291515 1021.5619796546853 7191.790022040408 -3251.7446255873983 -6830.278563109348 2633.128614512285 2573.3063943701345 7055.598052256355 7382.139461857281 -4285.709226062108 -4031.87306832808 1394.7812811475724 -6296.305094563102 2167.314493035088 -7586.42264708977 8964.190870366496 -9790.448989033135 9880.239086552807
-7726.387828323794 -5001.552293875165 -397.5392222964765 -4535.911271139718 1012.281486470758 -6777.277187232146 -9626.602443159354 2732.017610553534 9065.196488367583 8534.333546443922 -3761.2483254109266 -7953.755768269035 -2076.803594941901 902.5552524321265 -8190.840397461605 6841.61014858646 9916.489502218334 1178.4462876202142 781.1146580606219 -8952.939826684873 -4896.346355960446 -2922.7649364951903 -9155.478753503856 -7303.90196448743 -7027.298302832359 2935.5000878470983 -4924.58078893921 1049.8783165682198 6131.878996319085 -2696.596678311321 2607.909747521615 7485.453672281026 2598.2022769401065 5386.88869118888
5719.099566440762 4114.783142334996 -1560.3528590235528 -3620.9515966638282 -5966.853655669653 -3169.8194418734493 6904.837011250143 6770.1757848632005 1332.910899302964 -6337.271869606578 1562.792518673723 -213.94502895296137 8091.57667538723 -3774.581121417813 6730.246417912484 -5390.4697767270645 -1621.7788281930752 -5663.119130519474 9578.533245669238 -7105.161275639995 7507.339198048743 -2020.9211790118343 -8495.894788679794 7062.304487989892 -5498.41007839986 4286.429971467489 4448.441271544472 -4343.221764173022 3699.9745770741174 7883.7624887251 6958.393371223196 -1618.6751224243908 -2011.790418835637 -8955.285438471325
6420.78516370022 -4899.33183371801 -721.4838461252966 704.8167775569218 -1404.4297930430184 3652.4195655671538 -954.6786346478984 -7589.91157313186 3121.122133672163 -3505.2772404525467 4475.191815270129 -3978.021030056544 -1873.7010610164525 4579.60214118843 9601.130217619357 566.0518083033057 -2586.704396119244 2134.391681719999 591.8903921588844 4635.34806166114 4866.424738044685 5352.802425397103 -5937.251496620656 -3148.9725026509395 -6887.658985072931 -6469.453564460182 -1156.6055878184652 7657.239168645578 1033.9244764728955 4414.144723664505 1220.9528692800013 4859.1128971007365 -4963.640418686282 -4862.354938097411
4037.714994602091 -9975.120755692386 -8081.681430480609 -3738.8144426713607 524.473813051538 -9152.632163511633 1758.5078637916013 5793.373443844415 5582.451263520625 9536.850726358869 4222.5408669955195 7717.934309295 6150.046111105225 2041.1357306233822 -3847.1230208067755 -6417.5382189645625 -9758.949050324534 2860.5983600647796 -131.22431126300216 -9146.657460776943 -2034.9220935441317 2135.8343684458778 6126.627959607296 9147.34533592184 9781.354088904034 290.52766889145096 1692.7299241048368 -3339.3636398956423 -563.2401401258921 -1923.8105257235393 -6038.977237682957 914.0568716060898 -7405.328551589491 -8348.052710493343
1296.5737799635863 9360.316626139538 8632.806069531769 4129.114523336128 9695.409319278999 8660.154208961067 -3349.9717770505113 4019.0882033190173 -2336.4880139360484 3838.4082319394074 3011.6867151803344 7599.427027086789 -7768.109976559461 5820.43813787368 6973.1460136560745 1529.9310574609153 -3630.2954727363685 4852.154167218243 -5414.793358048158 -3738.36255008446 9090.745796220283 -4237.030787167971 -5083.179752949461 -1661.3750248447668 -2260.094737183762 3709.6066419082726 7487.230534758342 167.01379892198383 -9498.75321070484 9130.984440109147 5869.739792803395 9215.874377932909 -4608.940757684923 1650.6897737763175
-5196.0808391795445 -9481.435617373789 3269.4301767864763 8505.521355460696 -7177.927366517399 4193.463839978482 -5070.048472417261 -3035.8574134113314 -1710.655319300151 6342.926148369503 -4640.825536476223 -8561.82416255126 8084.844428192711 1799.699922346128 8471.156454571534 -2331.357897176287 8363.008571678147 7646.014737282829 8744.999768676018 5467.2955956431615 -1312.472013739438 -4317.275900562357 9852.58802071293 -6902.656897731281 1133.247847959694 4208.997702098684 4358.623660875459 -2935.4944984148524 2201.356542848349 1937.15296129952 -121.25981997585222 -8008.774399832352 3750.665462083676 -9746.922864411712
-66.33713974334205 -9822.881277889446 1385.8516697191808 -6954.553849607674 3825.327446344163 -6975.416149116058 -3194.134065643475 -5799.694891799927 -5162.815829276868 1295.2190679189298 -5320.80971821379 -222.38336283759963 3081.179840407158 1528.5515390408582 -208.4490016045911 4271.615404566879 -8995.139074129796 -5783.411871821262 -2916.800916078417 -6638.334014382852 -1886.446968164022 3012.2053759403007 -8623.68951112885 -3731.6162421256613 -6944.6763039628895 -5498.823451235022 6781.052761383711 3233.886775178691 8118.910893216442 6906.349478744098 -7974.731606654608 8407.888786262945 -6024.942471151116 -1888.2867514021755
1454.7364337039853 -2315.371287229106 -7272.185205210091 9936.24982299679 -3449.979103124332 4683.9685374536 8585.712885285182 4415.111661187893 -8856.331335581905 -1793.0120290124269 -6294.018760305098 2226.203978640204 -9467.505650332081 2568.8235092256036 -1257.0698443038618 -7827.314625320645 8411.029130595503 -2710.566840232318 7189.532279309817 2029.635776223131 4389.535507869847 -5802.226270226627 3075.0688947987455 1019.9681513528485 5083.079574067138 -8950.365930186612 9033.489701957918 -8284.328767715853 -973.3061901248784 7526.29816721267 -1621.3044691900304 6429.842458534607 1309.859725792916 -1274.1095680121362
-2813.356399894662 7402.47547281707 389.92082772444155 -9916.543219221432 -8318.730188494317 2174.122712971315 -5896.604254058087 -964.6659882288659 -8098.309802693721 -2174.8906915577245 -8433.494227241357 -6278.984633974765 7163.138608736848 1231.5546748445995 -6416.897012025657 7283.475267248803 -5954.4056093001345 -792.964910545028 -5274.1953757393585 -2950.826533733708 9861.345038340256 6156.919280354092 -3240.183018081795 8475.226393354566 -5341.068960340957 219.13805542305818 -5276.047020187651 8197.451692589137 7613.497226558287 -3583.7367675921896 4850.648530781928 1455.0844416625805 3032.5590281025634 6690.97220165826
9179.349212319994 -7842.95936904777 -5361.640334049327 -940.4837987563533 2258.055448974079 2677.9973588164776 2118.3477434325177 -9990.889592835489 4101.351691088847 -928.9682089304006 1523.5476911631176 -8387.806059877565 5314.37330183371 5350.930592086666 4981.163606919101 9519.595993565312 -1356.954714854939 9399.943866273468 -4159.69159226286 -1064.424851757769 1257.7515680454362 6178.164884476388 -5320.555979132924 -9569.296803018435 5862.162769375816 3489.316304578666 868.6370582812615 5185.114198087736 9707.637665852206 -9596.81875988965 6190.367134197009 3845.943161265952 -7224.632854291908 9033.432803569023
2806.5906157160116 -1145.259410791592 5351.941351369949 8063.66369262337 8457.18362883422 -8178.446682441582 1607.8809341676933 -6472.733291941681 9437.550296295114 -5675.072646323063 -8500.534039049735 -9658.15472254139 -9509.60149376572 2226.84874254651 7392.304402016798 3124.099518401379 -4438.367727996553 7880.989163888444 5524.888639206214 6789.607321733169 5930.6465327125825 -1144.1517247351312 -7513.8240191121495 8500.00009033546 832.6271368103262 -5656.875330719764 -166.19425382440022 2433.298452054074 5135.950947729252 -802.4098671867432 -6687.233816905991 5844.570782777819 -3155.378735834891 5594.315692575814
2455.7210607489633 -2243.138416644774 -1757.964162739714 8497.501182928598 1396.7179126194187 4615.173165360178 8930.012345158597 1854.4180391599439 -8567.029395076326 8957.534628383662 -2303.173569373458 1917.485881420771 9304.467403667993 -5186.8337770184535 3199.767784247604 2072.188717450479 -6226.61776701967 9970.269708952208 -4209.432008711163 370.88445665062864 -1490.1502163830482 -8082.271203040818 568.5869281197411 -9707.458484856326 7807.121636252075 5612.372371803545 -685.4191675844231 -440.4124005454396 9460.990944347534 5060.581176638665 -8757.562508233459 -6832.7781281473635 988.9114511541793 -1936.826557043716
-2343.119672981801 2739.535932357914 3198.6396161306384 3849.3847199195316 192.33841917501195 2336.0557709238237 -2895.487809610573 6498.25659867829 -7050.249215485859 -830.666827712108 8952.079648293366 3203.0955360188836 -7478.6694819469285 1120.8298871351217 -2587.947624395035 -9338.194259986554 -6855.771501064966 9415.872129334173 -4014.95133941536 5632.27995160424 9320.189211478344 -8041.347661586531 -7760.132649618721 -3981.2847952909806 8117.167874737766 -5765.907003295736 -654.7209167665351 -329.53919080195556 -1930.7739342676641 4660.750666426002 6418.024923662222 1039.6703216940477 6970.57546097333 -7217.3854719471865
-3942.746070017053 1636.5812036691514 3087.854534277285 -9985.030907094568 525.0834158435864 3562.906287016367 -788.2135994677301 7382.909043458087 -8900.566703337516 -4872.317546060025 -2952.2660478393336 2432.80162082069 -3605.2870121227643 -2193.825139719541 -1483.8240241213007 5327.2914234546915 -5232.579602105508 -8888.176901646146 -3223.587587680663 -302.6356378376968 9737.73328582232 -5831.021378888188 -4960.531683150169 9153.533599322553 5676.748532926167 -6746.805059793007 -5410.697832428426 -7341.530717376792 6709.89400758153 6303.117842689158 6842.700301313322 -20.72128878850708 -1648.360910792595 2125.170578706826
-1798.9025507579372 -6190.158398227337 815.6335709648847 4508.868849419532 8128.892995853992 5649.093995625351 -3593.018258070013 7625.894377250006 6750.726562093954 -6183.8286438351315 9811.244194922143 -1571.5509679124843 -5226.878408717035 -5667.347719058957 -6460.9359216520825 -7178.539092518156 9306.601860530413 6188.861407324133 -1788.2676345993514 -2773.198027608976 -7665.856300900055 -9964.084491305442 2898.6034757463804 8710.13308516223 919.8942202883572 -3870.6348989555963 2397.672015430011 6965.653498850377 -9129.045339734972 -3390.8010344135664 -7075.46199900373 -8358.170116781936 1539.682747712859 12.964797880948026
4869.383210813785 6988.3192024827695 4985.554053036318 143.0755747132207 -773.3232924300082 1133.8774147477397 -9531.503073708729 -4760.751740247389 -4728.820011634707 -5626.910108618493 -9183.561499500114 -4823.815139111074 6685.094660376588 4967.320611340818 4296.87062828072 -315.3155867324822 -8645.010111121566 5271.871101312476 4216.909654545196 -4381.231189432681 -7324.121810784427 1027.1305953865012 -5524.980035027085 -2330.943520830966 -9481.035842527643 -2910.2937397211126 4468.841277608664 2651.484956257038 -138.3759750491772 -6931.421053530325 5402.227094733627 -242.77346786365342 -7054.173066038602 2678.2946749379225
5151.121174410833 5361.318981950604 -8512.030723841068 6423.495268530671 8597.130335889997 -8671.732992468562 -9114.63221029778 6070.028820963125 -61.31469550111615 9371.737466485596 -7886.750521784643 3673.0629599434524 4408.254378495385 -1811.3035762687587 1675.961498911709 6127.189449105097 -7304.632124397935 -564.9880474656784 5731.637175549251 7713.940990938267 1850.5133367052003 -3142.5845620482896 14.592298510342516 8059.677109854925 -643.2304600966272 7908.580059102958 -6449.166218807923 -1529.8224301968949 4014.912848613403 9000.72489045947 932.2663354315628 9387.416319502285 1179.7433393594201 5230.494383677922
-1145.0701221504187 2692.3124966612104 6982.259860584258 -3696.257226148141 -9947.634395934721 -5011.825084357355 -9636.47391982991 -4084.249295951561 317.44983213072555 -423.95564381477925 -515.2240256054138 -8374.238112140534 5407.130975443368 -3994.8517232039985 3126.6165042686553 8705.001958447072 -277.16578913289777 -2339.6674402952076 -7669.543535098363 5190.320959338596 6111.951900777771 -4843.426121197181 296.47588111367804 -5381.949940774511 -3274.067129980147 109.36489222145428 -6255.455794519793 2796.7382940448297 895.6882900236596 -5207.527708257251 -8635.99969518876 -799.5221448793873 -8168.108078004956 8989.259661623622
-3237.262411116011 -1520.9334808482945 9057.163292311176 -9861.972256866116 6685.151907498061 1715.0695107605243 -6941.493573490398 -1809.0330688330323 -6840.79278913881 -435.1980129555868 8347.504241245377 9357.19652437972 -7768.03642812991 6233.802200529273 -8901.963437918665 -4168.318776676288 -7508.89524372587 -8572.518331521103 7558.219357383812 3790.398136946118 -258.3112882989426 -2327.7869510144874 -8614.595922786892 -9894.202381954006 -2739.6079844482338 9957.692348203585 8976.755234710345 -7018.3872386500125 1153.4632765253955 -3928.5560493895773 8649.139400008735 -9381.986395880927 -4748.15685513597 7995.434395929806
1 34
-8253.754808607204 624.9168145896547 -8622.41201613116 -983.3241201382989 -1652.083356509247 -9236.787471857837 -978.9614047155719 2040.6633139783462 5582.449240887692 -6281.378024388499 8991.91753969742 -68.97372063346302 -9819.034032431617 -2585.69724969639 -6299.31319464959 -6733.965501729884 -4468.118315858436 506.1748322932017 8868.380278600463 5986.276019890618 6467.99672712704 6050.501890623205 -423.06306597152434 -647.3945137885348 -2677.1469289456572 -5672.262867231908 1856.6889688998253 3095.318192591638 2416.2786376330478 -4655.522054397276 -4815.495976626973 3816.4413914512734 2261.52300795088 6965.324431508503
