87 29
-1277.482407034966 456.0122013772325 -9987.932468293367 -8882.48045161701 9599.64008849422 -9288.994312638035 2261.3594653720666 5905.384102555869 -9137.20484435522 3044.9750733546534 458.86443522350964 5799.287416062016 3833.4660492116836 9550.183037972103 -2019.2436281866885 -2856.1018280597027 6148.261254524154 -6426.273308000313 -4935.3519439077045 7618.043823309563 -5486.7616249425 3713.3696426321167 3909.5431839738776 -5007.281674433792 -3276.3218107265457 721.9900903648722 1720.4338450498963 -6294.075247703068 3915.230300583644
5884.279800927177 3278.3335320057286 -7943.9724870071495 6436.814644122238 3587.1843066298825 1854.3445539585755 -1772.1674462633055 6165.897312448889 4646.168295702593 5482.1501965089265 -3098.734995546355 9620.89057589545 3072.849630282284 -2521.5613572200455 2316.594991633139 -9702.130197391934 3166.882733005181 3730.503388714191 4987.327851066526 -7999.960218220723 -8535.58397109322 -8724.569058836858 -2091.0364203249783 6259.3207175082935 -6215.76247054126 -4880.4326997547905 -7125.522977106766 -8805.629773757766 7087.822435600323
2520.3834259925898 9019.072602051237 -145.59166210992953 3565.3101300455182 6180.324382239252 7006.061967209651 4883.161337847463 6396.697607684437 -1648.7793536417666 6520.648704708448 6761.778249198531 2972.567723887136 764.1283636660792 -9965.357335282593 -9727.968858680495 4986.31348500748 5189.00474975163 -155.58163131280526 -4714.868143417919 9486.053658965171 8081.8478422721855 3728.2187828571114 2689.2977731149967 -9939.089257550362 -5271.37281959209 -2817.5447107588634 2319.2860130385798 3326.8722948183386 -4098.823218291652
9912.414946961879 -8881.289683899902 -8820.147059523082 8118.162044176326 -3565.1933944159264 -2823.259768411066 984.0766396889485 6198.128989646539 7698.278282513398 5517.337080503186 8220.952449544686 -732.7020931634324 -2521.7678332095047 3536.99063615623 5128.418271471692 -7545.382759799177 8300.479824916074 -5286.280458776578 4513.7294693835665 5108.218391537232 -5881.6055806139175 4494.553042534504 5103.028225123524 -7062.6814288661535 3945.6570382787486 -3382.744970169385 -278.7116339697186 -1061.232336219049 8643.063553334141
-1227.9788323154771 4812.354163122342 6264.141552310726 5702.620818549258 -5154.906827769081 -705.129922121394 5470.185546019986 7230.3796316463195 4754.99244515964 -1990.9497141304637 -6846.635952076167 4900.782483786534 9174.855532486748 9612.356232086491 -7948.532433896076 -5148.651198261287 1492.8672580823822 -8905.516687535315 -5464.894879727238 3372.237112904564 1885.8164286872689 -2603.8690815062164 -5933.28908817004 -7802.74401695185 4930.767785416883 -5626.973680799068 -1005.1054213026455 6388.333381149936 4114.383809968358
-6906.898961431811 5986.562984775923 6247.170692658241 -676.5188629474942 -13.566945164193385 -5228.244359051897 -7434.839554230488 1520.045485445502 5099.438226672546 5921.280969831483 2018.3199386050837 5887.778783438065 1048.069698871821 -1917.9274091842944 4886.192722927011 5195.838007534623 -9473.008935966887 -6709.806559379359 8419.17326071057 8899.32639655401 -7373.953465250264 -8975.058143074333 2399.554634987264 3540.871676977724 1109.785889707413 8813.691426331741 9496.073178296036 5353.581635581697 -3487.59205512633
-2182.6580431187167 -3653.2004651857333 -1366.6955933445734 489.307037404129 -1762.70077677048 5629.079880027692 -9597.841911442436 1369.1320348078716 -8000.824384609595 2887.2347274490676 5193.828018868469 8384.61605304492 4770.369211433968 -5448.947785217441 -3921.707286654808 -2960.1887788349204 -5054.631267850887 1425.9759383850615 -4369.1670276812665 1099.590105798854 -265.50821768849346 7762.386491452198 -2870.550599317612 4610.500597950566 8242.040246332894 -3710.5829609287703 2646.422779461551 -1392.7345942502598 5105.944471538098
6885.91984396959 2070.7961843782505 -1628.1812335017948 -5350.509703813726 -1299.8366041287318 -3094.8087499697485 9055.003187226383 -6838.656710807012 8524.875048640039 6932.280850957901 6910.705425238815 6323.134566675204 7485.070879490369 8495.007553477306 6446.702066309859 -2675.047960534682 4703.505362786482 -6514.302467640915 8750.817019005011 -1390.4015772226267 2267.2595085549237 7843.485424312923 8453.547866821114 3253.182580094839 3591.6181381631905 -8706.689148405398 -3988.5369818150784 2739.4989161093217 -7131.042951497946
-9074.26837357714 7756.6003882331825 7526.066594446056 8978.66504724188 -840.9701016833042 -8473.842938177915 5256.984936658922 -8401.813177725697 -9001.048122196533 -3807.9287327908087 3175.8303660843794 -756.1452405593991 4263.376325987698 -1363.6556493771077 7599.160027310136 6481.062854216936 -7356.575188044736 -6279.36498494393 -1244.1911635403558 1683.47511905606 -6041.568278248197 -4709.290335329155 2481.752323301953 -9616.450582034513 8413.664817764296 -9885.906800506076 -9718.868960919455 -9713.478734478587 8930.327170522294
1675.800455220804 -7244.724989059186 3566.1938252944474 -3862.2000678331415 3764.857512424127 -3532.0314812893794 6609.001892213819 -1766.2081580015656 621.9581203989201 7495.196231854476 -5552.202419580687 3971.8552812202197 7696.169431288774 2167.3527088920255 2131.02592408666 -6477.915455633554 -8764.569235995556 -5319.407148440334 6582.151254559682 -8289.519810922076 -2145.2937302559903 -3354.0759343124546 -3458.6489912406605 -1803.8902456279757 -2428.066036282492 -4327.01934507695 -224.03284767024525 580.3612756023995 -1225.1232247337357
3049.665882653677 -6299.891599268483 8841.651199815551 9659.270344044962 -1506.48832371326 -6376.120469130205 1277.3719385809127 4382.520240500298 60.22795837544254 -4205.91306872657 -6003.329894669003 7883.456617878317 -7309.016541384352 1551.6212978582153 -219.64440559459763 6936.1240716793 5000.483233353574 -6124.28020283369 -2247.1251953168767 2337.052619142978 9525.176679206033 5041.282181122773 -8754.12526350228 3472.8148160938836 5929.390903766773 -6667.549493451426 2654.5140302598247 -9722.581332429421 4558.641810838406
8308.640411215703 -1225.5615393365679 -5111.97876366879 2562.491734793646 -7722.196952224785 -7822.577126252665 1786.338689637385 -2584.3529113867517 8969.153518369458 -3317.251635112044 -1027.6685474297174 -4312.863313396598 461.98951408735593 -6286.464896010999 6301.0591365477885 -4525.840695310739 -4161.042198198923 -5881.693300373683 -1880.581715520333 -4301.501431301347 -5643.06202252751 -5501.431376772865 473.0473269188933 -1008.1319264916801 -128.64588245888262 -8561.05851661481 4412.89831160691 4446.020325755346 -6082.092152383678
-6474.734559689956 4699.605842922601 9653.142763044907 -6809.081678544024 1199.4963844462418 -5988.9735395268035 -8132.231911756884 -3526.950920709338 -1458.419054412434 -7004.285100979721 4732.309872426185 -5841.039821914859 -6107.544701256176 -3685.432852662316 6214.713048218335 -9006.395968155444 -9477.987703083592 3572.1472672641667 9480.554143557478 -3010.697671287324 -4165.627599112554 -9869.018779949283 -8664.096818658818 -6150.71903246631 3874.1865411615854 -3745.012120659312 9400.285415074464 8422.649673806092 9770.528452510996
-8049.099982485446 -5593.870595941592 1929.7493672140772 -9900.141184388234 -4623.971054600597 5319.058946740339 -6640.567112829019 9012.348442202885 -4810.65599339835 170.80088007658742 7004.915730932171 3904.798665689177 -1865.3800089861325 -2228.805454367962 3844.6709127752983 -7965.4657396983785 2969.568708444165 1550.647705307294 3355.618553730066 -1010.763740241533 7795.3385853086875 2.0749091014895384 -7447.6669765687675 -6368.215941585393 4542.210856572501 9622.397385187654 -1612.2969917222235 -7134.813789052998 -8454.532646441214
-4971.692657941083 8227.675336648135 8299.765948623684 -3000.9109915235485 -2618.1431691137377 -5238.087032482592 6797.57992233332 -1870.1138756926675 6723.079630176886 -1444.3601675941245 3753.2911014564233 9111.306252257029 1115.6427690775745 -9107.4432431617 3708.3505170112057 3162.8347855510638 5429.800628111938 -7165.079627249002 2958.3042424724426 -4435.28357238745 4784.876596642014 -4012.0517820479627 -2062.683889856856 6051.35873678877 7200.155524288333 -3391.3952676253193 -5670.730833792366 -1503.223046112811 5746.260322043805
4963.34622227957 -7003.138576836658 8045.820644647891 -2874.5819777952984 -7322.847516097552 -1739.1635227931692 6523.435279167843 9989.917085659461 -5208.678689528437 -5765.912337617853 -7659.78840209218 -9051.98433443709 -6037.175015010834 1001.6042230892217 -6965.844793440608 6758.245838977291 5127.279337408701 -868.4273501156185 -2533.8829221482274 -2843.125744119581 -4456.886064384622 1406.0098167960878 -6678.472746542412 1703.2771006872244 2347.7949170758966 -7831.993400862411 -8319.672647539324 6761.4340305007645 -5906.252116334996
-6559.145590026994 135.7567018728496 7928.094146941494 -3835.7882458871727 7890.274247926558 -8690.478489589286 8905.63971625621 -7510.026458837411 -8316.119935534227 3718.328934297746 976.3640104969654 -1300.9774627148436 -7765.474471882379 -183.7311847200599 5784.1204131116465 -8621.137716822865 2593.7187878868135 -621.0147025524857 -1847.7537118134287 7480.54390818665 3235.6409056596876 4869.799431328589 -4031.973583324633 -7214.748574055269 -9359.66482498393 1028.835565976793 -9254.380476231718 -3273.887797137493 7827.669662654429
-9761.211109295458 -8192.473643375964 5166.297211964686 -4677.49146438524 -3554.5174798690477 -9561.054395979425 5072.148495293732 -8511.871148661518 1282.247025784016 6001.465277896512 2367.174196501037 -1418.191922083619 8581.25240706114 -5243.786396299494 9354.867536516253 4413.675342456545 7265.995164381977 -5981.887142651918 -854.6173742616302 3911.4640258129 -2155.5116400378083 9806.469114910069 1762.327536438912 2980.02742194619 1242.7744096514016 -2847.8605292183465 7307.3447606780355 -9973.840700403354 -6669.752851369369
-1530.4002666822325 -3978.879435926563 5936.401162807999 2620.0416541135 1456.3242438729048 -435.7071302716904 5756.906467278999 6604.129988354394 2437.663016923312 3376.7244985125435 2292.383707425586 4289.512133453267 -3977.22660610806 2041.838619497401 4395.585131458072 -2263.1249350563576 -973.9637243071684 371.78599477233183 -9392.334839569601 -1772.9655674849328 6781.571943398863 6277.495838363944 -3543.3986342570515 6602.158139605188 862.5768790678485 -4004.706603001573 3854.201824883514 -4604.905834330115 957.4797807061805
-3289.703646937536 6003.437063001376 3115.749653029099 -1865.6610389602538 5658.221880278783 -8877.553244295279 5794.659241065434 -552.754289459046 -2220.217964556997 -692.9046391036372 -5836.3850688386565 -9873.357157288212 -8530.834633987457 -5879.287033011289 -6933.5047516025215 -7211.6802371399945 -3428.950955324128 -8564.666915630642 8252.887281105795 5958.028254428391 -8225.373972239804 -8077.455029874188 3580.2302300317806 796.9419785543705 -2292.655322023591 -547.4078302528487 9408.72197098374 2879.2375978138425 -3742.8602149740846
-7505.903185384128 -4114.719434352736 6034.356611792293 3966.9212611511193 -755.0411661746148 -9594.338045645243 -5872.027426262946 987.8390151895019 -5947.833158675798 -3637.509214370516 1900.9995264932877 799.6372165453085 -1899.9967293424143 -5494.444731908623 7573.111669747166 -3682.2296547293763 -1657.6470618112598 7846.957540874533 5170.14023120857 -6104.65576081717 791.3883831528565 -1026.8924792626185 8299.047319992686 3645.0583165989483 2300.2082897820655 -9293.457524667523 1018.6898033964953 3209.1959307982324 -3669.8973274260106
9091.458665480834 -5566.174177543834 -2025.0544558122583 7357.085332224768 -5608.295389819243 431.8360645119101 -920.5776920834887 -677.7317173900665 -7541.472715994053 4317.458914421728 4574.689595378039 135.7634065309303 -732.2310277341203 -3064.8481615395576 6706.511836781116 420.94280464708027 -7988.420391955619 -5650.223336872522 2335.441532087596 -7693.290639240318 -6094.399117141049 6991.213591387663 -9605.50513471811 -8587.234301387001 3332.461176406796 9498.86986937081 -3901.984523991684 -1087.3260306025804 602.4579613348287
3967.56812978746 -6229.76156282921 1581.0083796199197 -2067.430391477754 -8287.585536948294 -5154.018822260873 7331.2756176412295 3553.4706420155926 -2981.7494177185536 -2856.2990429360325 -9298.954154661185 421.063045254612 2132.84328025974 -1013.0684256117602 7947.731969191442 4457.277592816867 9974.633392045918 -5117.144645953505 3291.964039200344 -134.55485667152243 6388.563105097779 -3086.79139716975 6644.133265543998 9454.461052474395 3732.949724902841 -3059.192392262291 1552.9149465618848 -4279.611510523693 -6855.709485797388
-8698.93879257022 6613.2745418918785 5454.45945694468 -4226.0823659209445 -4975.055330789475 -9412.347114766597 -1018.7531525720115 4975.917576465341 -4782.082255318835 -3483.642096969328 -8059.163747278349 -375.98816431149135 -3464.5987143291013 8249.232439150237 9485.16107061379 -5660.013573218103 4063.4435295702915 -5196.8771714172335 -3792.634449936394 8701.938181718808 -3397.037800801996 440.8610994925275 4533.419710225662 2096.7638458673664 -4061.4080011154256 5748.790571436524 2507.764702271328 -9078.896432763053 1946.8921087668587
1184.3821210626993 1804.2240493019362 6211.343184406676 5401.6892056804445 4963.159416484861 -2694.8443131193626 -766.3613862695602 9148.396262486986 -6823.472411882194 -1723.3310168268144 -1859.109134530133 -5696.178846358528 -7108.366050941997 8640.78113780723 -7470.379908657885 -1532.9571536445346 5550.561695830773 -2748.5048521455146 -1290.4159633561612 2718.6834281418814 6508.91201469304 4828.297828691131 7640.188147043424 9443.556460652482 1518.6685129564466 -6863.495711785212 -6456.2444829183605 7567.5963093389655 -4027.334670283167
5967.401265931037 -7053.9489727054415 133.2470555337204 7535.883627229599 -2579.159879460988 9015.538538893743 4379.66339558746 -4754.928996493155 -9692.796646632798 -6848.939100168136 -8969.157228786731 3210.9353097409003 -2987.0130771089152 1936.2865648191073 1381.4145929763163 3044.3503753704663 5064.701180430091 -4077.1043920645343 2760.613358786026 -9203.449813380035 -1879.6394700185974 9551.487722673028 -777.3065951736207 -432.3980392299727 8280.0797775436 6995.037016441165 -7114.1030918945435 -1267.9865607575393 8160.968374808726
7531.380806764486 -1576.7780571635885 5336.345123861041 -1113.3736415085477 6333.624955524114 -1661.2671253986991 9705.574700941037 4563.72804223909 5603.258373068265 -3629.9651185224066 7702.099919655939 2739.917218549457 -6547.496495572899 -2462.7811498716264 -7088.545602240902 5315.6199362181 -507.71593832156213 -1356.6095891918794 -1816.1075076168263 2621.230693724965 6908.0209521328325 8836.601004922471 -9869.903897758657 -9623.892443978084 -4024.9802373635493 5865.4288127117925 3286.889758469395 9640.09858294567 -6525.194784890733
9890.621380155855 -1627.0505862620885 -9497.83425709669 -6932.60508586045 8496.56828772815 446.3765288523009 -1915.2669931711562 9123.526888713684 6614.998795989315 -8965.105368474755 -1339.7560054523292 3553.9483069050857 -6591.519190660769 6493.810539039845 8222.270047752081 -9089.278624160395 -647.2962697864878 4517.11131026773 3112.7440729033187 8719.410210542068 -8651.750856389235 3065.299260391914 -454.64828344403395 -235.5721629059717 -9873.3017403783 -2403.5272441119914 -7141.295595216845 -1888.9448606324086 -6877.236453848305
7141.256334349811 -4393.18357055371 3549.1957330876994 5712.912254798239 5233.828388692224 -3576.2906582105907 4720.288132355401 7029.816880516981 -1217.5846612190016 7100.751419572152 2081.137133524675 -5673.723129294146 -7942.246349090429 -8790.82532599024 -3924.657455140219 7694.171574479235 9430.953635587928 5947.531832029845 -4034.7622159420653 -3979.390714922597 -1110.799577946902 2851.9789106595035 -484.1440736275363 8161.2949181140575 -2061.948016903215 6935.280627386543 -7984.2329907707235 8677.88913208622 7758.153580990202
-9122.706900914895 8464.202964447395 7931.975773553175 4779.085393860694 3815.7986440732257 4516.088937206809 -8639.424001069083 8499.339474377462 973.0265569125168 8171.578293141214 2697.29278493761 -9280.510286961242 2473.7916987960216 -2488.4698812218885 -4088.445181896396 -9412.415706429183 -1224.0126733528105 -6551.852831855469 8229.431651197883 -5941.828313713637 -7865.904781499773 7827.434316701987 2859.2466174333968 -7275.838725595047 -9573.684912667575 -8807.89702141035 -2272.331702673283 -842.7408708260464 7074.868250659598
5368.105666231646 1616.411003754718 9218.3657278904 -6405.976466080961 908.010769739858 6914.367001383838 1513.979644587398 8692.217135409406 5273.890275341719 -966.3412121842648 -5261.5805521485545 -8034.041169636102 -1944.6558130581361 6091.684934233159 5882.928724486514 -9837.660009539468 -4375.444174986626 -3823.0038396221407 6761.876631672818 -7957.1940878991245 -1882.9725476087142 -8894.530036341026 8879.055437998999 6999.376724474758 2237.786065753 -3005.1512113097488 4382.196776260063 -879.8649093967961 1755.1868556123409
-6561.955176185971 1518.9646330393352 -9739.38742876589 -3039.1541291509493 -9410.102166778199 8654.590158779727 1551.9059384221273 -2438.328613471539 7072.759821172207 -5098.661202811392 -9752.117754457016 5987.35957706869 561.2187379326824 8479.85065947683 8610.41243095975 -9604.377347208589 -9215.188238863238 3514.1109959992973 -6288.71301042204 -6952.292338153754 5188.10072891076 -7755.9223292268725 -9583.266017135675 3065.6028413242184 8957.040751129065 5362.208436380963 -1952.9653994067012 -6848.160314914359 -9939.971846686822
4582.725068024889 -9818.071242545439 6263.530778359625 5609.38954351093 5049.839563570415 -7926.979411698103 -8549.626897119426 -4172.889897159637 -1288.347036163288 4909.056828736813 -3298.8017697634377 1493.5448608083734 7320.731522447237 8625.95587457564 9447.147451060668 7951.175603298314 -9016.200124244833 -9486.300331322225 8081.668009283072 2042.0752528435605 6010.677867599399 -5661.381446287528 -587.1474946705694 2359.472915451881 4432.324037598057 4632.952592040929 -6345.483699590717 -2292.847555292785 -2773.6554488531674
-1237.5451216917027 -259.0397151940797 -3025.9252878880607 -6027.418074550912 32.70131741157638 -5929.417220057549 -3913.623752176407 1775.60338074247 -9516.962724879899 -183.44219543668987 -5116.193129388067 6206.311664793049 -6027.583427703027 -8281.171031940235 4147.462270357581 -4782.962636259038 -3494.8335313157304 -9415.446223407838 -9999.161323173668 -9099.41938063619 9255.557056790181 -2799.465247102912 -2610.969589343559 -1581.4376633855572 -8547.13269365191 -2315.523401306028 -5486.1027931845065 8103.626164345362 2535.3522007055944
5825.5326561288475 5481.447783376159 9222.177170173927 965.0927578109277 -9676.850278702455 -4361.773655265871 7187.945510303569 9450.624325725166 8228.457794024376 -4643.32699746268 6526.542768596733 -6218.985801610442 -4260.6430825574025 3716.8367571235303 4163.388542770994 -8601.211604379365 1375.9118484549035 -8871.20502563294 8006.621303807977 -1158.150196100254 -5103.480681795676 -2240.0730500059926 -458.9674601307943 -935.2001471127187 -4401.99106393496 -6349.113522616681 8235.460894833694 -1059.254317224657 -2046.5407712037086
5928.141908222886 -828.353958426902 4940.388965647537 9146.483091747832 3284.148651779993 -8349.899577725606 -839.3775148661025 -4366.641583629398 -3679.5271844855806 1822.9144863862039 -6662.783642460332 -8425.114538695316 -7838.163515204519 -4215.501220142526 7017.940666306913 -7159.981678637781 -4801.225265232208 2130.2652861268525 -6407.645450430342 1679.8051873579698 2741.240993426707 -6227.52538590647 1411.3497098142052 -1199.065806866689 -3345.881986596073 -3380.80942027301 623.9107593205244 -5990.1876740557 -6860.07039605331
2233.551986865439 -9574.350090352867 6591.587353970648 -6832.937891854561 6314.819188880503 1506.4114640040443 1378.1422895097585 -7433.71339083527 9644.726294301166 -6636.53375580763 -2109.94510896499 2071.3380810039125 -3618.930492683372 7670.455985304012 3507.323016774053 -8177.719954409204 6774.042213227694 8148.900193333138 7964.995736395591 4063.575699723251 9669.923237341965 -6760.33098545225 2201.5133694551223 6298.346769964093 -7609.73623689545 -3890.0199157818397 7828.039898622876 -7674.2901797413615 -6979.928727261497
-4816.383206792108 781.1396758724932 -294.78245890417566 -1496.6752924042703 -4967.376837876179 3523.2642421794444 4665.287300282593 -3227.6554229033773 6430.483693237911 5017.577582492368 -3181.567972679085 1926.574877130426 7750.930597702576 1597.431381044651 5390.715417618983 4144.683731470333 2988.771310889235 -7928.728405004855 9480.779269470735 9798.448713325255 8180.920628969823 -6506.182659278635 -3500.1637833394852 2087.75008493538 -1831.585279927439 -2291.576215116819 9057.75992279483 -894.3796413647469 1859.771823672283
-3796.99079972027 1842.198191368183 7176.5757942046475 -6144.097563686928 923.9452990521713 -8651.897769688927 -5607.909596655596 -7705.0017436452035 6049.668716483355 8607.07800807687 1462.8951376806835 -9691.923811914336 -7676.455816879575 -3023.823231645346 5035.747920258633 2126.4333130302657 -2298.8668398658674 4531.027353797263 -945.4825639226638 -4561.2608721959605 9376.712214905168 -469.38355390169636 7074.2887533887115 5210.44946003905 8136.309619094889 3473.3546995364686 -9270.943104653112 -8314.054659900874 3168.1151063472535
6604.759703629261 -172.13728163475935 3575.091707110789 -6227.555298344354 7123.744145530603 3655.6279757905377 3780.683253687099 9093.756101412295 -1439.3500760308834 -327.0936119551843 2083.6087320879087 -7996.198290326699 -5992.96204259498 6594.812642615627 -6630.818830187029 -6981.971365512152 -2978.7018923016713 -4732.726446086419 -782.9444025664743 -8576.483541957234 -6682.111065086025 4180.346704291216 -9741.950461921731 5665.785519967834 -5380.421483684075 -9780.470792023983 2235.5657797095355 4381.828346459835 -9467.478433944732
2871.8457281091796 -8002.014911303357 3868.701288285454 8866.545199372587 -7064.577083607173 -2342.520671900801 -4396.773539054901 1969.8260993857439 -4276.392565919376 -8646.44708629821 9702.360850169483 -9395.942122040622 7750.098936318747 3065.5133488258853 -3683.2206143907806 -9177.249787021721 -5900.426029773101 -4110.199852684842 -5247.708950406278 121.11127328471957 -3875.4739322904807 -2794.2902508660563 6133.583617417258 -8993.035767306277 -3767.696255208026 -525.3258419234826 8061.997527526124 9635.866995793338 1704.619361121553
-4309.733171497754 7396.382244773242 7306.308568645669 -8606.001437656876 -3992.1182777383856 6647.079551519331 1820.6630794129833 9115.315781940804 -3408.1885194891056 7144.9137576888825 -3549.227796461374 -6114.026526340262 9308.821032104403 8020.251594808757 5623.421115811054 -2287.030898428983 5628.440144939366 -5425.979412947672 6034.361513023034 6965.1455650385615 -1380.1449080993752 -2406.895149478485 109.83019868252995 -8672.546271768439 7360.004124581992 -3657.4724633784435 -1747.1183406160544 -359.22362421905564 -5571.440428855701
2636.1027907525386 2095.2480737386068 9885.063327115626 -7029.711015931214 9112.106954777824 -1263.3397888492455 4652.1326584954895 8126.306696172433 -2072.525935356919 2521.9908417725946 -7813.9929684583385 -3314.9309322653544 7583.403500750552 -2604.012160761342 -2810.5730909344766 1660.8249775937747 6281.694890916038 -7626.608444756078 -368.4420961955093 -9833.892455649408 -6134.952298379001 -8202.586408320982 -5164.699291459018 -6774.832787429963 5098.6680545740965 2177.1660659719673 7506.750365649823 1107.00316569831 -2808.6230951994585
-9315.46612353934 -9937.091116421752 -5184.724075455378 5829.9754283946295 -9680.673357507734 611.1646160951987 -4229.813099944462 4916.3777699449365 4454.2860367822595 3787.7156606024073 7890.760297723995 -6932.011840280449 4664.664727541103 -6902.031642528467 -4265.446371614809 4008.699779907214 9194.327489636424 1487.7885845742749 8231.380092234202 -378.2754321579214 8701.841999521144 7716.337244720486 -1659.6857681289694 1390.8450879545871 -2766.7931308252937 -2788.9390932459364 3352.325440414019 -9105.133993131247 508.17300984491885
-5173.737473386613 7538.254618558392 -9635.886754756468 -4867.796732637484 8791.211693683665 -555.14207168764 -7377.035953848894 2028.2363399335027 3785.648303826003 -3918.261199500641 2957.6708159088685 7256.037411334077 -783.1331135486798 -1728.6318148863393 6572.431434996404 -5593.09157032613 -1847.2337564998152 6863.556413697552 9116.673468450506 9150.509554349861 -9038.744401889664 -7184.3449276199635 -4149.435894120226 -8523.472627292758 5143.4872189825 6365.8939849619765 -6468.265295919193 -5309.230304359907 -4630.401038831302
3526.7939633114383 -3451.9958264132792 9397.067424902209 6379.990425018132 -1790.2274128024783 -6537.770023632838 7237.441264992252 4966.945817668087 263.52704776671817 1005.6080695212349 3408.0169862348757 -8755.672568175232 6191.966879823465 7202.964337847185 3403.004235415474 7650.374208796005 -8965.808941336116 -2742.191037104669 5415.4868502345635 -9700.577129171732 2507.5256657899427 3183.338780807797 -405.9920189674831 -683.8980916105338 8181.526501685308 -4461.878296137278 -3006.4164710051336 9347.975997442194 -7357.356181322015
5281.044263341364 5508.767213341391 4983.99615753798 -4783.781336990834 887.5573652837957 -1365.084826703811 -225.26646823161718 486.0332539904939 2107.3983577368053 4273.749822370339 -2081.465458687495 8790.409304896948 7248.720902477384 4053.6307480315136 -3931.1709667976147 9106.431299194905 -1902.0021230353932 -3524.471170110237 7866.894996133207 -4308.949181497521 -2867.7350454020934 6189.606989346605 8074.752623668821 4812.4254304141305 -9347.495626111006 -7197.030002028578 -7528.184134738596 9036.337419410418 6814.4629024108035
-1215.9510682278178 -5826.052415612926 3047.4539552265196 9362.110197653597 -7060.1667289362795 6118.543711922037 4082.4720544355823 9991.252887294086 -3486.60531517659 -904.6191174250052 -5336.550588358517 3990.4425724479024 7839.118786047875 4094.888737989806 -1534.1983734382484 -794.337266932951 -1328.4128482743054 -230.74197254538558 -7781.360768111454 -2056.6880878203083 -9136.170942105133 -7622.325805234466 8640.997995996076 -9179.491452922186 9671.672951555123 -3613.3666504872845 -1335.7940291224895 -9402.653172035196 7725.292359187959
-8237.80627105242 -296.5628375373435 3428.347239295661 3446.449057668171 6177.041227589822 7627.023018953107 5994.481875794854 -9620.595328361407 -9208.165144178945 4145.834885697301 -4447.844815267117 -4780.349946076501 6438.569794753032 801.9184563572217 -8952.846255886601 -8454.66407153865 7254.437028751585 158.08475696826827 8748.648957225207 -7558.142839637896 8300.44451477248 3561.7454564390955 4618.234958075713 -3225.013209657537 -3371.6871478069743 -179.29500884661684 -1427.5955556942372 5873.980406953093 5395.194683062569
-1668.211148432747 1984.8832678991712 4247.042622363448 -2003.8651618119975 -3778.251329544717 -4672.594419346481 5660.468904302017 -6259.359999244232 3686.384109432667 -910.8936327472693 -8173.5118906434745 -8515.271254589294 2640.1003610462576 3876.653407804093 6588.666267281467 -719.2797555762882 4743.116669733461 6868.963884146353 -4760.739021210696 9823.913916998448 -1326.234108810524 -5204.742172662453 -9357.990059302674 -6356.916928314724 7593.508363697631 -1955.4566852405196 8085.873271123564 -6913.218401944878 6761.294144440359
4506.7526264789685 610.2998978987325 898.5650457672582 -3023.51025370178 1623.402774521628 204.59326886671442 8513.575689787162 -2450.178657536173 -5119.781057865922 4160.456591439792 2088.8094935086956 -1031.0705274100474 -51.99931187883158 9618.830859108475 -8544.649868134138 9636.896674263255 8520.119897558856 5681.672282868803 -672.8360601902914 9205.426434704317 4182.416435914811 -1702.5737983738254 1103.893530996289 -1544.8396442331123 9289.535228851706 6555.862337440958 2837.323839255121 -9406.522135276748 6964.832786054103
4533.687190028357 -7336.300972212084 2399.4743576578803 5916.908178115951 -4092.1430884061974 8494.473295495689 7392.626337104524 4362.5283000214695 8127.515242378206 1834.5511391633354 -2398.975401664722 8095.453615373161 -6201.5899235305105 -3619.7622157505502 -3036.0725167521687 7907.347649657746 -259.5121802337453 -9734.984708513328 7486.1486018020805 -2049.274649048618 7238.499826416832 -6169.161252488364 2420.0061354313475 7987.583980160558 4696.333459343241 -7405.1195674680475 6548.913925376979 5029.009071284929 2697.374279765698
-1233.3348769355744 -5987.371954370388 5518.160425341253 4701.031333478797 8651.467212329557 4035.68096392372 -9295.133675895431 858.7005592269761 9132.399742340403 -995.0700376204713 5882.906689969714 9963.875156974493 -4969.838720236037 -5697.437246203481 6621.045627582585 -957.1653959174 858.8726403837645 -8960.818155440014 -1302.8899865854255 -7430.237236284991 9252.942401724555 1098.3822557017284 -7820.985708518045 607.9204442089067 -1509.0229643651019 -6589.807123094233 5434.961673173373 2071.1609134029513 -4275.765473866027
2833.7059905493807 -2880.0435980842876 7308.719461891324 8618.625593854878 -1483.3447268134423 -2630.9882034190623 -4807.058701534812 9768.030792177637 6221.758459656472 3637.9168035969215 2077.8948856999905 2544.331355274797 7059.223097937942 5601.605644369514 -2892.2944336599276 5831.2638899247995 2216.7676360995883 8148.095089339677 -9273.287479279606 7609.896193980694 -9722.849552336513 -3806.8983179226952 -9603.95187203656 -6458.702855704965 -5715.777750181732 6455.120397836774 6793.868341497557 7714.780719192033 -1133.599685208148
5498.236131868027 -6910.643415557398 -5078.11097554687 6243.842612709144 -3775.3696871689417 -4080.167976309026 -5852.984851067959 2875.9007273011703 -6603.7051498735755 -651.3378600281158 -9922.400209851678 717.4324800020931 251.72459310912745 6955.99107686627 -7800.3507604412525 -9501.69659759743 -5294.855405939629 -4219.5424916324355 1810.4897221671308 8125.624162739652 -3455.201956808649 1581.685405507933 -3762.0485799029084 7843.564150115235 -8183.898649561025 7313.053428677384 4612.227838859348 9146.687660269134 -9483.111651682375
-6584.905513119094 6582.637380052238 -9702.105972976784 7043.105158451526 1829.6405547098839 -4691.066731204536 2586.6208901154314 -4964.5980414501055 -6075.932774216022 6769.479582222961 -5878.444646707581 -6007.454528956801 -7561.931751200146 -4329.16759745472 62.95836633813997 8664.335704370966 -9044.652335286148 -956.041020624305 6412.935681876905 4385.2903412335945 -882.8210611081522 -9966.988477153103 -2850.11791025575 -6397.567809788261 -3502.8666699866217 -7032.510450087328 9866.33140087672 -133.14381036184932 -7131.131497886358
2559.9135573280146 7340.4891420030835 -4809.0932757329165 -6840.146699875644 9057.59808802325 -8632.083355309871 5448.290958379765 7886.331566130648 -5275.755925586883 2432.4390793280654 -3430.3181189943307 6362.658727838436 -8236.476146440133 7554.085457918263 7857.978997004193 -7968.010268776382 2906.7251569873806 1230.947708923588 -6446.896200425592 -8432.499373904677 -5172.947774173515 7458.853367649859 -428.9119496059793 -8677.056111984199 5256.167714383604 -7113.3105070687325 4551.318062085516 -8081.941906578265 8970.962701175402
-1866.984865148862 -2391.965366847475 -988.661876818187 -4618.4574677079345 4406.077998524657 947.6858840063105 8930.884165156498 5481.542436437776 -4902.154461892363 -595.6696134907688 -4013.698821628471 12.95579410179198 -5553.040314275337 4752.592573269394 5609.865896408863 -1204.979564306701 -6538.532496449443 -5174.016060620599 2545.4147392035647 -9444.198401378359 7484.2835227309115 -7447.149170028244 -4444.7326892311985 4294.633142761111 6826.922219217791 8047.035279190692 321.50026957942646 8739.961588922553 -4867.389352723859
-2593.8054542686714 -8948.369062042471 2554.2449376497716 -5889.31651728285 -2011.7469445144743 -4048.9964494731275 -3932.248970986845 -6410.8284505182955 1930.4489393835192 8531.213957171767 -5314.318769252069 -6593.097830700322 -2440.74718401307 -1975.8354376006037 5155.29660054034 8570.26010934983 782.3178592879285 681.916929422383 -7929.712616362302 8886.470356268572 -1645.5596021793044 -8156.332798930753 -7546.877389228763 -1571.3942892775904 7586.615496460854 -8757.585469301863 4216.548392447799 4752.902361274946 6406.369576326004
-5526.574491737389 -5556.895680785152 -7553.835978121584 9350.314917288575 -1082.2434352861637 -9205.24018935611 -4968.743841686672 5505.966666119453 -1358.2294305665182 9536.46799890127 -5509.529603117744 6220.481051342969 1993.4407008089274 -1989.8545170085954 962.4532328856185 447.7484143409365 6310.967790236044 1084.638618464367 -5959.028765376626 -1390.1346942316613 -5991.842947578567 3470.139679249445 4503.987081251935 3322.583502334888 -3625.7410576349284 -7160.211619328145 -740.5221095475117 -5309.642926425049 -8504.700198251197
5778.395557076594 -8077.349490152798 8429.283447665566 5909.652270009756 -4558.5971638644305 -5119.371086455424 2235.8923011310635 3540.1789137277538 -3892.821893208953 5332.5871758894755 1069.3870030691141 -5586.1611356845815 6315.739281267744 9022.246119101346 827.0071298707317 5511.67740855137 -5517.8094006410165 -3522.3387511568926 -5434.2263754833975 -7271.184180119117 -6417.349958257623 8002.04468278194 -8435.793074608364 6998.06599690154 -8513.596047921286 9942.649809464572 9673.348147021323 8359.055726438797 -4063.041107266028
-2759.756901433514 1433.6628514920976 -8565.910062354855 -1292.2455025513755 -3818.831470275719 -4555.243284812173 9862.169811766744 1467.3987544124502 4955.177313752894 -6470.718108113942 -5360.93443322806 -6780.962973742393 146.78786769293765 8301.49535311092 -3558.363007392478 9240.239493127618 5332.504226157571 766.6839315692523 -172.8946981973968 9306.716414762646 -4330.545206232239 -5405.586700536706 2043.3086762582207 -64.27255636374684 4534.111893183903 6536.872632198927 -8047.047125989188 6703.5680098920675 -9484.810879300212
5678.6712241425175 -9897.862328988243 5520.307856347938 -3092.3050773622344 9824.211722027292 -2075.0029768659742 -1432.2886347781914 -9552.432220086046 1214.3088022928678 -9945.446189239638 1862.3703694896558 -1077.2072788213245 -832.8766109086864 5761.475980346433 9331.10460452102 5237.585494018998 7347.424715185847 3926.958219862978 -3729.777295503265 6628.24247506501 -6247.3591459065665 -8475.881578610362 -4710.348719210356 8129.503837506803 -9320.07409681817 -4028.711915299332 4309.094606195633 4240.770278600419 9008.306562996942
2843.021145403962 6675.371669004799 450.721096598445 -7317.674576511008 4511.708725717923 346.8521518862344 -1869.7222515066778 7715.152172563892 875.004751546101 2903.901009012894 -4484.194390080436 -6665.736411753718 -1415.1681583498194 8188.512117120365 -5255.773915097155 7365.481928179848 5697.868199205524 2202.4624279836935 1811.582439632266 -1510.3617979193823 -6358.170639840697 -5040.247553922834 -7754.939597611961 9189.628515035376 1836.8044452956892 9889.971666927999 7851.864798203675 -6020.767081977585 4145.255709030882
-5039.069382449031 8856.539226401295 -5272.590491589326 -6552.469780598729 -3044.306680178648 -8485.823626966678 -4932.254530560312 -8808.695974226222 2323.3783247983465 -1607.3870644687795 -9915.089149646004 1858.0200687973575 -3932.740802060255 -2864.465496969102 2693.6568975111804 -6933.886854074088 -5006.28030038843 2386.948656860719 5830.047963996074 -9181.150055788059 5398.267009737561 -6417.681503902952 -9891.691789262572 5324.305094740554 -1392.4793351072676 -8135.0704204600825 4499.430855452278 -7172.42282584741 3237.304186638292
7447.772734556169 -3189.810920410221 -5712.1017099217215 -4593.833550496762 -8201.867738424524 -5516.85090529491 -6589.69117489735 9095.248515265721 2649.200768373501 -9625.32926652373 7626.491904173668 4497.624056884302 -2997.785859412521 1453.9543085857204 8309.860697926724 -701.6014957546122 5129.708943313917 2491.622360680387 -6827.5440123720955 -3808.0941324109526 5883.21733067817 5027.812284340214 -9594.239654991987 5957.526578288151 -662.3848028790162 -3563.2737277894157 -9469.330043816131 -6455.145612541262 -4806.42682375533
-1536.1473761282414 5750.903040082285 -6350.836879283999 6687.012318174609 8054.216325513236 -747.4129233141703 -9609.769825180347 1564.422858588976 -5028.52127083992 6424.446831466303 1283.2392651759837 5087.9860394484585 8314.339453832534 5708.7288437403895 6235.379568524786 7318.275801622811 3425.6491087112936 4372.5292189538395 293.9086481969298 -7638.786481290081 -6609.308454264115 -5336.299197939785 -558.362813480233 -3406.2841269719593 -9123.135937292484 -5303.983814017517 -8510.062503000074 -1890.6064372489764 2743.7977320269238
3395.709275180903 352.91306548453394 4277.339071052722 188.79808428264369 -3948.5460074239763 -6136.272104250375 -5717.551720967107 5770.0885713597745 8941.966116977186 2289.9187053413025 5048.3598577733155 -3481.6408024732073 8822.61351349641 5354.474779051905 -2963.6472292745975 -4500.4394199690005 2193.4110375647033 7309.20741119983 -4601.025911085339 -3822.9254065040122 6573.559214203844 3067.450710909001 4628.938560284465 -7099.6761398827275 8775.935464427639 -3584.300779594254 -1976.8254232760382 -7358.635342791995 4557.59758251329
1513.2920505484144 -931.9818678169577 4441.6595391674455 -6015.460129214778 -7667.245333481563 -3735.868838851635 -8097.604490263732 5858.373196416567 -787.5210216461692 4479.671555626612 -3468.476461796179 -8948.336982556908 -2713.9067527245534 -8099.806209370881 582.5336832204721 9255.614412491657 465.1638956438528 -800.7839414909413 -1995.0242864473576 1485.2218038834526 3984.9245076275038 -7172.68323045301 -8502.391621022623 135.02856120589058 -7599.83247227088 -4500.8546155161675 -4618.168644539946 -2986.6577722181 3712.197998941625
-6712.756276007408 -812.4822908389015 -805.2532212588903 -6145.8256125974485 6448.855628112742 -5387.305724495477 -7657.419690597173 -2422.259211394209 -7170.472069922151 1820.2355544013699 9685.988969209298 2987.518259558441 6778.572240027868 -616.5516976895778 -8426.63231102685 -8315.136751161876 7591.409407403746 8141.878501284638 -2889.5566068094913 4565.773248229405 9170.265295680863 1621.8728000499086 7400.792589533918 7689.995431992807 -726.551036050585 -3270.332726114253 -11.156023209669002 9021.431679646477 -4431.8072950874885
-8026.0298654256985 -4727.801814599146 2208.704623316371 -6110.3733705203595 -8480.958187517655 -9135.107496134902 -8180.410108793943 1253.2788383010811 4868.741811035454 -94.3237495625217 -26.73147427918775 4410.049664772974 403.0491910378969 -8601.762597629218 -3554.1656009138414 1544.1144580355722 -5152.3565200861985 3118.408016924159 1904.9253233822255 1879.9209616068474 366.62967976422624 4795.614592929478 -7032.495665266873 -7889.000856064221 4959.120403031751 -6344.385107390806 -4515.269776009432 -3317.1398437738108 7872.799131742242
-9529.223277166098 -1814.6369322626606 -4860.1574405167285 -5226.2032209882655 -3101.215342067101 5032.454452195747 5323.509966363052 3884.8967741106626 6879.7070361271 -9204.566498279186 4936.661311499483 9230.25969942374 668.0046083251254 -4512.240221825292 2666.033552252924 3564.4087335427594 -6809.148590941029 -3881.3224339174867 4547.158632650675 -7728.681619959061 -575.0671788696836 -7740.757492874394 2555.683321184868 -8183.824843803278 9346.69420536686 -767.1513006574805 4438.7392843671405 -8493.523324684671 3775.6191959784173
-9699.25046076327 6787.255710617195 7510.1926724890545 -3666.2283845669563 4272.169423977992 -6411.1286796282575 94.0167020893914 -7248.394221994386 3334.4814257670823 3027.6152534696503 2945.0179523997285 -1703.7418394963352 8292.136034602616 -6790.048539512958 1925.9606566800612 -5934.761123340668 2657.0353114575046 7658.735594593032 -9646.543549632754 1158.9427541434488 772.4701976523247 -5791.536017540832 4439.11086384034 -1258.1613256756227 8154.481334736054 3529.4356435124464 1874.3905084846883 -7375.076781213766 -5166.2327696616585
-2539.819364813976 1584.3187452547845 -3031.2364209871357 6732.489899483386 9766.735582751826 -5881.7869449932905 -9974.43217907708 3991.708656096387 -8670.029807760637 -2288.1815927954704 -3091.7975552653434 9242.662903676232 8923.82406829029 -9184.64692770183 -1950.4483748224266 -9092.748120817365 3252.123147709821 -6720.347774147921 8329.428820762198 4156.8270138349035 8530.431809281548 2233.7912349885046 9486.918496556471 -1023.3966853177662 -9704.959957436216 -3844.3541826140718 1436.8694344913565 4402.432473093302 -7003.990607111276
3642.959587856645 -9806.395801140417 9840.95466292452 8670.898448933207 -2738.130081914487 5629.167197945293 3050.853243609996 9903.993860058887 -4587.871343443131 -4341.919095031961 6118.462539947697 -6902.92123716433 2120.8196454402023 2144.795129361093 -165.593946001336 -7544.354364641897 5662.27874517272 3304.307957266905 4974.4186490373195 3433.7817331889946 -7660.242769409873 -5641.532851854181 8571.15454103519 -6593.936458979515 884.2394585602215 -1896.5759637347255 8681.811866633798 -3909.2860964078554 5140.220043250061
-612.9160125496765 -9157.756422219869 4283.777633387092 852.6712326819434 -845.3631862257644 -1346.556535326259 -7598.270914696517 9764.343659077218 -2839.0817848477254 -7554.743915713832 -2478.8796824434976 -5750.137298671425 4969.1618268293205 -8425.257778060264 3485.97414464308 862.4848932691348 -3942.4639442340867 -3627.240573586523 3285.5489928938423 -8022.590426084688 -6998.898197893442 -5994.347854882647 5832.120332962322 7949.139660928857 -4786.17379807982 4551.79023222017 7156.394065813172 5401.119396698854 -7978.738712638298
4676.605295382678 2517.7367213671205 -4223.168438080427 -6377.754638970026 -4885.756005892678 8721.297162019262 -659.2027453183764 3744.817715275605 5694.842487295691 -233.5385306983535 7584.557516242057 6857.81274099286 -639.7162128332948 1010.4034829801512 9650.99580245197 1178.1926576329079 -6402.77914490791 1369.359734263886 -5949.530647081844 9741.952470094908 -3885.2113099358694 3305.9902157678425 2883.9060398480233 1994.5165566306805 6114.649062183375 7943.090541370984 8302.585102772518 -34.768202206840215 5110.6417644477515
-6979.533861112632 3687.2280634850904 -7099.334731466005 6568.091504666125 -8526.298780890544 7525.033766221135 1205.3640241680205 9064.375462318869 -2731.7135840920855 -7312.264705348519 -8405.965118893111 5948.536056174169 397.3235425301609 8887.67177886636 9631.716530037811 -7882.437468304093 -8259.099893963486 1097.698503841213 -5506.8874397343825 2063.6358513872983 3522.960901991157 7739.31257341283 1011.8840469809984 -6210.04844991105 4375.101649316157 -8873.620342171493 -8138.070012926209 -5409.079687147291 -2647.8382122700596
9308.087009627536 4913.695452545719 2592.108378664245 3904.679926080231 2947.4694780231457 4093.9566765568798 -7106.713642795137 -2858.4332490219767 3799.454494448417 -6778.580052973653 -9435.816364945624 7914.453757400213 -1749.3224448725196 5460.696129138851 9406.030634915609 -1641.62872932539 -9725.223976294214 1521.3051180907041 9270.859168215578 -4899.750726733978 8143.369393597743 -6629.590914548389 1566.4547904705887 1541.5384937945473 -984.3850128564427 -1512.1437413791173 2309.0929583092493 -9935.205412317198 2169.650661146361
-2002.7647566062788 -736.6120483409013 -4193.7141289828105 -7846.001946048613 3312.634128383019 2291.350400729021 -1117.162514102909 2547.900473839749 738.681597981933 6060.802115880113 -8024.668915992994 2803.2657751703246 9504.402399588445 -3761.915281375521 -4647.1314952776875 -1036.4751065097134 -5835.898999577469 -6207.000421205169 2924.1728041758306 730.8021053529792 -6575.662660000959 7289.239158886103 -3346.771944846223 -5885.082566546256 -459.14356601838153 9542.270167444854 1489.8306622259497 9833.029474765135 -4219.861786802039
9678.096221148004 -6039.682159536542 -6442.315742518245 8566.829598160635 6657.324954633779 4270.410894635466 -2486.913406519773 -4394.886692886273 -9848.34650793073 1042.581168806857 -2618.2055846351823 4934.912823585342 -9305.32355360453 -7667.267868873962 -6786.013136898039 2283.9259717254063 -1936.8052637318488 4649.219513397171 -828.3605549412168 -8399.61839362988 3549.7357819123663 -9453.248038941185 4510.245897459348 -1897.5518717700243 220.38104508850301 -9132.745275568044 7524.280814120011 9425.648528997892 1142.5900650342392
9885.630692322418 5744.347028011589 -1268.341056734831 7250.271757860897 -3182.3944111378723 6961.916487461374 6676.450420510017 4442.716303755713 1760.8192269901137 5529.532781575352 -8478.417659820236 8189.5018047542435 4956.037782413805 8248.180379386184 -3713.9778726123795 -9725.300417957162 513.4534184212771 9955.863813329619 -324.9091662929459 -8624.279016706445 7375.719908548894 -8136.3733886666 -3247.1938457908946 -2446.2257832349696 -4512.399844503349 4458.6336243800815 3473.896646552399 496.0850913579452 9280.470241800918
-5321.750469407729 -4931.741405948859 7102.705308334836 409.71283744801076 6846.055809974227 -4255.2973887467215 6802.358514845109 -9737.471342561492 3661.4271336344027 -5005.096235635345 -5440.704759810457 -7779.8602868896905 6001.9418611146375 -7564.440814719844 5766.8727242321 5700.44205510863 -1761.3005024078593 8242.212616284502 7390.243327346219 6208.232371918713 -7077.537601709345 8392.965049774946 -717.2859714648876 3637.4782067155757 3442.661345827797 2522.7944068273537 -8567.558139091943 -2145.1835094824664 -9870.832617653443
9113.691703590626 -3602.1176290722433 -1337.8932872451733 -4479.393825807534 -8028.1604448586495 -7895.030335979343 1785.4063519999236 9511.283664385868 3126.6437899128214 -3066.1902535382187 5251.063552110778 6854.168231249387 713.1046741622686 4435.96311939521 2327.3804100635116 -932.9489894993385 -4762.556175273311 -1202.2178859871929 -8589.586821686024 9547.954799607702 9666.946866870247 2253.570496526965 -6129.45108692244 -4203.192939032087 8020.59276611916 1971.3831564324119 -7080.38841775438 -4082.22482140566 -6739.326024650196
6064.714281134691 1299.6996517779498 -4448.896925789596 -1589.7480134863326 -6213.172692232496 6857.061680887782 2078.7644031883538 8465.640977447318 -1893.0089802936782 3703.165411021653 -2826.851673570638 6428.9708135333785 1395.7592197238919 -5107.765713823315 -2919.765878757541 4322.424883075133 4360.013756622551 8577.949033748599 -701.0261757343724 8555.230179579536 -657.0170965137531 6329.343558488117 -5222.079502177615 -7632.48784087358 -3228.5545299414835 1918.391675812265 -1134.2400590086363 -3946.945661224002 7420.1456265378
2722.498282828603 3594.6267936333534 8388.108128210526 1863.5716279819771 7150.394852828347 -5542.708779442271 1494.2735535516022 9925.847743972587 -3915.8322920641676 1764.9212579016585 -9051.800022548932 -7714.793041554993 98.1690732784864 671.6679037655085 -8552.441934461069 5556.596153770117 -3396.4688417199195 7140.765953620459 5618.7640285590005 -4720.967995343956 -4864.165995966218 9972.656572592536 5909.925282688775 6314.258393231716 8819.56163634932 -2557.2043650005116 1119.242388357994 3704.4468989480265 1170.342388641213
7790.001610755422 1038.6240249690454 210.4055876548009 7466.63709256638 7667.954664124856 3227.473787092027 -8037.088260745755 4310.544692328087 -7282.312392297756 -4809.690457309379 -4349.520374758442 -4156.1626337094085 -4143.788341886496 6955.685635281112 -9784.440395394835 4833.4701448318465 -5935.482235822118 -4316.726822924066 3007.586581400017 6386.161710007855 3706.99160456575 -8977.263196454622 1456.855484692922 833.2549992967979 2225.5339167232487 -8521.963983410717 -8413.175361219612 1289.6776393377659 -6931.218807365063
1 29
6038.3365253642805 6873.734096749795 9040.806649846076 6273.478995725332 3703.1389843944053 -6642.049859848283 -2535.4544727797875 6838.977512045058 -340.5424244014357 7811.728369877583 4862.588261334937 -7354.574013281715 7069.595071602318 8575.023108654696 6674.044195693088 8700.825123599905 -6310.541756639623 9253.506977820805 4069.43347374328 8185.099944189838 -4021.50139708781 -4463.099842211906 6167.914078192074 -5772.499753125157 8066.0307939476115 -197.5961567188824 -8408.901010414558 1114.9434282944458 -6919.0726716183
