15 21
6009.500359336174 -6656.325565194672 8596.780866373349 -2931.5524566668546 6165.459173564048 684.2265002813001 -3898.781189331188 3728.0239914214253 6850.438003796044 -9734.114695679304 -9449.828263713442 5678.441591201967 -1976.2350739251015 1550.1956394186745 -7584.58406829396 7462.112192587298 -5352.218208637596 -4974.366832969244 6353.801339565314 -5232.197106102363 5565.160589321487
-7634.105296099982 7092.434116027485 -3688.754844717845 4567.543790046351 3797.985322551245 -444.48635400850253 1089.289210174018 -9953.99117905299 -6163.662320170124 -6515.23309450494 -3139.152151012936 -8526.117466060552 6793.566408983148 -4473.055875473393 8961.32097784735 8880.610292221561 -8248.091203580627 4125.395412556021 -7295.366983861584 2743.6701446665065 2486.670858247062
7620.676293654113 8611.051771644652 -4304.335501877094 -3802.9188577307923 9030.903663780937 -5656.648730169211 -877.9333135452962 -1304.5115364059293 2828.767432297236 -1482.2225688888757 2509.6333618206336 8005.850590935435 5827.127691651131 -2848.3819045642704 259.98924401747354 701.2407752626241 -8265.36496101687 -7755.603005579567 1668.8695373270039 -9610.909914927688 5336.380237496878
-394.4777857617846 3989.915608399395 -4423.766154981241 -5415.070429299442 9111.60632405787 1188.23517006964 2472.8115213500114 3033.994915334415 -9792.049946966712 9993.437731752234 1300.663267105885 3316.4802781340477 1972.5504337981474 8806.673994030618 -5488.152954274466 3316.830068690033 5869.621701283391 -2694.7795036198395 -5753.614397158673 -4277.569703380093 -2473.467823390596
-2683.934212533548 367.7401989204445 -4987.655507296602 2361.325960166627 4477.635145504655 3414.697598670973 -4242.456072957705 -6825.452203134619 7249.915922084874 -9099.916082058608 -4209.647753082883 6231.127763825369 448.7717174307454 5384.191409613597 5103.848668299332 458.93218116987555 4015.391304270699 1311.8420538156224 -9273.657267862629 9164.876602887976 -3129.538644515468
-6769.417242218882 6685.634357786821 -9123.544063994234 7896.031409916002 5251.352356868969 3055.8654642242946 9492.256195008838 686.8163123029026 6887.715892615637 -1916.0105239151972 -1334.3088367172222 -9964.311842958736 -174.05770729799042 3615.9806259164307 7398.979339610814 -4436.929565203624 -6757.572016396509 -4113.02887518366 9776.962333416002 5157.696641218761 2642.246819991964
-6574.061222250555 4029.886202604088 -2043.0660747552556 -623.7048227482373 -3594.219104461158 -2594.8394909385097 499.9559190377804 -1112.3148889033255 2328.381469539365 6855.348204922961 -2292.096804033825 4036.0775154629464 3344.1659463439173 -8682.193704467509 -1162.5930268329412 3984.1589444278598 5245.588541582047 -4493.388958005779 8691.09047058484 -9880.341014523197 -2833.2012259817075
1459.2429220351933 -5252.837919462401 -607.3710099661184 -3314.431177174659 -2671.296538014758 7912.556655242446 1174.6751375258664 5812.422211741201 8612.115858267967 8657.66521716419 -8150.945507235581 2218.596898422278 -5518.570403280088 3430.033424943238 7117.00450353085 7799.068247647901 -8854.920008671474 -1057.0044742489135 -7232.693071533087 4059.5877860921228 -9743.030890053555
4024.52667142479 9704.072605455822 7438.6944184877175 8899.252057192818 6331.803204075255 2476.8836759297174 -8601.3410549775 -6089.94877977105 -6803.093967672622 -3976.31167176528 2622.058185737793 2461.913222292338 3088.6117759975386 4573.982919930779 2894.225892958986 1090.5653739846402 3218.322475133984 -9104.54732323289 7921.675837732419 9383.346584896757 2376.0613921331824
-3300.265457895548 4929.471696823002 4345.280726763171 9794.164189424075 6171.927042558385 -463.77067558536874 -976.1923868708018 -1452.975109321631 -4390.253694452244 -517.4714887674054 1285.9007662486274 3667.838664766443 7971.886277901762 -2329.4002636536607 -8709.301100014618 -9386.389393111003 1070.8553808523557 2517.567268948058 4723.414621529633 2722.2825779425293 -7441.4680103382125
-1652.7982135337606 7769.306231674804 5159.06899741718 -4251.043595527166 -1415.5650448672532 -3868.0757410553697 -9471.821295562459 1367.6270071766412 -7591.08126473254 3356.051679714845 7144.527845713892 -3950.362658589841 -6751.960853912891 2701.243469320727 -821.4368217781557 5676.186335197352 5447.844548471665 -8149.920517443221 2457.776209783671 -7130.255662337717 -314.22333452289786
2919.851119822124 9517.681353052958 4565.740940114405 8764.329963813114 -3108.6355713522207 8708.919996389028 8520.725250497457 -5127.452418705029 -4715.043158018746 -3239.107959985912 -6070.645028143996 -3488.556813295296 -2926.016424655968 -8170.043563279961 5923.272468855459 -9843.374708637111 -8206.264518961714 3938.2141530753233 -4558.018045264917 1273.260287196712 7733.528173442373
-2192.1278130249484 -5960.928355929562 -1817.8244022841673 6438.563942247216 -5192.556446385819 7557.851114197118 124.5144112579128 4814.899077982744 4970.289321115433 4560.415660143384 5082.678012176373 -9775.246703022845 -6914.575575288009 7719.7546139460865 2320.641786767046 1526.0737767700703 350.9613320391745 -1183.2887807365842 2019.5142202754705 -3920.2299792391577 -198.6216045066776
2957.992602558508 5372.672101705064 -3252.7057246761633 -8719.033025121265 684.800750764749 611.9844590237972 -4312.4822150553 -9108.94247924333 -7613.685238224303 -1660.9408920571095 -2132.709322403066 7971.325429656175 2567.0274811542113 -7267.947157625882 7322.764099830794 552.1439652766057 9915.147720034638 4818.970034380263 -670.7875315331967 6427.51033194123 4438.447458020764
-1777.7031299885912 -3788.1021056411155 5243.038428318545 6249.668992908999 -5055.674859352168 542.9855065084248 -1315.504324453168 8469.11519535206 -4785.128947989066 -3835.268249120434 1361.3105736452962 -4084.314859794982 6524.856512347338 2417.1377371372073 -9413.75612457169 -6837.857685009248 -7446.817764812974 5039.863332724672 -9071.530350756088 9032.425053845283 9609.276818721562
1 21
1641.9500964374147 4058.4406054277133 2229.3302921461927 -5988.436491748729 -9478.85643645832 -8263.566235140834 5679.474369677402 67.11904338776367 5542.228282617074 7430.210045314176 9134.513637013835 -2670.971128570456 -8987.823381303055 -6947.94506993122 2373.146570297118 1632.5114348946354 -7576.406179129597 -9601.851698935758 1167.8569724564077 8337.556263813807 4027.776289800602
