79 24
8361.188453124578 2198.7442675819584 -6210.172151064446 -1098.5985446810428 -5403.802767504578 -9520.13541421596 622.9082837866645 6960.209825094305 1570.694040527742 5639.132686356525 -5386.46671740874 3406.5356446673795 -5505.12113655599 -1235.5580764484293 4252.523677614627 6209.153271883719 -7135.098362557615 9309.40340024457 -5545.839779255372 6330.673359401064 -695.235181521457 -5857.521115265218 1185.3440920840221 8668.403105245332
808.5625751697444 -2510.987962070297 1877.2457605459276 1242.86212240832 6123.471783597906 9483.605262554152 84.59583822899549 8922.447459145256 2336.6629552085633 5625.976020199572 6193.404465121703 5827.356082455113 6883.195159683568 6091.827081754836 -5514.328544745784 8326.785137111317 -7602.603915555297 -1631.1131028064829 -8307.604229672861 -6213.764145705141 6025.779588459192 4586.594551913162 -9609.444325845034 -8464.875557799718
-4494.11552952359 7495.737439490778 -9793.71805463529 -9751.933337224313 -4329.936671991452 5813.980222393298 9553.0111450958 5091.147365078279 -2389.427493494052 6577.041943959106 -290.37635952282835 352.5809111091676 -1694.3134718181736 -4343.445844387561 8168.381088930259 -9600.459140304065 7403.614197206902 4219.444257669793 -4099.277713819039 2427.8205000708476 6480.753611955839 9305.779398042265 1054.8140533869973 554.0548751221941
6022.8504424688035 6295.631503982131 9075.393570318403 8862.19556324379 -3936.1760488306863 -5005.647711493719 9384.505041732144 -9825.455409630196 -4005.3822210063727 -3341.5415570108544 -2644.9342499999684 -9054.398287990196 9241.730877419159 -725.2731938580164 4729.195629431004 -6272.860607636954 -5521.0230705592585 4349.266401856012 342.86666797179714 5479.464518847868 3482.2280712527445 -6174.791046733281 6613.501038376773 8369.234923812033
-1805.0613468113588 303.4539342965454 6279.882198375664 -8467.291627543167 -1278.74785672725 7204.160461759602 8329.51772328325 1823.5361288354743 8530.222358631516 -3705.1231767519876 -1336.698316952763 6676.51739255424 -679.6759629710541 8364.723913759331 -1213.2243503931459 1985.5948943211406 9910.101689057046 -2762.2091774233204 6940.142872417833 8477.118321517974 7219.065059611643 -8513.374849224601 -7760.183467057748 -8259.173105834872
9037.30077636813 -5866.267991847351 -2231.0546340394067 2215.9426389674645 1419.6841980749996 -199.0930808408575 677.7631250975301 9911.98782579651 6866.061071528704 4405.089747013484 -7658.801215575222 519.2369503140089 6212.6187864657695 -4454.667837296249 1478.6158881186802 -9585.496160320177 4057.526016333486 5578.731545629538 -5157.467490915109 663.1289123948391 2273.0676029437673 -9684.236867035313 4535.461387169309 -7887.62810083369
1481.2357925443885 6571.503148417138 6670.44129537309 2214.641153385697 3689.6124545648763 -1545.1851245710586 2985.1603215039013 7206.5888730505685 -6087.096542712334 -3540.642000038003 3626.8388806684507 -2989.6739384453895 -1461.4600512156612 8494.554853624104 -9558.301572662846 4803.011847165775 2440.0024865708674 6447.434566402069 -1540.8592034423054 7778.494508504573 -6780.21409766633 1415.4861148466443 8763.580401153547 6466.174328220095
8563.81080586978 -5166.876645686307 -2686.0454782613742 9420.942259374395 9869.711204466566 7496.85218922513 402.00203082115877 7488.241020451012 4108.683999286637 -1832.4409227507467 -8802.814669046282 7898.61094578448 -1988.0838254716382 1676.310024339431 -1795.1526306469914 -2228.7783354238863 -471.4714943629715 4059.151444660447 -7941.876081773307 5290.035803427036 -6305.9619896150925 9256.499099308312 -1885.3701581677406 1173.8326063471632
6744.758320311728 8240.280204777238 1671.5003994111448 3012.658721633221 5636.4695190614075 -1329.165062327611 -6226.477993399692 -6417.193371737718 8321.092725289855 -976.5120063749328 -1097.2269398581084 -3245.4043097271624 8674.110227426736 -7577.201533466232 -3195.238075028342 -23.806396442063487 -2811.3738814200806 -4002.690749481614 6508.950630345094 -5665.729579410923 -709.0190218322714 -3262.592954656183 7174.783461235573 2656.568568802204
-5132.007517320978 8065.372295915757 -4430.005022730145 6264.6057857154065 5166.565406008254 -3081.3085874453773 -5557.96999465298 1024.6038582725978 6137.865925320211 9472.117801328917 -3588.388144419081 -664.9448453797977 -7156.961970966527 8808.846521805357 -5940.832311612814 7678.222409834467 -3030.874923598277 7599.4170979595 -5053.385606210576 9973.404912399998 -9238.888923422952 -5649.966461723119 8878.754064847984 2983.1584266655573
-7123.172674935343 -6088.479645353617 -3999.934279286994 7107.480612576277 8423.443300516956 9968.73109840151 -7189.573669468991 -2394.6598669710693 4029.647304070577 -5813.3851742783245 2851.819598335105 2681.651152543329 5183.133170102361 726.7639550062158 -9160.479294552524 3186.24441181807 7405.460072733076 -4334.553905445208 -2564.2220559071457 -2267.741012284868 9942.725375154037 -9347.96839383371 4670.18521827569 6944.953457023541
9805.432859711855 -8021.958156349878 478.84326994535513 -6388.477493917593 -6035.266323795358 -8238.613185710597 -2305.884713919635 6553.028328250362 5782.312934656295 1123.314744669935 1981.4605771761744 -6351.844313268438 -7650.934897390174 -7570.313750106008 2714.88923739412 -3982.236322433135 -1233.2961993464378 3960.092993412827 -6061.058530308297 9471.84065490543 2110.9564573983535 -5519.260043531702 29.66267073783274 -6591.949576394902
-2126.1276636567827 1651.7058961194161 -7855.244831376298 7938.213720477055 -2077.2606544319515 305.10749082340226 9060.782882118172 -9891.857659075962 4958.90782083926 1737.3146696150689 -1351.8233231007434 -9719.081624078575 366.14810895558367 -4898.850955450133 3603.0301321820098 6099.50707464355 -2636.852376121783 -1551.2987663488348 -1391.7201946192035 358.61940271960157 -3126.902911151832 -5143.698431424304 -7562.601506213625 -1861.981016232401
-4691.826414102927 -2385.7428436369555 -1336.2884167531975 9009.758950373001 5769.446238656208 -6733.725134388184 7275.976039541129 -6713.628704827812 -9459.495008960694 -3269.782337980134 775.9903263919132 -6502.4871960659475 6599.462632755345 -6803.547127773916 -7996.983497739468 212.3744656713352 -2062.7884001640614 -9766.101467953436 -3955.7720993680805 5129.389295976365 6172.2978175321 4301.72475796935 9166.322172992532 -7541.852929265342
3063.4537307290248 3375.462874667539 6346.506004211113 788.7568993069708 -4918.845842996969 5039.44409276367 2813.978642898168 -6720.986143473274 -1226.322489132397 -704.726372304287 9239.12123413715 -7391.443011084855 -6876.5089298257935 -3091.684583484637 -9175.044946023387 -7594.609883454197 -7369.816400579978 959.3853714720499 5214.307878888785 1046.0301726179496 -287.5233487595233 -8882.760064484617 8869.863369050181 8731.305822110939
9517.792367117909 6394.095536956895 811.613934805453 -4426.650138592332 -2561.5731484079233 2379.520540235484 -6469.180005056543 -6869.340476876529 4418.061456292035 -2802.61097286338 -3581.085282300125 8757.885575338376 -346.9742445208449 8297.314291402483 -1784.6954894161718 9189.171082354304 -3858.647363953207 -6061.547914562424 -6871.74758614215 77.04622079024011 8255.007622327088 -4510.135729826583 716.745216586809 1276.6764968141488
-2671.624008060451 -9316.433359379915 5688.839724891879 4565.096134134534 7379.204998668323 -3783.8337887534526 3316.9583583088242 8317.831334946539 5304.507030514216 7032.380901818182 5812.376374995638 9019.604294889345 1125.850230279595 8484.320190668881 -8021.758565916756 8807.561650427386 586.0078090459538 5980.996557650464 9292.000950174504 6032.883310204012 -1382.2439383775345 -7404.8186052684705 9390.960386541814 -633.335523629632
-5892.0807987765065 -7160.638615334982 11.26050711726748 5834.108092439832 -9193.52523878598 -403.0534398604923 1.192561172942078 -1772.2104951796755 1393.5202446306994 -7399.165247472574 -3230.2249059467613 -9592.857867052158 -2436.3425412276183 6403.406031477567 6620.97000428805 8565.05432318413 -8428.821888091014 -7666.14352572843 708.3092102171795 5807.78609098292 6931.126412000613 1103.4905618030607 -3714.8091966629963 -4888.037962504965
-1772.1995094023077 -2112.6769330253055 6460.626940745155 -7121.050684292108 -6533.041818529917 43.85837950052519 3503.02044628385 -1679.9058853803035 4687.458182854851 -7873.70340566113 -3923.902834113029 -7283.208417871081 465.9532198264842 -186.4013638174747 -6516.439524320772 1570.728594559514 -194.23944721946282 5292.180353510099 8272.525527002465 3551.531799254848 -376.08914633187123 -1540.0132465899733 7902.199175564252 -5110.971295475588
-6254.87262160454 6454.206021404847 -8506.039987256467 -4663.389845527008 3614.3527367667193 -3430.0933198851017 935.6767267397536 -1559.5212982824087 -4209.39309770799 1159.278877816956 -5376.7960144946155 3232.3746399851425 1311.4702807052217 9506.23934304449 -5164.0826969406635 4365.272244428779 6999.546696240981 -7149.152447708458 1305.285139543701 8901.881491535518 -5333.691613194164 3626.4067762077357 -3889.28676916346 -6399.819851431365
6825.000838313776 -6380.235349133243 -2879.102797420339 4283.572214076736 -8153.550341269429 -4652.490649651846 -9601.40470076765 3413.0332162191044 -9385.796186054333 -3897.437233228038 -4028.8833971603453 9863.917413984858 -6315.430177713472 -2158.754468125523 -7304.883846861672 -3033.8568299618655 -8224.941875369903 6589.740442598257 8259.617809648382 1930.5963856651324 2672.184127222241 4856.255407424396 1.7170748983990052 6008.502142177931
-5402.46447347313 5513.04255487314 7190.811927586226 964.1234121786256 9789.12907517263 -5427.103967590377 -5606.65662488407 9032.003411243422 8238.64958125195 3591.279567210231 -9486.022418168059 -4083.4527451952 -2644.0202564379533 9376.181165446404 4892.318390979572 -5237.6197525900925 4768.097331615065 -1817.7488561177406 4643.604477370094 -1607.1442713010256 447.85295597370896 -8612.216353363363 4561.507577437835 -6956.239585368138
-1428.6920390891282 -1411.9381478121613 -6519.143869521187 -7576.2621517387 -9289.066789852068 -2250.7710030223298 7459.634790701293 -5664.840054874089 -8442.731861732933 -4657.998634218247 3232.5108282021774 9324.423120783154 5416.249628916641 8360.147083302141 9619.282870329454 -2512.6328188292946 4955.309938503338 -4112.578961241493 8826.966182086606 2286.5177125826413 -1371.1020518664573 1769.4217545493393 5633.166275382082 -92.74476236951159
-4961.577828895239 5758.582751258427 -1274.0178355411972 2455.5640427461003 185.938462776523 8849.281608218687 6564.724496443356 1483.0640442519489 -9010.595725473142 5886.20287834376 9688.975448020377 5269.203647305572 -3881.9433555325086 -4582.713072217212 2931.234405515661 -8664.774175152976 694.2591877330105 -1848.597852034648 -9176.543766562769 -9347.908690004178 7882.924202560647 -3267.89475140812 -8563.713832178326 3603.0236449646764
-4268.272192885931 5363.576646515527 8994.116926339662 -2258.6052412205972 -9593.35983943511 9719.388423082197 -7749.855608743692 3615.7717418462526 -5475.738693203544 208.05945540565153 -499.05120459703903 -2580.4785845952983 6746.943269415882 -7061.902297578576 -5108.151007636446 8927.795778307074 9157.462802759168 3626.00632257255 -2941.2934538068967 8956.036138671141 -5260.318586978951 453.81380325358805 -2776.4721093111366 5907.273798238821
-6462.051459685017 7097.584978584873 -5470.628411293297 -4840.282592034404 -2705.6686252265317 646.9274248610436 -3652.9091889744423 -3016.325666464554 -4082.689342083255 563.2531330519523 -2341.1968179527285 -1858.3945146764827 3596.3424646980766 -3537.801544067227 75.89025678575126 3660.0139534373284 -7075.141355297221 6989.579415566677 -6244.004195370263 1460.911334920138 -5736.816641878433 1569.1689603249433 6571.273708228837 6930.857622317602
6604.487780487856 6096.521442494724 2185.9348079561387 -6425.339011058393 -3922.352320768463 -9993.2478497092 9222.350518154326 -4126.107374429317 -2211.0116631386263 -8362.176905536762 2986.0508722515224 8079.468758617477 8417.801710820564 4731.31263607911 -7074.091288965305 6185.054426593348 -9407.255901814677 -8635.176645001724 9907.419809883548 218.42659368552813 3490.932337457436 -2085.496933891355 4210.054024347632 -6666.070290369444
4483.363542957968 4096.844468382635 -2895.589655999418 -1530.4055106777523 969.1812021083442 -3417.66236719631 -1473.6021925450914 8426.980176523903 -9180.946725031654 5553.6975824936235 9549.732944335257 336.1812182770482 84.9797869568174 2696.8529032311617 4390.0602963232195 1276.0418515924648 9564.867478583747 4813.393652510069 8633.815424876364 7696.259499073953 -8292.72996361269 -1333.2277518092433 -9696.692702301309 7851.321731860971
8472.978192072434 2262.95352019872 2702.1812633555346 1650.247732055599 -1181.9912850587025 420.80393741120497 -1622.2546085996146 -5200.053699560883 -8836.863405329805 1716.5086889625763 -7540.957717677099 5447.432218532011 -8794.249908127844 4161.261449144671 2688.8931759351653 2899.2834856293775 7068.609124503349 1728.6825354447246 -7480.767355100692 3550.4416807585276 8305.562968859573 2760.2904844700115 -6109.464398918257 -3358.0362274019035
5825.0237401459235 1840.268277441377 -8960.87379147184 9802.302910779035 -3325.9141876662634 5206.812280528155 7217.205817172064 8465.186347739414 -1640.4342472869066 102.30780665322527 6207.516564538415 4491.569108894131 3803.948536143069 -6410.068440401892 4530.449739094531 9435.701893604859 -9686.931082342942 9740.308199596024 9953.031010925424 -5731.4623271479695 9638.935549955462 -8381.383855033186 9802.183078898906 -2532.038436568194
-6017.618647364134 -5338.2373057201685 -8836.747092043513 9694.30898500367 6965.54237024175 8798.606204597105 -7756.646004902541 -3926.412910273345 -990.0365679756451 -8420.964675215606 -2358.202453711986 -2337.9379694379486 1593.795444747344 -1928.9298304947124 -9615.446503181853 8020.356768955498 1147.1208930344146 700.301626230128 -5275.086049719844 -4163.332522579857 2292.829353329902 -2966.0982080136164 8433.504336234666 -9172.493942571715
7911.759171994345 -6964.794889968036 6300.272798141947 2528.8536656532706 -3663.80702484006 8365.888654126684 -2193.978800678394 1213.0590839237484 685.4169973974458 -2605.830560475133 -6821.655951028136 9452.118705469275 -8925.501104190993 3401.0773471227494 -5684.655947793833 -2772.980387778217 5950.248661220543 1844.158867097265 7975.664774910623 1800.4438295861564 6098.836131273427 -8277.398512863798 -6285.8359103470775 -8331.543799990455
-9737.006778320878 9543.09399391746 -1319.4561665703077 9851.239640967895 4603.483713064112 926.3122726169386 7565.650162463047 -3556.6638250390724 5068.463127720695 5464.330428213325 -8066.468630964622 4705.8258611506735 -6354.295362270235 141.50480751046416 4928.9001622232645 7581.420502802444 982.8660629643146 7484.652208563537 2904.2158897152185 -8746.73955533504 -2232.954114290993 9105.82738166098 -6954.239890641338 1534.1161347719699
7280.932502774856 -8230.82505259234 9449.321537312593 -570.8699250899917 -7773.62527391748 -3105.2225680738175 7953.012637561209 733.3613902635825 8217.445386786374 1605.1400381285184 -5899.626607978772 2239.7879749313706 7026.87053946868 -1131.444234858096 -9694.245345027599 1613.0138351347268 -9290.88924804449 -1542.9660021859927 7700.799206737331 -1603.4186088652168 4438.232673704133 3401.8008195889033 7068.621411232427 58.277323071344654
7913.771373536711 9432.258753746748 -9282.882758016993 5532.707484807906 -4595.060577345554 7788.175662445534 -1452.4522124632622 4842.528293989539 -9857.4891385802 4884.052170707082 1188.1771170871834 -7581.195199405069 1411.0111386915632 7262.429197335467 -7623.240958327866 -7017.518954908177 9961.925722333588 4128.616397262635 8690.59216201555 7635.840604966452 -86.5018177694601 1339.8539250789981 7016.24724891573 6247.087168117747
6865.788044676949 -6124.366298226636 -1180.4248678217464 -5551.958964234498 -9096.509226363769 -4530.020995097503 -3072.154038300203 -8613.459139141562 6820.71249020203 -2334.6111468005183 8398.97720195393 6395.66747802879 2551.841974960831 -5723.451298757926 570.9814238395265 7140.601238554686 1292.0312856280398 -1907.2914811136461 5649.665664508291 -4315.976528786665 5489.775949315377 3926.6532506352796 2142.2080249184255 27.723585117546463
1251.2561000093156 2328.942510159948 8520.456234831872 -2641.006820691945 -3495.7273797468824 -2452.149965820793 -3206.9295783429097 -8830.220088762348 -1144.30025156607 -3399.1643014190395 7813.311189723205 7947.090443357298 -9524.561702075496 593.0066904058476 9034.098694815304 -2889.33105185351 8878.89101719563 -7556.632925288207 4360.665121509921 3545.6728491780905 -6965.9829379352595 -8333.22166427858 2478.7510430559196 8397.060683911004
7263.096375635534 -8201.614624286694 -1761.961090733368 -2184.556628847742 -2125.4670064600423 6478.2927228576555 2173.5170580351532 -6048.973474414094 -2958.5387115802605 -2797.8441900557427 6012.70359674668 -5228.664088706354 -9829.434038527017 7145.116333514416 6481.253314604535 -7116.955206582863 114.51591458057919 4864.455822985245 7703.7295995277345 -1026.585398088584 5039.878395315063 89.61270870920089 -984.6208286339133 6514.1062113336775
-3632.507848898985 -4449.254506202918 3659.733589911506 8633.248329089536 -2833.5513790178466 4310.602695647567 -2077.1177747056654 4810.541856887889 -7199.972764910539 -4542.371033294492 -9180.50910569823 8721.726127407026 -5982.864626301441 -817.0806655381839 3740.0998331166375 838.0039541734168 8014.252282911013 1399.8245823982143 6516.915931623687 -6395.329864962616 -5232.748725284156 2806.7741979459333 581.51701120084 3593.8758302169845
-1908.8160978733385 7750.238257836012 7933.726449173439 5758.720276259606 7323.66235298265 9457.820845898423 -9728.513871567366 -2152.86485350207 -4109.923393774475 5829.434920021256 732.574607859593 8835.398503798613 -567.3391329020833 6963.452147832013 4664.983559861963 -8808.76359163928 -4698.581708558873 -5511.3236675943435 7048.024648875275 6639.172209354296 1137.8355000395277 3068.558342806102 3157.578013611721 -1767.0533912315677
-5622.875362200013 4462.777507406865 -4122.308798186549 9913.179573981459 -5757.674326503346 5830.944099300725 6243.139069918147 8034.847139354926 5520.457665862865 7179.185915388465 -7849.996315437755 1376.8243666279686 1269.0367215873066 -6622.455071322238 5583.098173465411 -71.68854227896736 6082.067239139138 -4340.029113405517 9522.262286299705 -7167.364876504153 6381.897020538587 -2294.4103295887053 8164.472825838446 4203.857277658733
-38.49869084092825 9572.505132478585 -8026.552204362091 3156.90928920813 -1687.9053864673297 1351.9494015486252 -9235.617309394831 -9709.975228462054 -3171.1207455747362 -3806.3615898115204 -5679.214743537162 4056.056190665511 9390.074029200281 -3439.1009427783283 1314.0413766277488 8596.504630670748 -308.801068773746 -7823.778388070481 7801.343498419046 -6601.216830290248 -9719.031079640517 4979.278425533674 -934.2574455011363 -8682.85063311443
-3677.403421984144 -421.0759496627543 -7444.073869289458 -8416.74157018355 6954.182595783888 -1805.9034441229032 -3613.4287310414884 -5207.458394185114 6537.041628192765 3246.3967985384716 6852.630857664535 -9288.166023799447 -5947.2667955216375 2920.863662613636 484.409785361031 -7764.130249844361 -4787.4758669977655 -3322.188370525787 -6470.8511177574765 -1576.0861852931503 1550.216925112507 2871.7743374777765 -6448.880040381628 -4785.320098279251
-3741.76446847444 -3751.6426851336755 -3258.0006168233604 265.4572416306746 2953.534307331831 8217.502968384299 -9194.837231223551 -7636.565500883689 3763.529726021792 3405.7245456605597 -8605.240639864965 -1264.7713401394558 -9413.610274996787 -8755.977625195908 -6003.327885705383 6390.331688665843 -4287.019268241248 -6345.611722436899 5218.314956763472 3692.382613855685 2604.425205341784 3881.2797196638767 2875.6519986489784 4778.962172953099
3362.8347393209915 -5593.721845136168 -8993.116727788814 5651.801868816336 2491.1871157714486 4247.356398455422 -1301.7320236678224 -4636.790182170032 -1379.2092353779844 -7034.393918443162 5841.5095026436375 -1330.3201072849406 5540.56924777198 3477.228051188835 5947.284944012319 -4923.101927092137 -5361.985735324575 -5837.799655926415 -4713.658211143681 -8471.499947013908 -9547.083138253067 2669.490420361715 -5255.769029906854 -4867.446978217982
9398.359620721094 9318.149512336135 9487.248958789609 -3499.4589130103186 3382.9111430495923 -1150.1518361741164 344.1283070917161 7561.1294107875 2106.0059590524907 8762.438281719933 -8691.377175386606 2282.503433643764 3349.2947140958986 7853.561356024955 -8343.849102480157 304.5145361173745 -5273.749404321353 638.5015813315622 -4048.3689126536883 7478.824938766436 904.6104314335589 9966.204826243284 710.1740572765157 -4427.441941871118
8241.63824434192 -5313.036606433659 -3097.2507088614984 -5499.290690963024 5289.684353966957 -214.3268611944368 -778.9631965952631 -1744.7940045741489 -125.42688945409463 6730.600632021327 -523.9751791825292 1337.6872875059125 9971.023048973235 1010.6994415677618 -2301.2422614407633 -9367.320931930642 -3726.360448221666 1608.4812131093768 -466.4127864707625 -3751.48620318555 -9895.265732226919 -5307.330610035264 9950.297932918838 -154.83823991890495
6099.342514326092 -2827.67273211235 -4268.6597176722225 4121.839817651609 -2234.0405627872606 -662.5567563240002 -1749.5400166085547 -3864.1941350602547 3941.439431431283 -5068.415508108075 -618.7432539405836 -8791.366849405258 -9994.243627967167 892.4055161672295 3357.8239999857815 -5163.780642622755 8578.367964347068 -9147.44512648366 -3666.636509063641 8403.307583013291 -6421.4867064810405 -2307.8115897704747 7864.200229284066 -859.9773973488991
-1995.6933160216277 -190.68866671199066 -9712.275207892068 -5696.161118591907 -3922.8350099872087 5946.141244223312 8267.181000466815 -6773.557779858681 -7705.093052188677 8530.732867535819 8602.353173498515 9247.10307005242 2310.2709685678255 -4396.429078737212 -7399.237152583016 -9447.114631927876 -1337.378395161004 9732.816092606277 -7132.581716667104 5541.063377410799 -6319.629080255858 -5959.539427831178 1446.3331963932633 2156.9705944462075
-4779.657916090229 3854.0540681332895 -7193.939913492933 -2995.636268559223 7022.58635336893 140.3642073931369 -6077.307736777555 -3142.6020085845075 -1379.7529298555983 3427.08932015555 -7906.652473226807 -4039.067663252232 3437.106171731153 -9845.104907432918 -8312.78625158812 9180.487004101928 3936.527692447291 -465.40529959425476 -4377.195938838423 525.8211693585963 8457.161789781381 93.02252609109564 3748.932926889367 5.138178839597458
2398.2671908666034 99.59059387336674 -4543.678680149413 2650.7240354806345 -959.7671386354341 8283.691457686979 1154.6546669334075 6012.1895318952775 7972.313135954944 -9319.587807785754 7333.112157180247 -1887.2767112149695 -4348.686999915188 -3268.216042705574 295.1748709714193 -6049.9396974035835 -9224.89318184996 4353.861674757993 -7598.1902323366485 -4943.49583393281 -6619.385019578704 -385.561069517893 789.6798118852894 1183.7619906905147
-4186.546332570022 -5817.32848184622 2416.012107243021 -3102.0190438000664 2458.116363531757 -9344.55330472027 3071.5424403164325 9496.057752129862 -5605.818672866431 9738.94527220005 -6378.6040255271655 8632.845456935553 7765.290848925728 -2140.8106142845136 6986.83439718037 -7864.593796403267 3756.1201663594074 -9043.753109737356 -6494.838282376163 3624.5701206515205 8774.709486101896 -7315.177690822398 -9548.029870161707 -1257.3674260678054
2311.2088338795093 4326.0105936419 9243.852233458085 4690.190951713235 -4305.035703729816 -9519.134189971497 -4665.895467556064 -9309.989110594493 -8012.478362956194 -9914.497250982096 5605.604918410021 -1505.0873300425847 7664.127194519409 -1221.7705571530387 905.1643966686988 6859.113277842498 1211.105956690626 -508.7513869064114 2713.404827646913 -4572.703602171177 -8846.252273475931 5819.713488053521 2066.1435026600357 3072.44418609493
9300.28094078373 -6699.857607143731 9611.915493837107 5478.302738133509 4237.998808859142 2345.8223362768676 7231.997535755163 -970.6955900165376 6389.657637065724 -1513.3108506271292 2626.607707391222 4277.050919039597 -8170.495487166029 -5874.308401112594 6467.143058263282 314.4928727094066 -79.83235906073423 742.4487560287616 7555.936560226099 -7784.34144262403 -2758.5807704910503 210.6567394867161 696.0187434301733 -9322.150866913476
5929.102924227225 -1816.8554096127946 -7760.294794945555 -8616.567499066019 -5071.91796118027 9323.184688471883 1110.361740301536 4589.537024139783 7401.833253858498 -157.0040759269741 -5575.4669617289055 5822.68374981351 5184.114548335439 8349.06117260957 -5307.266051590991 -3340.03197724039 -6919.014435045194 -3450.069450824969 9117.745572646701 -2518.7892723271534 -368.4796610626381 -1008.9247458358623 8201.007048485313 2939.5121933189093
7529.777836405661 -8321.697503229108 -9961.885452909764 654.0308983242285 1914.7583594323842 -8545.834366148101 2207.55620510872 -8164.6750086175125 6738.9937011281145 6989.193440525902 7748.2387002248215 -1851.2267537197122 -4029.17707454411 5367.891446475558 -8313.4845786467 8207.271157558818 -1369.3331894288058 4923.118718356514 -4624.509071852017 2953.353226628584 -5235.569789169581 9754.502019511983 -8459.425857628172 -5195.6988347509705
3495.5423764593033 -9879.306759478995 6975.862927292415 -991.2525891624209 -2697.276399369519 -7714.570147234063 8881.223483656515 -5441.038896183463 -7235.034391932219 6874.1065875157765 6982.133694925309 6283.617935537544 -8153.66083261124 6797.489772066878 3438.3832527774302 -6340.160002742539 -2234.7764613814406 -2723.263301207906 6211.4963778415095 -8093.429580830238 5866.796039814619 7645.503995161394 9781.645717478183 8271.400867619093
-9773.062186039097 -9724.053684052848 9209.24857875146 -2270.3842135612094 -9927.997245887173 9413.811658204431 -1058.822394213652 -1019.8383327734246 -9168.435648035853 3795.349088910176 4763.82250615159 1851.818456562578 -4618.572034095694 8188.410661585105 -4168.672110492582 -7634.029658894959 7387.966194216529 8276.163373293206 -5595.2362535064485 5946.495046627941 -683.3382781519122 -3758.560087133096 5447.370547914217 4429.441070276267
-3600.722613224528 -536.0436821888743 7496.767804231633 -7962.184213720547 7322.2873044882435 1750.804533812905 -9653.709989107843 3542.3992112021497 -1617.9133776662293 -828.7739865218864 783.0457945052312 -1050.011798170619 -8797.92278640161 -269.9494569279759 -1289.5920137591038 8304.258391416846 6042.127414724377 -9326.22744165194 -6545.275425044015 -3529.6629406414468 -36.500747246143874 -9482.070483176662 3093.0550538703483 -4511.6327282196235
-9186.603518268614 -8358.272948793056 7042.5633896381805 6664.04238356341 7270.479718811574 2411.8704154842635 -6430.665879446549 -1225.7632516889134 -7055.399426623705 1620.2762713944667 -2769.9424853176224 -2302.123671528937 -3312.9175087128806 7005.0352142335505 8618.481165838359 6736.304159334155 4309.622415568087 1621.2910522937273 -1010.0608295918137 4678.549208795081 9120.992997174562 -5168.356383416522 1802.8268072859628 -6630.0703602689355
8759.601176211298 9232.978390670258 7370.46649310318 -2515.0380435749066 -9852.357222659237 95.78617675993519 -7388.903625718531 5998.235711175741 7375.073431112229 -3068.256714827102 -1077.0679735410522 3372.9008135739077 6445.396590175671 6579.078415903798 -5305.266614837527 4535.328970531929 -7873.417707618691 1054.6337138853978 -5482.4509357903835 -7759.026901315212 8633.051849416144 6968.327717304659 -1783.020311808441 -570.187498598485
7077.14549914762 3668.7086594679968 5592.080926783765 -8895.85009074821 9318.542803447395 6683.90503880339 -8894.545735903539 -3758.3849838052056 7933.102426442398 -2536.8735197269452 8439.855933394374 -6646.0250977914875 7571.848195687915 -8704.574474174025 -8666.166763608133 -1822.3024258728992 4050.9888734375036 4430.863192373983 9518.722896805513 -8433.195043172875 -5709.215782692158 8849.118278022364 -1013.1811690256873 141.78259713294028
6025.520377182949 -1933.8933329408856 7988.744297885409 9149.949992657064 -2867.496069242994 -7908.526705535141 4370.36678663911 6508.161668508226 -6387.93457819029 7335.72001453922 3669.986928272774 -8425.765088326678 4901.047054902938 -4998.361685747031 3480.6882593756054 248.57167405408836 9974.62820368944 -4795.797773316784 -4812.71864820564 -6795.964240164662 3480.8793021348447 -4796.461693827913 7865.70840460738 9252.217305159462
-8899.254728390708 -73.9596566525779 -5667.171344028868 5426.801899358767 -931.4165424470484 9136.148906512393 9068.306710029108 2155.720511552403 -3005.178713099519 -2626.6164465507027 -3258.815338178413 4765.643542774835 4469.111566826865 4932.899047057463 7407.318523474041 9695.65674545434 4348.237494262201 -4186.895475691512 6531.801424203728 1593.7553233259914 9684.61331777594 1369.256054794594 9915.045757203894 1213.117800072836
5400.548532444516 7042.178274533955 9968.575198812043 -5527.858366713552 8612.6098112238 9103.069096767838 70.8933520523733 1260.2654946308412 -1853.4590441711043 7608.954811012736 8174.884458862078 9769.548861526226 6436.8162013009605 1836.3636761254893 -3955.9507019796984 1692.6877233757186 4798.834947136356 -4263.253811550351 3365.153568418229 -8226.320841275527 -1087.3971894472452 186.40733810154052 199.98353549671447 6129.637943338557
-1498.3083264495108 -3229.643771068342 83.94532886902016 3316.7510699512914 3687.8367147900153 9822.67212973697 7662.436199029096 -2512.29563961801 -9673.42475707103 3215.8282749783048 -5591.861465800421 9572.39456557643 8462.80181387932 3831.744813125646 8160.917815458077 8475.834868700596 -6322.8971054630165 -9666.00289736602 -1281.4904343302169 -1093.2188246181122 -9939.199513115218 6668.972449390098 -3478.170099372933 -1744.2462462052608
5036.900068038467 4415.707919616281 9447.19385741447 -8147.094425435229 -9486.688669316462 -152.71091248360972 6837.981647022534 3729.5585565473793 8694.906021179682 5041.331993085996 -1418.236878521362 -3728.058556984084 1806.2262418998562 2774.939379257914 5778.584247333816 8434.371804858605 9045.592887981336 -3583.724198831477 -90.84029613424536 -2977.7411055427547 1358.1069867816732 1068.7511520053558 -6988.835343187036 3787.116548451333
-2418.631236285387 6499.353632130111 -7321.047554935984 5063.85617042854 -5892.280150212075 -4571.235778490756 1555.6273329598152 -3541.273598219741 8516.484322719123 3182.219248806912 -4476.2743341530295 -2713.799557125136 -4573.112935459387 -3257.4810162118165 6715.210214812854 -455.97709088053307 -1848.4105552839328 -5370.360009354214 9438.147335070124 -9785.206936242785 2044.2953203003835 6849.855659807192 2923.173529775968 -3440.2884464037543
2962.278171400716 1656.1697869926502 -203.00304038661488 1391.532412792163 -6215.030988802566 -2078.9896253157167 6456.743258635677 7402.389612824751 2811.5753800088332 -164.40551879074883 8717.454000274207 6652.001755560515 2473.6781320476803 2584.314384924455 -7814.634833216361 -744.5189641329089 5098.82287090984 2875.7841324497567 8489.174871913994 7985.561177358788 -5590.592760166273 -7679.773032549399 7901.388501594622 -4313.563762624543
4750.437343198 5578.097762335428 2031.3845746690567 1450.833911540405 7939.193563296019 -7527.271874568566 910.5026161944588 -7580.029897000446 3421.962378953129 -5319.469204078964 1064.1843576599076 8125.512166180088 -6456.314434051124 -4796.862201564986 -3383.0870698014805 -6623.0586597853 -8716.1712773911 -186.30198209137052 5179.017380924606 1971.3419704552307 -3284.7038923736745 -5030.352817719803 -7079.137405354454 8806.934586018357
964.1520502994081 -375.7616600561687 9496.348456031817 3228.7916543797946 -6317.943320282284 -6393.791907252089 -1472.115585066851 7028.705667349037 2720.6060608871267 -2848.363622747983 4446.518901387968 -5917.265163183614 -7622.635605854198 66.79739941726075 -2317.7432885708195 -6580.015419385274 7004.16467779543 -5785.048720391926 -5976.962952022617 994.8598679997067 6800.543542945648 2447.0645056130143 3795.5894362363833 8480.93572367182
-4258.8176950307325 -9443.259361617627 3467.4575767302395 -9970.172000832206 7112.825459241012 -5631.877287806202 5396.252841576172 1191.2753915250614 -7544.828909775083 6652.213111424942 9486.400320168796 2163.620426834157 4745.343051095526 -150.96104031300274 -2051.0589754360335 -2637.188602883338 2614.8187833387856 -4195.73283312402 -878.0676132818426 6515.321336928137 7651.18280865387 -5421.788607143753 71.05709063478207 2074.3693130179527
-7034.892957111499 3090.886461265318 -2295.723925712463 1975.9748732632925 -3562.667597147549 -9453.46222472772 -5039.418905405979 4511.617716634557 -3740.4266674113633 -8875.994492758487 -4930.617189669349 282.15190489851557 2947.6693318898815 6556.317506305433 3082.6727190047714 -3983.571462467221 7605.1792316171195 -4968.46817366432 -2349.81325382257 -9729.95347659851 -5653.716075354045 -8557.034713844385 -875.2065057239415 111.07388993456698
1972.9622333996758 -1118.8688419838272 -5141.893016104591 9465.725969769304 4859.155204667837 -1112.1208446033143 -9123.235773703396 -2053.4658174722244 -6993.998691377261 -4980.359394854028 1434.753129573348 -5051.474480450244 -271.23370508577136 9884.08609463568 8272.702249896414 2509.2192348764256 -5031.825037185449 -9250.576405862852 8991.102529488995 -9409.8551007059 7869.610817940054 7959.558104488227 -6899.508068412662 -4701.872301818997
5037.382859125408 -1575.835175086011 8702.682174542824 7012.300586250705 7595.141450350526 -4951.565557342407 -6476.999104200516 1589.1578220306237 1618.180615929663 -8654.789856367093 1717.799529888598 3709.1558940707946 2524.1966111905003 -9995.12492529694 6931.227590409217 614.668886592839 7258.052272449044 -6630.928636491959 6782.121140500425 -1510.02836696534 -1425.878868709171 -7094.633658931532 6872.471571909802 -1709.2647883249429
3330.142648752435 -5210.143580207698 2370.038932950705 -6371.836409095992 953.5198573707021 4165.072084009542 -2251.2234746924278 9360.544345514878 -3424.707576497277 -3604.845362116702 -745.9666211399199 -875.0997420152016 9709.96163261441 2947.1223118034577 -8579.57662475069 -9713.668782502476 -7124.579705620012 3494.370023651072 3257.47482281221 -786.6310699392252 -5069.3711797318165 -7024.511375923583 -5304.690510238043 -5902.136651804355
-5167.534691052409 8500.98996919904 6382.167549710459 -9454.670421059875 -5015.335018473941 4666.859922088333 3408.3559204424255 8508.30624250925 8073.881659323895 -4919.840826519319 8096.234167274579 1301.2089724006382 646.4084170823826 5020.4652042856 3530.5384415389144 1490.1552379476543 3344.7731051663395 -2901.304326472682 -2904.6822960289574 6881.997744620137 3402.494287858961 3598.452158787675 8826.43824224659 -3033.451443309458
9903.93801659637 -7354.136297200454 281.13909137357587 4743.184554395677 8168.249271554723 411.2319799439647 -1360.1705744421251 1901.7114531530606 6549.881759177726 -8083.660455854766 6884.219681942755 -3065.7446996587814 2736.465323929635 6047.894790024702 8115.501092172497 4742.109571632092 1254.0994742233106 6362.40947020276 -5770.52301504934 -303.1940198454322 3001.482024098308 3058.7127101081023 -7773.427576699898 2041.7694556364331
-8462.550634087229 -5447.735945081827 -6801.08171375975 6149.024566153625 8066.615412286086 2074.566546324262 5882.1463630623875 9810.753341971384 9320.83391436705 4063.293319574741 32.40576683298059 -3069.6249292101593 9052.096883288134 -8836.631807535188 -308.21392005746566 -1276.9550567619099 -7369.454085583478 -6142.122357694122 4095.8364338330266 -5073.516209656496 8450.123567539282 2105.7247897423367 5917.669440844442 9515.79221123991
1 24
6489.167532731768 6167.569628928239 -8440.304924612263 -1507.5147911112672 -9319.886318177723 1895.8852701556261 -9447.924879196547 6057.930173101724 869.8594522637395 -3910.9108920100844 8878.222019851604 -5745.780922691084 9916.002941571434 -4115.03123149227 -9075.689096052145 -581.5486664901437 6700.465431268098 8622.885238725281 -3807.0800741728262 -5532.7941993096565 -2045.7096851625756 739.3607895701753 -2287.93509996396 1719.2342759876628
