245 13
398.1970651327765 238.91449077215316 -453.0271404828277 -829.6973641226305 210.98117826439716 -126.98388502927878 -659.015428862258 -69.36223691551243 710.754413872379 241.04051344335812 -459.7011745842942 356.2390402029175 -72.26973807546756
-244.25299829398875 922.6465110051508 285.44706755380844 285.39865391125954 444.39523881056175 267.53805068980023 -535.1533262114767 -468.66929952524345 700.7743145037514 144.50399306681038 342.02155489225333 -554.1856381870223 225.15449386837054
-731.9173571939173 -853.8568557995991 -229.8968959880914 -574.6930866851599 458.31089844230155 -830.9987983229421 10.989480342234174 -653.4676840013991 -854.07840445006 905.10532437194 -156.78730162081365 530.6031622809371 127.52783196833798
-357.2578361530087 -523.8349053899327 950.4814869726063 -82.50093104572807 -615.7172565042968 140.07031961258645 -0.551163915614552 -851.4667542484797 678.7928226349657 89.93514040628406 -35.25347420851381 -276.56931801506653 29.263980948194785
634.0084340248027 449.4499768350199 850.5559316913648 -239.56557550592538 -843.9578690558369 -148.84789523187237 -386.89377205029473 976.7956842671863 805.5928717994252 -708.3689261990334 205.72783753337194 -826.2378701152327 -410.14134911803524
-12.10970008138213 -407.04455517528834 109.20059023816157 604.2655334619601 304.6745478639789 84.25605896848037 103.3204658781483 -521.5922104891902 -691.3236169443198 533.0836967746134 -142.74995566808332 530.8463422609254 820.4673735994743
-153.99063603158277 -473.71051652171457 495.1341200577299 -947.5698156685628 493.5412062730302 312.1696283987126 792.8058878526497 71.37450070901468 -472.62339278435525 888.3616134086801 -900.9115262985996 796.2396947307939 -974.9798364629752
251.1892292336604 -673.8396757579067 783.197492649881 -855.9831808819367 580.817187046636 56.50934193632338 650.8283703622619 -981.5741711925285 -114.51166653188466 589.3917336724712 -824.0514563465836 528.08627485587 477.8162072887783
-341.61232154076606 -393.8626314487767 -477.083992082799 -713.1666315056978 701.9932471763473 -763.6076559763972 466.39796155380486 943.0920412652315 -236.84359170421772 -92.63899261398149 -917.1796115930086 -226.40536750353624 5.216660251687699
279.1202086217229 276.1420311889426 78.38570806383586 -999.795671882316 -342.2001656906149 -360.32738010794344 981.480099590781 245.7479073010213 -779.4169024380473 -461.9795650023375 -332.09468778101336 166.8867796740094 113.95261059674544
586.8873949552033 -117.43095929311642 918.7518459083847 -128.70346821331327 -502.05573754568354 770.1697420710866 492.62996164798847 -933.1803069888556 -555.1564256611155 469.03033846199514 -963.5076795834905 884.9498614482 916.2395315351694
-380.3856545860598 -838.5700196703001 -435.46852321210054 -682.6981227963114 -326.2133024622202 -211.51484685016908 -167.4332910888554 441.0627190561788 410.6253877674576 -702.336507547597 346.7870490998264 586.8272921041396 34.08924847849562
-224.55923730405857 92.79020340749298 63.98520826701383 647.0923023596231 164.93484986857584 944.8487165219724 432.47291705996054 657.4719814395041 -92.937018687663 242.2632182670693 682.6478014487393 678.4414108907097 -798.8687721289671
223.32343782446173 -939.8610397624572 150.9183424007863 -305.6001378676742 -318.72660745412156 -736.922913266459 -915.4918714907958 -296.0220102858659 -914.7172233036778 328.7195158942327 -292.3033567005293 368.6469621432532 -631.3090254422805
-344.01412857672847 490.7628294722931 826.1952208480157 -205.31532307977466 -204.0179287039192 508.8136417056976 -506.66751407732534 997.5768185059958 -649.3264789866589 313.80906320033023 -339.20475922598905 718.3699595806756 30.735149788229364
-644.5811406626219 412.05521017051274 -890.2035423479657 201.32895777598537 -792.1726368762461 568.136033106538 -605.1984695807821 -364.76134482025157 -444.6509301756097 -216.49796842136743 829.8352525025095 -111.11591708011065 15.388409805438187
160.34151328798862 629.1115731731411 -936.8234450379813 184.26084090593167 -907.9883404490892 -113.09384483497035 112.64018565338506 922.2933138968788 786.723267396462 80.942866048327 -754.534016212041 -444.0661250843574 277.33751539324
-30.789421891501433 -888.4970201035478 143.04833180520063 589.1888064176674 -770.208168721546 -160.08668771865337 -450.7194498568101 -425.3610308668781 -635.7066983134309 -311.2732656616497 -395.5780502527972 -778.3578441790678 -891.0477526621384
527.4741722834713 -813.706107156615 -17.08012273781901 -74.7367820537728 530.1722698058236 -272.12332738904195 936.9791501158813 -45.257920023313886 366.6967992516518 -798.6030458601265 880.9253748233004 944.8408414176167 -433.62190081901747
-651.5628534396176 205.17986286131736 -773.3379095402004 104.63439120340126 -975.9527169524125 -921.5026915510742 256.4671359390172 495.02871624280215 517.4849539624859 870.1041697733715 349.5195692492798 -1.3187917743729258 -560.9032727323457
481.9501412404654 -540.1002544088008 -981.3022903093251 511.0393167229179 587.945963828276 -535.5311935625266 -348.9812588504035 183.64201727797672 284.1744652874893 -878.1975344181825 -639.7900140024908 639.8196831507894 -257.32968807319344
-826.3127485221606 -470.8419612186343 -993.8695574640324 483.9908442297817 364.868637899036 941.5771039058482 -558.6809955735923 649.9399701251018 363.2472746011156 109.26486611675409 -984.6179080807696 -902.373178551094 416.7655324411801
-748.5787170140534 -73.81982892030044 474.418383581288 -962.208554168291 -743.64371030136 -127.79172427924857 382.7168150345385 564.9494375953582 693.7697203240789 -665.8211685098407 485.35861409109 693.8742624414651 518.8109300083506
300.99189723695054 -637.7104777835018 245.94863335080913 -490.3092792417956 852.237371974998 596.0980732739663 876.9432885902738 -265.88284879201797 -786.2460629419661 564.1792590517155 -594.5092462541239 -415.1879849457565 720.088997233378
413.29916924701274 -56.969129029369924 404.07584032449813 244.0786268353022 591.1910953573306 300.611912568409 334.8347961602244 -198.16262529575863 983.6746012237215 464.7119715490221 605.4571776560288 199.42032571135223 -793.4915442889212
211.80536455371725 335.8251303200109 -560.6129058285496 -327.4716022856377 -209.52073253109324 248.35784554731117 177.57970376455432 590.4646167655319 803.0240378079486 -59.42193231460351 -551.6206357758198 439.73289929227826 -152.12558062311655
933.3399663747091 -434.41402395532623 -724.6576023820926 883.8975483986835 -472.75494797863144 454.45895522807245 -374.63145554462415 -262.8730737300717 882.644952600326 -707.5632437257435 -669.167579888941 190.66467697512348 737.6662117684239
-5.849960986927385 -811.45678224479 724.2395460734574 -881.8452773179371 -75.69131218832024 80.83453780632294 -187.91859907564753 310.7877435629048 -945.6966431834011 924.9331245214078 -498.3987396638718 -661.5997007564258 -415.95262037524105
-959.530227916209 55.42426110401766 537.5960818537426 461.07275056949993 809.1443563169823 296.29158645878215 -421.49414158173965 -400.9094487560692 27.650911208374282 -162.33515628029397 -321.2015427492763 -878.1460227374941 451.94381271436623
852.9314900581203 -460.62716828651037 -771.6490314531582 778.7028479197752 593.0211716750023 -852.1442593441172 -3.884800720846556 883.3819949332415 975.0605026836758 -535.7565590043549 809.3467834045334 465.09721373873185 789.6908648485667
-211.59346938828105 -911.8857760378371 537.4240470010282 -286.6097523514859 -649.2772470482764 -271.33442088420566 -608.5098831164777 -238.48311969961333 -944.322952029955 186.33685872836327 -338.3893941197631 759.9715519130614 -438.6422151548568
128.58983307682 849.938910611821 932.1412833291149 -813.3669444257414 -796.6030691775534 828.4742472950074 -949.8535649178154 681.9114705947488 -200.76897088871397 -899.9041515839092 452.647728905589 -952.8079442611626 790.2838978836755
299.2824410090684 927.1442129491231 908.3467564851796 -995.4456166221919 -765.0931128180378 398.5755951923961 -322.26677790801284 -452.0973333899441 15.24949247508971 -13.276655793652367 -308.8304233957522 699.9047069680935 -94.71945742101946
403.5487129785936 589.8086706756558 -822.3722743447127 -845.9000051547578 -246.666438743331 868.0641326709729 -686.9878986959773 -320.9082060590023 -73.74127870768348 -203.53837788900103 395.6354012831953 974.6860658097269 773.5558882968244
-287.963702984875 739.221988777894 -695.0848279856436 -377.7881074890703 553.880589685119 496.91615257873696 839.8942273546556 -49.66237327230385 462.604803521677 -35.66434637664679 458.6690110933041 -387.41250784284034 415.03581056563826
-504.8383886909289 869.7115168751152 181.27476354834425 266.18946010538934 815.8338492734495 320.8838667944299 910.158001908954 531.2630956007176 24.59765080866964 -999.9252857978647 -98.78330470684875 -879.8947923582243 604.4843916530958
-290.50404730651985 -52.78653390354248 748.1477792560245 305.685345768881 558.0421420903606 -542.640237161256 522.9999298375997 256.08659922793095 -960.8322949254875 -260.0632892129157 -937.0030935901322 -26.404061651204415 -550.4055369078469
162.2021804528722 639.1175374797651 -73.46335136700463 -81.3189957332803 327.7601781168628 860.9752442204106 129.0174551093803 -815.2468772595978 -279.5280298661485 215.0897612327135 -245.2421720227586 -568.4558769554471 -589.1054031735121
-440.9899495904324 -358.77632186111646 -104.44477849086195 -671.057939224966 659.3138678580149 605.5914383639624 487.26709633305995 916.1018112493703 -42.78784210976005 -715.895745416123 -633.9845010011579 -401.9885274866904 -492.9283008158132
-510.23824724853984 -322.8795626782337 618.6934621674234 -983.2863539878247 541.7593185718574 742.9293155730434 432.8210704985954 -744.0642083252882 268.55412517504533 -950.9890701205419 804.0094027720211 -38.97453143760026 -677.0693576583897
-777.9698634572981 76.19140239347848 853.2648631981374 -260.8427879368378 55.96751915318714 861.6131661633615 137.62150950297087 -295.5042299579152 -884.9822803153133 -368.70304316479576 -113.53060738878742 578.8444466645565 324.8097870178626
-222.50104450499794 -79.66917534461106 130.87023856790893 -807.079070691872 534.1085673540479 102.96609202789523 -384.9624733547279 281.0269072079325 465.64351409713845 -177.81096681890472 669.2996319758117 -556.4225739673559 749.3225662073285
309.1945215099595 -615.2206815146524 -531.7415225561015 418.24300078126316 -334.8639688578154 -40.350694125964765 -377.2221077565616 -624.0016245383824 -464.60842970381293 865.8391906191291 -630.5441978419838 -412.7899571011053 688.8263088462545
-345.28239042912355 -880.6274474594784 52.71667154723809 667.6508764298924 445.901818824947 -761.0744438782831 396.9573002719112 860.1233414903627 -139.3709663032963 405.4942289991818 -909.9531614352052 -466.17171670916764 952.8051317771055
262.99361917362535 -374.2158917442116 -173.78736095606223 220.14375858345306 -380.3279616718646 -530.2018709061381 38.00349213643949 904.6904216379969 297.47122011963006 307.60940338404293 480.530263088124 467.6696526941662 522.5618639245756
-697.9650216350819 488.3827036492519 -735.7793688843315 32.47515934561693 738.8795364051798 518.2221620670107 499.75850010020713 -367.2601281941918 508.38838767729794 -943.0884346227208 531.0649875025658 573.9673755303947 523.8902301105479
-271.163561524691 360.5423244112608 838.649574526328 -418.69340030716717 70.500924817032 -32.484052245502994 -419.7966924711096 -104.26771493180945 613.4048041474996 -666.4555154149288 244.39676961824398 676.9176492002225 43.63984651384294
445.7603391442674 713.8410057932244 45.94706913133791 140.83104215591447 788.8452395728741 -312.28166771008773 -45.96907428398845 364.04173976553693 -882.2808932982482 916.2573771213915 917.3389838423432 672.1921511384726 952.7813097418523
-22.40379903833616 -517.0244541415229 -487.32389609873564 453.97968483741147 -298.73048384019967 179.69336277960474 -557.6455005370035 -320.39711833819126 -405.2630936457198 -606.377185522166 -664.1928644334992 728.1824014250237 -55.229412601955005
-357.64185933311103 947.3547876103673 -285.20590001725225 656.8116700535961 172.81852699088608 507.469979286393 -507.2572430324098 -821.7778921684389 -438.1546823642004 140.8851122016133 881.5771437134358 -59.57699105108236 673.0692398906867
-129.94800389302543 310.68540041480446 600.329692579289 -506.7877308457001 -212.5710256319078 457.5534605735618 -215.99347445545698 -64.24469578210744 -45.20054705894427 -582.7708779710472 -571.8349807557721 -516.8094409349335 23.750146089345662
941.4181269475412 137.39886021785992 -395.529583949791 69.71565192308162 -459.0277828570511 967.9883352447227 731.582320051542 640.8677701715797 -537.5041130063105 -523.5257470007804 -901.4370261064583 -913.5473589092973 -254.40856289207295
-89.64303438754143 382.43531826963454 225.57443843641136 -145.82710043081465 -283.29511999264764 853.6497988759531 455.01414037815334 -113.39790021458373 682.6731699934794 53.61043617081441 -57.42729718191583 83.89779723840593 -19.21389833022988
-991.0150565816302 50.08310489333962 -882.8260670459533 -694.9313496527376 -17.725036314856652 -993.1188384427559 574.2242091884611 -307.4430355875984 311.4803100721656 -575.4205778775377 -570.2475030137475 337.70409853116143 -644.5676435263299
-108.93937116027666 -114.41690817947392 878.1305337692095 59.195360250095746 991.2310088920201 -646.8086055255321 627.1730978756693 494.0287292355206 -940.1034403104853 696.4883896821452 -408.0695422618228 870.6920394993026 878.7319757409086
369.5058696496162 619.4738861753581 -177.3845308457271 -605.77702388825 337.0212199970538 793.750515357397 -494.0157986478471 801.9956096558005 -48.268254049447705 -316.19944925487414 675.2897241265666 486.2232198390068 180.73376141374297
-471.2191822836189 -39.91566651418225 564.4393909976759 -563.4103073324163 -175.61705720137536 -279.7987088527707 -942.8082850340311 937.7326809209142 506.7225891848368 -574.7890934589848 841.4476854875795 -327.99490251977966 -34.81118871056731
162.0202828955687 919.6891006473566 404.3578602781547 -515.7203825537977 -889.2429798131907 -329.4213111282378 -619.5973843660396 -315.802633098613 838.7824542324925 -299.0634018026494 630.9460601625074 -882.5424313558592 77.57084880272828
254.2890234912411 829.3359270443593 801.5458937824421 662.264630385338 -196.6323119819142 773.231982141795 541.3473740807799 -366.21518004782035 -402.08772137205244 -92.56604618694996 960.937130778226 -315.2917551000929 -544.0632779917523
-263.217857147597 466.4535873622515 -515.1773849988977 881.1011781325592 -503.13828501739624 -70.83588169108214 359.21533219066555 76.2333134993653 524.6271222390135 -994.2865889069348 -325.7145501776024 -123.77137311250647 -611.4783789956655
713.4672021024314 274.7539593381666 -265.0518509730242 -82.21594715620006 301.2294194240858 249.63853425528418 -464.81909009552317 823.1370015225807 404.83827775724967 279.2687391227835 -241.12886081654426 842.5074691860493 920.3450167304754
-157.39912420703786 744.3226630934334 943.8533127294802 795.6464815505212 486.8904949335465 -919.2384865701486 -477.39211626412884 619.482885711833 530.7283004133419 -51.38411211899927 -462.3540267500306 -936.8633674431666 -979.782111286758
63.65779028672205 -893.6349320358099 698.957709626616 -793.2260503756822 -207.56174233505578 174.53657862200953 -128.8768919045864 459.8752547204358 -362.2206474563436 515.7268518153196 -152.76177181793457 -274.9499347484748 -714.0606792329131
-547.1711085111594 -764.1721931498198 -464.7624424974115 459.98960857944553 727.2378666316238 -571.3387222475571 -337.3948719803608 646.3164837224308 409.0710156168818 817.0213838920797 -731.9655611104072 -834.9126930314508 585.1570540513205
529.5895309317798 736.628876327107 641.108983299601 611.3735024152918 -33.82080931277562 732.5995306610184 945.9081119169591 -119.24570805642418 806.7635158748992 -480.2282719374575 -73.26568090421267 999.7612580631626 424.43296493552634
262.1927203068258 413.12417799009063 128.10650108051072 -277.7996812633934 896.285023767442 727.3901397890845 -988.633146252191 -23.99625174751077 6.635879552578672 91.52189126243866 -0.6554560755578223 -780.4460820400121 -360.31071666389903
-861.7719196371105 -545.0640507570561 -14.292042956229466 428.06127240062574 -455.6155164135689 -549.918841500102 -808.7486716505234 8.927736395377224 239.1578896035569 -606.0077244654942 903.7938300229423 -795.7490475844593 -134.55653142760696
-239.2003906937059 508.29309830486204 -623.0291804083528 -463.958294515107 516.636394958899 -161.0894630785191 -407.16223031525806 849.4399212027545 -449.65016349364225 -282.43934720056177 808.4480757110377 -324.38179195910504 -921.3647957528708
-141.23125852401893 -327.6444047666745 378.11590442783245 158.2209261094456 155.85720307022825 589.6255503341927 -315.8749661090501 596.5409718129847 -660.6348848059209 -226.4914605007931 921.4426143362757 507.6279833152814 300.75007620745123
-926.251229530609 883.0442264135563 145.3225641960721 -140.46726907530172 -289.7706376245728 -964.5231454834164 643.8560707948914 625.3981139786681 -132.91198902536178 684.9943077192363 323.1684180556638 797.9441302845382 -92.18904621894808
-499.88129408009365 572.4936765247448 -671.4621347786511 612.2975858138175 219.22418179856118 112.01926885017292 855.1279957454144 641.733167732916 -990.6584360301363 208.33905146253005 589.635520670392 -926.7751733158673 677.8971165738653
-969.334882465811 -493.2025685875203 896.1492905276036 127.92457644954607 -247.61284184594285 318.7338194840672 419.3532124286446 -575.4463760715538 851.4030272184941 -314.39888439245146 -598.8230721493153 509.8077579252174 -926.6301715824601
604.8990580517363 -201.30854215194688 562.6289005755848 -466.24782991248344 488.39107694122436 456.0528065056649 734.9343276923576 82.68672825989688 -473.4409630252736 770.2221521709737 -258.6557681086406 682.5913497673678 427.9911846656471
-588.9229633148971 537.8525421787313 354.07215827730056 -396.28469936075544 -380.0894264453598 -542.3015680360144 -914.4281359676568 1.2343867588053854 -523.931016812604 -200.4874811939286 24.661514097904956 -197.19545836435668 350.2761614711619
348.0259068490941 598.4762170452725 -540.5615297804354 599.1956254658251 -211.37502166148363 673.802278122361 -233.4917081392207 -156.2558887465235 279.16793020618024 884.6238139699658 964.2419020008861 -159.0753453221165 355.3379725158213
-467.7787124278974 821.869337505123 -390.73263395051197 -975.7148059615793 -865.5870701045898 -958.8032110929001 623.3271256390492 640.1511513630494 -4.037388323589312 -721.3236906501938 921.0468893788013 -405.03106248984875 -745.6167106402876
632.4817046903916 -430.4256127781358 709.0961741691581 960.415772216259 788.5768797948765 -572.2371177811376 -460.1434822040243 -360.2530616813964 -748.7867131248038 662.5314536863166 107.28207906011562 -929.4042176955493 123.4569385453076
-228.9511532711914 -374.7047570183288 447.04224464152253 -889.0929092947304 68.98871726942639 385.8212265024865 457.186591805822 255.64947788876088 656.7825067780007 765.072413082539 -382.6672512741977 -122.4995439751915 610.4237083275268
-672.2445004754392 -900.0854154755573 -443.4622115914997 -541.84311220067 -326.04822055589705 -469.8565566466517 628.6825015362724 879.5292421753436 -520.6791847247723 -250.81135503255462 -915.6196681645696 -423.3221242788137 745.6743658552139
433.0324450897492 -916.6767384567238 -140.2641334655126 620.2638455584984 -197.33274491070824 -742.3261337029321 -937.5177356063095 -972.0810327356797 -420.1445849471987 -888.5793496475884 242.07876435703474 529.6608982845469 -150.59559116951073
162.95065397813505 -820.411810257059 480.21283799942603 -324.7423468788097 -397.51862230411405 -669.6080698672145 148.78157528178394 -841.1973856572823 361.401752705131 -124.31279144267114 -21.649092199906363 -547.3218237710424 -772.7924779651177
880.5238546955607 -746.1963639742435 803.1702925452319 337.3187402701742 939.8679347843056 137.06574890583033 237.11709553584274 -382.8874634032278 -532.976195864296 -35.24560182379582 -905.5269251925988 -326.8345188682084 -602.5102801472722
72.6023974369391 406.7842401384769 625.1967225425317 946.7691230521264 190.47064610938355 -159.66625515183193 558.5836583355135 4.774830623433218 653.9468962636229 -909.9669173117073 -82.22917104977182 -206.2352091436452 -434.99087594689036
647.9480272762687 -426.3880091987446 483.81016169563077 814.4068275057839 -895.1362612037237 964.3220332135838 673.50848766186 818.8676139362922 -856.59171502464 -623.1139838828208 777.8163969124071 600.1697158245288 233.3569210804094
-799.6147304174119 -423.13258632399095 789.7587683479574 133.16777372233742 711.552689017861 -174.60649938385677 383.4565862825873 -727.1014239690244 195.21980918979216 503.47625755224 274.2940106982726 -894.9391311826953 -829.5419568810267
131.96180115298148 324.71565228372174 -600.6239242095687 874.8763432393009 -890.069772793829 807.623792970222 -426.31253057786273 11.820804304202511 -812.9888061808429 -684.1714441749267 -374.8351403542563 304.63424634927196 996.5731185418701
943.9876439565514 475.66590930297684 -186.25873296364807 0.8322546701782585 24.159470350331276 233.03532963718249 -114.70051562146159 784.903655211396 4.259442041332477 752.1480034945337 -461.0326038785904 -762.154480371221 69.40771887343044
987.8067514098868 -668.4126027728905 616.9837719935451 -112.80938032233462 -526.5438485299871 -478.4282238584274 -886.6186823103517 -228.38913649822734 -532.0668009113831 237.7230079140686 310.81812424026907 -684.5121085495211 832.6428525006609
764.8125203512288 -195.0931101553091 -853.6201229131661 -956.9782312576298 593.9722663577456 -722.6311975105125 9.783255795606806 909.8190483882086 -653.0324731772567 -182.06641007499115 -518.6836956860317 820.84113133342 358.65021512759654
908.497357672376 235.0704378368339 -75.90801824768528 799.7243015303306 -723.3365433077554 -179.2351872011934 -111.31949556648374 502.1209714728484 -892.8056732963296 -513.4727011374165 979.9805149819788 598.4746303490206 667.5844726063692
-689.6794294451105 -765.1469581186516 928.7959578323671 834.0987027295512 141.0399906312034 -150.69992143537752 745.9171841729294 -206.43587310901944 804.4387679269732 657.5460266483328 183.65209307273744 658.5834984513504 908.6409101298086
-985.3294269589301 690.594891992854 -570.8000281693432 650.2942488375986 303.01293728182327 -717.8890244128061 -716.6877514955889 -932.6025186187472 -27.474257234891184 -497.6283567372013 668.5040631487236 623.5452983563694 127.10987945337388
890.0605825542793 231.02117353282688 362.4180935535114 -309.19676946455206 839.7236084026613 -19.612525823930582 -422.976863967143 793.8841409162458 657.7738281962738 825.0491305669307 434.6658525202647 -606.2255529891873 -503.3694693289104
552.0213790474488 176.70848029394983 694.270139790503 828.6711623883498 -848.130385210069 394.4707920893943 268.07592894379104 232.80539029341412 -151.97150390345598 -822.7089577474907 -552.3520080012768 53.16576186055545 -921.4875276280414
558.452457447575 966.9572829262859 -68.17776133362008 -55.790635560992996 -360.24807361864816 -222.78268211802674 -77.79139965326374 -832.985099167736 705.3993095737972 -379.2123599829174 -528.5439744436919 752.2194289711458 -898.9177000470092
-912.7122740056211 -80.47676601857233 977.2342915141589 50.04339177192537 717.943571448777 -754.1877998077932 -927.4942437253328 -287.01757978738794 -168.16635068911376 -380.1909904053084 -759.0311776974656 -545.1125770542628 -546.0544202519316
-308.95803567769553 597.3589502154073 -801.216360837157 -629.5186457702524 -500.1904098976249 -554.3152336926207 994.1039242718809 -504.7294494637564 -597.2420719984009 -733.9091334035891 582.4114038758496 -951.7921959200171 290.8006003715095
949.2058303412139 971.4690805020114 109.47166750108727 -446.84630882287206 85.58131549700852 -959.0266575796273 337.3313876645575 -852.5921749344263 -279.6602696969943 330.4465771091229 -333.4679276746748 482.7876217618036 -536.8338599687247
-328.0930673027957 477.54900248832905 929.133441488664 7.728134205149445 256.4139186017219 -79.1858144114832 972.3951818395853 709.5756615044809 285.84721403243066 659.2116708022807 301.0560688070261 670.9309476636136 -179.43727994321955
646.842343232362 -516.5044249677419 -335.6069481960428 699.0406340550742 156.76643011146894 85.77755509886833 644.4082994076937 -233.27935418085315 651.1578111302501 -401.97823495327384 -585.387339987065 520.9750882578778 901.7904094962225
210.74908551714339 172.7275284271459 -701.8782028674959 -68.52851864164313 -535.5511494954396 102.90169141849674 582.4632816154824 -207.03221925832872 49.56240599486455 335.1738881735964 -65.66943913171565 715.5226791433558 -306.50583809758007
293.2171094816704 481.6645509160521 -369.06195511080455 -59.23907213690518 513.9496479314755 732.9673813037343 -201.53653604488795 179.2996235054029 377.25610795163675 160.65002629955302 -750.8790372023731 9.0540717016911 -956.8746806400823
874.156785389413 869.2950151398068 -186.09122366407837 -321.94946336480166 610.6677088415963 474.06391478654564 134.6513044181097 775.7226122472775 -365.7093411202774 -968.7320043789307 -573.4902332799809 -362.6213395362363 703.9954127679212
-91.7731324863538 922.7008459104511 -144.8759189279632 624.2801197672288 -84.80480827497104 723.7686531417016 -830.3202597247663 369.67811194802766 -63.749051260773626 451.62194512041856 785.4096856416472 -673.1883669563642 359.7373156203862
494.6880917537819 352.19345082869677 -130.40110592062365 504.95342258801884 857.9400203271991 -64.56768573035924 824.6694733769368 -619.7303186422349 82.07914111000355 -673.4898615068387 -792.3358326433281 -402.16688310634765 -0.9761816677699926
903.8865071147613 866.7801967925529 -319.002795706699 -172.86389224721768 966.2391571716907 584.4220086841885 -396.6701579369261 920.7993113531397 -686.3777094298396 846.2673814200689 -576.5501954078527 199.74041953833876 204.22123667398773
-133.97479137863957 259.78343188138206 -868.9622026244639 -757.3860717792711 255.75358761515463 -550.3124227420549 -109.07193994721172 -867.1055101003133 357.49666296174837 -608.2915268653146 2.1873535787319724 -46.29387034100523 82.6668213712287
-46.73309787681035 198.59418277549548 -911.5069273757504 -281.1469540725085 971.1065075456202 -178.82830378574727 -851.9278813896341 191.4659452082101 517.8027863393563 -546.7707333236467 -380.852252136106 163.82325685081196 568.0792036574942
862.9281398711316 701.5435900384502 -123.30778853700485 -781.7639228175615 -346.26729991919603 481.29236006419546 -267.3641119407366 162.56842808457486 -979.3766445050389 151.66255800660133 478.9558264353459 303.85976113602464 326.63672258166866
-92.86470771393886 -402.21671308060274 521.4830066721133 -882.1569856697326 805.1612980957182 -399.7654761665161 -555.1454220948566 -388.93644650758483 -636.1365557175518 -309.37063761293746 491.92642760363265 250.06676523859028 989.1479584147705
402.173436850735 -675.506164042275 494.9438138814869 -999.2331079175488 313.40929917803487 949.3826796673586 662.9549189924119 -87.32197571143251 753.9700666148292 264.37277134155556 -544.5584589714786 -210.6140530950073 572.2527330598691
47.612336580851206 678.6237466433925 420.16282769306144 319.343412896721 -768.3465740550907 556.6184850292418 -331.14799207587066 430.9790947920169 40.97356032851644 -16.329921130724642 732.212232850311 -829.1768089785126 123.62619521494571
881.9323708219501 878.5852986761124 988.0698855223384 610.7474176661628 -864.077507295715 964.9590129241362 338.6047235544738 365.7612425340112 117.81873686840277 -550.4011681282852 104.24286116104417 -570.4499762424484 -952.7213715678303
904.6375334259078 -271.8612895485537 -69.20090049161035 -761.7093878174778 352.375319790764 834.6897276289787 599.0391110571472 -412.2719277430091 -263.78447359119605 981.2315583123859 -857.0321751140128 951.4488302829457 451.9501743894166
-636.0302759567478 474.9228855921169 -262.39384194076104 243.36672929497627 789.0028093119704 -518.5268490772237 695.2032837150286 -523.7640404848307 -338.45432891328085 -899.9456634735573 -9.00976675343793 637.1259136436759 -151.5600753809498
134.32502688224417 600.855425732346 792.5219896666924 422.5424536788523 245.94700857918724 -235.82221959794379 976.7655285291264 962.1099512359849 -311.8472459951189 -396.86554151786106 -855.669713454186 -411.87830576082024 -882.6568999593028
709.5432779241216 741.9427102811351 675.1697858508714 -229.17200007537872 679.0509498040658 -736.5901506610637 -497.9218484301282 561.5639141705069 -28.973728764901466 -848.0841197260838 372.4910228097028 238.30854606193702 903.0634337870647
-650.3883337808918 -311.2896478555183 496.8207161665937 -736.7638370937775 725.3797099899325 315.13720928482803 596.5048833965857 -385.8971755352035 477.1305573953382 -902.5704415255959 183.41577758730432 22.809737635878264 -322.382665809827
860.6421760613252 -490.1926229718625 -217.9570646433216 -649.1515988448352 949.9742080751435 -587.5615811258895 286.361550391184 395.1627863711276 856.2790257560362 553.4590842003654 598.4298875964776 47.20241799129985 512.6149724873992
-263.46514149298207 -940.4576055049465 -764.4529249730929 -303.7978409586399 473.6686934775141 -883.6991505488556 702.7964389191084 910.6259330282237 281.15793646427323 629.8312464162868 525.0483975114323 -208.44797541709715 -873.4982623123102
-899.9130862010685 924.6452509210767 -777.5881636895601 -656.5864830113699 -575.8134874601419 874.7034353234269 742.010861172497 -898.0663217358964 18.492137871567934 -448.6363240748834 -523.7189532796984 -90.4910130164036 996.0519271172288
331.91809435508776 830.952694121393 -563.7749501484775 -596.5424783327583 757.588700112341 646.3777805323407 -649.7698635453667 -210.00963146717424 -410.46540841218416 917.2754369574234 -951.2070963542632 76.88739918641545 881.2746034421145
415.49567369240503 609.9070408921766 567.5045576833913 -738.608435513016 -433.3800419981719 -966.426177141595 -17.744248003184907 563.9597557883853 -826.3267559149057 -196.52941177509751 -845.633194474501 804.1954929119504 970.343689136022
886.8960168031642 215.19915477142695 -7.280013412307426 -704.2998335165585 -891.9261317137182 758.5281676159318 -90.47260300372795 -214.17725116786585 84.42734639942637 158.5824790614895 -518.2691984118551 180.74134810161877 565.219671080853
614.8283855056811 800.6902270109545 -972.6889655579587 644.2461422787837 -568.4089496313374 999.5231334469936 -650.019019998208 -449.9708139681758 -860.0744940637064 314.46234081863577 255.67330062098858 844.581654321677 -65.21220064527506
167.76591885592734 -500.70652960550444 -697.2844178411547 425.733699580604 331.67326414289323 -414.0399352906825 45.45519766766711 -350.05098533845523 905.3025148170586 240.63595729493113 958.1074411129766 948.0552926145881 -526.8437223419155
-744.7690193642593 67.05825623909004 230.81459367106322 322.736349271873 -324.0315386874679 569.4144586304758 -531.3864666283462 811.0301052265775 -65.77935187824505 580.9977137961405 563.3434605620425 -587.5324588432618 -456.3353942533132
-386.17444498966097 -174.46313201802786 412.73794097048017 337.1673053712102 -972.9073568046855 -686.8654188626293 -397.27358297276066 -221.16327013334308 -176.1936870731205 305.4988854682822 715.4750675068685 859.0561083255209 750.93122638197
-170.8888314513282 -634.3450570923112 107.8738147889876 -791.6602788680618 -368.2075895822552 -484.9337724376186 -461.13071936881965 -166.06644823696024 821.5590516465008 616.7614428762295 -860.019876541807 750.8634713099557 -917.2074616330979
-887.623592513163 -411.53737246318656 316.18577014938455 -227.90537544908625 574.3066538744811 -123.00308608925991 244.92938334307019 895.6979174587682 -697.3497792733551 -107.48661761248422 -69.16219883574445 691.9295976487617 629.2478365602012
-558.1485323203779 -534.467387085572 -800.1316473468187 -753.9685603114235 935.9293604233212 -243.80147167735754 -455.85421180709295 -221.52335040179332 672.0693468465199 136.17849318034519 -88.17261488775591 -606.0952424254025 942.5407615565484
125.00029132886243 494.32159135238385 -979.8241982690619 -284.513451367632 365.9336687366381 876.3108225232268 623.1482338523006 -732.8884122770046 -616.2021792600924 -392.6518104608756 -808.2976001929651 975.9484824968456 -960.8195073852742
327.14432522873676 730.8896992943996 232.48423418321113 364.9883162874348 824.2279407605329 866.5925251088631 727.1981215121018 -243.47549351292707 269.23755201490394 482.2168486418582 -103.49618183130406 221.1261712527753 -279.88882003942024
-945.166029647061 -503.73614136634967 -593.8681502425467 643.1899529625025 -844.4103986069964 -419.46710506549744 -670.0998873161701 -155.7266533760053 -672.5220059259827 -514.0935705080276 70.546367423314 181.8691782880387 388.23862571050586
-228.54578851487645 -749.6041754942333 -256.35089471650633 115.24057935044493 -654.0202759508402 254.92422113608518 -836.8554932579409 635.7264804997944 -560.3959499777171 666.6783919718898 837.53415211684 101.2850884631257 970.1157101643635
-170.77667580502953 776.4773433731625 -204.12346213100534 -759.0294045219949 799.866623870563 -846.8123710227507 345.52946852957825 206.35969515660554 -428.3140631601376 -717.4774579026322 890.348415400126 364.7146079047668 959.4634526831235
-575.0502193613893 -933.7274784695293 750.9564221022251 -970.2162069227646 273.99822263926694 -960.0645288706075 -942.9788890334067 698.8184199376906 600.1372805084552 -24.13892360896125 3.0251917767061514 -928.8652158803832 -568.4984453189621
713.6621342465346 -376.4433379601229 525.6208707262747 -129.13365468316408 123.7213840691727 -330.91211498001314 -603.6391097490273 400.20631590837206 206.0819481590056 137.36896893653375 -940.3596339690115 -454.89713552091484 -109.59981880464693
-522.3540922557081 715.4238035484166 -846.5281935768343 373.81026271149267 347.78872100227613 567.2064963841044 -32.21644702756362 662.7080325803925 -628.6949522636592 781.7217874888481 -203.13991892096146 76.89978964375177 233.94186528106638
-29.285396145887603 33.18579168833048 -232.12170349426663 722.1950088643507 -351.774762871754 9.555918853234175 815.4202567016814 -389.30836766083644 100.71899510476737 -633.4853765857587 -325.3839926481048 -4.030636081191233 -947.3666638766416
-645.4272887866282 -347.5629164464435 -790.0201855638425 406.82980182159304 771.0478185200107 -890.7630354373686 -77.23141489347518 795.6025875489709 586.3807085715619 -157.30200663531684 914.9757297968904 -554.8663837483639 -882.0702680772742
-78.56561111516669 322.3695595177062 391.3657042303498 317.3890634759573 616.2341178975571 242.45556085620115 -215.79938774061634 -636.8434127996925 -730.5775080089186 480.1647735203476 257.7916930251165 208.7552303625455 -52.445439855286736
129.86580993057623 775.9710989401406 -520.019173894196 102.78932520258331 318.4192056008317 809.1501853391562 -384.48811986192504 -23.064078826595846 -643.3621510023056 581.6122559819455 -104.8102823133728 -248.39925859776497 810.1871844372033
45.92376329044305 590.0546346590213 -705.4684141235495 -778.2503696704739 479.03770212494555 -979.0465738600307 603.1829661849722 -239.48337819114852 -215.32250031978253 984.379985804756 -525.9134716760781 989.8272522872242 -558.0890421297397
-875.1619116403859 887.4979989192182 357.56714291558137 942.8136475823294 -66.64353147918894 659.6019142682094 551.6551636831307 316.07496610457815 -894.9356659427283 67.66687608842949 -634.4990337735526 949.3566555115422 -614.1328946839726
316.33326973836347 -758.0142378189528 -933.5323830147504 -84.86774701338697 -209.95728344666384 465.5512662939134 -971.9375290558534 -594.2199877701657 921.1830669407252 253.74346464476343 23.606550470291836 765.4971664069187 -131.44160470656186
5.422833142287232 961.7446036477472 -623.0113956349177 489.44750474000443 -195.19391891758846 -416.5445871522742 -361.5095977273122 621.3354277706071 -495.96680895644994 891.0011277690483 -189.6183671154455 522.2636189622235 -443.19009264736087
279.0044669413353 -712.9209890058962 -577.5081855969986 -843.3041748707542 728.4962508133315 764.6819921227186 -124.64492413274559 -636.8983311381198 -34.41804996342262 -109.39987775703617 300.1939125934714 -398.9277321738232 584.8341431217277
373.87961525423725 -740.2417529244518 809.4281731846813 598.3720788688929 71.01903082195577 -597.9152452591193 491.62117227943827 879.469680402341 -151.69793048016982 -43.68260573689088 573.1401269024288 -433.0111057030837 598.4685039190554
-268.60984999754464 -413.4831878874263 -222.11569195099457 -880.6328221838946 -167.8725344049119 896.0186239014604 666.1404342845665 386.17618955233615 246.56813288821832 857.3735497871983 -562.6891642970518 -498.5289495982499 831.3788802628669
-39.26810982011773 -784.29153927835 -855.4156953825452 692.8807973512573 -432.8311300730079 582.4708422327585 -273.0491781886326 376.68383107497675 512.3424474344567 -361.8238216588818 -450.09932765142355 -460.12027508611425 415.70086862044855
901.3316221555367 670.1157446323575 52.963304138711464 -59.056577516388074 224.29464389944565 -755.5931170619292 -60.63080945160084 781.7921887360014 -814.17488960614 -408.66561694770076 -511.8027194030934 -404.0132548882234 57.21163355165186
658.2800618081797 896.4926558810826 -381.41281885594447 -190.49546479554874 -926.4043454396622 638.7066805243646 854.3314295947619 883.0706217122417 138.1500728833505 58.04593121547032 -483.26696161283735 -984.1642327895745 802.3359367232144
799.3018157647498 -562.3202882626133 57.26494923757127 740.1312589942847 -946.3262459108444 -181.55200562732523 -420.8918614261512 69.77371970320337 -911.45609117981 790.6860330400918 -142.43424257570393 449.62538730854226 99.06440283173151
-31.13105843055837 324.8863440142318 556.4971688685075 -60.153555289904375 -36.075581789951684 103.05594445657266 73.9266720042117 442.8062052519813 -287.9849353531731 -292.2552748912776 -934.1763717295797 -744.0776650943745 -334.84626886526155
-13.59612160474444 -897.0801937552845 643.0895679273838 -481.4742180065306 -182.55900084702876 -609.6651343976514 -849.8612283763248 -693.2453899021809 548.4110333978319 340.389198497086 -322.527797677326 -239.9013832839854 639.6785592890001
-706.3245490074655 761.7955284824789 239.9207799400001 -897.189498958527 469.8099267428054 -425.84492893969946 -723.0558304843844 472.849220106305 -127.23005345693264 -519.3444487252909 -670.291291651138 810.584554739414 276.97707655792715
-963.1916946870003 499.34041191872166 -289.7811036279321 836.8092276999407 -983.911305006711 866.7659296180873 -431.4057802838272 109.80983478255212 973.0330783525394 284.39985681425264 135.24313473445318 -20.341595980389002 -405.43362451441146
-975.2744521398935 123.765146744096 17.948433237618246 -877.0400532362481 224.89242658790795 67.3536079244252 422.08958667803245 668.1425583913901 349.30202415065605 718.438606428487 -733.9549566828953 -939.5029524188709 -919.1001734727371
-374.65063456605515 267.72766361808067 -811.1445932794252 381.42284550239356 -836.7308935447402 -380.6504468290717 -425.2395472620143 -382.63419581808125 -312.5337336694363 -317.7318760197578 238.39579720465804 80.47664741989183 60.8256468327279
-395.83709024681775 -71.16606214287242 809.950020320716 530.139822254203 12.061374055833994 -169.96419365232373 -413.63688409548513 -607.8970983829448 211.68590649416137 -418.60334721187087 207.2705345238462 198.20863556090126 -472.81800770912
109.44652902829921 351.3787149794132 -701.4614082608227 -114.16724229638885 -295.6609298913735 117.94712296662237 15.866140592824195 598.8399244596708 -404.3099326548969 -946.7157500117269 -285.1805276387702 479.92398489760717 233.9096607970182
343.8159454297531 391.76710660958474 -189.88643576273682 349.527649239589 960.7846283421129 499.57159384891156 214.89173905331768 161.32974613663077 959.2239521892459 619.2964901825353 -767.9290151263199 408.0979822824511 -655.0532858979348
-626.8796899178668 -573.4439143675876 172.91280394587966 -25.760159263185074 -664.1123673550273 -762.8750780005133 522.5123240649796 106.22880893987099 -348.591734268672 971.068907230876 -491.7197512436446 291.644082902174 -171.66749105431347
472.9700463793695 -688.2613367481684 -612.581637604955 -564.6401119356983 -260.91837354229017 353.39272089672386 -611.4119965743928 208.74300839953526 905.1426992112438 -74.25296220403618 -611.1038917158626 -225.9192876940714 -271.03015106420435
229.00455975951672 416.95251371706854 395.85704763751846 998.5528151847848 263.820542640864 537.2638885841218 -284.1929825055231 -768.0622733927744 657.0114710401303 -625.4549840921036 487.10522851552764 -150.16142846739706 -842.4397051984012
-172.75218111126605 -656.9899570094308 -339.3793508094525 290.5763259315529 698.6344268833984 -77.31910226871207 -730.6344434168784 348.13350360023605 -158.86383643182398 -944.497252329141 81.20677025883083 -867.4125876244316 -975.3851871700595
690.015242581798 -790.8633577995216 -853.0399133852248 -660.2701835588091 -172.4750626913825 964.180383335656 492.4541967913592 892.4966728738018 208.83326944452187 -808.6296730395363 -439.7244387660619 302.3907359981217 -212.13388921046317
-729.3570818774091 92.89808808237308 -818.5204489418265 -592.8311589709718 449.80319087339876 241.6364498759251 471.98737779868566 -896.5734100964564 739.2120656568995 -465.8523726891135 -64.47822701226926 -927.7623836848974 308.4420370862897
-858.3658225271122 -125.76246706255051 -398.1455316997302 -44.689368701890544 -111.62870744178724 -423.2444944390512 808.5346014634156 749.7556391091239 -166.12905709438917 -496.29500726140094 628.7981742510319 -638.4359083551608 484.4995545788631
-606.4443603388759 679.9475697928438 -632.5463316952917 859.2799349308784 975.4268953150204 369.8691477749003 416.34876648909017 -455.1903299081532 -463.72170661521864 -271.60979660915666 -983.0248952102226 648.8271752806168 197.06543804678768
-142.48387304736252 303.6146442492777 -491.08219956743727 416.6055077360302 -904.3462156155717 235.311516971708 -467.43601736139317 73.87709364562579 755.4506296760585 -294.18498502290413 -677.6875564393399 -841.392436844032 -499.58335715509116
895.8894519916166 861.4747527068191 -942.3409781380658 -995.837257740835 -998.2297134508852 440.765202150151 -115.37939892002555 914.0320690035223 32.23588112544394 779.7728297126778 -961.9007153642314 -235.97260127721097 -533.1072520227706
-896.4736717177291 762.1467314193478 234.476295045288 176.88014464576668 -738.0028927352382 -804.8233198691405 -893.2406438365022 -259.5806910510803 872.685711840338 -145.72252487977755 444.8496348207593 685.4174547419645 64.35543376430837
-52.61533210529558 -731.2786275248554 -154.34867097817516 -927.7585418263145 -912.5220364797843 -540.3373061693346 135.87141775834743 906.4726915632964 580.4837032870903 256.0941468791441 -239.52378170663758 -950.7000622495967 275.3282712606717
840.7023794059771 269.7565457723997 -729.7030622538288 -744.6833586287333 883.0758361973499 -318.9979387744521 -368.40450411257564 -2.7478754374720893 -4.878083447863901 -843.4055092688964 -634.0932105250905 -506.4073691546158 -108.46723104617877
-106.59302227173634 18.578498127793864 125.33983067783993 883.8754861610321 -103.88452058238238 -587.7438971402644 -313.9201520398947 787.9426842400562 331.11637734222245 -722.8255773980699 965.0160819109426 697.6715989762581 470.6542812109974
-386.2763859891121 526.5801104939708 -524.4532679849863 446.60652081230955 -584.489379731334 92.40308953455587 -762.2690452512873 -862.3405941373992 -143.44926394104607 -28.699104425898213 464.78987499176105 -994.7802513009271 818.8522305605406
507.0413982100206 -282.47105103080196 234.77914889626504 -794.2247284770334 181.54718618711945 998.4206250067423 -290.30737478928086 283.6876570500856 594.8772352857848 -291.8381963971939 -511.1145611660182 321.4017081191837 552.0294490832334
698.1565808903413 540.0505986172611 -861.4942563476702 54.33503662775388 314.97413480615046 867.943613759837 -749.8568586528502 -372.2666280423672 497.3173927460414 378.3088330886028 603.7253292349988 941.8951207338798 -452.1146898574551
732.1790193702859 -458.09489434045906 481.0829769350719 -969.0901211266622 -433.78311758968493 42.60702267554916 967.3429105846349 -728.3285125939299 996.4526901048089 420.4448841906128 -565.050072320704 -569.3319581856645 51.04236527817693
-146.17263187726473 -992.2527514514987 908.6958467536385 407.287067440644 670.5668772928366 438.3971072432894 329.789649386742 401.1245666823222 431.9699633096809 951.3501958262725 457.9334042885239 8.47220430985351 283.3686151416316
52.58706455987294 289.9432417283658 -863.655539203664 527.8512581353943 -591.7562055906309 -871.1677411340364 -520.9213528511003 -730.3644650837915 656.7243961743875 -901.0270406035283 -171.27103820534728 758.6720165364118 -352.0310607967598
-115.34005439857947 -951.8717129611489 935.8258677214019 389.5472227896423 328.5479057591549 20.297733730180653 -569.3702603215422 183.47150043633997 140.21895247985844 921.3694866722572 934.8827644586283 6.18636010898399 287.4774007033759
81.28649847314523 236.9825342801132 -580.0844591300888 -332.7852442458392 -268.2420614448786 116.75772106316299 -405.5134905740074 25.208232583400786 705.1139965035477 683.059116389933 -711.9527039452555 -311.9976958016306 -352.035293557347
-845.0511797183342 -887.7222135187121 790.9489671275303 -524.212617512271 743.5098032563058 -277.4822150642417 -891.3550446627725 669.9127565350152 -484.7499347074438 296.6057126481619 -118.85226728248767 -893.898939494545 -895.8407441728817
16.0041230062742 294.4017806787465 -864.9161753874564 434.98394692209877 510.03715364163804 743.8897261598238 250.19226204681217 -311.8154954760182 -943.1801960094122 -867.85493840906 48.742557762691604 -690.1654860596207 -955.5985368460093
-503.2393612796944 19.404418319255228 -163.9008168472991 -450.673321845763 -714.0921336739655 825.8577457803317 -837.6435825886059 -529.3358261405534 930.7401601937449 -879.3047943081307 436.3311176593636 -871.7188693113194 -516.5734019874458
-289.83247320328906 950.8137334951966 -886.6392005845023 -924.5903227186336 -714.4570393263849 766.3109116399517 -254.04009668375102 -659.1184273574409 -148.14440008134386 -271.8327504190214 563.7541170464995 472.2742551425272 -762.3521847537695
-899.3863430963609 -822.787749340021 502.6585515582235 167.66612112743928 -684.7692895114044 569.5937005985363 -462.9130578650585 -548.9692629344778 646.1632424947811 -450.62438250512344 -465.1941295106259 -678.1817831928407 325.54824281713354
-959.5673303217933 197.7322255813408 -753.3123718790536 -958.0517882237924 -657.9534387002402 132.44903730622514 -225.2492251354164 292.497792112247 738.4955552655383 -273.13027660530497 -187.75696655576348 730.6044818344199 -877.7959497135332
-862.3913050554386 -509.41399428681564 959.5595262270429 -866.4642039122034 -464.1085390171087 27.399253997657524 -727.4680652036709 18.112707473559226 -893.1040531454453 -814.7194821752681 975.7220963923983 -168.5458364002725 444.05684276443617
-551.7084837528166 -389.90697453988196 -581.098112673724 -566.304388220175 -301.2449292843236 -257.5338324634828 271.9927686534229 -685.6266472003251 452.4213345171697 -295.82900084758455 61.20429652408029 -910.079515456683 -28.794128478983453
442.75767381451647 484.6880005568212 290.8822933762103 -859.5482324824799 -0.44981561831639283 -683.1337323202276 -146.9020104427177 -666.7188316504171 -476.9689485468416 571.1423544512722 -555.922741077454 35.14307205622572 -589.0034869767574
-915.490668992075 -423.96882779720113 408.41882277228933 193.94193616272037 -657.9200296338281 276.4022201797816 -669.6005456228844 363.80535249106515 -970.7044970669216 -768.82227200985 -841.5113155875802 756.1861971871626 440.40946034798185
-165.34254087765783 -755.3133930188507 499.6354233567811 -625.0656417042113 -164.983149993565 -327.4485038177497 457.15119287004836 235.67268964340792 -316.06886071798976 -778.1547173290018 -995.4316502128302 -110.75742325038914 -368.4548990521572
-244.5537646436569 475.31604341149955 -61.161495876724416 683.7287843464555 -983.2083027235645 -442.8524022563985 820.7515238348949 -494.4977597337621 -483.0055069935422 -672.6929687051856 -129.15179018757829 -815.2827966089766 -990.0540283296955
-484.79685656677134 36.2852633862085 268.7359835113168 499.993910511826 -19.484142235875765 -273.5638892548187 129.44882486384267 -162.08575262682086 -683.4848401719571 927.7910257453805 503.98788102772005 855.4032412972222 687.7732690514015
17.93259267944495 437.81126628511424 543.7515514153567 572.9514016141718 501.2296327718964 12.832379514996092 -623.7423347546353 782.1119936347777 55.52711667541894 993.1088850518315 897.3349235977721 -662.6394781839372 477.94833779545615
632.3627274836963 -694.2131785590743 -254.17018536898036 345.5322800012416 -790.8678742827126 -990.5215650714367 805.1080462111327 247.4291406655518 -816.4210772064913 -50.16167164233161 -342.4666595250751 592.0821764721566 416.02310953975507
292.4836812462188 990.780981222425 133.12985490212805 4.343526444009058 -373.51208310866093 851.1043289229963 198.8516847499434 -589.6234234827582 342.31220122895365 286.9690423749987 -852.0176025616937 522.8701616297101 -855.0224694611081
-92.4835450807044 96.7321224453176 814.4488226689093 -486.2680406493183 -197.34454938918054 867.159600251003 632.4091449796135 -488.8215657080375 630.9553947697277 -249.21029675608986 -399.88099345416424 314.12144330520323 639.4108546261027
624.7298106031355 948.292198443602 758.3172202308015 -158.24644557687907 -218.5807680278458 51.28946469771358 998.8582414027612 240.91247743826852 526.2319750103234 -78.36445404897188 -879.0054870793231 882.9164712892737 926.1451686914247
-11.31079070181488 -972.0378903269961 -663.5875510065725 110.50140927918915 752.7486533722283 -49.997246138794935 838.8981512178405 -953.9313927170814 -602.711749245727 -709.902071320909 -157.83691486854764 610.9746513902123 831.4614410968213
36.71157431344977 875.2079167983757 -4.276763384666538 472.4611799704446 -676.7852694295568 -989.3790490678535 516.1875610909153 611.9208404767289 920.9953419029052 775.6967088093866 701.7679209959695 -348.7644897281939 682.010822530523
32.86209944171105 892.9797398304142 -722.0219852303129 -559.5680956961157 591.1171826101045 26.944482843254946 187.56588011519966 817.7361461655707 -347.4488444207102 325.52508290027436 -197.55602671219697 687.3628375355815 755.2844917997579
-385.5682368163276 -65.79483638754584 -722.6003225152683 56.245110373852185 -530.2865639941608 126.4347795716908 -824.5084915336028 895.4991534798955 -150.15218580842293 -519.9875052305154 -810.5793370759422 81.40720881002767 697.2959204377505
966.8712080233588 173.78954798286873 -524.5475445055192 -205.50384081948664 -431.6651872355925 -547.561630732898 559.9746326478612 -377.6243031870132 -628.2949336707435 577.4559668962693 -562.4805454093269 559.1992671264422 608.0319690326492
504.1521364129592 -465.6401422126278 -546.540021974907 594.2219105442039 -180.15324656179143 -287.6814119319997 -878.968417415145 946.5660863862122 -207.68106764904212 585.0977706019146 830.2185162694302 631.8643949781865 483.0450606793431
-140.86548218623273 -760.1962900993158 619.013014444889 -649.1173462627255 -973.8543502219812 183.68315877081977 416.7277985204164 959.6339898136191 -761.3571827011551 -983.1903411980511 -113.37927984587543 800.4512594508203 184.59808361743717
282.9371717989786 -587.8319806203115 -326.77450374281045 979.353050076629 174.18042618424602 -456.64066399851947 484.8189351681708 774.8709055470015 -922.6895326016091 77.63183530442166 -815.7883608963155 512.8071620264429 -470.0288761886957
-407.6315871715093 974.0562058375879 966.2957576838869 -527.1201206696157 -375.60548030467226 -116.42768188487753 28.35475892065324 887.0811152378476 201.56093843136932 -832.641659536455 -336.6185105645918 352.8388690957104 -752.0180184818892
564.8463592037153 988.1970338474775 40.01613886623204 74.73652764229837 470.02663824423985 -718.7889514411323 188.05439252249562 617.4085440574727 -128.87475868088677 -638.5784917395785 -746.8560488270329 824.6727648299609 -826.3521794685223
-905.5751444763906 -245.3124516992293 -124.65594821181571 367.0170162992724 -149.29243710572734 655.7759674141043 -653.1544649169381 -814.9445761287444 -7.1460732855359765 -225.9800839185906 -64.71093213250504 -263.3170840495129 350.240226232532
-29.414437561166892 135.9110038262038 912.2129011674324 288.39858866278473 -868.3684298929053 -212.15803669826653 -342.6781643572523 -10.34337225431625 31.336725043059914 166.1968248002097 -90.94324248563885 -246.69052254193912 201.47820415962815
29.260560163807668 -757.4407397963994 486.6746151144007 948.468083391783 952.3560420189842 -622.6962177860047 448.38841099449655 -3.8568830912832937 161.03433727507013 -643.7743365302356 771.0948661211885 -234.48194506770005 386.5294476618758
614.7423308107088 -954.5718282183722 219.83214486955944 -272.73173408309526 315.7488409980274 -544.1627768185022 389.5452967260094 165.30844849008145 -875.4384233337151 387.2413862126109 414.0611466739099 861.2211270158473 932.0764078681148
-232.1940721018501 862.3600924432506 897.3643022871388 -141.25023528712052 -511.5894624411923 483.81027812818 262.5173938621831 -13.282279494555041 817.929640725069 -133.06428697273032 361.87948370912295 -647.1920478519764 -933.3996301241558
830.6872587700745 246.49208953685388 -821.8398687749526 136.1245636310548 747.4072537270852 -234.42378084696202 -668.9945147172651 -817.8661154251816 244.84819060209884 280.6428277697678 48.72676909874508 470.41611305739707 620.9206613135834
509.5902334946959 -195.25720604448634 -817.2995040819637 200.173353706203 -756.8363097822992 -113.64721022570245 -374.9792444489883 -844.5833933440836 -752.9240884356559 129.7084016402032 913.4335629011869 -423.4104779273582 -458.1218156611735
708.3744350478692 282.86973207809206 -189.6230785977417 -99.42084105361062 133.72234940478302 201.46916204342347 -783.5812063438705 -142.35534899365553 -14.84890519158057 -958.1446573921469 129.0402208828425 312.1821266907202 -70.63590580134132
-76.65840779691928 377.69909172367693 65.09680806160804 22.918991668071385 418.292073702361 181.1768275491986 221.77037173665644 507.61456710886546 59.44413990798853 403.0656822305002 719.3247903953286 -733.6917143406833 -576.0534302757832
200.3612790862776 -248.41724772999623 606.3409657644372 -390.1316628837295 376.0316199990805 244.0925470924385 183.8464030347909 293.27306588184206 313.4539915276175 978.0798550632858 307.57120675920874 559.8756334104173 -417.1037989517595
537.3014919229474 136.39026950038192 -509.9427428750427 1.225669795985823 -329.5603778773615 990.1252757345142 -695.1944254036617 758.9026158754057 -839.59122267869 -188.38680751031438 -967.2374133324145 -456.21389538660435 38.23676702038483
-294.5102028584022 -711.0743916214985 938.6069568265691 709.9756630952099 186.9501644482782 -308.15754133909513 -177.7393978586408 174.03065108690294 -638.3624182310145 906.4359670090637 -131.19819522008163 -796.3619424939859 829.8258766587114
-640.4208450227397 343.1555082999271 892.9000097740061 305.93288615051756 -847.0757739396906 -930.7484389086651 663.1444071211661 545.8233020928199 867.1403370559383 -31.40826352430736 -301.98179605761834 -764.0975844011307 -887.150999790763
529.8371216598077 253.98426429645656 535.0527448155597 714.1330225599309 -210.04967059784633 -686.6571932288516 488.29146559689775 -375.37141052791173 689.1109933761661 30.28661769379437 -139.00493055657034 608.1421425443123 661.8983008734788
686.6329134706023 231.87558607139772 -109.89377144120965 696.9972239589154 957.5220950216838 312.31818503082013 -792.896379979368 711.9679542906688 467.9156008770617 -67.14789783317588 -600.0310629118537 -945.8375726137051 -524.1648377300447
-121.02310743658904 319.2059181251277 442.8142681946176 -138.4100790324958 -811.8341505774125 -784.416959985055 85.4371359720808 -87.79000393123113 98.39103786888654 732.2669046037706 -138.9413457310103 -925.6112435460608 -913.8479994050173
-852.507147259185 664.0851209085415 -514.5400422687765 699.8402753964795 366.10584790966027 -164.94269452815774 912.5654684494687 -961.2592158741124 907.2666059562143 621.1550395672009 -125.95883656637727 -934.9844148885113 -641.6844016952839
240.83279686098945 -328.36429667315076 243.6077383763186 752.6971511625684 776.1848974723916 -156.67539039096437 -122.38745597837601 -594.9806116813677 -190.23672843399675 -415.9119199049155 853.3115267645458 -168.7426726978423 145.0010336117673
-291.04864619737293 -298.3982532776279 70.16908279702102 979.4400214000455 698.6634182402042 411.1127904580205 510.16054584796893 54.98326677564705 -115.25614108172363 -755.7291976284623 -134.27805139889927 585.6844255065955 127.14647151570261
-822.7151663157001 422.52172039449897 -184.7227720718547 944.5151139319414 24.794573292066616 -767.3188191257084 -836.2435025848575 -485.42327978447065 835.0152851222299 -599.1674860211904 -386.57584259227826 491.8559304013031 -951.6086277344065
116.34038166835694 -719.6412658877964 187.93596851033863 843.8716177362601 -817.8112850421433 -528.086782376696 -920.5427636784416 -98.78133098435637 872.8534452455617 416.6490947658792 732.7153758829361 -105.97860862651578 -526.3304123694961
976.6384271470508 816.9584216426297 -16.98396170420267 509.47646885253357 55.870171189651956 -347.67362282842623 -601.4405998966956 -509.6109578525625 -796.7101323509646 314.6432734152877 -885.9906350183908 827.2272450407431 -828.8439779828711
-151.9347080539011 -737.3090093129499 859.0266938370416 788.9455157725313 -440.066843293631 -761.4277750133647 -422.80623981002987 958.6416567748031 -238.95945095294223 -479.9322249455829 -776.1968353593934 404.4401031642303 -407.5393588528659
554.0037164870546 -128.1057637234553 -157.24513185325327 559.6482731114259 -354.49365553987127 -665.2889351766116 169.9784973036517 117.59994131307303 -246.89246891701487 406.54857297711715 647.9525241811564 199.2637987200569 982.0693930422003
921.2692255507736 -309.44927695295996 -539.9335014463622 -444.396542526849 -440.51682646873246 -885.6624257160506 200.96948984173787 914.9353775594986 770.255559363447 -961.7896042766992 -889.9250987023784 -992.9587074252632 -58.61177745253076
483.68734543658684 866.1829200323293 462.99100291806803 698.2630233627463 -172.70158422994666 -912.5013741855807 -263.6951221411621 -680.4327143585856 -45.92411285077924 -394.223703700108 579.8356966987744 -752.4423235224831 -34.80419978982184
722.3568490334119 143.58940897245725 -78.28741678718075 34.56359693712852 -924.7432761111606 -682.3504678786487 -387.52089167294605 923.4022332497887 964.5942176398078 -530.1972080971282 -14.56497907228595 687.3354179785256 808.1649697456326
-424.1974575159826 609.7993071127944 -29.927491835657975 86.15915098351957 612.0255627016286 653.0112447214876 -247.27245318324424 48.28793428060317 -715.4959995776064 462.5117110468234 303.4487653338522 -579.397893444572 385.44412023209134
-665.9536275883904 939.6612357798708 -842.5403346105289 -370.8476916308898 -608.3515364605685 464.31358377886386 -655.6436787976223 642.0908388307403 199.26544443217858 -242.08903956260122 -853.2673638746036 113.26942932230008 514.6839945720069
-916.0279613114717 -878.9629113792525 -707.8023276821386 -548.4015175912186 840.1321139937329 650.3096135735152 -373.9173975845316 545.4172309630628 557.6810276857245 -338.6105342983468 284.27187234928783 902.8724891981774 517.1174273458239
-44.44755432678278 993.3892914374696 -70.42997446845243 145.17831499181784 -694.9510572479667 -814.8815378102223 -875.5446767104995 731.1495571589462 -166.5286699104529 974.9386637812606 769.7713972049169 -301.09251408673003 -111.02603384315785
-64.66360120210959 -853.8261543057763 -594.3727570054475 160.63448162590612 402.6484572401557 938.2940477266161 121.8112913422201 -128.82740303881235 -226.57669045718512 -296.5045068928715 30.346672468073166 313.5983580059303 535.9468296804139
13 1
80.9575209005211 702.5354330713603 -824.8721724997977 69.19340221640277 416.6840620272901 794.4961021177419 545.8468763353417 710.5433043904357 426.6469204884736 75.2283740956832 451.74045735545883 365.53623795645353 -117.40515740609078
