37 25
3869.8903004179992 -387.77000364775995 7813.609717057767 8024.559915900634 -4034.657028822324 -524.32140848587 -3160.555893486774 -8240.696653157613 -5103.073188975573 -6366.31816133338 9275.256062042972 -7961.585415716779 3967.509510398817 -6897.178768237398 9518.017207289398 -1632.564854315122 -2033.6548960877772 -1531.1596558956735 -2194.921435192987 9035.606103359256 -3893.0592401684953 -5600.383959587199 2222.9874605754576 7533.721633973015 4032.0979385768933
-719.7727582806347 -1521.6130418287394 -1401.5183792379557 1770.2231202440507 4567.609075570874 1073.3674549582502 7926.858414335002 -9204.052548775688 -7211.74458350796 7319.094217218222 -3554.1340205340985 3031.0890817769396 2761.3045829688363 -5596.30463661698 1434.1663257198325 -6685.989483110832 -4032.820724208981 161.84252454313355 -8996.073406200536 -1399.0411568746422 -8348.89567620066 -5924.271454963131 -813.3102251038272 6186.8212622711035 6084.866020706069
-8890.438563273605 -3088.5905237384122 2710.908326162018 1351.3466087342913 9628.666961795316 6839.012693840417 -4509.797672355465 365.62014758320765 1919.2368732853174 -6046.265673809947 -36.326663361747705 4.898544024274088 -5070.0707521999175 -2321.983472214535 6004.002886683238 -6977.185196208882 -1960.7053773980624 -7092.345014456836 -4751.167767865385 7619.882263051444 4828.961190274173 -4217.850718338487 2469.693170086837 -7941.749001572644 8163.745225122373
-9798.662766021016 9679.547702219512 8083.708410211675 -2485.436388021425 2586.1584524804384 3656.459537853827 4090.6307228587793 -4577.978221520693 -7005.73967234392 6118.347000698292 -3358.6985614681544 7183.246417619794 7499.425490753492 -9057.761748745545 -5894.772616972488 9133.14233441255 -5552.908074342879 7872.619261853641 4485.448212597725 -5613.455070346218 -8077.238316887183 451.8183794210636 5857.657318557654 -4964.699779597146 1310.8161344150885
-7169.04346795904 8206.474500797332 -1480.4203922739453 -6848.924836876222 -1369.7103882303763 384.8302264435242 3341.039761701124 -3466.5947227872593 -9097.09083736041 3132.552913688103 9838.79651901067 -3718.46303615091 -5909.834378541405 -9304.98330427422 1503.497344998239 7750.740636854811 -6235.785574823593 -63.568311242681375 -5598.660933087906 6949.5874549206055 -7391.14305087118 5689.629590495926 -2422.3687197629815 -9939.585162535412 8103.75325949887
-6362.761917383086 8548.237156368283 3088.5659291414577 8322.569660764428 -4924.046673756584 -4239.216650454032 5024.547152044268 411.7102792653732 -8636.708001298004 -9251.367935041397 6895.234864912043 -2466.559500884604 -5878.252287868475 3676.372576848251 -3134.7339705004233 9942.043817922007 4504.606093803775 -3229.0510806196335 -42.646943245801594 -5793.479317749273 8792.531124508401 -3180.4523221227646 3077.7264344574196 1132.2924826189774 -8346.8258918156
-9039.050611341 -26.25880854564457 -1902.1534369723358 2377.5139959818152 2128.1226844071007 -9463.307335260131 7118.266720120537 -8046.851175589469 1974.8493641232035 -8380.220594920687 7229.337792936134 937.3508366794031 3126.3576498299935 -7392.52410602357 3511.0904100150274 5907.729114518028 1.3454629471161752 -1895.9890452582304 7938.90548295519 -4204.352662119526 7796.49026536621 2649.376050350693 2793.124044340453 1936.994880185186 9667.22826791507
-5900.383809267948 7738.912951415827 7796.036890898635 371.65447839112494 942.0214144947277 -6261.424653002163 -1181.3741722880313 -4751.113263744096 -6250.134959044242 2334.0826267874327 1815.118282069605 941.1824997156345 9451.38932451804 5668.504044469522 902.7452544721327 3304.9767608733946 -7429.378622215756 1588.1942833871872 5777.470368722861 -8514.677329339624 6817.573133467809 48.0327636402526 1202.3324467856419 5470.368903330593 -8642.510690659943
1253.0433511251158 -5550.57929458346 -8450.841622683773 -9735.555826914626 -5059.602405417729 4786.503124151164 -4076.9289577856216 -3151.336180092044 6576.275654582634 5790.341936986952 9343.797531608816 8033.051301231211 7154.459568801736 1154.0628050208252 -2334.819363209959 -1557.0561571558846 9703.529816531518 -989.7711150265677 -4496.758421502669 9851.323279364366 5142.558197503555 -9031.51959468892 5447.845117799685 -7469.539171675839 -2814.8183903857407
2104.530862293159 -850.6102515808452 5963.466421240639 5302.7865011496 6151.090761837842 -9483.092048336794 -6673.888979830418 -8110.436264112406 -8492.173354960885 3631.7944361612153 -1991.3734848923978 1780.4072909062215 6759.621440194747 -8065.842832639407 -7108.17317382683 8647.731709483774 -5476.968768959864 -2919.1895332010254 319.7712235616418 -7391.968844360177 866.4441838579751 -3054.0006892777783 -2278.5876788704627 3098.211942903621 648.91938012639
-1298.3261415077104 732.2022021891826 94.2314832856755 8984.992406330195 1729.6967095797481 5321.231910318498 2424.466297835954 3555.76468809192 -5460.779313568838 -813.0977895911219 -22.81473706101133 -3622.9003209219827 -6128.542981782228 4654.35605827676 9175.161498781708 7987.620806250485 -8367.949371366598 -8550.385722817819 -1969.0767331112365 -7327.999863862227 -1156.6409476706467 -6416.179859848874 3536.9387879876867 7987.002478179991 -1302.3862162406476
-9234.900662268396 7716.8059470818225 -563.3483318088529 -3949.720563759607 -1585.1819435501711 4149.4309774190715 2602.295794621379 -8830.241901528785 4874.4961212591425 -9620.615496236001 -8236.373504565898 -1344.1683061339554 1806.7718441902161 9790.900569829904 7932.433914776015 -9975.142834168486 -1437.7783429608862 1270.9276558533602 -2439.402806033155 -9690.870221555106 7963.469114475134 7386.922275274555 3438.8401355403003 -3930.374882505119 -6864.809794375144
5725.4336934909425 -1908.3934553052732 4116.09174565958 -2788.8600160029428 5578.716622282889 9129.454687237827 -2910.210935929076 8896.256037404983 -7496.66292594942 5432.334514319424 -4191.509168987597 4698.312781664901 -1670.3998334093485 -6803.197136715953 4938.694303870916 -1186.806410433941 -122.52250192697466 -1636.92194884331 -363.62261120142466 8921.445135526003 -8719.886957000735 -7004.894917056239 -5746.907583678882 473.24330555828055 -7060.986012422419
4494.244200904064 919.76871174193 -285.7027563123029 -3312.733191121626 772.7592450609991 2418.5426093714395 8919.3325477361 -2576.8353885947163 7724.554723531284 -6526.237910302606 3670.2109791474486 9697.628690103498 -312.4623952253969 969.1907817089304 -647.4860863898884 -1523.7841622443902 9455.522198155682 -573.9355628084722 -2359.2295088804603 7523.082215373808 3792.784216902588 -1549.453987493609 -5325.333140328204 -4517.516348215094 -5329.603807245869
5810.456010199578 3826.771129968043 3144.7505960245853 4899.774312101563 4048.2069431260825 8811.866789113818 1559.2292502433174 -374.79347170768233 9430.215467187856 -1470.5303431519296 5782.053977243631 -6930.277191647452 -1596.609476437181 2713.967443524245 -402.2321660587331 2550.964723238705 816.6063417089426 883.460500683992 -5264.929513905574 -2541.45127903082 3998.166501047377 7840.446086756765 6935.1877093391595 -9559.176087303671 -8832.334029161002
-5202.737730301883 468.4843923647477 -282.7399160139139 -7399.158000355308 -5743.805794650089 5711.869992229556 -7249.890631144039 497.06633751426307 -1726.496197459168 8808.481130129858 9908.028075256047 268.6440984242963 3962.1349684462803 -2155.4530655155804 9751.657845403253 -6236.107221812333 -4813.661689924335 5765.324684574456 1420.3660158829152 7413.682245556207 6142.446147488836 5256.747619790851 -6202.404747217738 367.31844580191137 3767.6216496292764
-1178.064106079808 6065.723227159788 -6990.842332082526 -145.19260819034025 -651.0546178437144 199.03901081195727 8119.150477534149 -187.65101206146028 3220.3935132724873 -668.5075754651625 463.55465601160904 973.7398587306379 -2839.7125381425712 6256.3563719783215 -9042.232249241146 8965.341507372683 -3088.833693003081 -4183.99774730261 5950.144308707619 -2457.35575620329 -1775.3019742267115 -7180.327821908132 2324.0445248448395 7404.487784204033 -4208.043514633788
-6785.275733889224 2678.1467775699184 8764.321148596853 9991.308172477795 -9153.910314527604 -6326.49167665245 -1380.3660915170494 7939.6899753043035 8432.23371654841 2487.3753491263724 -2705.854782018484 -3812.0734793037946 -4147.165242463313 4325.313793621401 9752.723116507288 -7285.12355895538 -9356.565917619679 2641.937269058066 -737.3549991927011 -4101.269159085175 -8473.303180029821 9870.209620653437 6901.406080019769 9537.034721253942 -2891.8619754877063
3759.6031515282793 534.527903240949 9033.295632162466 -9430.141372756028 1395.0038899316569 9453.746614986507 3718.568303442482 -318.21311692651034 -3459.4180404023155 7284.050383929458 8589.501236099513 -5016.352946954612 -4898.6678128319645 -2704.604343342423 9440.947518356043 8965.18718426055 -3655.983117494681 -6661.54699366121 -1737.339017026341 8577.742196904768 -9397.355736131836 -5297.4937153744395 4396.587842869414 4357.44135402344 9762.408950003424
-3702.033167264436 9247.539751536537 -597.0831917006963 83.56377256045744 -3118.9516920070682 2218.52512950852 -604.2275153522041 2473.4291358023875 -1387.0219642938282 -9611.612655630028 8743.631378969883 8718.23019882512 8394.678172215998 2937.2919738581004 4552.527238091809 8151.399662868462 -2345.0259224601114 4293.356237475407 -3244.8682776246287 6793.691071482441 -1324.4632063252557 -7142.98191826712 3566.5531098203865 -999.0085715266414 -5775.800148902941
-7722.408611484004 3209.777194642089 -3968.9640205920095 -9348.283960143015 4643.155806106535 -2526.6360470655472 -6374.634327437352 2664.382335554632 -728.8196974753537 4572.770304149884 7919.3151725051575 -6577.6022534016065 6067.048123680906 6501.2350879069745 3333.26224042415 5002.89175041899 3511.356815947831 -6554.541970383228 -7622.699635565032 3345.174839847463 -4360.448093816094 -2197.9575381630602 -4937.148297208385 8344.704692198276 -9645.915825373364
6533.02633723383 -5756.143441479989 -9443.209317809584 -8845.294298629802 -2371.9537497755773 7619.658408130395 -9187.247792529277 -4338.3139617771385 -1866.748073964828 -6196.846101623301 5515.252645638615 1435.3715039351773 -397.73059772666056 -3655.8929774807257 -1547.5385971073738 8150.193814073384 -4099.451025654992 -4655.790408930356 -6471.673146730594 -275.9796623843358 1629.830833074553 9080.015461969153 8438.497599837974 7952.15580281525 -2257.2565563206217
-6161.246570109058 -5804.381671158312 -5929.842807080489 4909.988038496049 -2158.515381523858 -373.51428354271957 8972.878221962645 3455.5210066302625 7940.870613169249 8544.752968601224 -9674.852526254217 -4525.091430750925 -2169.8820465943027 9746.915027052586 6502.336683063128 2920.9686011656213 -161.62174339283774 9721.206242875614 6189.804148227173 -9607.91925681442 -234.31605057763227 6574.71242094228 9239.511753579569 -1640.5571357349763 -1874.1634434193147
9598.615826484245 5882.907177334717 -6299.939980367612 4675.422457705774 4978.141278653729 -9302.464960383872 -7136.7996713464545 5749.793107359663 -984.6205122212505 -603.2609510433031 -4622.8239469555565 -7403.541887694407 -1009.5089099362413 -8796.12387915422 8698.69937439511 -8163.953048037418 -7135.027974127235 3585.547980080828 4948.960543787454 6204.953907164645 -8686.98104813588 -7601.246950360481 -9757.99485481993 -9116.403788738153 -8961.163549888837
2594.56025241882 -2486.697977544687 -149.55801090151544 -8631.487290084464 -8616.920511050048 -7765.417661050755 2656.575089160666 4646.5784416932 -1062.2780103371897 -9523.950386735647 3635.6299513034246 -7297.183458432601 -627.9771823568044 9424.545476839121 -2820.3071650459697 9175.373062903847 -7927.695268426642 -1848.8447643715444 -52.22012721732608 4701.232269911607 -9732.649939302024 295.0813521921955 5177.135935844379 446.9865207887251 1171.4295928487609
-5809.655601568084 -2932.679778342551 -6942.764208250312 5375.322092996406 3068.030051771144 3324.3330250637846 5978.694018188571 -4893.594091650255 -9496.41497373101 -8326.454239984809 -9669.265309190809 4956.089046131525 3921.8189039156277 1453.8753667796227 4.038385379386455 5303.79741660006 788.2507526089339 -2916.2761377390025 7000.118418718495 -3594.3582100567764 9846.713860079191 -9009.792256854433 -6051.35112709104 5835.712301904303 1453.273634588435
7262.692148995997 5357.3161943747855 -7823.991348168837 -2610.480900670096 -8835.247843318773 -2188.813762911177 3255.383043996162 3157.4662942962586 -8169.587370467632 3785.4970315953888 2572.987329027983 -3625.299965022293 -7340.774601144914 7763.571261715373 -8139.00038739517 4237.74229642202 3170.277569404034 3066.3622850702195 -8620.016754048416 -3651.061075227566 -7606.3123820716155 -6347.46918167788 7486.084400874381 3602.311649234489 -450.23220049019983
7055.555939009631 -6282.155600467323 -8868.762466546461 7211.2585913195 8327.33824384518 -3037.684454045251 7230.78967311708 4277.646084304957 -107.03621002469117 3194.621819903141 -4402.2643980857865 -9177.082841179023 -6798.385150214548 1693.053224809788 3439.023433727991 826.8839964499984 179.52180007872994 -2016.2211471858773 -558.8086538366515 5118.533812580175 9776.016883478525 -6737.169340043057 -2579.9549049324514 -5837.68099050118 -3132.1822868385116
-9226.387768576293 -1943.5315335797877 -1082.8737097717349 -864.4464116186555 -3203.3788337122696 468.12725190359015 -6182.590058122488 -624.5797035385167 -4040.271430121443 -7208.157796836159 -7056.4873741364445 3617.85388173918 -2805.173334472217 1354.2900356758273 8157.54154083319 -608.9247775447384 109.56440348820615 -5034.456098440932 -3837.759616031951 -2309.065529975278 -2692.2213561890067 -2462.8218485901625 -5675.9038663476895 7097.197663104867 7428.299175883574
9472.324829796988 4714.340837340729 -2796.222504618824 -3172.934692959302 665.4845821314939 8454.520329302391 9875.142726934104 -20.508058908690145 -9980.108261446563 3712.45079875987 -8458.812072209223 -7563.494275383831 -6435.280338179002 718.629144109871 3268.5830674982517 -8289.949794606322 -2747.403164132709 6435.926672762715 2886.0361863149083 -9947.160595543968 -372.4273406074899 -7419.689260066373 -8168.964734056405 787.8771521674826 -7661.875890494352
-3977.8932366444124 -9062.315087782265 -3155.5992231425025 9051.372901295286 -2157.0859743474166 6145.785932002393 3708.478886698027 -8830.2853415592 -1376.7496738812206 -8835.506086177074 -4914.462313195247 65.59625827651507 4611.813486605321 -3848.028416557878 -4636.880011187145 -6375.098720079149 -4080.86124250635 3827.1886416486286 5051.278967722796 8290.201996357238 8338.917275623218 -1138.6260629110238 -6796.100527890674 4246.371973066272 -8058.227834821223
-6265.673358380648 -6373.494728559628 1290.4114920877619 5192.84088122313 -9932.242936199065 5431.91450389007 8578.430966883661 1909.4136890501213 5036.725434005191 2598.11007999084 -1907.7176195002776 -9777.20467503052 2474.9288820068523 -3657.0970183357795 -1776.97938740867 -2622.056569440436 -5335.782450735591 8837.930726125545 9546.20213433357 -3687.805445627876 -6887.950028206227 -1605.112204663681 7486.160581491153 527.1700455630744 -7345.795927992713
2360.7851400012078 -8693.35528942427 3426.2413359180737 -8559.698591827946 -5194.937866608182 2696.321901057916 8775.55055232086 -551.8413187199694 4290.509574315218 -8737.151129390244 8568.087579351683 -1538.159008718987 8113.41526035318 -806.3614842266034 382.75753313406676 -9060.897446982817 2756.9639436446214 702.186715408945 7969.959374176677 3538.744546092081 -7910.376006296274 2674.4475076721756 -1613.6091673349838 -8106.458226574249 -1170.734456580296
-615.1355701182601 9954.53716907444 2765.620453848589 -1374.2748299779632 -3358.2265015396515 -2511.6789372631083 -6440.701896328318 7675.8713105984025 -6098.610506061504 9294.534878423357 -8907.98141595914 -3794.083327173259 2466.1143017203176 -741.5929645276028 8029.848037392934 -3348.8941587176305 -2603.3377560087056 6495.933717497464 9207.451695737662 -5168.050110418507 -6700.084324077622 -5945.849401771384 1819.3588268979693 -5965.8043397755355 -1888.9656289751547
9227.436174710467 -6476.616877081 1108.4712562193727 -7666.612921849635 9321.628992862523 -2154.454922901612 -2466.3991878998904 -7040.0580256289195 -5139.651324671584 -7742.929736577624 -7172.455400297539 8544.421090358559 5971.925494553976 1307.8075855660645 -7340.941869270968 -8085.583009163999 -4995.4311400729075 1966.101788198377 -4715.572660654723 8500.122974565904 -5515.233450275347 -2261.8022973410243 2505.7709091025117 9432.04216870838 4510.377633830698
737.3877251533104 4937.001844693506 -2745.848237723514 -5026.608543626918 4438.752117003085 5184.062357032932 -3881.6391962133466 -6063.605062999526 -4988.7659798430195 -2896.6412258779046 -1993.3715575945653 653.8646074767621 -678.4492753661634 4987.57312789746 5844.8010317841 -3166.2742238848177 6089.351955174341 2929.716245560614 -1872.7813644094258 256.899994369096 -4739.8311258880585 -3953.3637012146073 527.5886359877641 9364.892593063923 8952.906735928234
2297.2486819734277 7754.427299045423 5021.289016197665 -9292.508020317593 -4284.5636309043275 -4464.883808481121 -4476.466007229916 -5011.954142955901 -8103.9437520054025 -9185.790390836248 -1908.6191083232152 -3356.2014055783384 -8565.734588791263 -9775.84566817338 -2547.1694345355363 5238.465003222436 6340.487875764988 -7490.1210364866365 9406.797969462295 -426.9698537628592 -5212.045502750504 5670.951974924594 -9339.175069261682 1286.562178739976 -4887.165432502218
1 25
-4093.8092675974503 -7062.481496029387 -3218.5737348244147 -3386.7462383519205 756.711727775215 2884.411546457335 -5319.543787364558 -6403.00264352514 -7777.359096175509 4723.795829430457 -9462.889097372476 5038.568275156569 9715.109599489268 1135.3441188714642 -7204.17224148998 9988.607245426363 9030.973610436085 -3339.839481781297 -2881.2074946997027 8520.703839986389 9856.61182063799 -7826.754065997219 7362.318070725152 -8970.626887248525 -2879.3934608100244
