53 6
685.7099942084242 2812.4500953773495 8402.80919420204 7655.498466502824 3303.0587324180997 -5140.046597214101
-7109.510469331031 -9210.300208041617 5360.889176166793 4359.470071966622 -7126.702083469136 8425.952336854942
-2224.69060901197 1650.6446950512109 -6055.943517394677 -955.2659616821929 -7246.138777565086 2784.4061064353737
1621.2855865275214 -9104.599808848701 162.2236664492375 8377.450245532775 -2496.647784062631 -1814.4332432631763
-1441.7846137362285 1259.0721496890037 4563.965082179655 7355.495878778784 5064.969068936105 8175.941173190837
-2986.835633949121 3980.994211516336 -4578.659086841066 5132.782614601416 -5172.183719143924 6226.049206637146
-4513.884243594708 1150.247280103069 5018.043763729873 -1342.8622790213321 2672.1873622424355 7572.429003729314
3561.9224451598566 -5392.035292492156 5100.021558634669 -7724.254273171909 9486.299900115959 -7628.145276920137
8079.137520494602 3120.84718927169 -8629.633369817111 6757.0201596174375 -9728.779282304185 7624.269339621114
5695.467075302089 395.2083905850941 5283.215939855192 -8386.565358449365 3751.1959073058424 8229.122942984344
1061.8559341917226 -9133.901390054667 3261.2693125196547 7114.052691655186 2315.6055214521257 9206.173598239347
-3204.27686210897 -1226.8302195613887 5397.199403291783 8773.929458591723 -2468.022868476898 3577.451755898075
-5122.589063646638 -2261.3297135162647 2251.5254015709634 -7462.21024932561 -8119.279415006977 317.11561919415544
-7793.470266436476 7262.459869030827 8713.469990972142 7627.515262512574 -5609.8704070694685 -5414.630911481131
414.5551901100753 2312.0243805157443 984.3566316163669 2059.953686063882 1607.851409955074 2508.9260804972055
8205.295365568076 283.8855280741009 -5345.637924716753 8475.254460177232 5384.766228100261 5869.38803969063
1628.8289845130348 230.90855739508152 660.9271614572608 -6761.970178719534 -1868.9768483659127 -7560.37414141348
783.0945362567527 2203.9326768921546 6218.883338546419 -2349.7372221271353 2877.485346506295 6864.338278816842
-6508.820093799654 2735.187609092327 -5154.060966753038 -9228.460084132612 7523.115003567982 -3857.3970002525984
9699.454530769304 -9635.199976858428 -2834.3715596552465 -9366.149678696518 -8941.261948623125 100.86556272003327
756.2892973457128 -650.7131516590161 -3906.5906590001287 -6535.73867345902 2231.476808824693 629.3530391838704
2695.1557731813064 732.702067672928 1875.2886299714592 -5066.145398028163 -7859.219709459803 1095.255780031266
3231.991654179321 5217.199486992544 6824.018225098946 1608.9511537705876 1055.2025870459001 -5963.991661982291
-8823.209627727378 -6582.868599046506 4175.496809924965 -3262.5690973933706 3787.2399611894343 -8539.384392801354
1080.2694645503616 -3015.983193169969 1795.3940092077428 9208.66321533588 -4931.929610910659 -4111.647843707425
-757.366118309461 8596.86622896045 3020.246953595806 -5217.151404064389 -5663.245502755272 -7808.819264114192
3078.66190696537 -2624.7802032381396 -7517.22183671117 -8618.606864592497 5906.607769730434 -4676.78777329783
-9821.736932525204 5624.06976249304 50.52785265953571 8229.0385961873 1336.7338379966204 -9618.917975381966
43.014854958672004 -4170.419534513334 -1253.2165752680212 992.6093647339258 5393.976526582068 9120.516695291462
-8912.251011662369 -959.6002263114115 1856.5233507210014 -2686.267281469126 -7579.709235986156 -5332.015786471285
9537.910824060094 -5896.3806824796075 -6938.85148862363 2949.916546067301 4853.738541948578 2043.7808351902622
5726.704960331081 8390.901418745194 -3174.825469478679 6984.692451440638 -6769.920801723714 6967.859375993379
8351.630729914588 -4828.3176024486465 3665.702275177493 -5880.995537726765 8016.418119469494 7118.384368183095
-9667.871081101292 2338.282311861605 9107.963038960272 5563.186556581542 -1702.2855802990362 -454.8116873897852
-5906.3983877385945 -6845.971562500488 6696.815436105011 696.5699439758155 916.0728037021872 -2907.7960561249674
-2459.455271166242 6187.744543788034 -2203.875156511068 9885.713009532104 6076.640843679872 4285.609654834876
-6081.294951685308 5763.723145410282 5169.461229079694 -2888.3061409086986 -9480.469706543607 -6582.825321728041
-5500.438855822603 -7129.637828771074 5988.041154038883 7079.780934781462 6121.535606113959 9967.85482838842
-7012.460873064998 -4272.764684095311 2253.8891924931177 -824.7656604700078 4275.485685869269 -1626.0666170631175
9554.037678923949 8801.027813241188 -9324.064491455754 6501.134067952844 -4728.335181063941 -3119.7514770862836
7181.928629077829 -7829.796655275772 -9901.320314241382 3624.2727811690747 5812.572822282771 -5884.522517005093
1704.4693992841385 7287.370035819491 -565.5031045932319 80.60662086419507 2730.2095673833264 -6411.463518564622
7975.100492396832 -2793.3703074937057 -7168.313434945227 -9203.384624001976 7386.789953575153 -9955.616490951044
-3814.1167945650186 5552.048093573621 -3746.8192166281033 4336.5762332776685 8627.634474029423 5670.364725677546
9579.211062005234 2962.189723541731 7810.745600172748 -4482.744239869745 326.3140354770658 7712.0030766197015
-8834.657356648679 5983.14808157064 -8030.256748463387 -5004.480882986171 3202.3198140273 5031.206680762285
-8986.279016624949 1210.452338393985 1149.9346479831256 7925.069797762193 -8572.965312586926 -2342.0572063490245
-7066.30819090691 5806.829731281638 -61.20407975471062 -801.3071146344028 -8089.164623504139 2352.4166980344853
-7022.545935813152 -885.350128601589 -4629.383311229818 844.2028163441155 -2752.1101463360646 6377.811490642733
4467.24743666806 -5552.726583428218 721.5800934169729 6175.167219369918 -9393.354377638976 5458.188349512844
5951.738765985068 90.01768559794255 -9210.014826734947 -9215.324682258812 -2278.4532861590833 2737.365827329273
-7705.116187351659 -5745.196960761925 1706.8292071829474 -2290.3277766756646 -37.76950333915738 -2214.7587131832934
6681.728607509329 4025.4778251814914 -5210.626748403595 -3203.022836718139 -8705.835208628145 2339.0177809949128
1 6
8996.036514815223 8681.911662609946 6293.15156440964 5866.467241621991 -7982.252567315376 3070.130446191195
