8 31
-7752.675880046027 9539.533934701136 2286.613357283062 2332.597107274869 -6170.295370053789 -1139.4514337291712 -6499.049899616498 -1608.120691773558 7034.454702685525 -9744.281409830191 541.3422419232684 -1475.4928823555765 -8871.46981582002 -3402.9897174003245 -1225.1859871816687 6363.755269305011 942.1776356795781 -3420.4060996968155 5061.040585701681 2241.004838944844 8963.716083326286 -7479.796546225659 1470.2592974090803 8587.5708866532 -3936.7549301046774 -300.5187360430955 6915.714034126318 7698.595437720742 7353.027810305364 1267.0519236739783 1507.267120840721
-139.82866828408987 -5750.132471809608 -6441.8712930372385 1062.6176637245298 3314.180073563073 -643.7013632024482 8967.63428789135 -1786.2569174371183 -2373.7645058981416 -518.127642759342 -5908.735131265563 8798.635173316354 -84.37870491695867 6482.06262715612 -5777.811084764917 3429.4762836693644 2051.8223002183604 9997.708080521596 -5493.965330740509 3728.4929365305034 9224.246104199763 1780.0482751729305 2257.845185096021 -6343.117565342002 -1300.2596895195584 5568.367374461906 -9958.498506379758 3470.669051431767 4563.750124819577 8213.584015614491 1210.1273429122448
3528.5875616663234 5657.132316484678 3332.08118044838 -81.9610834967225 805.1598379464212 -4115.2959082869065 2908.9547607122386 4172.362392919404 3179.1928566150073 -2003.8004237937157 -8080.391177221555 3038.7351942100995 -9148.36586201387 8902.465820801339 4278.533423397104 -7044.8296134648135 3840.0095533892236 -6098.902801554737 3074.4163121620404 5952.488653485592 9741.603669949502 -3465.1496989164007 -6856.218493707824 4836.609223191439 505.6317114250851 -937.8060437794211 -5232.1356828646 7696.3976404746645 -960.0994664522641 -7936.4153513617985 -3950.4932314385787
1323.8826088582246 -6980.152787628857 -6291.2653618865825 -3922.5559932351043 -6126.794234876776 7451.446202292413 -6484.738126097158 -8562.548713381979 -9802.303572406232 -5549.123432329655 7722.502840413326 8142.132994231462 -8062.690401036299 6340.107836615485 4687.661511490118 -8157.6657235953535 -368.65440880070673 -7930.504357444288 -6264.901965727403 1624.180015036407 -3196.2844207407716 7844.361135102532 -4586.277502428855 -5983.334193488625 9959.136213691047 2666.1823077239787 -88.71159024311783 -8301.73555252664 9493.700156270927 7289.462447870013 3331.3111571557893
1148.9990122384515 2753.4887093047073 3422.0233175554295 -5277.356909997806 9800.90983472265 3489.9099220806766 -5361.510223973107 -4369.440463165244 4893.3690639508495 -1240.8035302921871 -3174.069780889282 5748.565529040463 -7097.6175750026905 4164.880550660557 -4887.148006869724 -5551.007912104513 -7471.088378286877 7593.9605504695355 6076.449815608699 8971.505341838016 -6755.330184102022 7783.796724837728 6344.935551729341 -1021.4686048521162 9044.535880593401 6071.270230346054 2263.0524796375666 -2316.140037465557 -396.0617232061595 -4672.157963616266 -560.0274313992923
-7046.223279239513 6620.589248179625 -6897.288350924331 4430.104595813116 -2734.1761859152266 6528.784149892857 -2335.532530486579 8936.323913939323 4395.4470875340085 3653.2678372470655 3192.80287267486 -9294.530309325 2410.2275136532025 7650.49770293097 -4610.130196949051 -3374.10751682518 -8105.0335538626505 -8868.197115187202 4933.151168636021 5120.257331349154 -9280.422890018746 5492.67733603835 -6968.011045636104 -9225.839573921989 -806.1540781558288 3540.973444076497 4584.26858262239 -8279.010555030323 7606.19094370952 5603.130432907441 6092.145846649995
5782.221648548406 1174.996800581399 9558.261786998093 -9647.895357539508 -4955.755255381122 -1793.4061173517257 4108.083917035969 2849.8049187557353 9912.156772927108 -4396.811924207351 6358.597493062007 -834.3839916806392 -7503.759780318948 -1061.900148096449 -997.5846021979432 9828.95601410964 7323.53645475498 -6220.758241133677 9572.151135974618 -4773.063281245633 4992.091827855465 -1017.8977672965175 -4515.954925447551 9818.701095483353 9910.846363551314 -9862.862930329142 -6498.322942013252 -5154.158752313416 5047.190421080588 -7372.694239804472 9778.559010150399
-6966.713472784442 -1011.611687847846 -5664.853685173368 -1248.9407064984898 -4351.289814117931 1984.6740078827315 5393.326137731474 4020.034716329854 2548.227974685684 -2223.6592660833867 -2810.0611680431966 553.9749169318238 6557.7791690126 412.7897436532021 -4891.719835508159 -6843.459697265802 4885.033772493554 4317.246206055121 9589.658685061411 -2852.4589260551347 6747.409171246687 7482.041801220901 -1405.6254860318459 -7611.649505739429 -3713.6296315634017 4224.479299702389 5223.206218827707 6172.056462190247 -9643.709891270228 267.65536966293985 -2719.91058001116
1 31
2370.189719589933 -2828.3432313496196 247.10470301905843 535.1553295417234 3646.05999573213 -4959.605463352715 -8239.971582785494 -1002.66938393085 -2914.7134043947444 -1433.9711896819354 4961.393119800099 4433.868052589132 5418.363989041976 712.9262919924349 2613.315074670865 7611.666547161141 -5598.076197728324 -8404.703325214456 7725.620962355952 3320.0030998454076 -7511.458024785027 5193.872117938756 800.6378612199114 5127.078212348981 -2136.0732348373613 -8685.690287756526 8247.802221510101 -5158.2708228916845 2041.9145727416471 9234.797814010632 -2224.037167001813
