24 2
-1109.9258337747706 6275.150796800652
-7203.182302770417 6346.084582417903
7281.717252884555 0.649122561517288
-7624.073127958418 6802.838208200996
3499.643829759516 -1995.265145235876
-6883.678345886843 -5534.685487465301
-670.7397034103633 -1841.717085534704
7593.725747623717 -4017.879505293631
8739.380711907666 1732.0453489145457
9381.317774491308 -5248.748569794517
-8319.887396387223 -2177.5770391904343
-843.032509346107 8288.683306996973
9982.50531543664 3207.9810554976993
2065.2518294564943 9634.935685438904
-3083.693531045177 4750.512607379087
9519.55848487352 9197.152253951863
-1845.390898591133 3613.7367103063025
-9610.827017973073 -7518.35287704214
-3324.046370576383 -7111.710103997815
4681.520969252368 9345.410914735185
-3311.3856820419696 3180.348580424654
-47.00187553800242 2315.133919735892
-8208.110578688307 9173.940844376822
-8352.42824883052 6417.429489790196
1 2
3424.610520361144 2445.9047579839407
