34 34
-994.4358000934753 -8510.557323502831 3204.16821227157 -261.4902995496668 6875.952452241814 -3021.8825440251894 959.8934870912162 3515.651100951827 9016.64246994392 -5199.795900805233 -4577.606480102217 -9333.066517762727 2538.045216847384 9135.867403175827 7947.133805274152 -6230.824178068573 -8929.244952041918 7197.706048987384 2631.471717902681 9717.49364282189 -7303.867304790432 3780.9812578646233 519.5213618760317 3050.9755522504493 -7629.283177896465 -2561.210311644307 3822.653092076611 -3235.747584940489 4301.049020814411 5572.882826534298 -3429.981356190957 3513.9237063868914 -363.40374114129736 -8000.796929391911
8158.69068150135 6347.219098144407 -538.0821203141077 -9260.383140084188 -4226.675301988305 -2271.9393253168537 2090.181348381573 9680.24672409405 502.5074551694761 2234.82427155778 392.3940011820032 -9264.526851096 -4169.536494642572 -8188.931709021494 -7920.6428312957105 4052.482434178155 5621.981124821321 3215.060698602443 398.059683451771 -8192.66649509946 4914.858457926477 -2213.6271334651483 -9115.616790871703 -6574.171396586573 9956.950906414531 7034.595197828356 -9552.039406634241 -1667.159164981973 -664.8124928015986 6830.403716367498 -7787.706637210791 -9962.405529605941 8626.56796518284 -8177.927680994592
-5516.054880325554 -501.0340284529084 -283.8321156575548 7104.627545277901 1335.9536158185856 -4252.92664901514 -369.67595807045655 1852.8653497102314 7631.467489796072 -335.35295189364297 2321.1330499677897 4881.685001335729 6284.529962734887 6838.783837603176 -9454.986183324669 7025.922157185923 -9919.790168571562 9081.912282395355 9223.540685057862 8472.534303100107 6497.71175060375 -3176.0608521488457 2217.2458746908123 -5364.091601610983 2482.434840294709 28.460506667828668 -1792.6358112895796 2074.6833016460223 -6444.458794926935 -3363.996078127787 4604.982378846729 6192.234669220965 -772.2398356733338 -9460.355383076221
-9196.663387890969 -8353.563709447037 6560.303047076668 2320.79579590669 -6379.445532293497 -5999.516738527391 -76.02257033928254 -4867.230852928553 -581.9790701830389 -5818.305390031955 4309.301991190832 3753.6552115607556 2067.2515635685522 -1633.925691992923 7234.382033863993 -858.0955986469744 -1375.9916435698087 -1700.9420058213036 5071.323513642088 2133.6599876946457 7517.530104337526 -2738.3248421130584 180.85098725185344 -1610.5229715637433 5187.464372776705 -9195.738129796855 -7916.570479269143 1765.2527896631473 -9953.556078860112 -3867.820086031613 8683.15325041483 5196.711792605947 -506.27214180967167 2006.1735225532811
918.4618738723093 4850.580966231564 -9717.64217847773 7474.470300231249 6484.771792484109 -3980.278067571053 -8388.63214869724 -7993.448423038536 4970.2835619788 -1977.2585243747762 -8626.621403536356 -8884.20203048059 2513.9161980368226 -8242.803147687186 7863.827957349418 6855.5530890233385 5148.963747129843 -1929.1873963902817 4754.7433048286985 -4666.215650146939 6780.6188207414925 9460.36733837513 -6284.613152980362 1678.960006511903 3590.794952868824 36.36110853525133 -9553.36520475143 -9576.954488721569 872.6101108422299 3769.988860818199 2135.280101513692 2521.598888461991 4464.018887212655 4559.379582993737
-8760.019335479892 6572.238798208389 6593.441625279542 -8695.12729201714 3858.8114242170122 9469.17837834965 9317.869368285421 5871.37602622896 -6864.834506213188 5197.721860766333 -5070.407788725084 -1497.2290791029263 -4548.669774780654 6005.434181230186 -4619.49462744905 -9475.012184355825 -1151.6334826937018 9532.661012904176 6223.581254702463 -5476.528190157847 9223.91106469067 -2084.0553592475962 -6951.482923506252 3960.497866885955 125.22234714564547 2697.443225304145 8025.636896775646 7198.470291191668 8001.728504509734 3946.6433181873126 -7405.246105294825 5797.237392738536 -263.3686966893147 1189.7333644746304
-3707.4317264755628 -1405.196225283622 -9278.596410639142 -541.274661983467 -1750.9318265392394 8018.590375631917 1055.4118402436852 3416.475481612073 -4217.253325602015 9255.902604194784 2594.711045990216 -1615.941585874014 639.5153901941158 181.99007725523006 -9982.677191658559 8502.536548912187 249.68644552685146 -680.150131301245 8018.215986329811 -916.8032519241187 -34.12664388376106 -4608.304977463691 9140.477125299141 2500.5426523707392 7924.885737138051 -7373.752865881766 -9423.185754196584 8578.257707079672 -2486.324171005538 -4679.1962707285475 5533.514134818821 -2242.1129031132696 772.4477560178384 7077.412159035568
4353.210834750267 4329.086288733428 -1607.3207717360674 4161.625787576679 -5030.303635081787 -7509.52283302301 -4695.88081559559 5455.648904391937 7211.427892987889 -1935.442294794263 -4142.116710654817 -7185.702075568274 -8145.54443001243 -1466.9779649769316 613.2475773481801 3633.725270846773 8114.5530514475795 -6807.861015689272 -8843.013115059557 -1369.1005521783482 4468.637578032201 -2736.214042765623 -3853.5670646223543 -7126.5559408010495 779.1180095456548 1060.0892229237943 -2702.076616407965 8953.020954875607 2434.2018427917537 -1152.4135436973356 -2978.807351258428 -3489.544689680224 -119.75922972219814 5920.636759814106
7774.4475226619725 -7003.474638045106 2041.0267823053491 2676.330438680032 4015.743290756047 4443.711212413602 3171.7424671067565 -7043.111111134639 -5342.191637321003 655.3029110000516 8346.255788566472 5503.843583790638 -9626.991392789365 -6948.554518564431 7352.536423263406 1800.6461994412675 6403.56957011365 -6713.2407859401865 -8790.359521868804 -2561.008526476571 -271.4075407391356 20.61350988940285 559.6094307078747 -6174.096810669636 4975.437674955339 1836.1646889696985 -6395.930118846269 -9037.939865907543 -9467.14446520143 -7527.701947798267 -3178.3139307291312 -2014.7311710861486 -313.15755938069015 -7405.7303528722
4396.315681580756 -9988.45193388926 2090.114065459622 -6761.933032217126 -1496.5559087051388 2209.5256053004214 -2128.6230552558873 8702.670526796708 -7857.087568121578 3291.007354602334 -4096.641840758531 -1438.5284213470004 -6407.091301974384 -5548.639553755154 3490.582843041717 -3130.0490942417355 -8606.33961366329 6912.055481316027 1421.1141185702436 4427.28609377485 -2871.8793731930937 6301.190600207643 -3701.726771060472 -5661.565695743422 -7295.751812555782 7380.581749676858 3446.5596393440355 -3835.0053007850856 -1673.5965327138547 -1659.8682555440719 -5594.1929842977925 9317.817424170153 -2413.0280490573396 5410.4888034461255
-9308.512987820728 -3014.5808725072684 -7738.855339386666 -6119.243296842376 -2066.8490475936505 9849.582735583826 -6326.366886553731 -8368.598088733539 -2884.6562977202675 7839.255971269911 2372.628540041662 -7019.955691234023 -7352.300067548687 -6252.979334550435 -3292.7901869420366 -2639.0673525028596 -1735.9572884455374 5811.522757579569 2592.2492938433024 885.0781865698427 3193.9513037212873 -1519.284809760271 -5478.440376393223 289.73821031259286 5404.784204774627 -6477.732391210182 7723.810896754763 -713.5938880919621 4276.349353395954 336.77280493189755 5291.527916085879 -9272.12791404458 -9843.25297867197 4923.495392072327
-9866.948799152264 3177.4745899383925 2586.4592202473395 8067.177230198151 -2537.0218899322763 4670.297355836932 -2385.3505353898254 8276.009744741375 -7735.461575709499 -5293.29697102403 75.09875469978215 -8861.952692151626 -2272.4775193387622 9458.405433914086 -7838.963637875782 -7556.955954971902 -3517.391592789758 5380.0226262634205 6527.291699488975 3170.2102851754153 5255.545135785822 7790.599514286736 6086.696023568145 8448.350003864285 3964.795977653761 -7726.72972050656 -410.43128387892466 -2068.9060402442274 -5695.770925780907 -2157.942602949174 -829.3207185676129 8668.37388014033 -5063.956834794035 -3366.9411495299964
9134.679129529311 -6815.208352605043 -6596.779637558699 -8474.56195787233 8235.206204092217 -570.1393084572173 -3099.535793956532 2497.3070163051143 -1047.9952711239075 -446.2338956186195 -5432.670995177354 6530.890028326907 -6320.325314005204 2843.1043139887497 -7878.389446188829 1815.4985970640046 -1952.4334468607394 774.4057158738542 2753.7576327663755 9774.322150617107 -8191.838352938527 -7822.427785058865 613.7187305757325 2318.072626778254 -8019.119686283182 6598.240866276687 -9053.897463630987 -3658.7923009533088 -8956.201636752468 6792.701931168151 4758.033134893507 8846.386081089677 951.841671846154 5761.4235038101015
-1774.3399704959265 -1168.2684501981803 7638.92704335077 -8907.202909865926 -6825.121026182767 4913.717262282855 1718.0062204113674 -7375.977630591257 -3008.8845598352164 1117.5403262712498 -2159.9040230305854 -7523.998615913996 -2656.1800671677083 -6873.775872144639 -1422.7032315468696 9144.611976100794 7680.895447192517 -8019.690595188697 -8509.955268721225 -9108.353284049277 -8172.397825282969 9157.902198214255 7417.464604774534 7797.228683909703 1356.9257605343737 -2232.007677115297 -5773.756241935841 195.2064701283016 -984.7637977082941 1049.8255025740418 -2818.349361556978 3109.6161585021146 -5828.233273950911 711.6153416235229
9150.447750267766 3591.9375264593436 -513.2622999228388 -7881.179113480026 -2142.8473211462706 6099.5795494728845 635.3812581150723 -1163.5997132222383 -4982.85315549998 1908.4851425821198 6672.816734551703 4283.354565315249 4558.845622968342 -1226.8859083369025 -1179.803742934564 2450.7871488844503 598.5177311852967 -3359.897431564931 -8837.086207104896 -989.7038734968901 8989.903975571287 -5504.292799795924 -6886.941956913824 -7727.899119439765 7319.7806466749935 7107.67240509946 4296.115337335912 2702.4905334666328 6178.32327510184 -8303.558975841304 6509.128649790888 766.6719577717013 -2671.7374226665606 -370.7736546116721
6062.928059885873 6629.748064991676 -5038.501076056225 9360.652819646042 8103.950545623036 7349.205777842646 -3612.1566249182506 -8806.215003839614 1541.394583050349 8022.173832229193 -5042.143862450952 -4959.464775746838 -6730.524971528491 -4527.266142136832 -8645.26503397568 -8637.329306419202 -2338.362692573268 2407.4971849805625 4129.59829492853 -4519.749364000869 -3321.202456240928 -1300.0149480127802 8941.11354179039 9840.324629031726 7759.272687616594 5816.242374431744 -7782.365504842901 6928.681523410643 1417.288348461283 1175.5735490844945 -5367.444282118991 6316.2426843240355 4935.729365926238 2064.4293139997644
-5017.302988697529 2370.370387710216 808.9917864163563 -4506.573574814245 7543.576470607004 -6508.901662527664 7014.514943702889 6305.403973001925 1117.2354064456158 5863.175508999537 63.97872505549822 -3233.429347415211 -5763.188728030448 2634.018263173657 -1130.4639731540174 2467.608246435835 -3606.4956465108407 6815.56730079286 1135.2737566588276 2237.235821167227 7769.469328888437 215.17620662105583 -6295.506815462091 -1315.0755799351737 -6988.291788351975 3365.772964386171 -7269.342522164965 2108.854097402158 -7145.216804223982 1617.2770475479156 -6732.254445079202 -1963.7629639517627 2958.565683570383 5342.510241896849
-8528.095508673794 -418.87004512911153 5904.977793402317 -7875.856494493288 -1262.7820173697182 5475.84040926484 -9146.897985425763 -1322.7338131320412 -6938.852408317653 -734.4602000556624 -3362.073130310321 -1951.9516213549323 4561.476157600657 -9500.835812579555 1809.2683938930368 3540.7631455591345 8248.795949523646 -3823.095728694757 -1985.8840849164453 -2601.628775389442 7091.683560651349 9796.22110057197 3188.3715606518817 -502.7197903785236 -8766.96469888624 3771.0147318969957 -7279.432044776926 -3625.3615891298787 8305.223498141 -5726.668264361592 -8684.31904795853 5322.937165427516 -6728.880223756694 -3177.800542932665
-2955.480611077308 9953.865346542821 -2830.282865505136 -8494.838385797028 4075.734126764568 -41.448175643763534 4025.451481635555 -3034.4924449315467 4151.143735022561 1701.1595002584254 -7494.0274355100955 237.1906299629809 5487.50884563135 1476.1685543470157 -7025.961693433204 -9677.328976887118 -5547.204380737565 4808.790497880951 -253.64208423909986 7518.764599097256 9091.118289122864 -4726.7317057435075 9481.060937185492 8283.839126476843 -8800.457997859661 2146.0081415930163 5834.379642315678 2750.532823078225 5894.892024920733 -3636.9213622904326 -9377.56476653835 -6869.477202126562 -8028.6747601123425 8522.148113248135
-7960.260454049497 -4150.999622826901 7303.334349946625 1001.9538821468686 -980.0875825884686 637.2196603876382 -5288.791412681757 2149.179517786435 -6706.898207111943 -7712.279351712699 -6170.474366438816 -4308.634603127979 9197.657802453792 8654.074464659632 3766.518733271927 7058.487821742954 3519.1981838139036 -1684.5654291880164 -4616.785570922007 7368.134595838375 -8352.698385241029 4194.739719989626 8736.008793773319 9237.794060597422 -2670.707370876451 -9713.295765599012 7172.333934770035 8054.667678501453 1253.9720391263054 6313.641653348905 5694.989069760159 -979.4906924694733 7804.6263125214355 -4168.454524293122
-6996.388562979503 2048.9183690646078 6887.133477382249 -5694.157799548887 9070.619983423992 -1322.6104670617515 3620.0055421233938 -3672.9357730420716 -9292.769713161306 6589.339566360031 7307.965348302347 -3637.30247121064 -6096.306300519751 2479.602286061747 148.49348909454056 6587.703767691677 8776.144818805977 -3546.2752040323458 -599.6154537419516 -4190.00763972361 5106.4347510037605 -5577.353045262264 -8797.61150650946 -1081.456779138245 5639.666869246652 9711.88734801249 -5944.4383028258635 2024.3083394197765 -8625.788038326922 6292.775205311193 -8131.657999530244 3788.284122708841 -7454.692777144065 -2027.322453258278
-1743.0335326080694 1074.0526046618834 9546.594316321763 -4965.367389672281 5019.737798566446 -9379.274160845684 -9375.773265878233 5663.589921207069 1433.684351639533 371.97723947902705 3804.208964530124 -4445.919150057774 5156.417449397737 -4588.354850595259 2981.8869375350914 8860.904359974538 -5196.294237395542 9571.312961436379 338.75532606789056 -7552.838528522978 3941.9640554695616 6207.684915250731 3049.268535767471 -2745.807590258789 770.2516168159018 -9726.81853080121 876.9827551796989 2529.555305875974 -9128.762228508378 3945.8087589525203 -2594.9427528323567 -4481.995003967738 3202.006205319907 -450.4988532464831
7876.616280184993 3671.449687092747 -2343.510557165767 -899.0923807274303 1373.6205253951248 -6832.276107161224 -3.08302704995549 4115.1363187392835 -2990.007899834817 -7478.557621790087 -6777.524141363329 -6047.375106224203 6057.54244764135 5889.546291128849 8365.314737815646 4058.080771832234 6075.878735700315 6901.290977002689 -6558.866191200026 6582.326949168473 -4761.407574718845 5278.974940731852 7014.1589480265975 2185.7663843269274 -7959.467322976286 2304.8927420421624 -5009.146574511409 6238.8190772615235 5091.964592887794 -19.826586246475927 -7880.172375855505 -5405.3860864357575 4043.0575100458827 -8466.493174183812
-9672.53278002873 7291.2203947693415 -4276.331077688968 3076.3707973608252 4488.9193705908565 2454.167235537092 -6611.344811625344 772.9134601423466 -1848.9371993685236 7979.53450026449 -7207.673961906805 4661.5018470990235 1727.9428734675294 1741.4483372847917 -4585.1156151747355 -3689.287640180747 2517.3114504797995 9225.410183251093 4553.285166778156 4052.057788546166 -8863.044216133057 -6866.822245128883 4140.462592037273 -8341.435453488235 6972.701520889259 -8346.124413768068 -651.0525676355701 -571.3296571282099 273.60603769136287 -1147.164897374003 6986.614979829566 2071.632535532244 -2283.102369382106 8378.850216862116
-2529.1821292719915 3274.77533679549 -6833.844555272546 7586.535541937792 1837.6582870386483 132.05144901772474 7394.791418819856 3080.4798401442786 -6739.96386833715 8718.917430939244 -5483.823862162846 67.96821760830608 9513.78421553209 6288.271306395161 6636.6833713345695 2667.5002332932563 6283.504687183307 6610.264987464332 8542.545531751952 -9418.33074429389 -4505.709523714037 -1460.9339831058714 -4804.120343615635 -6792.5913211006955 -9416.153238992276 -9384.97429580066 -1186.370236567207 5020.617425229006 113.24337926056614 3226.885680558884 -3729.435918496293 -2383.1020547207963 -2697.895562408201 7389.146170470929
-3653.3414227417934 5227.643187051162 -341.63486603002457 -7918.510696233543 1454.9866599500856 -9079.481518896273 -7750.51463460034 -3617.677555226169 6760.320839288583 4177.507807123953 -649.1139819606469 -8222.774620894921 -9213.284768878988 -8168.358086077332 -937.6267138573512 1585.3769130250366 1832.3549103861806 9508.246744756012 -890.3908755522625 772.6943722892775 8312.474943305493 -5826.059680922604 369.3844789722207 7039.370812888061 -4953.142867672135 6219.053890177411 -8076.109791997692 -2679.9418665797984 5225.551338905767 6048.379368543099 1840.0187665450012 -2553.1980456358624 5116.940109648243 -4793.121121755712
7515.460425733316 8722.193142678298 -1277.5536233393796 -8537.709421912528 -4396.295591202508 2091.5813216494607 -6716.098897860803 1989.1708692191205 3730.6846455732084 -2466.347202008954 2675.456512643852 -7344.555503218189 -6331.982079658791 7706.918105373901 3516.8436164132454 5012.784077365821 -9930.667495799664 -1774.368629292354 1015.4747518153745 -5322.778060448681 2909.4032982846693 -3046.839061325237 -4216.562192812629 3284.7819357433964 9476.639161127532 -3255.984866212003 4245.639881280336 -3721.4660855052143 5152.034491869677 -3279.3384927535317 -7250.9491348675165 6604.918956057692 -8627.49812872797 9087.3923548612
-9281.23576654794 2378.3484212850035 -4211.154727832862 3634.7016075938936 9633.501083879488 -9217.209812951613 -327.6824089704205 6349.829226036507 -5331.743579145065 -307.3525000195914 -6007.152822948365 -6339.380738571405 -8160.936595029038 9785.077118280882 8909.066908456949 -7061.133498371888 -9376.680277706095 -4365.70273720799 -330.67097795506015 6122.874932236071 6662.373967610092 -8636.738414647078 -8961.381444994637 1483.635071429826 -2045.7158111999042 930.013864000055 2198.198190450039 5053.423872438623 -2885.97328410513 8402.75387155489 -360.4078602047539 -4523.13543021841 -3591.386891734327 4571.435342355859
5238.712352786619 4225.785806440072 -2322.0773719676054 -5773.225998746086 508.32424674780486 5585.328977468835 7311.772320871358 342.62896889863805 2345.755372881269 8142.835023082571 8708.978218767636 -7863.666051159396 6090.329371834032 500.6207659565771 -956.2174508561802 -6947.304362081088 3933.4417443985676 4638.385519420168 7553.420025449977 -2070.967307854714 -6916.105310177319 -9422.13603773986 8694.593147321633 -9411.369470495261 -9178.193711197535 -3162.069631707842 -2866.502566064004 -8938.561548737529 9306.511201753732 -6026.547794168478 9609.264534225465 -3925.426500884004 -9050.474563668236 -5931.649204961811
6538.260557333957 8875.354447165268 4529.387455688875 7123.070475027751 1978.6543911637655 -7251.990066265735 -748.0028771374455 -8479.393334927734 8571.140601989795 6061.124787498626 -2430.9290266256567 3359.9143537999407 8112.169564950273 -5347.542541672438 1469.1313777100386 8167.531183956769 6234.268687404949 -4205.763585537139 1831.8241759613265 5322.160599190145 4862.512835808437 529.7423601035534 -8821.741076488648 4860.398254993013 -7782.161558848189 7566.069259296804 -1544.8447597935865 7166.065856382938 2868.4550005215497 -8096.984855667018 -2581.7695372407725 -1310.832439274409 763.3379418061941 -9601.359612202725
7223.858241985694 -1818.1243087941111 -3454.347005931335 -3905.196607037824 9651.859898229599 2657.211689646241 -8407.730083748735 8901.199907221147 5808.60227624075 -5630.786501513707 2512.12368448664 6311.372839935144 -2600.2113588448237 -362.9613134519277 9501.861273178103 -7740.192133045917 9979.358691181424 3917.80336088269 -5172.669409433279 -3531.8353654652637 -9259.76494331756 4912.263274632012 7008.757177065447 -6069.865639423386 -926.9721754069033 7346.33866819823 1412.7662786100009 6435.160941242972 -5251.9319346511065 4801.999000421441 3461.0778946086357 -7726.872193540262 304.60410827415944 1519.0050189761405
-8588.038337387929 -6844.149535343966 4718.540612117658 -357.057775389625 6150.576989402378 1351.3432861220736 6484.183079261511 -2414.837005888735 7510.713568263247 -3912.119353617838 6860.879082800762 -9495.481036258481 3338.1133232554494 8069.00830934312 6558.388206396627 8463.885623591344 -2199.1290419922852 2153.1625720450193 -6188.14270527386 -7349.626576169338 3623.97449840632 -6708.667525607423 -9989.63588171482 1522.2479664983584 7356.835188076235 -691.8897311180517 -7865.128476583712 -2775.7552579671965 -7181.46906602295 494.8802313646647 -6735.413372198433 9174.45157181798 -2622.0592400400465 -1435.4354439630733
-5384.78064411007 -5561.330095410619 -3354.725086371688 1108.8652369217962 6557.575893763227 846.1867263330878 -8860.27863589942 3575.6827561125774 -2087.5639216090167 -4784.889015677263 9931.011405454436 -9073.318291749314 -9806.860543231935 -9249.420150854889 -1298.956597633547 1446.312232806973 -8811.772748491581 -9645.47160402142 -1293.415389918462 -7011.276940029292 -8367.07845864794 1460.4610296336687 4428.068416269927 382.8056457128205 3476.5030821314776 -2734.4667440753365 2337.78261834114 4961.8018702635145 4455.097488966117 3303.204605415309 5978.007997191891 -498.79904523969526 9727.034840774399 225.91122193496994
-6305.505515193176 8848.332833415614 7931.174567725084 -344.31990925357786 -3194.301545997527 -8120.058826682084 -2297.4806804780483 1732.965234500496 -3241.790354174672 321.809657122476 -8728.172457608747 -3990.877354394771 -1513.3714817846376 2252.253961276181 6369.276641023285 9859.798418968214 9992.6523188699 -1500.3487458510153 2572.7257395943543 -4386.368477807554 -5890.949925726061 8473.872429029143 1327.400293046314 -563.3142602183289 -1573.74726464987 7572.7909173496155 8381.952640653511 1847.0658526985935 -3617.5542739959665 -9366.539888260611 -9741.655038151152 2421.902129199585 1568.0684317630785 3899.348027095226
1 34
2436.288314356487 4999.015913857578 -4122.716505784372 -2191.7841267695094 9286.807520342598 -7521.1554262845 -3366.5146762101285 -7183.269892151651 -2405.1896551610416 -3813.91086658917 640.1504491714022 -6303.745926097417 7081.8528677410395 4523.045040470368 4317.682178554374 6934.561805781639 1733.4329639979824 -623.9545258797734 -929.6550823243451 484.2327974853106 -3589.684109092752 5183.959391747558 -3084.001190128798 7933.533633813284 66.60704631669068 -1019.1359916227557 -5630.763444454769 3128.7000069727874 7421.5363370974555 -6980.514692343977 -62.39310926720282 -1351.765054816682 9992.262821689179 2035.0795440099482
