31 15
-7020.726351375002 8466.78203215701 1532.7993721468283 4423.124157795368 424.5246895216351 4924.379570123019 2841.5731854325422 9387.12423340421 28.701491631409226 9188.029918475087 6144.206894866282 -8094.483082815788 4648.2180530399455 4614.413744207759 3774.627332275655
1940.881603289823 1668.7802484322929 -6252.130379651792 6667.273147637301 -7124.724604510362 3876.2928640021382 -3095.523986348616 -8815.631081424848 -3276.799473538621 9984.347791825025 7710.527553440836 -631.9497862916342 7014.383900361998 -2459.9677728432653 -9503.606413018622
-6665.942630015043 -8219.369929273598 -9121.34611077315 3333.0160802119153 440.73076851856604 9935.16243034542 -1944.5601732539308 7316.679133187368 6954.895031096934 -1571.884350436003 2958.94183560073 186.04182906787537 3997.435365659918 -4050.7288270300705 4301.726511274424
7045.829477615611 5955.868378305284 1337.241568994532 -3136.709196254231 -5593.494609580512 7340.302133383539 383.30039051918357 4036.4131184744983 -4156.457487113361 6172.648375446932 -7801.220977558072 8025.745089457527 -1840.977856340658 -5761.297299566606 2413.6680470756564
-7488.679851805988 -606.8917511060572 7608.047505090799 -2261.1317196128275 -650.2833060754874 -358.8689139152757 1425.0338907690766 -1730.4454074809255 -4808.883049206267 7830.108511282011 -7057.824804696518 3043.896149968221 4004.014747595722 -8419.225596821165 5194.4303919384165
9989.392618130529 6656.639479837402 1765.8320721167256 -4621.8644186761985 -4394.116135798767 -7796.674896066061 -7951.3366925350565 7602.710110263586 3804.716124640623 -410.49809851069585 5848.522018144946 -2935.0907855590294 371.93012221501704 4182.775607597394 9550.401680832572
3519.150332186775 7426.526889494475 9161.413348943912 472.3519694661827 -1638.230940265339 2111.157049909525 6939.7532512581965 -6518.741983313758 3647.1800999788993 -3364.2580025379366 -9747.50445446738 -8294.138756298173 1601.501488641603 2376.733695448609 -8.592526291486138
541.1373583276454 5764.419416461047 -1627.8948344408145 -9519.230701794297 6282.148745105684 970.327779249059 -9406.49810868558 -6906.297966707304 -9.451964443742327 -3966.2232164608404 -1770.9488305908326 9844.080765396673 -1343.342042483293 -8547.123120959783 -1538.5475506952735
-3375.0642158801793 9021.406172123297 -2928.8623792858925 8015.695843078036 -684.7690573117143 -3248.8641020087925 1702.6306883139277 -7707.336297508087 2195.4195260431607 -3489.1658129859197 1301.1844091367093 -8400.068860001113 2876.6967033510336 -9986.158260395508 -7195.090056282937
-7804.359269312912 871.5880598812291 -1492.8864442411868 -9784.56116554365 8689.192639091976 1071.3656565953643 3582.029533167806 -5459.678272882545 -1337.3037849148932 -3591.379078328021 -2409.90671313491 -4470.703287092021 -1203.6912130732835 1270.3434331579974 1438.7237199998417
1228.1473677666945 3050.0199832842245 -8549.594109733245 2370.043097131773 2857.542905143584 -3214.438255369101 -1120.5041411773127 3118.047845483463 -1085.8482609944313 -5869.082971544742 5794.295151140705 5688.054304112449 -9741.037139528908 -1748.8425342502342 -5774.57141480477
-6404.803391649732 6702.369895009346 -9058.256810610872 -2007.6415313225389 -70.85601717707686 -6502.98689416144 8940.151856610795 7706.338543543396 8469.09999191203 9378.635678112223 7037.980267448183 244.22575276001044 8720.971981075189 -3518.363437865457 2562.5760934048467
469.7824156879633 5916.566471617885 547.9313737825887 301.0457783417005 330.9859934514425 -8806.09652314409 319.371228320324 -7197.617786141465 -7427.0986022656425 7388.881315783023 -3632.373088345611 -1267.5183538244291 -5044.187524271672 -461.139452715297 9130.910293772682
1829.1804112267437 4467.292493601824 1611.6849704083816 -8081.656918413256 -7013.533382167603 -6554.628393205806 -1565.7174549587035 -1037.844878837319 3207.6372287716385 -514.8025438773566 -1189.472248598151 4299.402115398558 3302.143609798057 8376.882226249068 -1321.1194191944232
1159.7862805207042 377.8719779346793 -6747.853016451199 7155.36729058046 -8036.737283956903 -1583.8190970718206 363.60444276587623 -6332.127734598145 -3918.280014351112 7073.2996621090715 -9880.543121658491 -2324.2801640639636 -2431.6894838987755 4813.864931989236 -2631.3601280876983
4263.611685579281 4427.320077737571 3504.8720703395647 5611.677452350528 -7834.00285776971 5396.262680858983 -2460.4741005157257 -4636.076978530897 -5738.525283796936 -6739.847744492345 8761.172733485044 4991.976596404593 8797.249693714803 -7315.877854566748 5372.004973943847
-2849.9254416774966 9636.909532015343 -8464.131244079319 -9251.070163161996 -964.2683551774371 9659.897909904885 4257.267563640282 -2415.864452807171 6269.44336112814 8254.205717621015 3231.58461005969 -3004.0933366949703 -5120.408168423549 7975.217744325135 -1039.872747737787
6878.390808244483 -882.7124273953996 6267.432546484941 -6724.809372595133 2750.0685456687042 -6549.910641515197 8258.76183688053 -3275.3479657504276 -1282.989144375033 2608.001550007588 -686.7029035365267 -3143.8422778364484 -3646.8848804013824 -3454.566560119667 3436.433893784415
-5308.915978747017 1910.1501886022015 -6485.898358111579 -829.8555218033507 9670.02592984894 -3941.086913321701 1835.9477100915828 -6730.589648844052 -3229.8446545453216 -5984.039548889595 -55.83668615327406 -135.23015004009721 6673.09983393798 5279.421025070607 -3986.156348084968
-9541.231460067296 9954.207462022037 -6193.456403859122 4135.602437820402 6142.644819162151 -8989.90803609088 5984.839994957361 -8679.642955417952 -338.4359699562101 -7283.418052453608 -5001.544505692365 -7035.368047180997 -5248.1867720058935 9828.10740778747 8786.449390209287
997.1860620868174 -8917.931195519317 -196.58130690692815 9285.163213069842 -6479.336714854731 6273.754468604884 -1192.8794235579207 -306.96218286564 -5888.7033757382205 -2277.032618015538 -4451.116059502138 2455.6100894169904 1461.4628644061268 -2706.510674322575 -9572.813940729198
-9450.946168731814 5179.702169020202 1155.6259611683763 -3159.836992930991 2182.4815898584075 4567.981011384085 -1895.644018331006 7040.349059865312 240.26502240836817 8250.263268938117 4664.025830016199 1875.0291296420055 -3894.719518986507 -910.2495688378622 6690.40053386736
-1029.6479220643778 3138.307777543345 4494.247498661431 560.1856577701619 -7469.851847286705 -2596.4011571620185 9581.347358079543 3184.036459039675 2236.058220869585 -6472.543005721452 -3392.9311983739963 -7223.134898140149 -4345.991982847248 -4056.620277731302 616.1819320625182
-7287.951098247178 3421.782744177228 -8043.997988040011 -863.7327284917992 -6363.056621536409 4290.690641771689 -1726.4087650550919 9720.952015305651 2156.3855912980707 -3657.2929158041534 828.6987856617034 292.5141389230703 -6962.135039750095 364.62443469361824 -8065.547912017321
-7154.911748148321 -1891.4169369367892 -3343.5828571934653 -8078.904221190788 7350.0566835904065 4306.109777402471 -6350.013292780037 6585.743882327308 7869.647943073196 2185.763814359272 -9977.47086017097 3138.1820491484686 1988.3497464906104 1018.0051002801483 8520.214321289131
4407.8006207389535 1308.2811256636996 8185.760741415761 -4718.283334987783 -4654.26734841331 1844.3879707481774 6977.461189177629 7263.906636347645 -1928.6811454908511 -488.8563385061734 -4465.897716211962 -4861.207770698476 -3037.489454012274 -9934.497922374927 3074.006981457067
-6502.167849094416 -1314.5393186632682 384.0572007322626 -1346.3737743587626 4179.611334985213 3601.408822136529 -7215.095467761137 -4255.60577163584 -6312.331408844867 -6879.695886367543 -1327.528588441828 -2531.241934170088 -2120.432321340182 6923.020603850437 -7068.847468492255
-5289.939702364055 -4532.119546431152 -6227.8843711481295 -2721.5173515542638 6169.4000669249035 -3256.9633465355237 -6315.225837570597 7025.027376655758 -3672.6443419209318 -5102.239921719008 -9774.670378357576 -4901.217525365207 7004.768572375484 -746.069377241598 -8469.62525670102
-7044.457355681649 -2901.400061708059 8888.529336156611 2216.6976164836487 6696.257952562835 -8775.461369048617 -5443.808755931341 4182.076203757148 704.6958057848369 -534.8548114010282 -5119.017653031153 8137.7612896696155 -97.21789042399723 -2913.627967673169 -7997.356376145757
-9856.440936726627 -3175.436572327577 -3966.3438304174133 -7437.613460141794 3135.246529402255 -3638.8068160185912 -5044.290037841676 5421.0956671355 -1438.7456754099476 -6235.471097608421 1513.4772340882555 3758.904708048578 -4402.516284102196 175.76808292851638 6827.860807567136
-5486.921775682001 3463.384973601631 -6465.8054427204115 -7969.025026408221 3038.9920018053 -8600.249293417974 57.01369835226433 -3904.6890927864533 -4731.722993626175 -7697.935164152614 9198.09961875339 -9431.313678383569 -7358.320039352479 -3074.087282405285 -3707.5818732403486
1 15
-8711.677447129925 427.74724358841195 2035.7846376002435 -7224.152345319195 9459.866404977267 -678.5082551250325 5056.620074101553 -2480.965954600889 -7620.9706321637395 -582.3597072158336 -6496.352065593606 -561.8500747511425 4969.406929104971 5568.4997792982285 7467.406062437509
