48 28
-4092.094686928418 9072.920264227734 7534.186108968755 -5168.065495160252 -3264.5153969015128 4142.340436141356 -1599.7567090616794 9324.95400071657 2683.4215539882025 -6033.393080545724 1137.2587690311393 -7648.202241979965 -5883.625050111703 5892.454773273112 9407.073792474013 -9284.135256136786 3635.659825286086 4264.927620631774 -7211.846088253016 5597.966742351258 4545.592019383945 9537.841615525671 -8320.407726384576 6712.954898638607 -7258.358753718383 -8700.842052627815 -4294.507554687692 -6326.083656823107
-7742.5566155472625 -7354.999843082787 8361.042017019241 4409.772889819866 -127.76222186679479 2976.6182719722638 8190.57128335111 -2921.2766162576618 -9542.974943206335 391.5952981738319 2337.989424201116 -8477.73456794179 6511.798453767507 -5708.329313488114 -8164.876274474908 569.7308269792538 6867.979896174809 -2775.394365838475 -393.34844991554564 2557.624694621263 -1123.7856880415839 -7241.143822868472 8221.899286742213 -8125.685286388356 8315.506738156873 6827.033958990971 -735.5068083692204 -9523.216824261062
9982.239169423061 -8063.52611788679 1344.8302767618588 -5021.382762681556 -8825.359588430467 -9005.211048916719 -4370.058810279964 1789.2219763421963 4602.110217086556 8039.247935669544 -379.12691003948385 9353.209029581438 -3609.072817040209 -9901.77098808981 -8178.335475801552 6350.782631721071 -6409.68826360905 489.9139668967837 -7019.874131971015 7904.242292542491 7491.264864486213 5892.7350411840725 8375.168598399549 -1503.1346544795633 5587.751980729661 8770.542173612022 5480.279710183053 6959.753910521413
-6501.291252970304 -6973.727965019383 -7692.983195741237 4566.801094700213 -4662.541237254612 -9046.135273334066 6037.598517593959 6530.385105125715 -8117.425897156467 2719.318812800915 6826.864543343807 -2711.446201545338 5994.0311987453915 7219.569900865346 8585.084453044554 5887.973565062337 -7372.38845778369 -8914.862512262156 7327.855218051773 8816.432270511807 -914.4518878448871 7143.579963285061 -1149.5984124365787 -5915.238009005599 6554.618915076557 -8224.61748897614 -5230.4185332768575 986.8064288181704
-4497.383149095291 2345.0706842100535 4557.654962741539 -6260.405956180686 -7640.868317177814 -8988.197211609056 -6244.027718858194 -1502.1556743341189 9887.129294199458 -2054.014168157687 7668.731582327629 -4156.503634537096 8801.824164725836 436.6034164223038 6006.860912062579 7965.239046159448 9405.04972475566 -9713.785305549818 -3538.3692139482155 -7364.469850856807 6699.486413498918 -8356.05514193855 9982.717450863925 1268.3133096532365 5442.161388086171 -4318.691741495537 -945.2211931678557 4806.535815812713
313.3525295630898 4013.1094164956703 -1721.6761899565208 -2622.612311510972 -3342.345149669881 7453.375633672276 1870.902598450486 5687.494486531563 -1908.6451194135143 9716.940016295848 7367.769117557487 -1282.1997189664926 4154.643696880072 -1558.2163282398378 -5979.023327208925 3678.3953071598244 -2556.515600019342 -9230.11887671874 1335.4594434018545 4799.746380791865 -911.4456505930339 8122.686109194565 -5660.4705375866615 -8436.629267664906 -5238.308815429 5536.659863205972 8777.73452339392 5421.932433343951
-847.3650256556957 8544.84707336883 -4793.310670388771 7857.839875502461 2501.805152386358 -6509.750326759382 3317.8092575912106 5686.304613319788 -6345.655996513042 1903.8470212983484 -3337.0840719940434 -9011.057956736251 -7417.018444434049 -6648.755891363556 6948.7794376289385 -9030.743438903037 -8112.425747059428 -1258.41569736784 8027.035122164631 -1102.916246118415 -7399.707898435253 7171.62318606858 2099.8932565859322 -8105.59027226728 -256.98698097540364 -3079.5848876462787 -8135.374505959272 3086.2677742769392
3214.1869444295808 7126.089105348223 6248.146097374669 8454.01238046106 6490.456225730122 5372.872178909074 9420.755231657775 -2789.8324870180913 4989.346450103636 8577.434336074733 -6536.19505822044 1068.7316487821336 -5752.17844751235 -3818.562136472934 1932.8574502429037 -7308.036280912344 -9844.457198308895 -2169.037571027361 -9725.58518404372 -3331.712368342727 318.1283890233208 8446.77882904778 -4916.745565746248 -3929.600048088373 -5678.386003712972 6330.02408383191 -5666.812804952983 6900.3300854268455
7321.708879654554 6515.6399558766425 -9553.16274766635 -4859.223826804644 -9402.92316948114 -3512.501032693087 7539.831485514562 -100.38839652516981 2282.2713076744913 -9819.328980731405 9749.11557842415 1830.9547289968614 6117.991896770607 7675.688582906427 7320.5531464466585 9137.092938019021 -8161.301440870372 8629.658928548492 -4241.057539259461 -8162.7989756836205 -6119.631243139603 2072.495665740442 -8029.367083933325 -4902.9536329702705 5209.516923615769 -6145.262141186403 -5974.891873480452 -7583.428442778039
-1557.9747087123324 699.5073871550503 -2191.208007064285 2173.5397137985783 2819.5678436920316 -5841.279881937995 1168.853360557343 5760.64003204887 -4709.895345278763 1491.5329543163007 3541.228499845949 -7586.0227072857 4431.476247418459 693.8390304584391 7969.726680583739 2303.642440545309 -7712.076588772303 -9662.754729190921 -9291.816442798669 8832.831622222053 -2270.1518055200313 8729.552497876 -9764.136826808844 229.54128250573012 -1699.9552813948976 4729.277547785145 -3400.2473211656215 5734.729256623372
-5861.0946858369025 5943.730599392844 2857.9774026746873 3087.1315422134358 3570.089203586005 2585.3968507423106 -4080.5138845077236 2294.5184605579234 8091.844092427469 8225.062560239316 -2094.784171762374 -8380.29455559727 6759.577078482493 -7702.137745554923 -5389.142694212203 9337.237932077838 1175.2970995005144 -4936.187128846894 9018.010806699942 -4982.885770367733 4354.890543770713 -5214.957662001949 3752.4609111097852 8414.62466648978 -799.8593634335775 1949.7948410318622 2810.015551137052 -8985.310366705688
-1326.120641192032 -1912.1725958637508 6733.017270092241 2837.148226440944 -8994.011347712905 9984.317469310467 1708.2542887720792 -2854.4677352577482 259.685478193338 -6840.64772988404 -9817.062322247597 3584.4691374342074 436.5237637070459 -2222.0547923981585 4144.799000105422 -7516.1642696569525 7177.900590848731 8096.3336230314235 -5411.729477346918 -7734.702292932085 -4172.2443623517265 6553.98132682902 -8578.008638572752 -459.36300899555863 -8879.586349243637 2540.406217084592 3699.932301399165 3961.2555877108152
-3076.8892566780396 -4950.965660310393 -6955.727935157299 6489.610423589482 3030.8732191201398 -3464.4150074471454 -1953.8067999148125 3389.712867808339 -4179.491558367167 -3974.585683200862 2507.908187181798 -1282.182066306048 4014.658588901033 -9206.285066566408 -1939.325029815258 -4757.631282391157 3601.2262288328566 7216.8783755234945 1777.0154685225698 2207.86940705304 -5685.248968200945 -6440.733983638807 8669.311991969058 -1856.8027634899663 -8710.796289722204 -9196.715270938494 3034.569644309846 1607.0681007947132
7225.9339848009 7714.830784994792 -4672.978112845872 4894.274726893469 -5553.699635645048 -3989.772974484653 2737.6680215069828 7427.238740300356 9510.116830698411 -3561.9619061699277 -2781.5383937724982 -5006.291127257751 3470.817024272783 -6162.545087048535 1186.1093041024324 -8105.058888416334 -1331.695814445282 -5873.216863010371 7198.574186088175 -5475.413734566157 2238.3821056816887 -9734.905057180444 4915.349730020744 2998.5768184059452 -7677.155663017079 3886.5367767073094 7891.598926829196 7325.717041750384
2676.7796669899544 6262.804861806797 5172.936952759894 -9808.966882279197 9798.415638093302 1780.1022914919304 -2967.233790834325 8110.356506769291 -5401.495515933303 5950.857347950627 -655.7702297429241 8239.695944903517 4782.831887933666 -8582.116132542644 1150.0545261432544 -2762.5967231106533 7853.381170218043 -7218.502671813585 2337.333832329463 -2657.4690162897978 -6053.567384001313 -4894.0217157892475 -1574.06006449895 -2886.6462423717867 -8385.404627648952 -2373.0480416958335 -9275.109921285957 6458.494644758121
192.84072262153313 1200.4750077914305 4522.529084760685 6513.36960415079 -6986.311265484522 -6932.951345795064 6925.570409578169 5941.600974609715 299.45671889625555 37.805978657468586 3770.2885012026654 7079.256499815332 5824.080867970817 -9511.591013995054 349.06978192104543 -5440.108517963962 9506.555258689132 -8670.320559457155 3157.5797294490894 -6215.712348495364 -3281.6829000305406 1207.6687391114338 -9922.862897312301 1046.076119297395 8794.614316436197 -9840.67865539504 6868.124949025227 4308.513400051901
-7646.486243948673 1378.02358734496 -2691.7971741117653 4073.7404690821313 4884.8776897699245 9972.774084721608 3717.701624676067 -1734.9020051669304 8019.301553794579 1286.3944469557846 -2633.268294885811 6759.469257134846 -1777.0804542603455 -452.15955732844486 6195.396705116489 3945.289956106886 -2421.4513935295545 -8561.978070038293 -747.7269508222544 -3033.15942536859 4633.106277491663 2782.550651489488 -4831.203711444497 -5571.27558307269 9424.801278809926 -8929.223417927346 6800.782639552508 1643.2480947388558
2872.9466679280285 1788.8133681478903 6827.502677383927 7536.502568549102 -3123.4202877560692 -4956.726197750365 -3642.675233739219 5763.575831215898 565.6277062891313 8793.954970048857 4491.900881347832 2072.8528764128278 9082.87138145146 6950.8224901374015 2017.4604293507637 -1225.08804663119 -9101.743502641504 4762.38702978117 3775.9473044699043 4048.184842387789 -1451.4113297709573 -4979.779374036588 -4628.2645486592555 -8214.948311547914 4513.7798998306425 9749.288148811731 5493.182355322415 2630.937311251333
2697.275761089788 -4340.696282109262 -4281.869593625595 -7098.619855007531 -7998.166052806162 -4454.563334349522 7902.590743886056 -4494.415869838322 7505.18315746111 -8221.038896773141 -2161.625228251338 158.8772117145527 676.4206291122118 -4474.336145003799 -8527.624001596727 1620.5297070118595 3925.2497888654834 4659.825874534747 5952.966670829503 -1216.1493916502604 7666.4507797837905 -6383.133734321551 1124.8340440287284 -301.05114666404006 -5319.17044375398 96.8659955125404 -3871.8971018438597 -672.490994658332
8463.059352481516 5937.884829404538 2170.6713279857486 2381.4525876858734 -3268.554803274131 -5902.517405470707 9594.645765212445 732.5977586093195 7442.119255470901 9412.833772297876 7668.26520966526 4314.712601191952 -7988.726215759936 -1340.701163447011 957.9049590480918 2807.222773995647 6954.238201472017 517.5102816865219 6518.36608637029 -2373.868060057909 7755.387009519713 8048.432838612109 9349.873778827015 -850.1609412065045 -67.78433494272394 -7579.942822980331 -6454.71712336706 1502.5521622926426
8701.925829688436 -3119.1429359479407 5789.02890578318 -7679.558754208076 5367.816767119679 7339.63463585619 5944.092864757289 6278.02729606194 149.03476172614137 -2139.106261036781 -7512.990318664457 -2328.159392331415 6291.5879120346635 -1653.866853304764 -9983.22400277589 4588.8135347878815 -650.5982055551613 -59.674747172019124 -6144.785618593376 -5121.081259093307 4217.567393785725 8919.514323745218 -8082.237839257075 -8099.085811407467 -7853.916427569913 2445.443167070145 1295.1236850830555 8657.484918082515
-1195.1139877629485 -4804.903153528279 5549.781014767503 4973.993596574306 936.0857122187899 -6578.110900971897 -9532.400713969857 5061.712225832289 3578.347684633294 -3967.411991827854 4730.598338191092 -625.6052943924897 -3894.767357286024 -9124.914139799235 -8801.059502907245 -5655.823890794 -4225.700184069614 6688.241428876863 -4000.0255762519337 -4973.862416761867 -17.205621700904885 -9765.777866511331 -1839.2019856598263 -1146.5458890152477 4335.138480644731 -5532.928650877353 -9775.650838930655 -9289.149404675267
3987.8784105797185 -5452.90192221044 4188.797428493672 9845.022086891648 -4355.983929377003 4603.630875564031 -2131.884797612249 4179.578722126815 6117.965125695899 2008.9093341059197 9431.388816256673 7173.735160470522 -1239.5135876615932 3551.7112997433305 -4760.527953010791 -9504.510982560425 1094.0694805885778 4024.8217712281494 6784.026983151129 -4757.4929073638405 -2585.7676082900925 7854.806812611481 -4467.875227258202 9825.782126704893 4163.486910068581 8476.92519199608 8864.940003375035 -1689.1104878350943
-6604.449760836946 -7335.674277625521 -3095.767607884699 7904.5266293763925 6090.220598112155 7977.702313800106 1247.3082133290318 -9935.036985671197 -3064.4076562145965 -6338.240893298504 -451.38363966369434 -9665.223049000531 -479.38067244463855 9194.576086242552 -7417.342897107577 -3775.01332351337 3810.4381921289514 1815.0688972667049 -1180.6174335048854 -2615.5038282884016 -5674.3729764121035 -5842.211006843627 2675.6309742671256 -2917.3552416274215 -1524.7284474480784 235.8897974358042 8554.528840900348 5838.8570387522395
-3477.3176701026796 1286.718336910988 -6098.80401795931 1598.4522386252283 3306.6502124094113 7901.919857759913 -9741.462226866759 7649.14495201299 2916.6733235460997 -6799.183361587886 8628.348436806547 2901.134150404323 -1145.5357793361618 2221.5985285303595 7225.745520387354 6633.067046107237 -75.36576681122824 -9507.109352641866 -3346.866885409401 7773.553297539565 -4162.851616795373 5689.20443550265 -8158.973643270897 -6513.8931065179895 4186.412929571317 2828.6382455923704 -1326.8331822184246 6203.977607819268
-2126.3347228345683 -7153.214394905003 -8024.420827695025 -1004.7112379181362 -7702.290927989999 5955.862438118222 -3234.167292307473 -8979.240165354455 8353.082820396812 -4985.257568513901 -119.73915971383394 -4136.743301451757 1845.3924674843565 -4880.168328218899 -2555.673236019571 9696.711017188849 3217.099426107383 3551.667502155995 2129.314003418509 4693.617559681519 -1024.4438144357537 -7060.281772032668 -3567.2508508296933 -6101.145725489929 3725.910526540838 6381.182797643534 -6347.809660534622 -5757.349174786983
-301.4761262575248 9153.123687302821 -4351.946563733575 -857.4454772816716 -9938.190359553282 8787.14421124632 2342.58161928729 -1208.194156890022 5349.873033585649 -4769.477648030802 650.0020330263451 948.4507506442569 7989.860901508422 2000.9685971417457 4922.8488790406645 -6652.960917285922 9784.723208029889 1761.542779694746 -2770.725745691576 2911.1228130759155 5543.10049730104 -5731.634164110844 -1343.3368232958983 3548.192090760449 -4505.210040148131 -686.443951360634 1640.9057333782057 -2151.7709369440126
-9351.441777944776 -8872.42349253105 -915.0848368171955 3345.9140432220374 3653.6252227871737 -6301.188007951481 1362.9158753063493 -1931.6974711861494 -9579.167774444806 -3782.7878872172296 7919.6329277046025 6194.510018886112 5955.925959908445 -8068.372779641775 -8953.024673258928 152.68836061615548 8980.23002781054 5668.834127203976 2347.4052585056797 -6505.30680975991 9802.634329590746 6716.5667033487625 3494.149425598178 -7049.446597070828 -2186.8096879195527 5159.8767279855365 -6902.200162514178 -2038.1371137183924
948.6309795215384 -1800.9024290293873 -8273.154878519626 1368.1655109739313 6728.942379451855 291.68967234345655 8144.249267234187 7066.576705153668 1935.477330941163 -2203.087988033183 5608.103223881273 4397.705289272044 6987.568425642185 5611.412073257034 195.1120798642205 -9019.510399931843 -2933.150354233354 2406.108790763812 422.7326945068362 1453.7101635788895 8826.78201815223 -9561.932987352497 917.6713456431498 8972.77919506318 -8519.051748012922 -3647.707117233321 86.04614257910362 -7354.669185960643
8826.466030700198 -5951.733106629676 7893.586041572846 4595.292298378194 7366.368192610658 3753.435104115266 -6220.263617495219 8391.433218891132 -4197.618582191469 -9050.494692755852 9127.63701431089 -5996.456719359385 2283.510172100423 2372.837637290737 5889.265440913403 1440.0796491494802 -2695.1584846789165 5045.0146932772695 -5105.628319694284 -4665.559647113302 -9.56081528984032 -9011.437226999573 2254.3679648179113 220.828544830154 -7225.223126544664 -1507.1562726419943 7110.818806043142 9120.145290902103
1829.7886755710151 -1521.5188142577917 3802.457109718971 -435.9396897934057 4628.0177993856905 9297.541234378412 -478.11497902446354 5069.593706202713 -1965.4619488670778 9475.052764058852 -9926.140697145327 8529.04926043795 -4281.781556078999 6689.4456034906725 -3623.411727206092 -5640.970519711425 1083.0336237253832 6032.681995870196 -6878.912884003627 3429.87269209624 -9090.250929098542 -2324.863592635913 7470.121566114842 8167.815550335454 6395.275189649248 -9735.912767698133 6736.612726745909 -2220.3448808693047
9378.882412381936 4506.452576202095 4446.924639765033 6111.866640487866 4645.548404552888 -7693.216669342797 7695.897159695469 645.0182830793528 6275.650893734686 408.7149738174703 5409.142666315856 1249.3524420742033 341.562954480376 -1189.8833264133864 -4086.776441643209 -6034.3636255161055 3990.188568952217 3066.2888999611587 -7606.337027128922 -6286.569563752109 2211.1262285162466 4864.193288026005 -2752.533393731118 -9453.989905187897 -6551.226560043242 -6986.611391216937 9383.62237886063 -6232.056749620981
1521.225804118767 -4173.921819013571 6420.617616822416 1869.3701476535934 -6457.56702808302 9783.960759843063 -2986.2637837050806 -7005.687214652851 1445.5748676538497 8092.737646424463 -1792.2994983003555 5788.759651847364 -713.3397503109409 -3327.4628346551817 5829.804343522466 1595.2232367503457 -1053.2482950976155 4826.6581843343665 -4469.879638306355 4373.023244098009 -4665.640243933307 -9040.51683674668 -360.0272557217013 4429.569540166751 9771.874161081523 -6544.582035044468 2520.886711097779 -2059.7852491515314
5651.48664548514 -9752.97176073651 9712.295266904068 -7170.980173911981 -6916.577241020552 3308.5168830237108 -2560.528648072258 -2961.9483307393257 8235.836194007265 1640.0496281017167 -1696.9582903698447 -2584.608538431561 -2205.3633961993155 8050.279324841224 9306.351200768178 8014.10018846087 -7316.051485654553 4295.79848259149 -4768.546619459786 -7987.830709631518 6530.456406769703 558.5325007522897 -5068.683517746291 -1585.1158762056275 -583.463183849919 -3504.901153050544 -4841.624305663852 7640.479865745321
8396.024205080907 4381.560032962911 -1825.413137536476 -7249.275270071152 -1946.3940959951897 -346.02535041470946 -4825.40982683094 1689.8669845351797 -5762.665356947461 -9273.752016810839 -6728.753428188632 -4065.562549036299 -4642.148474208571 6953.3570829947785 -1516.1806467167335 8019.815637481457 7290.344784080418 8039.579768092703 4246.3053006756745 -8497.925291568363 -1488.9791491952037 576.4983945585409 2301.7809454142207 -9112.589210446296 -2657.3810099967595 -7334.498890430494 724.2868102142984 5529.864001697722
-8858.67968250968 -2565.841939023694 -4928.230065923416 7207.94952572665 -9022.823124010409 4058.2969165502345 -8152.9080353071295 2141.826984634634 9343.887122768727 4736.540324854599 -7051.441920453989 6064.737241245901 3247.2930701092755 -9114.957095438245 1918.5957555187397 -6658.11119648291 -1603.7529992433901 -262.8573203357937 -8040.2381677887315 -5413.418641179013 1840.6114519938546 5182.268683776441 4917.557075318002 -753.2524340561522 -8898.280999274335 -9350.403690714827 6756.564745359017 5616.395181242626
9085.780402198292 9463.051580812353 4896.288244916164 6973.624178795188 -2307.42808419999 -6777.412149600091 -8501.899528243299 -8023.3717554512405 -1873.1556182478125 -277.7045370821306 3189.354023008411 3967.2754339216717 -9382.636416040536 -1670.2312479822922 -5228.693688994199 1230.5055175005236 8017.301862333974 6612.269700484518 -5885.560069333 3006.306426132456 -8013.716900495149 -4144.710614896343 -8567.858228996465 7822.928982884929 -8020.632133227273 -9240.557829638652 46.33669201355406 -3290.0382504643158
2107.100654730686 -9927.492236035274 2976.7183914249035 -6863.087186322343 -3116.639228018729 5711.965900029763 -3886.9775091251495 -2045.563386273794 5014.643321150394 1987.0330196699979 2025.9912478174756 -8071.094644940209 -3009.605762225391 -9984.903000822154 3885.7995591578383 5616.938065533166 4800.170662131743 -2580.991179832453 -5771.049947956857 8036.258339396682 -5339.534470580145 172.4691520237866 -8005.9463445101155 7026.377873473379 1222.6496032233827 -6020.491452624754 4238.912736876244 -7046.203101532705
-7588.337729180219 7547.233298729498 336.9285592743945 -3537.6779439301663 7356.773221056857 -8505.608950407506 5219.550767174542 -8221.55666926538 8374.86344518336 1038.2445162194872 5298.681266221012 -8435.831885730011 1177.8648013129696 -7075.332993404524 9500.645007719886 -1232.2650708862457 1887.0511430107854 9353.839049969909 6014.497886400852 -5591.449552790646 -8233.008324316033 4207.00316273381 -5092.284149328319 5218.629471624254 9433.763186509543 1727.0310685581935 -4931.77165344516 -2949.8150094658213
4059.478091572646 -5249.054963965469 -3639.7948667783985 -6012.635622175376 2414.566298388747 -2309.0552321033456 6660.958159009868 -7586.766761297011 8081.5924299277285 -4704.43641527949 -7342.52582691314 8555.025273003783 6914.210868374281 -8023.032679909658 -7254.305743088526 -9315.153984332755 5395.988674547474 8518.102461825398 6968.427338178346 3841.74974431189 -4700.254160593276 -6452.577290295038 -3297.8499157968217 2675.4514439118648 2797.136886081731 -2920.24911349616 433.0532532061188 3986.2927982488873
7082.586227816446 -422.7568911589078 4078.8037653479514 -7835.37385405745 -7929.328540757586 -70.80525617710191 4215.269236852102 -3422.5214842965142 -2950.5298552062013 -9465.38484218203 -5381.611582282231 8969.310219009738 -5454.744608050503 -3088.7015508818986 -4065.3141163400196 -7391.394257433121 -5488.811255609192 -8224.917742036943 1689.700403668745 -6477.988635002463 6240.734917438078 -5983.6666647606835 -4746.800083169609 -3112.5052226199723 -3414.519165078773 -6675.7378809434795 7178.261945283943 165.98691964041973
4031.5966900507246 -3562.2590099695353 9376.807064312547 9003.54130504865 -1632.8576723231363 -7765.000673315199 6271.16324462275 9881.147121767852 -7842.94560414607 688.7740569377656 1147.8680454421428 -6562.000078094869 -6582.153392679226 4064.3286729427964 -2335.4444010653697 -2125.0267210534157 -3500.629752139923 -6430.378141376817 -7628.968093699784 8663.733253571823 -7049.97443535901 -9602.506088695307 344.12631113367024 6746.002488256494 9269.259762751768 3965.3826749986347 -9215.699895201155 -8820.981304712328
7365.513488656001 -1304.777335986948 -5105.449867540524 5241.981089851975 956.7879203175125 -5699.546045505781 7286.5303168199425 -9223.014092188207 -2501.528394983572 -1116.3883750011246 -6319.850422655127 -8399.901500770808 572.4404425638731 -225.0614329634809 8446.775337360668 706.240167405118 6210.37427894179 150.9564838809565 -8283.174827577624 5500.960891075032 2799.8205372316315 1764.2693099799617 -6129.04668423518 -3285.4004287923026 -3588.820849745788 3361.548809406231 6714.920223312263 -8006.056840373523
-2371.8971570183194 -259.3585538470252 -9607.126111507507 151.14734079046684 4038.798703681221 9527.867749330464 -2764.4055851659014 6565.4093526425095 6716.142276955587 -8276.938893121425 -3192.8882847805553 -9582.554903598664 -7410.375766208597 2976.1162059682665 4467.758622013691 2337.745747815168 -4742.446410008881 6132.297709373059 -3404.4054385144036 -8359.227228998223 -4604.148162814412 -5170.438937583335 -6947.821388769482 354.23880680240654 -6775.3057270638965 7157.895548329652 5156.140714617579 -6442.96921972523
-7302.755919205406 5002.046404164017 2779.913448724139 6862.958885646589 6479.4558381929455 -8834.150259741402 -8815.957750500269 -895.5365929619784 -2189.443447728192 -1242.3636554131317 8719.779684652949 2616.1719375085577 1037.883099034636 2256.911125369965 5572.163669009362 8300.426571738742 -325.16328036826053 -97.35395470199546 6404.248675088467 6485.069064558549 1698.7618656309132 -7203.564298449743 6.985664939044 -7112.598656916989 5087.614659769271 6184.922992134738 9232.746856478549 -9222.319918903599
2670.986690795944 -1087.327039116577 -8535.640130092874 7663.4906604581665 -2558.131350779804 -1790.9120687786035 4831.889426334086 -2275.7645459796813 -3774.529056289286 -2410.4158533100617 -78.61315039390502 8445.174283705808 2773.909083555929 9641.887882844101 -2530.2800385770215 1650.4760210392851 7679.894189266513 5778.279750870386 -7924.723390215238 -7762.044264738286 -107.38238332133733 6522.973386042027 -6862.486456138437 -9917.638285796309 -5980.927357318204 -5521.996157368921 3445.783914471647 -9843.033281269925
-9317.602877428379 -9780.041300531413 9928.180232120481 5065.697959723748 -6240.454259179948 -1418.1814461028225 3797.3558252214098 8314.220359047144 -7487.000882394767 -1413.8509628750653 1711.990497137518 -1531.9987690038015 5768.9696281882225 -5667.086080922776 3034.645792016765 -3369.2794037911144 -8186.782304148035 7655.0799952853195 9192.481999149437 2255.215936511144 -7606.74458354984 -3248.0167622702475 -4809.117934509657 -9774.214292946624 -6796.529391151451 -7285.083710271967 6784.274350337961 -5191.209013640297
5628.028613956079 9360.757757556094 -3990.0736743993684 -2097.0923751005175 8348.350766621992 -6232.342932780717 8997.474157220462 -7067.209898642153 -5606.335208082125 -1004.4222468826283 4124.068248397873 -1908.5254137850961 5110.216981444106 402.6016172222153 -1953.2775616647614 8752.342603702811 -5193.353132504204 -7710.53246381018 9377.013101821183 8420.396608288862 5515.810151396345 6487.356018680432 -1127.068800028017 1196.9598954977264 5858.775185839804 3210.8932725131563 7274.6086150041265 -1356.7349254151795
1 28
-3192.6683748460064 -5627.132377835682 -130.89874968128606 5857.765824314225 2922.2736799049762 724.8499248756962 -2499.636814565709 1679.1184238675032 9050.807448749441 4125.437938886767 6261.635634740094 -1778.8197452164313 868.2988093558779 -2178.44713286341 8090.84806826296 7488.583733875908 2697.550185019296 2234.7100226807597 9551.738438319713 -8577.81528489397 -3412.1066460841967 -4799.0806336714995 -5049.297605956184 3842.107880442467 3186.7028662497505 334.1261032393286 -8601.086811019279 5709.071103108241
