30 33
-4645.15997644857 266.65384895756324 2041.3372228183653 -5100.369624160714 -1635.6818038977344 -9431.521815095424 7119.240583927221 4679.165367373313 -1210.868767596423 3903.3102702628566 -2541.3220891988367 816.609268852555 6696.66369130716 690.0885790117227 -13.630386031507442 -9911.612085197676 3519.9409392278176 -5351.458373997269 -5958.803567639432 -1937.1449465638398 -1240.135015680873 1152.759870913429 9371.98576258359 -2057.0378687512903 -113.16142188655613 -3350.208078714769 1393.400258761816 2430.765015178278 -6730.222199516471 -5180.922935147727 1616.1122150305855 7935.863686733803 6047.286576046794
-9165.512254687203 5018.035554456568 -8008.129022782977 7957.524693109139 7411.390128553616 -3010.296765817333 6301.149244011007 3091.470688923586 757.6632152985112 7837.319641960348 7409.294532768916 -7269.8561026196385 -3298.2990666733185 -4696.123838674149 8481.181177040766 3307.452844136622 9138.49180023012 -7855.252157135659 -2157.857224833848 8326.581043067352 933.9397777337072 -3387.853087248407 -4415.056775398125 -1348.0215663464533 -336.6143084920841 -1225.249280061258 -778.4014700710431 -266.57136733213156 -3610.5037274337337 -4994.354507141567 7552.576645001474 -7406.1524020993975 -5559.757168623656
-6929.264222783193 -8181.371852957984 232.09845564572242 -2909.6593914455098 -2662.03640971177 -4351.71920424656 6234.665959337879 3939.821218452058 4872.413146733132 -5008.019342145698 -3468.2500365139203 -6012.2090623056665 -2841.2296950205955 -8295.729749426475 2347.204702431636 4250.751052667381 -2251.9974332417614 -4440.425276471502 -2949.4229265295016 -4310.572984048257 8576.454766239833 -8222.309819479005 -8282.375650811646 -3711.211028442489 6557.93518325613 8686.398382087278 -7655.674172542651 3610.474749463916 6073.293127462364 1268.3490556195957 8992.043310377696 -9305.947884088286 2841.6702531392148
-7294.550562118729 -9532.076354671259 4138.256921705848 -3195.9462451652707 -7213.255361561876 -4794.794520903231 2297.5633266251916 2106.988863917457 -2837.151275109406 6492.084704610814 505.9860502959855 5667.4027101899355 1463.8824690983056 4094.8168598507 -6657.84588077998 -9437.938483117168 8198.624828089716 -3638.01257288922 3170.3647217053385 3513.35400714362 -3668.626517692659 -2573.2624303157572 -1872.714165336729 6578.702314606406 7291.186441073358 -8012.5992348408 -7280.807610642899 6256.5112965065655 -9916.062183873291 -3017.6373424164212 -7105.60636362558 -3006.8365614308323 3353.177309358158
-7761.358614109861 4601.122722719365 6185.098856204055 -2233.9002102856202 -3181.0952078461096 -6015.753228501488 3542.709197995424 2369.699752361339 846.253617844679 -5311.313500908532 3357.003489287241 4505.575309782786 9716.654365906466 -5237.471308327277 -380.7994326806711 5975.933860682631 -6525.308995628365 5833.9675853230965 -9369.242633341477 -9865.606781531302 6207.618193782246 -3292.922664922813 4470.521869821336 7701.551601648702 5214.849988566668 -2718.475670167877 2175.779847503094 5729.537232261486 -2697.228452134812 -4094.5165317479023 -9196.722520457357 -6431.291378359798 -9737.484322734255
7745.299509875127 -7366.546237526217 1708.7522313607278 710.0078347396811 -76.17430449781205 -1213.31620110732 -8225.720043182933 4059.2426024698125 6264.7358289459735 -6837.9050972832365 9778.527255268109 -3110.6654973195227 8665.870121414187 -9787.887035846197 2457.2340350468785 3622.570575517988 9557.16107929817 -9922.044984247192 2134.3954066356873 -5641.648304335289 -5265.431791647148 -1627.435049958929 -2482.340444531277 -2116.6079195052625 -9387.873470161021 -4287.3305653951375 -2999.620047100102 -4774.438079874883 -1812.4667975409102 6866.405413311539 2192.5708365694154 -1372.1434993548628 -684.8263553693305
-6961.844382543752 -9846.277636283212 -4038.0573616516995 6115.751099215469 7020.532360438236 8666.14011430557 851.6175913395291 -2624.3546550338315 2791.3961517771168 -6351.6549910863 -9476.15928152802 8010.6134646531755 8724.640586994661 -9008.327955031818 -4220.61444438036 -7777.3396216591045 166.7350149616268 -4968.182262477383 -5662.230236797556 -9241.17224127466 6281.664172631976 -7109.479335616001 3494.462435947862 7242.090414316721 -4444.438129632505 -7384.25085657114 -2030.4115503226903 -5125.051871980437 3432.510071328783 -4337.890263671873 4804.496600107055 -7322.137227585424 3020.60183424804
-8791.497678023983 -3428.5631774820713 3484.4409511860013 -9184.15751754448 -1474.0693420319476 8669.5378721546 2264.61675742875 -3030.5297129693563 -2222.0990865134672 4878.08949082505 -8478.229405751928 3837.1078668064038 9517.067493748935 8716.585684295947 -8375.944532919151 -7482.499410244863 153.44530165808646 2952.106802996943 -4684.721033984613 6490.28239415948 -7792.630055851883 -6361.519805894116 442.39054547619526 4139.727919718154 7105.5977513839425 6454.090023608333 -9394.00215794407 -2318.1363773683715 3980.0299517040567 -4324.069725288134 242.9465083021023 -1106.1647493887976 6856.638569374089
-6837.678468303725 -6923.044976938005 -657.4491716519515 5939.14051982323 -66.78058413684448 3371.729309747878 5922.370983402196 -6411.908738307322 -7376.649937665025 1066.0992552164626 5303.842065404071 -5248.192653177506 -8253.925285457524 6795.666936087884 446.59597230213694 -7292.05256819724 7910.583001051662 3630.8631110312945 8937.59850848786 2247.3929878174076 -3752.0376500937336 -6370.993963939518 -2769.092031484075 -8198.292106024952 1438.9200688200217 8485.43115915051 990.5654911876918 -2507.9251187616537 -4753.756442507004 -1787.5036342107978 -9644.881684947137 6167.5439104119705 -4890.7503917115355
-1986.8265038311802 -4967.111742600063 -5839.474061435597 8191.912642764466 3836.247796453332 -6712.2774652523 -4062.2536415570257 -3872.5685901256556 -8208.741638881722 -2898.401012021599 -461.1267137985269 2015.9946224252417 -3303.7659638628547 -9281.800383832573 -3512.276035414401 6477.532945884657 -9009.925327794013 618.5794044442773 -9668.757121826 -1137.8859246541542 1072.7749985408573 -1832.2870553970079 -8797.805589673926 9570.233033990542 -9015.680429621092 9413.988507440714 3730.1838784802585 9871.50396630327 -7732.803753822562 9341.61916564628 -8153.906957906609 -51.64540893755657 -9115.520205008208
5743.604719080986 3386.968198002689 4747.082482308428 -9375.20476409745 2543.332776469015 6330.365959963801 -2986.553406057091 -4616.293083273086 -4815.757513987016 -6066.712035363493 4523.616795844257 3204.2359862492503 -2145.6266365350493 -7620.16401503655 66.11051204226351 8491.348163871557 324.55557331896125 -7396.383738241646 -3119.3036517887604 509.7916785998823 -9587.155557913267 2797.0764078295997 1825.8613233694487 8714.65665959832 5833.661133363919 -1984.8209253465002 9843.1551305951 -3411.0645121496773 -5742.544524652447 3865.4580007650075 4501.778944186804 -4651.860723673373 -2257.1290365949244
25.566101578906455 9301.961866202331 21.584136469675286 -6843.157931755186 -9608.812730661346 2394.178477406236 7003.670155180647 -2009.5052842205605 -1809.869435580942 -2718.6836708596966 -8179.581693531514 1526.1076985075888 -220.6037864630798 -8697.51725483119 -868.6688369050044 -4219.0943407761415 5182.734237568689 -1879.4193188007857 -774.2991564327858 -1481.5557935258057 -2537.2648221655063 4758.7039243530235 -5631.246383888144 -2312.2859276799736 3968.226112610935 6674.493157725781 -2003.945702074323 6416.477275996389 8179.295825849054 -6974.1809460819 477.09059751408495 -8790.493739665351 -4140.89706294632
2393.6388990418945 -1369.6172224399725 670.1118724792686 6483.272469518168 4949.695397002644 7932.082621011101 6794.816286460868 -697.0768106295291 8704.172233138743 2788.5958669764423 -6615.85057706509 -4967.270523295974 8081.532654929077 3608.4471171579316 9384.587446673893 4567.441573683291 -4073.9023960330333 1332.2026983733995 1432.724204574757 -9170.253110764364 -840.8935744150676 -5680.0623910647555 6413.145334518631 2860.990968102933 -521.6348816200498 2507.7886612101047 -4307.480401892319 7851.15589924208 -7572.631092523608 -5374.419675687814 -6378.833664394184 -1307.955187590267 2055.9546353707665
-6422.871761741038 9596.218841532595 860.1680376384975 -7888.254901357996 -1020.964618867556 -9962.295884713545 -3557.1606710979213 6331.600291478659 6715.924213503007 8622.103025912416 -2980.509348682598 3235.715727170622 -7669.697667612005 -5376.055689018864 -6130.677676508705 1092.2367789173422 -5785.395077370641 -5109.57077670694 -7105.7672158868645 -2206.3609561890526 -3545.9220840333574 -6941.831988280201 -3343.7459053401853 9000.487886202052 4551.756528543947 -3018.4510808356827 699.4944192896546 7021.061860601541 4890.897514397642 -3238.935023525287 -2471.456271919059 -9164.633006011733 -6522.90095016592
1628.2256257618228 -6008.349367335897 -2652.1774266392613 -886.1458672891513 2201.2025388638867 -9589.926119970094 2728.2027954450296 -6722.559033907792 109.67029338406974 2105.84319402489 8858.193582975247 -3850.5509954215686 -2367.9731946964066 3573.9779241024535 9356.719544783173 -3732.1511109636594 -2076.4309021544823 7782.706342403708 -9105.841007016405 8363.350058639317 -4452.984746718583 -9517.145489356637 -4048.93792452206 1761.8001569552107 2710.645158281388 5852.612450731012 2224.082625933883 -7963.89608425224 313.81906595152213 1665.309572084314 -9476.832103094168 -947.9481696270395 7531.061577346951
251.66091268811397 2813.450568296681 3732.2846891694826 9626.720300522851 1727.798636258387 -4094.2039228671565 -3753.8273053531766 -5427.988380845241 -8432.263669554719 -4237.769992857298 5240.775092407712 8697.094072140495 1520.0708224341834 8674.082617318498 -7286.502944852711 4030.131706458049 5669.787726513216 2227.6157305521574 -3035.2383177772335 -6091.868122124686 -2297.4190044851575 7769.848665821904 5402.928199649803 5300.796878464016 9808.117790238564 7860.058513862055 -7277.092950822393 -1364.5571203064792 5511.714718977986 -2489.902098899397 9757.040800281899 837.3366835226243 -1923.5710676642666
-2894.8509848705344 -7486.561699456262 4761.4795455710155 9414.085249352665 -8654.777518616664 -3292.323071560232 -6618.05835922082 869.1342306510778 -500.85805990625704 -5306.045895331644 -2001.7276251441408 -1377.7172085209659 1671.900737415779 6893.070133418667 -7981.2371941659485 975.620783692726 -1690.5433316421386 8720.099251255688 834.0877477104932 2635.646857362475 -6498.126561811848 4280.3554425519 -5685.208670386166 2431.198859937498 7858.510900273966 -5278.409308702514 -3189.9239219182873 -197.02971072166292 6233.409895406821 4195.91350051568 4811.953949964234 9320.691423506709 106.15412341712363
-6378.890220553127 8719.83465766249 -7789.183040447711 -7418.140579681296 -5580.7010435962875 1837.6236103074043 -8269.047495536763 3589.6805769602906 -1670.3543051208617 -5381.750561805405 5267.866555024244 -3641.768988760583 5858.617570591949 -4835.249573709528 -5555.5796160278 -9582.750040561103 2517.3821074199586 -2779.3780176091977 -8379.639782447135 -9755.905877273177 -4626.895337208259 -6547.445468999877 -8606.145625606165 6759.399850173937 -3089.2347155673524 -3890.934728666968 5366.145858125918 1963.5095833053874 -4065.3773079074344 -981.5976513000278 -8563.000560253582 -3499.1840713401534 3434.7643606115234
-5384.957185865957 8650.046019145753 -7272.110048080607 2864.228016386709 -8914.954690789553 -1703.588840305225 1166.9812209025404 7566.542179389773 3281.3791352307526 3995.969274285171 -7305.061823055388 -6062.45039963784 4977.822681586678 7908.251640404291 588.7939228760079 -8056.144951567377 4085.5113391739396 -9071.307546959397 4787.09009102048 -8837.412662680576 2175.503442555353 5919.881191234628 -7552.043790557784 -2129.5302776516564 -7413.303900292358 8957.571846845716 -3931.34365196454 2677.9913208946837 -4091.169812751332 3322.1792268063637 8621.149637181818 -7843.628316199207 3688.2702938415205
-2681.0951218489154 9626.457757087388 -1095.30047144948 2735.232826835214 -9860.102435948214 3482.7991764216113 1515.3890968615997 3482.9358555544295 988.7594600604807 4241.539863458482 -7577.19335180805 5043.771076167248 6125.971249087237 -9031.406442423815 -1347.8876138388168 2318.8092609208106 -5520.916360965427 2650.436980823337 8022.3226427919 -2036.4890741446425 97.59887808596432 -2142.0611978083734 -5790.3677871979435 -3510.6421274305785 -6093.818159658466 -2002.0062055687558 6122.377223141615 4830.59084227976 4831.316466811633 -7811.643061058918 4784.052985348781 -707.2441176736502 -6111.58600319711
-9889.767943322591 649.1423620914975 -1844.77120988991 -1317.1983277335512 -3941.3743974963554 -1433.7023570266847 3375.998546815328 5059.52556000293 9911.363325004724 4294.107435302281 -9091.50582673509 3064.7087453302865 5885.727103610043 -4481.713941204491 9932.372172685315 -1450.2600521850345 -1461.4145384799303 3782.384607433658 7131.468013553749 8696.362877607804 5433.2767830666635 -5892.801291622045 8606.908914338157 -7327.596845325399 5877.345933888326 -248.06883209388616 -3543.8373046241804 -7133.564443483268 -8326.646605529211 8727.957338917211 7910.048135195859 3062.09059065192 3669.925677305806
2316.261707585443 -1256.5823958238761 -6476.791628610128 -9730.443155746816 -772.3621842615466 4038.3224372273908 -1488.7281661005673 7850.172763603401 -2752.0616021017368 6290.927977808249 -8267.076529488562 -570.6582461633388 -7760.055321579235 6186.51072902781 4997.8239355758105 -1462.3530572378222 -3566.056798182478 9170.930420502627 -2908.5867990369406 -72.35713780179321 -5723.874386171019 -3485.841789828901 4803.507818290014 -2338.9394938921496 -8001.446540787489 1028.3379810146107 -2992.368667687215 -4438.301158848701 5428.280342282478 -3078.828756584475 -4410.801499721415 -4212.490804323821 5287.38485134417
9637.711379287393 -5904.145411386444 -7979.780295498204 4194.764892745592 3808.4007216627215 2236.3410274360704 1542.4869021505765 5450.926014828186 4668.063036899734 -2910.9507670256125 -5975.882323713288 6872.579267168523 -2357.420443022571 1464.2669319995584 -9703.062381818461 -6688.654395750355 3545.639178123676 -5687.951088120802 9090.360011946657 3364.2513432399137 -2377.350397514002 7908.356159632331 -2688.4668958872026 533.4300989653857 -4624.115187453243 -1748.38802815075 3661.6707299215286 -7651.166475799682 2012.8045260992385 -2504.330877153311 2524.7413483309574 -2105.5500208594103 -2213.4093944351307
-4001.762511654252 -5088.9480726405955 -3153.511751591809 2588.030632098351 -404.40684396141296 -5259.463440307554 -8943.875219246824 -5970.913003607093 -7633.140915000072 -143.76975455400316 -6157.0448023262015 -4489.5472536762645 3836.129330434722 4790.243109844416 -2808.8515912549065 253.80756243639735 -8867.600384392495 -7709.320598902383 9774.095695059 2423.48943932186 9139.81088793297 -977.1902016727327 -4250.4448784166125 -5809.512398139578 9592.978647236021 -5862.7211347289185 4461.680534716415 -3875.017352965624 4407.908913269006 6577.894470894782 328.27352137662274 9473.96842041265 3950.039324864443
-349.5045931702607 8459.875032168002 5907.662886056009 -7201.7394186391575 -5703.101413899798 -9992.088073382794 7219.895292463727 -4939.241893438597 -1925.8973895603385 8125.204515739246 -3559.472870055667 9810.654611829785 -4131.1086069338735 -5969.75786531283 5997.802248006412 -5924.721209055373 1136.0632349893458 -1873.7501331606636 -492.77423111901226 6404.240889332315 -7244.995002610996 4598.39623184314 1239.698242550554 6440.459151294428 -6133.221853931525 -9296.97554059813 -1586.7762209606371 7592.399601938399 -473.78019301902896 -9109.767186037945 -9761.28414401517 -1417.8078957202342 -4939.272143270415
-9905.073447111978 -9884.502452194594 4962.082426302528 6383.4932848647095 4878.463760731276 -5151.400528865673 -5939.506233467249 -7536.535587359969 -8758.973489395261 6986.454521234464 -3037.610761125302 4059.883588692419 1073.2147699667075 -4993.844737400437 -6407.7911571117975 -572.3929421982994 8660.148002842423 1909.324841194075 -35.52525949875235 3014.2686357199455 9963.905604685278 -2654.003926201074 3442.857098342518 -4216.608936163553 -7952.824652655437 9972.364567198834 -8085.5089767332865 204.1392481835228 7494.295826228139 4689.472312251119 3375.071534774457 9987.526446646825 2293.3514297129495
6288.600081548373 5038.353888692176 5807.126118928494 483.3246200363119 -4432.529073500519 -9533.234293027408 6346.316762796818 -2555.129540640184 -8130.170940765462 -4043.085159536099 -3562.9982091554966 -5071.034987049184 -2669.0005620300617 5647.04786089526 9300.399040455828 -6672.735496312796 7445.761375505936 6399.601943293077 -7095.601821794553 -5395.491526909886 -6135.648031732168 -9020.857784143202 -4472.044804807451 -8982.852394493255 -9750.798234518843 2545.8632606950687 -642.9237428146225 -3463.109514276208 385.13616583819385 -9399.366252626924 -5633.4663458727155 1760.9456659807493 1865.1312597542728
-3802.516469217163 1543.9243256983136 432.3255978258494 -3527.8455566279154 9718.046391449087 273.05399047884566 8842.968198194169 9872.077075208072 8620.833624277158 7970.192045767097 -2483.5730176704355 1368.5476163162493 9066.796552346557 3320.4591262767663 256.4374233424023 5570.642786361124 7736.154434289692 -3871.758462294497 -4343.3682748318515 3401.8342093805823 4054.9367588772184 -9426.376320726808 8473.292588096625 -9146.526905001341 -8001.678609744556 -762.2312159861249 -8013.486494203413 -3674.6729491864708 760.2596793014982 -4201.437258674418 -6686.076209768553 -8113.017992204359 -5273.877123220472
9086.621614965163 -6112.778679310369 -1858.591396232523 9710.979665974715 4285.841203469243 8200.829648570194 -9554.8699251142 -8329.222344056005 5813.183829807533 -723.8747174831624 4810.924716101386 8122.842720286797 5602.042723461753 7647.625018641953 -5115.603028944073 8282.556501624811 -7603.518766634125 8913.205944872254 6855.9792906462135 -397.87725810591473 -3515.5439560215164 -1208.2838922408773 6821.43405917826 -5305.725423259988 6518.836336940691 2110.4658383945953 -9996.72575133531 7918.418786005492 -1476.4828447905384 -7863.833497891004 -6326.117946704652 3836.8639781299917 -9245.277465109346
-5500.466697493966 5879.146356494406 7248.027169711124 5829.323619662648 7100.510028725486 9119.934714021707 4493.3193814960505 1673.243648833255 -2502.1370276056514 3952.332680460295 -1594.4868515078233 305.47930105252453 -7384.241922684516 -2313.203792855409 -1195.1871092235724 -2025.5665326180724 6973.184701698672 -4577.2570962212185 8681.249299742834 8511.711367249402 3047.623349815518 9804.693337087927 1058.7316033015013 -7301.232041926162 -2427.9552582430997 5693.415070066672 101.56849538499591 49.84241751109039 -4263.237280623728 6765.671668781219 4379.518956758142 -3851.7185408048445 8944.069416341114
1 33
6737.648616649738 -454.6844342790646 1740.87058561103 3727.7344873322254 695.2102789076234 3101.7237496178914 6062.304646850831 7960.718702871003 -7450.427811593172 7040.756795572721 -5892.1085661846155 -4548.775532229239 -5065.777310612498 -1957.6815709678222 -2329.3479016242773 4944.070839257685 1338.5169364855046 -1382.902411763369 4119.645308481002 -8589.506029993654 4955.5453019202505 -44.560641550284345 -8193.370565153546 -9270.069035582725 7853.290781090767 -3234.2935064984376 -7684.511421524563 -3716.636189598703 -5717.487437518571 5234.999272682613 3110.005694056974 784.9869844179011 2645.5596101184638
