75 8
-4506.415513795432 -8908.385809432712 6028.023268225104 -5765.66052520332 -9923.097994555497 -5217.33452888679 -6560.843130589266 -871.5641890104434
4213.905750011803 -9847.392512253946 7775.334825277736 3637.3956485724266 2551.879908519477 -3901.874623112313 5704.682635921237 -5051.833801674692
3423.6863414926847 -3708.707712866666 6554.297043948602 -7869.975482768752 -5106.6704717892035 -817.416231342846 5922.547103536095 7005.970521593656
3767.646158208441 -6895.421181789501 -6234.96705173934 2682.7046173576455 -9997.29826334903 5215.497477561661 2324.8600936436724 4082.324846257672
-9758.628998413758 2201.178714155403 5923.417772594026 -9660.62555132093 3273.966404312787 9339.826048279981 -2490.7720256479734 2567.1091926543013
-2106.4883726994176 2590.8872427820224 -4397.634846158005 -5601.829438653188 1036.3172852853768 -1281.0767334204047 -2946.456861397295 -4433.078941242514
917.4508477193122 -5060.241799635907 -9843.328332219953 -6834.528991084397 8201.571053912805 3139.497434608067 4557.709283540042 6878.948928203768
5081.483053164402 -2014.458052773196 -2864.6873226352336 -5914.925033083527 -2211.460798997751 4754.920458772836 1369.9334877661222 6120.030699112096
9723.300212160146 -1663.8948557751646 1453.4832217488856 -5390.48991463454 464.9036498987316 8029.669566229106 6154.549769370065 -2557.9503590888944
6514.583745304648 -4066.216209060969 7554.771605381658 -7122.988094430225 7657.831639500786 953.7405552830933 2573.117080300737 8136.935541328025
-4277.840412319547 9999.432225493329 -6493.226573717885 6581.088530189223 7253.032265832811 -8315.184899071806 -3415.3133012313356 -7418.150380352248
7766.260565606157 6145.153092968145 -1299.752375342705 -2445.4022596123323 -9298.606559057469 -8084.980597489246 -7970.331532330705 5623.327395237127
-7266.516188101972 -3226.0740846191256 -3366.9015478555075 -1950.6505403558494 9561.563766796047 -5863.555613913629 5297.413600909027 5511.7487502855365
-5214.747318446831 7492.826833482577 2468.748797468639 4905.93565857943 -7878.754253450012 -5590.458841178649 -8961.212856551036 2948.282873297534
-2838.8606630838885 -387.9898929939227 -7145.75417824397 -5362.83291446904 -4666.148585169967 8381.87728457711 3234.539259725556 2413.3366925347073
-6079.0101648942455 -5196.052610243338 567.115539304983 -5798.755004170191 4913.597487427762 3573.601378626887 -5858.787898319091 -6944.573064289841
-6314.8559131551465 -645.0287147308991 8800.695797196644 8927.726331860129 9786.017260212346 -1069.679051035162 -7754.537652787727 6215.842719377835
7126.76997710553 -5719.313215139812 -1918.243892120604 -5067.646899360072 -2064.4878132794965 -2067.365525889575 -8074.828925791328 1377.2502061875548
1382.673535676142 -3959.836465864808 -7271.011097635828 8233.453425705655 3446.4124893812386 3148.7670642980665 20.58778640628043 -338.51918380900315
-3500.2897183695422 -786.259276387882 4252.071880597159 -1536.0022128337532 -905.7505404554504 -3989.2233121765466 -5164.599111781136 -8713.291937162929
2418.026994586722 -5156.985435815577 -4811.918974446894 -4283.34495991352 -4090.0467529975313 -217.827875579982 -281.27071293249173 9217.64016602423
-5345.523878787104 -2265.325440217094 -7132.982214819028 -6157.387168766951 2659.510249428782 9658.123385889889 -896.2955784750211 5895.543442768561
6966.245266117727 7611.418157106014 9853.673409518364 4105.927696363653 2980.160367745879 -9810.290972853876 -671.0197975893789 2651.3483972775794
7959.249122843565 6699.4433439457425 -4639.168784742935 3178.0387499500466 -9951.565065229413 5338.495603448215 -9323.575442221263 3181.485313649975
8404.628172687215 -1764.4013303594893 540.1516340196304 7692.767231102254 -7527.495231618533 668.1089472951608 -6385.492009099933 291.7007131923983
5815.787229027988 5543.856193949729 4180.432560170246 3129.344416142658 1736.385887236871 242.48434596704283 -1259.6459874908433 6457.4987227639685
6318.329372041961 6064.7571786605 2358.4442530790875 -4319.777628371484 6375.0126217875695 167.34129224296157 -3691.2341024681327 2035.8604164219014
4639.626719047375 8476.909030427858 1413.9734118045653 9756.214363575647 -6210.689591277441 -4380.629877864575 -3471.99375873555 4891.1199776286685
5826.0091041072355 7035.858075828506 -7994.583702695224 -8685.05338786044 -2968.8220995842603 8636.318460190101 -1334.4581289114594 -1401.374224045354
-2619.2321136775035 -5061.386485557126 8383.30378788806 -2139.5976993479035 -3085.2360293320016 -6117.268188984128 -608.4281546609673 -7164.124887011971
9586.069007262231 -7726.84469037965 7944.073129640285 8286.142527443018 8941.108756159065 9957.236672156603 -6496.303096397966 -3615.1822246255124
6725.612407713783 7530.057299675529 9428.570741750136 6658.774006190382 -9229.388298503929 -4502.183413604259 -1858.5655050511978 3612.273201148191
2280.1406043088336 5784.667301157642 -7052.817217245991 180.26709365548595 -4474.702132476697 -5515.653553155742 -7855.452483995718 5576.261151705281
-1985.6964870762185 -7561.13980677666 -8306.990273164436 4203.471961185831 -8747.057613447887 -743.934932091337 1979.5275580338111 -7668.403928695627
8919.441761683709 6842.687603660423 -1368.5671889319929 233.19086968641568 -1984.9570548828833 -3414.8521133869817 7672.639902038496 -3272.4183750032917
7864.316841220767 1205.3175545780869 2251.878586349536 5772.463846378834 -4146.062282382719 3469.569117281666 -7719.572897238711 -2320.7558890808587
-5403.987897372777 1313.939726956627 4669.92613819265 -8387.62842412999 -4663.706311541287 4552.137482869872 3499.2924831569253 -6591.8670186561885
-4715.345405624107 -8403.588608099262 -7666.319865485795 4582.354395114309 -2227.3990078263296 -7754.9689357819625 6252.103642906062 1591.9813209962904
-7793.372634705558 -6683.576545988563 -5824.632383247692 5066.4915534103075 865.2832959981079 -5068.5469172862 4876.492722802699 -9033.225385560312
7426.509702407104 4069.039495546276 4897.637627935344 2855.4074104145766 -7590.005526104819 -3883.7128101877715 8938.751765845307 -5030.7548815502105
780.9473597557098 1036.0162407112712 -1763.4711489036217 8603.526652867058 -4354.974885785589 -5106.30229899363 6444.330760425837 -5084.055890069901
-5999.260519868859 2079.7104480850703 -8211.293759571212 -8129.132304354709 -2125.422839850342 -8280.316848569173 7109.468671051196 8797.431924506705
1170.1091719341457 -3644.2356322919504 -2013.6960222776625 -2355.8029126226666 7320.800352470607 639.9264008862992 1835.6001189961207 -1296.7622305988807
-1369.830080777565 3971.3576730960904 9977.033743051034 2403.827292138085 -2311.1222079267927 6743.695664732739 -7457.569606821168 1655.2023086071058
-1123.575296034851 4683.88015759285 -2088.072587656815 5459.278713312913 47.782576503926975 6724.366131571478 9421.560836614924 4223.689492520745
1016.3589527732747 -1818.667898886979 -6474.389541298651 4496.351704137394 834.1295809467847 4600.664393428431 -5031.6655155468725 5943.3552119993565
9338.786839140615 7306.902205807528 -9121.740991392597 -3674.1255117021883 -1978.299698517716 -5876.4830832920015 4249.346063028541 2322.8703222730983
-782.5191795605333 -4864.257853323211 9252.476031738632 -7212.933031334916 -641.5945573938625 699.4261210970562 5579.549971935807 -9788.067870920622
8736.537961099668 -5905.016338485993 8214.492012643816 6961.918124566477 -2055.438510139038 3468.6738316991577 4583.449752022829 8814.502142272657
2340.0839854349215 -1120.733766524736 -2592.5348394276334 -2091.00689193334 8215.328614024442 -8901.333222251069 -5222.108209718517 -6137.259194342612
-7422.613449223707 -5023.649285681508 6458.086630747068 -4918.37603116007 -2016.8573825503454 1532.2339791348786 -5659.021756840386 2892.744719637858
-5991.87035046022 4047.454001888689 8092.306266273565 -8598.629105474101 -4671.565870470755 -2242.178605442371 -9249.841290421116 9348.497467625264
-2028.081329308593 -9483.307181927117 -6877.7690217833115 -7650.497514198405 1448.9801431594187 3729.525703510537 5754.891008594934 735.5468993340583
9074.557846202788 1992.1499694876911 941.1072109644829 9211.032343808001 8106.739942141765 2888.6765942287 4125.510544499397 -2082.5255651259986
8027.322511213642 3974.200695864538 -2209.518577184286 8014.849282929677 -8822.701314347001 -575.8692423204593 1339.890222274089 -7310.42955101398
-7584.374698538303 7242.460262385815 6054.995499988505 9114.696162276177 -7882.079824323294 -9507.996305209834 7768.388376156512 -5279.454513230764
-851.7742014795422 -1365.2355664051647 -7980.196576087328 -8505.468961874185 9652.741247094007 7145.618813000863 -5628.747233531617 -4887.453648733451
5451.230389220602 -1075.5561389491504 -71.25431890814252 -1034.2222486185456 4887.288155192891 -8477.823262475327 262.01893352115985 -3382.4429315315883
4378.592421164176 1378.0094344377721 6782.188254016382 2038.1921939700678 -9646.100319387842 8769.8527619171 5968.942050431971 -7793.4589603672675
4381.658886584617 -4793.708365380347 9568.414512087165 8480.797463490242 1834.545255678746 5205.70411698253 9999.031912339611 7747.990769656259
1388.4995607124765 -3143.3317545165564 -8960.883091771506 -2624.125046362573 5591.803614948049 9411.466810916558 5605.630225842009 -8582.062835417308
9968.274005405208 2872.608824384257 3016.2921712484676 3665.975214949509 -3365.065152895494 -767.2875249722674 -8685.913916440702 62.99118175079093
-3752.717800692758 -4230.5009248410115 -1299.7609784255656 9401.172749516543 -5063.92152536157 7867.211235447528 -576.4226045584346 9377.800982810451
2719.1956123335185 5327.733395430838 5045.819301527781 -6601.307782917067 -5776.808700819644 -3028.209063813858 4717.705325463003 -8918.0499525806
3971.252844366227 -2351.6774000279584 1933.7358146402385 -9182.751208878133 -9928.152785340057 5556.799853890361 -1096.582423540318 -216.32828184757454
8129.132966109188 2487.001228572226 -5351.013946321131 495.10903783839785 -5309.6301636471635 -3265.164228126673 4817.095903851576 -5814.589598204975
6764.47604730153 8540.019501235358 1298.5540499210165 9679.87825622629 2240.86039126128 4917.138693784629 3189.4200104239426 -8871.400555156399
-892.2902206900435 854.7953540717172 1694.5240968127055 2552.0575277905536 2124.689819809533 -9879.015395685017 1808.0191281529642 9486.54881889686
-6198.2435339762105 -3587.6581559886026 -104.88250687529398 2818.591994569062 2599.9842434653638 -856.3167321780456 2620.168414850843 8540.571302010529
-5269.620207714174 -1101.328365295638 935.090212506555 6456.909439829185 2909.401909701448 5028.219543716528 -9876.968503589347 -4762.042090489853
-5640.923708281535 5644.191871037578 -3607.521086754681 -8158.634744753532 -4604.163690381427 -4530.357732360007 2237.1809276050917 -7205.297531952388
4116.993154283806 -3429.6471363237433 -2861.5312000852455 -7559.639290093616 -9386.42880865971 1171.4404498178592 -7819.651494896023 9069.905685878675
-6474.423455106293 -7850.958925723912 -1040.6578914248712 4896.818677014186 2494.408101843137 6143.3474124826935 5128.827037868574 -2580.241874767251
1218.8579939588508 2292.5862488866806 6737.355721625703 2525.5855707658557 -9442.253047335118 -6363.268881035005 -4806.906978135153 -3118.092577736158
7061.574752393612 2838.091615805948 -4463.548308990266 5632.611815358392 5486.458617524308 -5757.618364716493 2267.7337383151007 -393.50272967689125
1 8
-1224.3673231916437 4477.8259088785035 1655.4334188914872 4178.829850341197 161.84226437273173 -216.65456738335706 9482.978553405668 -7726.540656677786
