37 9
122.80508848897853 -139.4994660065123 -917.8519048743972 -82.7827338251999 -862.2567579360141 -449.0900389319852 376.45447785046076 891.2905010955546 800.4463039782208
838.9837568978096 -991.7165977373652 480.31791368086033 -639.2730407002742 -279.65400624481094 -133.93260197165625 125.52670556622752 137.2406982074965 980.0655472567971
-962.3267436597571 64.57772066884036 -963.4764497395333 -537.7192104456406 -527.7765973611549 971.4449579891418 293.55505082508694 715.481146768821 510.3180084003925
-311.6677448616805 -716.5486656617088 -611.3991493736861 512.3330844115878 110.19451717761058 -955.638037790318 242.10047963813304 243.7515582072242 -988.8061824365624
391.6523433833677 340.98535284228683 -24.012778418345533 831.1807908539242 910.8565438629664 357.6928294643508 645.0565942280246 -99.4131080756622 -697.1704474059799
-956.8156469513298 -711.837316342072 706.689134821808 253.22483803113278 469.3077748041551 703.6037959174089 -666.8130767579732 741.4473829851579 813.6289252780934
534.5116945260197 166.68096202467382 -357.5909110377539 652.2318808356101 268.16093469999396 480.869301629496 620.4679478160442 -506.2720857066354 886.349038809491
900.2420238170139 -367.2962369475654 -9.610362991508737 958.2208645392122 -599.0439669229002 364.9508128686648 999.3818211090229 991.2143663166391 118.87692225702062
718.8404570690043 -864.1939117137088 -311.857690987876 406.64491016879856 -371.4972232605352 -729.495935490844 56.45406798717977 705.6309444163824 180.67261334834006
-447.61317368124094 -198.08205342758174 480.30643553373125 -230.46282769304275 -670.8027685600116 -408.46087553137806 373.88345596175327 -174.26425859885546 408.1719801028064
768.1463109557772 -209.4627010433545 -455.5442756387647 460.3931288245799 -734.5749631594774 -654.684984996375 34.79304249238817 68.31899537595109 417.3184905639546
-386.44884223570637 492.6038310372196 -836.991746491276 308.08421841657787 251.06885482141638 -431.52220335380025 -283.534440512587 -577.7612357211939 -237.38766751037326
-680.3262366090728 641.5133217886612 -672.0442663733938 966.9175860237683 -868.701546590894 -270.93158377041334 835.7649834469134 -588.6118048501241 -800.235184859426
251.94637626967392 158.12168715616917 975.6096392106276 733.958110528431 81.45647252872413 962.8220123570227 183.1753265880427 -712.3713353886642 -563.8031845829565
651.4046634127624 -6.081710171633745 836.8198073582371 -778.2819747366123 717.3576289131859 909.9900502344099 520.4132872045623 -32.08287089396151 -98.92663468350713
198.9507467540309 -838.3723138604879 -568.490069711788 349.82905351355475 505.9473709507474 239.99352053964458 927.5786134491739 558.9479093291216 876.3410459893475
637.500166949826 -794.9483680735527 -317.48742016720973 198.66297666432774 -964.3461710786864 -718.7629475596477 -493.53863006427014 998.9109800211431 762.2404016275393
107.66143504422985 -89.43418455194683 -168.73356845971136 750.5136772860342 644.111002711345 518.4043463535031 789.3601382719992 889.591646861177 -215.31587946458887
-87.88448128710957 768.8675166478915 -388.0342539380488 -232.6649528467284 725.8685242393519 -788.4366211277298 -490.9176734625289 -562.4480388521417 -534.6555655498273
236.40894712275917 -12.244041322801536 -611.6503278769085 -666.8240429237733 815.0259268260468 -523.8966545955248 206.07194481524198 -431.52592125470267 579.9356961514814
-96.21480414077712 -499.91967227505717 -224.70601116803118 -906.0318454620782 448.6457014011123 231.06992684469174 207.68096431014737 -166.9543240596896 -573.2111563292851
302.43879403110077 -21.645629395481023 -211.91649736751583 -133.4150699949115 91.53911596102876 -508.7890953447518 -964.7391690998894 256.00415696698064 -395.14837508376104
-892.2477638391555 723.2839543544144 -419.8288725725299 -441.0203618191191 992.7941043009544 -459.1075483334413 503.0036376681676 -970.1919611339356 627.7607394905617
419.3598161043308 -553.8479862491188 319.185477779183 897.787525253083 -711.1490460204393 861.8111079834309 -289.1249134691525 -161.7377472017714 725.9822604567457
483.3150863752644 413.3795119109825 905.1640070860685 -581.9764785673583 -583.8638855169429 108.81585550623686 970.3428968710857 -255.35904974708149 -219.6570826352895
186.36232576740485 -676.7092605853393 -741.382567379457 -216.4225737711855 -803.0837225080189 902.5702144861921 831.4958937707104 115.47758561487763 454.98250234269335
-451.0997821486733 695.2087569544863 -188.53195669738238 796.6303331255986 -911.910068182267 -910.2095872100475 592.0081439148266 356.12499252143607 217.68282556942222
661.8778495803892 380.74877556138154 -600.0947257049231 785.1961349330049 -128.634114702646 -661.5504805241 -114.75271224637072 -537.2502464661791 421.8656205543771
-722.5695353776065 513.6325772559742 397.90000628425287 885.8647084537306 -784.9072761837748 -142.20699272342335 685.0967391421912 -993.1595690123179 129.15796171949523
728.380178529419 -753.1598991083443 -350.4020916601462 -34.703595673415634 -841.9609682962599 -698.395816709475 835.7743344107448 509.24288628376735 -51.3973273255217
-500.79586856037105 -968.6618202283717 316.39901422416324 828.7158383613864 651.8814759749846 -182.8290205209471 502.1807756930964 -426.8345278964558 -688.8738708067885
922.1619637997235 894.0150477510426 -577.3561552235813 162.14424037911954 999.3081426162314 -77.27668830845789 -9.278168813120715 832.1093146054161 444.52275521584306
-155.4309853135543 -446.4140742105343 830.9203820509063 -604.4429353095891 191.40049702332067 96.25149396323764 421.9979444536525 889.8426021119153 767.7817335114091
-120.67583058671346 -592.5893462310361 -946.5956018649213 7.016360116675969 -111.53727910557996 -675.1931281734078 506.8035349318625 281.16738186998214 -723.0692935585548
-422.24257722317304 530.5612552513646 201.39267488412725 578.9942318732919 -178.82593930858764 230.25220330303773 696.7844895778276 101.01527398271628 -994.8670771181045
-551.4939315515248 154.2354236569322 -504.47754526472124 777.3801484077933 795.5178578132161 407.3677631924477 968.0719065425446 -159.21549260015615 895.3637944221935
473.6417158640643 -936.7509311319866 -696.3022309418383 -306.8769153286937 612.4112821900287 688.7488728173084 713.8136803599132 -851.6931004669967 -871.7405128761617
9 1
-135.4364271141526 540.0916670860249 -712.0942640669502 460.88405840504674 -584.8533587528636 -196.576640213598 -625.5032865796361 -455.3730435279808 -996.941161875925
