85 16
-2845.5490271636054 7866.144252306054 9485.981875729358 8279.879991882608 5336.412883657891 -7271.135228157266 5643.199436439172 -7634.080460128612 -8640.667196181865 4275.499903001779 7086.479520069552 6496.029960298387 9063.404361655968 -7720.3295536753 7621.37653446765 9154.742856914836
4379.860228877995 -7568.466569252219 9907.81845113905 9251.411068691712 9897.638403594752 8379.52164240778 1230.7938928249714 4722.4360810087 -1278.9996019445007 -9539.574097233533 -2006.1662777952579 4981.22628973055 1172.9590498662965 7751.819270119093 -4982.1440796007655 -6067.946758325928
-2176.949857663557 -8830.370802569909 8830.131090158404 -2154.374768982794 -3900.891418816057 3297.800482396855 -997.9674096949147 -9722.927242507056 -2956.1747672585125 -9603.766217079303 3025.099933113477 8905.084247833296 8333.426900506292 -8392.370988295053 -3466.005912643577 644.8141352598122
6700.154570415823 -3204.857350786363 2662.4894636040426 -7816.495884510579 8673.288417724256 -9100.508078829522 -2092.516769177051 952.3727525063932 524.51278544653 3337.4321523427225 -9185.92987268069 8947.447673126866 -98.99058559891273 8562.994529320706 259.4464166308844 4796.715632508873
3162.5161790969396 9807.71756381802 269.14163544997245 8730.65681184017 7261.751502724499 6864.537334855879 -9804.606624311376 -5961.186046477897 4411.952784673942 6367.123904672551 9157.085976055605 -5835.355042309331 2706.462951203972 2107.3615777324467 -6348.8804338236005 -422.935713279041
-5127.333198593032 -115.10976874276093 -7356.422141440158 838.2220369389452 5180.22758949144 8849.722271646777 -8238.425043649562 -5683.25045232573 -901.3691160163307 3245.9594090984083 2069.6881774960493 3272.1314066453215 3378.7550508758486 -2960.106179696524 8394.69836612625 9326.41192126515
-2877.3851558130746 -2817.3371106899285 -3999.4475145894157 4461.325451190283 1593.2714322935572 4586.864201708266 1246.8038906760175 8460.240981787014 7541.737416901979 2500.316290462064 4986.333100636233 6190.316962081699 9976.733933846834 554.4012253749861 9575.095465146449 798.7974437559969
-2267.163532950587 -294.15534336439487 2776.3183370198713 -3807.6698396580186 -9253.507824216907 -1870.016919188959 4996.501457367722 -1827.116873519206 -6242.306433226295 -6693.5166488547 4032.717694714396 583.6063847521928 -5588.182844057723 -5544.166838195912 6776.0822673691 -3234.9851384979856
-6044.85241158863 3319.591742903176 -7334.9760062042615 8539.822587362596 8963.881521134492 -6438.57020184027 4620.892748980261 2050.247063261333 -5738.286075147958 -5959.802451437908 -1735.6770569625132 -9646.665748334668 2899.0978643425187 -1430.7856749058974 -9758.315281802745 -5230.549066914709
6511.267545013456 -5712.870742439153 -3008.038375626922 5021.985391629898 684.0146893701676 6476.815172875347 -9669.643047808568 3678.274506781647 -6751.430951350028 -5015.197618022613 692.3461212287311 -3202.807614827545 -599.4847844050219 -3163.4379213970496 -9567.240421784893 -2339.7384305663136
4992.361530535847 1940.396904354775 -5875.248802004949 -2023.1306383015626 7398.691807283045 -6533.918723564802 -1037.4080116483983 -3978.5070850841976 8708.716697408014 -1533.5578348073996 2185.553796687147 -8664.572957461296 1561.4999705076516 829.2309564316165 -3101.7630558254614 7823.90278559443
389.5698408575754 -3504.960775299639 7337.035172517772 6449.666551170445 -9167.93101585845 3422.384232732955 618.962823255797 -8810.16094176882 1325.5117476140113 -8797.898108249383 -4806.00453811689 8929.738573718889 -1881.5491787796864 -112.43835008917085 7908.674064342733 820.5626602666034
9630.841258943045 -7594.760384718278 -4288.0605653809225 4842.841792046143 -6639.68506017325 -2188.844133314702 -7690.202081260817 -8401.541911995946 8095.262706787464 8030.978782104223 3894.078710521282 6492.6729439248775 6668.55007305463 1114.741140449807 1237.6097658769322 -2014.7264742102798
-7059.406528784464 166.46680200103947 8728.598498200256 6498.17853766905 -5126.612563673083 9487.433774226287 5836.171843873739 -327.12772014409165 7607.081907641663 -8870.108310818947 8404.004249315818 -6371.187020151465 5165.344721197129 9478.866118767892 -2975.386568478948 -1674.6202809189563
-4129.855371109436 -6956.461982028812 935.0688622699363 -6926.610293936066 7872.687722381517 -5184.461462033682 7958.277728196583 1390.0266892306863 -1203.2752582649082 -2956.648653098723 2878.7569003554054 -7022.085518228634 -503.4178319448256 -3076.292619787764 6445.028217247076 3251.2433575012274
1409.7251504962933 6209.325702846456 9940.504659016788 2466.6942916415574 -9144.568601027364 4403.807200707146 -9834.812998526922 4895.435242900934 9356.62553857985 8826.803818171793 2724.976568930346 -4121.368832404999 -3686.4548213023672 -5680.046083001018 -5389.765083681779 -157.7539045238209
9340.693841969492 -6567.750535510466 1204.6080955803536 6308.606606314597 9707.96552798968 8384.64473912953 8499.541085141813 -7029.091133633674 356.40665669211376 4850.815102865576 -8647.183845198215 -6529.113811036788 8783.727490361216 -3410.21591584624 -9862.022472462304 -5611.645791368694
-3656.939541039288 7078.284750489514 3729.466334394887 -705.963395607494 -7909.617746133963 2998.9117111434443 8637.187009150824 -4158.354126143464 -9910.3164540123 5365.740615544724 -3333.9852383418674 2821.138190402191 -1832.542056538753 -8019.113254569496 3484.950112272363 7424.206014320705
-1380.4566556841874 -4000.571615143902 -2666.7062700011447 -8264.956166998298 -4080.526315105397 2054.600262970118 -175.89210215069397 2645.435828309941 -4906.9212887893345 9740.029944213762 5504.457098995734 1951.5580353546266 -2875.1253978443447 3243.864868482915 7957.633420172322 6288.791796442023
-3093.1857566390745 -2115.5943509408908 7379.878292238449 3937.8388612604613 -6301.384025551442 2821.127499571059 -8833.342050525756 14.037241534319037 -8615.240475150315 2441.4022345953454 -122.63508426303633 -9212.147117468767 -4071.0223717511562 -1801.081176941634 -1182.0814461696136 7069.691171891347
-433.3436178288139 2688.5383269592894 9068.08896483976 -1591.004161179697 -4202.247514193254 3325.684441518042 9434.017142927805 2385.317293829914 8369.506639336625 -6981.65360501956 -7826.022633591283 -6553.681708628606 3243.820055920756 9607.028001443661 3941.414456366967 -7426.359484436182
5123.473813887134 2541.2624233564693 -1786.087167156069 3125.924270225436 5120.066762272549 -29.169703569399644 -6984.8319430533265 9390.237673060976 9850.636456203025 6081.528192619891 -9223.488600323408 7300.866667965081 127.13560240714287 -5176.085867278113 -4878.31735003965 9495.503497121841
1452.5977873725606 4683.8961542383495 -2651.3746103734493 3800.9620930525143 -5821.790813783243 4510.996982430939 9281.822975757143 -7649.408915227021 -5576.360300710346 38.483572950050075 1704.7405709083614 2519.693575635525 4903.131408455865 -6279.62653255385 -4812.149974945195 9767.695652441373
1169.5847395601158 -2686.1530211594427 -2338.2260713015994 7090.594633948156 1349.3936464125673 -283.3518551379475 -4952.345536736247 -6777.868998502037 7154.743089849875 -7509.282914318272 -6832.451993506587 -1582.7439746638647 -8169.477136640786 -2578.9541444439747 -4665.972277126766 -172.95397966250312
-3420.821020549869 7179.239936682996 7054.939701394444 -3007.1234600960706 -5146.851843808961 -4060.1659194933036 -4141.31838220923 1881.9122924215244 1900.9846378799084 -7955.952483810942 -2031.0363000052885 2564.1271109661775 7441.850679330411 8834.119665519818 7887.538771120762 3218.3543053320536
7623.589169876352 -5770.033415075695 -8866.599363818723 -5815.097573741335 874.565407242837 5430.582741185803 9481.332790726636 9609.971099332823 2756.955061246261 -2806.19295227607 -3823.097508804978 -359.4108705643339 -7160.298226433504 -4232.186921757299 -275.109493870048 -4363.12104801285
-2509.358915151647 9008.774568593359 116.9403904873052 -8094.843752693081 -1696.13959720204 -7855.478490613137 7929.277215463153 -1987.6781533659923 4521.522925845742 -7372.9809581843965 8356.409102812966 -6317.8820275410235 -3781.5020094661886 6589.373634646243 9943.74344976223 -446.0104008437993
-8209.137866492643 1516.7250432800229 6060.51567477256 -9561.866858702931 8263.438058462882 8670.006364286703 -4335.004435307402 3789.3160752661624 728.4276389612514 8758.926614785549 7472.160010832755 -3223.083721561062 7100.169149294048 5091.361971705726 -3954.170666144779 2060.1274688824105
2533.428418536061 6505.92244997315 -5086.599195273329 -1108.2474847274934 -9761.300230536723 -8713.02690359719 -2822.2747707129074 4693.4800828387 -4175.311425318439 -8058.644785050653 -6971.207052945862 5057.852481751655 9243.730310918498 5609.276697983254 -7111.371462879252 5709.168219314986
-1871.441316000506 7631.798015705906 -6462.932203840186 -4686.892922649677 6735.270119511704 1116.003018239846 -6887.882678248107 -5562.802234655033 -9225.78059483011 -1604.3732760112453 -4485.970494448208 1814.7785864687357 3384.523388315878 -1637.484995392815 794.7975181828897 7946.8910738134655
-895.7357501941478 -1156.949562682763 5067.445175799803 -1317.818051531649 -7926.0346072470675 858.5882136676082 -8925.021831482452 9067.225439287115 -9686.15144702369 -5581.175797225582 -4227.251663795957 3712.0061736277785 -9078.357383691371 1793.590681364567 -9090.25518024026 -5622.671777067587
1970.3930506154466 8951.612248938374 6667.897771963282 -2132.591162293509 2547.1419703753127 -6935.223257926564 -4693.61897095848 5946.415143948556 -7334.0856980843655 1168.155195995685 -2607.0122113170746 -7953.175515308723 -5587.636394663708 -5910.412791494215 -8188.577424917438 -3726.7261069274427
5756.021668094538 1794.0446999347187 -4987.676046640503 -6240.669742067164 7022.578959031289 -8761.693317077994 -8817.234275317498 -2888.3948719745376 -5437.808999011966 3510.8627246699125 -1210.6905423745084 7019.856941158516 -8015.418353985344 -1032.2241865270735 3702.7810779257816 6974.5292738870485
-7195.731131487455 6773.485015237333 8380.733469123104 1777.0558684299358 857.9159200816175 7573.994746242348 -5464.773948284181 3897.429995440143 7012.795432960938 -5436.422167644881 6849.399057743678 -300.7170105370351 -4081.286108448403 8921.319341766382 -5751.533694428142 1716.3084368311993
4084.7733079049667 -3924.019904303269 -6711.603400201409 -2836.5866041122545 -9695.93505926999 -2487.6577796058455 -7168.176265406388 8761.711734680419 -2450.8017275329785 -4365.709975664531 7881.385725090317 7846.502266790791 -7079.559727535816 -9778.959007001744 8096.653313633065 1968.31788213256
-5100.1900789853735 -2403.1010590308697 4000.56064908842 9641.832072462119 -1051.0276655062225 5695.921408787308 4709.415048437295 2923.851931641544 -8805.99032737852 6327.26854396337 -1490.8078384920827 4011.204292965178 5199.875177771919 -8133.557130012414 -2683.9650772618425 3109.433104960559
-7391.158221842425 6691.64414378857 -8450.147421812926 -9907.928277563835 -762.262001054356 -67.6609290568922 8548.524671491177 -1376.9935047805302 -3123.2535883520814 1350.994819880987 -6621.213277455662 5074.774352608023 5417.098114744314 -8694.68912870476 335.766129287942 -1373.5553076282868
773.6143671915215 -103.74734617505237 -2596.23309253511 -6093.568847127873 -159.70071967461809 4173.340946783612 7665.658510947138 -2178.43189652565 -7642.8852724532835 4820.242738592273 3729.195658476332 5005.925451902713 2574.4249875862606 -6436.387441110313 3699.315877287061 8712.794163553393
8524.177216343822 -1945.8368052663345 -4962.397366788529 4210.762613515504 5166.768947335453 9423.496395170529 2872.568509414783 6965.989395519755 -8468.500613109156 7527.650732037782 -671.2234314841116 -5184.402036701581 -9992.369653344027 3206.0201887608473 5522.430457012257 620.5984032238903
-2311.200634150723 -7725.773953746011 -6308.47292555383 -1650.2192316526016 -7247.351434184521 -3003.7461284019673 8082.219797514117 4369.355116213726 9788.056200631785 5500.980437577542 3418.771272008198 8932.651231568056 -6248.247122379569 -3206.1702757485546 5089.405467683018 8868.23704017268
-90.39814929621207 -6875.2506217719465 7488.339405734168 -4288.799876038059 3508.434766785178 6636.777793454534 -2097.1643240709063 7687.181449557927 3231.582485004832 -5964.018794309849 -2723.277352656608 -7016.232311482485 -2247.1193668505275 -109.24810081823125 7097.352991476055 -1066.7569090705238
-117.08003770752475 5354.72228177887 -4559.7404133554755 -364.0170676306643 1396.3526708378886 1707.443673194437 2199.2334368213324 2403.8479167092937 1690.6728954074188 -7309.88836322283 8565.541583223276 -1587.9907901624683 1222.0473061518442 2161.6253378005204 7763.310144137107 -8973.317020411669
-7503.13323846485 4076.3933206154943 -9550.18547515938 3411.232877968305 -7079.043927696971 -1478.834585743305 -9218.049964430698 -3966.258401836806 6612.428067037345 -6252.65645647032 -4815.823574278204 -1880.203099452844 7606.9744497861575 -5897.252558760218 6250.890822254218 1399.60919977306
-4139.4869414158 -3952.5368316018894 7890.467541135953 -1927.8035456173302 -9229.903211132074 678.2935919777574 -5320.135302204152 760.7907047155641 4306.055794492573 -2719.4235484255278 -768.9709404894165 -6329.3450484118475 -3367.278383845891 -8011.33061125114 1625.2586007393402 8273.557862546262
-139.5516512289105 5364.049363964828 1666.7865300549402 9035.11588585714 -9575.554305130589 -8526.012233063202 5856.230285770327 3667.4849034914077 -1376.567076493322 9467.68348927681 4166.156071007983 5465.825162462452 6502.149217450089 -1250.8845926779159 -7293.692992177141 -9087.598893487117
-6512.886473303268 84.94257662710697 -1381.4481030518273 -5167.766625977559 -3349.1901128055642 979.147977311226 -7185.358494433698 -7469.8644385523785 -2930.836603051488 2033.2655116042788 -9558.158397464465 6445.438916886389 -6614.826571928665 -6809.780010149869 -6209.4586843697 742.6339087326523
3387.8051132731907 -3893.0797514475744 268.46341926185596 1707.0102849235154 -6379.8182632208245 9313.481948883436 -3118.6775028288903 8729.88445842631 4807.939063561989 -836.2182020987093 -2493.9637715872977 -6682.112557608495 -6162.832495501671 4784.9415961285285 1400.4771456354465 653.2209967345498
-5093.713018688968 4801.161669218211 4908.7234480196785 -2743.0782673731073 -2000.6050182963445 -9665.182984661038 4785.561910839926 -1444.859492324369 8219.483735619291 2902.0764380784785 -7055.792786022874 -6632.199368211409 -5634.2790874672155 -8751.063508380967 2251.6768424008023 -3458.585087047306
-8247.799514186077 158.81531774067116 -5106.032143113788 4920.634499163572 -3973.655824196844 -9792.84379064612 7139.927828678541 4885.044547590391 7172.260908985478 5961.772146255946 5166.774678389076 -2229.613856575732 -9231.797384784193 826.1684664769145 -5132.257517167766 9594.165187180723
5668.462010555058 1541.5665116519995 4984.5818936766445 -1633.3947258219887 -600.2307922655764 -8347.089538120397 -2869.296931253396 7463.518350537663 7793.818626592307 -8556.633995721582 2685.5771902086744 -4777.0243230485885 -6963.844665137409 154.8123583339111 -886.9652057449766 -6300.745600438473
-1930.1406666526864 5485.7577087736045 -3896.7893451810824 3678.6325162774356 1841.7202049095577 -3816.5687765551893 4518.719945540957 5901.358892797576 5625.22794513281 -7374.611758328174 -2395.58979347452 -9123.911445600563 -3824.4246213194974 -4039.0433783969693 8204.722893614606 9193.798753999308
2672.746352138858 7862.627429262575 8599.636700629737 -4145.479893921813 -9568.578783224779 5183.224142921887 2816.7295776626615 3237.2282667330237 1540.8705509092433 1416.17956159194 -9295.995013826723 6142.764977306941 3183.3024334519796 825.5161575630264 -8800.488907010473 -1121.939490617864
-9899.679852799334 -2604.380081832607 4827.221942684335 -6659.952966810277 3919.405890955639 4574.943699560878 6802.374481450795 -696.3686477141291 -1576.610024006126 5249.102887898711 5215.77603753569 3263.542914904516 32.07556142293288 -6650.508163330506 -5136.891450410209 2426.657613877247
-1187.3613898554704 7056.479269210133 -3269.938770778891 -260.9340573664176 8807.718128608329 511.0929902871103 -6364.552518013454 3887.3344877007603 -5311.679343365298 -33.97311713250383 -7286.773833415529 4.670991111146577 -4645.74358037311 5009.594846560527 -3592.668282909748 -8928.304907136637
7538.5662660439775 2672.4051362000446 -481.197805908947 -8494.400567500676 1758.3671361336546 -5225.45673033598 -2792.624341766498 7457.386207550015 2080.02429864252 -7220.5064200312845 5877.095004451534 -53.09936593083148 5297.930077876785 -4598.350384034249 3495.89661861117 -2563.0884292766987
8536.780530523665 -5010.472165536446 5771.719663681213 2551.9985756190545 4214.926023201413 1287.71846983887 -6875.846034871427 2674.158030103881 9034.92796942409 7022.876148581581 942.8228657274449 311.1277588073972 -1328.291663405449 -8480.763232917805 -8328.003146618055 2082.612034469761
6183.597584975958 2765.851808649555 -1338.931470187059 7487.239385397646 -8129.037408446036 -1382.5472689067064 -7050.805499912727 -8838.188419975457 6798.658050825423 2947.2945824120598 -8188.388511599458 9541.586231626974 8247.919173117487 8639.648270956503 4045.0907880652685 4329.057034470856
-897.1379929659943 -6302.9625774033975 -1128.5167400844512 9709.151668408253 190.453115051625 5255.758330599763 2824.9811170533085 -2943.498841305838 -9480.402453228739 -3448.3403896353757 -7299.977665999899 5426.924602410443 5715.260454704083 7809.142256784024 8098.286836082629 -8523.149227535534
3388.8938232648143 -4753.168287286749 -6889.870062402255 1657.9877877388408 3853.0354839334886 -2557.477325604141 -1495.9393173324843 7311.110969838905 -6727.063413301043 -7880.3948514493995 -4879.195928434757 -7080.209067514361 -2570.080995363386 2803.8132546389224 3457.9494444314205 2539.275241139914
5231.4099846894005 -3266.3559903963433 5838.813627707628 7583.584733472613 5121.511043550217 -4688.780024792998 -156.3251122972615 -6028.328007895236 2803.455551897214 -2856.149043556282 -475.5171701160525 5852.137167051811 -9752.814391058999 -8627.235364151975 2387.3102138291088 5751.832196334366
4845.228432521102 -2484.797344456467 8503.554010292144 -5372.892576533097 -6177.014233327201 9581.29595432899 9715.80107672227 -6756.292512316524 2318.219206309448 -711.6033783940456 -3848.8974887176 -8196.80444093085 9799.579056220944 2189.7267666110038 8930.758091171887 1639.977324794896
-3255.3459525809794 -8278.943125707303 -141.7873489935355 -3789.4719984065396 4835.758596348538 6887.679638526333 -635.0709686525643 515.0700332139295 6263.226086726074 6872.438640698703 2234.318746612811 -2482.524656685414 -9858.144506330913 7076.525149437035 7711.640640603295 -4608.501941281759
-521.6071380527956 6443.510653902191 3175.5896926711375 4628.544371142998 -621.659869334133 3254.365715462458 2761.3739806248614 -3478.80024692812 7728.687847369401 -2670.548692553809 6595.052927591019 -1549.1083191913258 -5279.3500983426675 -9056.16797619697 -5631.612376246549 -3793.534142705739
799.277125972043 -1915.7469609691598 -5546.543446791355 -8632.148759972644 7791.320900179937 8665.27417733776 2954.091735067177 7950.760598515495 5118.869662856534 -5071.005873517216 -8670.649386253173 3579.4169275649474 6159.5480923571795 3302.195623081796 -1119.5878331098193 5247.270008630214
1381.4522940953666 5129.799887261679 -8204.447913037946 -5767.136957917389 3682.9647223233933 -2866.7982820573097 -8488.552904356427 -9320.088839788574 -3566.524712121768 2571.474472903932 1572.2789269950736 6719.265577844919 -4738.034930436841 7496.535847719977 433.8079917079158 -8961.444866168946
186.10012954492595 6105.02665491715 5608.708398231043 -8739.508773463738 3780.9366099646595 -9935.20117042811 -2801.4524219405002 -3497.5511080519436 3760.906905080821 6445.24633026919 3753.990960502071 -7867.637441193307 3210.3157649223776 9686.241925561859 -9073.221778420395 -3997.5807719303775
2530.396864935181 -6621.219278781976 3848.0913186995494 -6747.024023615962 6797.145748419916 -1434.1235955771972 6249.294218151816 4598.744011574863 -7618.923529524001 -5593.764707450546 3556.573350557419 -316.11201492852524 -6105.1447043484995 3258.199124172872 -2734.328942006725 -1724.4578570049216
-2533.8922039420586 2061.4689969177743 -8764.538901559064 -4931.479826068561 -2943.6213262753517 -2339.784169398542 6309.249101394233 9243.986434969825 6525.252474576846 8849.398688676603 7241.660140930828 5756.9515375225255 1216.7365409586982 -6218.209584292301 868.5746637084012 -9895.103978680458
2777.7971816620575 -603.6926293470169 1536.3791361534295 9168.255781848366 3624.5079573241765 6795.641338157453 -5055.166889972505 -6979.4222967270225 3744.778812158682 -8147.695508563822 5275.781688774601 8873.851149706734 -6151.265440938947 -4960.565356894606 -1306.129620327536 -3880.8983769812658
-1668.141027358337 6546.262620446476 1523.3882838965092 2772.0337353155846 6477.28603427501 -6045.565506488327 9208.95497047505 -8300.847406716583 -7617.609372713068 -766.0137397751805 -8709.361455693343 -5540.371734344669 6452.343483686895 -9765.382103965732 -9298.768219044363 -846.9955682260352
-8591.598148014611 -2620.5389402473966 4404.215082611136 5703.124042005404 8795.47306087767 5825.6910121077835 8130.634342795831 -8728.037040450587 -9719.758989101363 4787.542873221686 -6149.056001845505 -5053.875926272491 -2203.9202848292016 -3595.966859911233 4912.4178136887385 1941.2559920837175
2611.9454765406626 -2313.911765477401 -7858.9858539418 -3368.2445469971944 4242.141389320406 9459.024794874265 1684.7054680944402 -9439.851169336087 -6746.69291817511 4039.0819337604316 -3316.549855518827 -5858.138361971117 3571.60724482578 4946.25046105822 1225.2775438029657 7602.170986858324
8225.705102672277 7482.487721937498 6238.080051803625 7927.315718452126 1570.3351924143699 -1707.3529438922396 -8668.812967135986 -9660.665058428918 -8270.008895815385 -4182.635020862278 5291.186835499955 320.58501471077034 4745.170128569442 4581.955662311711 6947.201879363583 4894.207485740248
3337.529538326129 5488.841117720536 2500.061165596937 -6441.131479159183 -120.45898438581571 -8449.502137447342 9144.193950504748 -2524.553017035083 2681.8627731446013 -9845.049573714476 4813.047788208389 8409.235646758876 -9626.237286308264 2696.647678829515 -3923.5636329336376 -6000.819322398094
-8443.563236382284 -2389.658053855268 -2422.362095448545 -827.0681296043513 -4906.812758579089 -3459.5800777917902 9255.451922835407 -1282.2642448920942 -4238.183326305089 -6914.989555466384 -3454.345537611787 -3626.0840781125307 9645.052669811153 -1299.2887640735335 -5749.956999671457 9764.618581503128
1617.0754376130553 -2013.6687834290633 1125.44966674247 1226.0562389139104 5666.941476521692 3957.668711389444 3148.2461999400784 5684.56761907108 -4324.917245648052 2550.1642975243067 -7211.157732022926 -2612.0613022252373 -7425.029200571436 3819.5773425384177 8897.243867868467 2258.474927194231
-5968.415969330165 -1877.8952279721398 4311.622947647651 8137.364379398794 -2203.16592249705 -4121.241071496646 -628.7002657658359 -7701.16940453901 3116.7695744212033 6527.481544335111 8565.763345554744 2074.657465071925 -6986.394589380389 6058.613142550435 -1642.551365285819 1622.0932041821816
-9817.551601749268 5527.552413317944 -5244.008510994285 1131.7756704308995 -6971.428944223521 -3107.5461206314285 6761.096180768876 -5862.75450102691 -7226.463342639801 6172.265461237499 -58.0561289072557 -1663.2320712896199 9766.215295125963 7972.031313818567 -8069.908702803495 -7702.240697450547
-3353.190604297214 -7133.466990550425 5458.674477079854 -6675.89919662892 8552.0969849442 -9790.311098082057 4827.464838245096 -8378.27767423148 7298.840389702647 -3444.887598440365 -3672.8643814011593 -8288.00665360256 -7705.218563124012 9773.553817558222 -9941.450998225167 -2658.753157841392
-6802.878448214196 -7542.706459469923 -5380.283435209856 4678.761921848425 9388.639628387173 -5416.338862465315 -4785.241315986864 6474.398166528565 -8900.595572756123 1601.111402045275 8060.8628432898 -3352.969199500839 598.1777906528023 -8706.645091278415 8841.537294555921 7112.005684115156
-1959.5753900112923 2323.0298224548005 860.6908457476584 6722.615198991156 1449.7663992730759 6272.788495444642 6877.365882772094 -3240.2171354283046 441.80441280456034 -3332.0698206758534 -3662.696303207824 3192.0445798161218 4118.243903241673 6342.169389856779 3248.3905506139763 251.58567288643462
5938.449847163392 7270.193155511795 -1015.1713095582072 -8496.55679459308 -6681.932636898702 -5867.914824789269 -868.754944629809 6809.043660604744 -3569.0666131662165 4289.962766993236 1605.8687945095498 2227.8778946320635 8145.315481103087 -8522.890618045958 -342.6269630831939 1546.5178627286878
-518.6792894897135 457.36929469216193 -6111.493732963773 333.798127815111 -308.5655622067479 -8488.24382452072 7577.01880708426 -3910.370501418325 -8036.060096513911 2167.312823549486 9502.702323426776 8166.727655335853 -9002.848274732632 -2192.843498313894 5973.253640887122 5171.073606347978
8579.298990159645 5614.338769295311 -7003.537887850871 1191.9706428798345 9780.699952684761 -542.0678563077217 6110.403045807145 -5415.373029499113 9063.167373470384 8067.732000384756 5922.758666913243 463.70544030665405 -1004.8891123246758 -3568.9680842666703 8407.233871905199 2891.674704258083
-4308.233567726192 6166.805398306749 2149.33325696863 -3357.4629871979523 -3877.3037064706714 -9972.052435747843 7454.940856995261 9867.359390741254 -4433.052725756385 7902.708547494516 2745.2421107739756 -6359.641158567575 -9703.893745126294 6648.960400962242 -1499.338889325505 553.9917101851934
1 16
-7535.070366187772 -7991.1746263723635 4848.296369541127 626.1949401473557 -2704.4385349008035 8114.582991776937 3321.6257170186727 2782.957735116732 9716.200444034974 -9237.927331761488 9762.239076746231 -9053.535197926405 520.3947181883632 4043.3391339359696 6668.167220530373 6603.506392871575
