30 7
1170.538256330281 9773.210459926137 3286.3695556529856 -1623.467285387942 -6943.496944761098 8615.992447448163 -5054.382790031109
-6180.227114641876 1809.1126167968923 -9516.828252730325 -7486.575462639964 -8902.948498369426 -2033.5150661717335 -3149.6457378426567
-7018.30101263569 3569.528791820405 4623.650248635191 6629.964907925303 6195.910478434003 9417.474651551154 1295.5378588227359
-8847.000750804968 -7921.0912710849725 -4304.866663333857 7574.264202308048 3648.1018500111913 6909.882792960605 -6249.803090078681
4721.673090601946 3069.0664636139427 5902.225987223761 8873.418599291992 3862.785562059591 -138.41643827336156 8856.369135596353
-5367.631468413996 -3458.9889595301493 2282.712790582773 -1593.323737463943 9436.577051287128 -4388.703082296208 9030.965508729892
3870.7105863513825 8457.678354797266 6733.3582618776345 -6047.085461303039 3614.4123671278285 2783.1098533122386 3974.35063711546
8500.412204346205 7149.307594532609 2998.8619065277016 4788.003839302266 -4010.2013340117783 4225.141145110023 -9483.374835887935
-5203.719577994237 9747.455490721779 5828.958134461249 -4329.679498407264 2631.0346692518397 -8779.96510052643 9259.599394126726
3015.208131571784 3016.2488155032843 7215.285006921793 -6649.687954284993 9555.934115350952 9758.52681327791 9246.646731963021
-2436.9436431158474 -4140.0836733036585 -2864.313004765584 3471.314176318685 1269.4959869499671 7764.475122706899 6004.975837981907
-7014.596080206102 -8332.8628064601 7123.253035699607 6373.035161402537 -4278.693838504113 8890.218384479947 -7343.5696097250675
-428.90762740212267 2075.3484729168376 -4223.362426121178 2961.6650883128623 9063.88499172025 -7684.657370349568 3930.6727071556743
6357.8604458135815 -9487.729037434101 5936.693312869576 -4559.40557303945 -3555.327876949481 4033.6545685510664 461.78917376004574
-666.5918818699865 -7160.0441179577265 3471.772308972799 7614.444411515418 -3566.2606227859924 7003.493242120421 -5130.140142234263
-3803.297190351038 9444.897018083586 9284.093306377312 223.32858179032155 4615.813164624267 9183.19167637219 3522.373430157186
-2055.594023027167 60.15746417274568 -2604.384649022564 5496.729853575551 -7219.790935621846 8549.915917661645 3054.7399773974685
2733.6884568636196 7739.765873242544 8424.345612205005 4957.083398905406 -3829.627685379657 -6100.948899546142 4818.5947419011645
1625.5160743528795 463.690317696879 -3946.431654416704 2210.908235720348 -5906.178787848568 7097.770152263474 -4400.334699201158
1428.5457600775462 913.6907191088703 -9530.555406344378 -9126.502583210358 -6233.626555705836 -3952.277282420251 -5666.237179179132
3910.3389251914905 -5748.159965174724 6817.689326268228 1904.2984600156851 -860.6964573402602 5292.369889946911 776.8352300427141
-2213.2484642980653 -5075.87537365626 798.3203755915383 -3628.374927357463 -2122.8065119375224 -8943.468461728062 4014.336512021904
-3604.5132973391355 -272.88479219902365 -6451.491039058122 2127.4236440089226 2516.0085275135625 3640.4512790534063 -9728.16294731155
302.52974973036726 7639.341509691472 -1980.7306665824708 137.26053833571132 -5711.4317099853015 -9243.680922859978 2564.214554373866
-3681.9227467997725 -2398.0659249031232 4395.205164297389 8891.897359757611 2102.942803268046 -1741.238566753169 -657.1425055749332
-7673.3089203631225 -747.9606199110549 -7957.335900070295 3332.78706440926 1110.0248159056173 8055.7570080742735 6005.727050981395
2861.663490628205 5465.166646259468 9199.311766426643 3233.5649246118664 3826.0807511939856 -2153.2887542004064 2097.6718928393275
-4877.15836041011 2599.6056417494474 -5658.380398676229 8128.819919228568 3149.13286300262 1823.822725168502 5256.494527484232
-4619.432498796865 -565.4165939278846 -607.1015458188249 -1680.9165392517934 -36.46548164622982 -1533.872695058917 -2328.8059702134296
-2819.916505152447 4626.403301790682 -8070.020643797924 2464.8883571576225 3625.778443162053 1592.092575730021 8457.214385551426
1 7
3806.6119727973582 2896.3272352275108 -2040.9324423482421 658.8990262871393 2109.746933286973 2093.8892514148283 -6696.297799188036
