70 32
-34.427649708099125 -358.8698570922912 684.8830243746897 317.74129513529215 -864.5870700503535 -589.8028313020607 -107.98014973760246 -272.8728933383087 -647.6730542040019 -539.6661844031 -106.49977828365036 -410.99425310715424 296.6680384350316 679.1009520364696 -257.7249517716274 580.3720305243778 -686.4206196599353 948.5516973377214 -313.4672526658362 -145.1347204675193 -321.35740265968036 -263.5518186869979 698.2948425414245 312.8483704511559 482.19242315931206 244.76475063581984 746.8948156498986 -765.615080274412 252.35458731655353 -285.96432667801787 234.8054449866504 -424.717112691769
-634.0953092659778 979.8786296753444 -965.6976836196562 848.3306194570891 674.6230847596505 -744.7009385285405 -825.0076363335688 -929.4888523304612 -364.74773543312256 -248.16765993409763 -194.66504772255087 -325.4353217841808 841.7830490444526 -165.0347505790637 949.3167550189671 617.1489004591936 -151.06388814255013 -868.3718651228457 956.8430194467751 725.2568253586253 335.5268450170006 -871.335131976932 -653.717201886765 -937.5306585060932 -334.52770828883024 -394.38065991352937 733.6436494076729 -779.5325079605361 -986.4955569504308 -374.85195615137525 618.2985828981659 -459.0065296111818
-107.26077114715451 -651.8293594891267 -923.1679722234887 11.844790678311483 995.2430464071681 -212.4478869652047 -390.49529166325624 976.0089154149864 108.12704212634821 188.72366319908656 -294.80151923987273 -487.0060873046365 -367.3376787646489 -792.2676791989937 -571.2334531223655 638.6324223789825 735.0377207386855 624.7443345305735 -561.8381058217049 764.4650862895191 313.61985411799037 -521.9815178309091 -289.2394820716702 -232.77801048520996 -532.9713878872028 -57.965395607417804 495.7078012674813 -870.6256984177564 -56.623899888614346 -941.255558651003 58.35378963133553 357.92100435728344
850.6396723518278 906.8546077143319 64.79549581588435 -129.89513871826296 -558.682582741556 -675.993520988404 -276.255937606668 -264.0984177045402 -182.4138668531259 -474.3851165922895 496.77888533197734 -926.2758446041672 -85.18054372491224 -139.1327794943744 -500.97620460110016 940.1862475469084 146.18804089472906 -734.6366179736137 -450.57104265239786 -278.0964886962212 -99.46098289144084 -958.746779409748 -685.451959454557 -922.707493316583 -888.6410087451418 890.1330503843819 -75.06619634967171 622.8401801109553 482.5399647284844 -391.6244618881184 373.04949221682455 -749.7769298821338
692.4467620751009 -770.8402773455784 -980.9172536432831 -309.77376477945586 -781.2169918411851 226.31482296786817 -977.656469956552 511.2789610879431 -925.3543464175276 -401.47729390345296 -303.19086620648864 -208.0920839587568 400.13614928321294 -770.7916743993067 83.74074076731858 -500.0046967108975 99.4814206617798 -454.88352105093725 -224.1532031239832 -228.1456402893342 57.01589170451052 987.0600967921641 689.8560764288511 783.695521888912 684.6958136644157 262.69482511134197 -604.3398202479666 -555.5247453226 -144.33698910575174 -66.18623462917196 -659.6917335460341 516.7737121684072
-554.108712475303 -914.2527517722785 933.4646607655629 883.4661053100078 216.5694534328809 873.0428890487315 -91.84535378429848 -157.5303744240082 982.8006117351563 -143.9627506481769 960.2604799213298 -511.57550377195895 484.10093464959687 121.16770507254387 -828.7614654784109 541.5146779152797 80.14415340364621 -375.1021393502185 1.7085706740185742 989.9564071820807 -183.69367987226815 -297.5835532791011 791.8262050798357 -615.196955778779 468.4088894822971 260.2452521834841 -54.93443096494582 -485.06218869037923 -70.19304474056855 -499.2573640624476 -590.7115460266685 -564.5497941502163
462.3533206291445 -937.4366855149767 -248.04288459991403 -119.76957312244235 -479.98688132588074 647.2763863757568 -87.83873242848085 823.8529966217038 787.2595992807182 933.1614548629118 917.2379455595008 -757.6013343728243 573.4641544255799 -368.20464898425564 531.7853092743146 373.14016485884235 -567.1245353227938 130.26669158429263 -535.03583459259 984.3439035310207 -153.3367117324409 903.9953508025055 -610.9317034142111 625.435598772784 809.1359806660262 -442.47382697974945 606.3251438529821 535.9466150947901 -502.8757583596026 927.9737371535309 406.51942703513373 859.4725713331391
-913.4610262568816 867.01069635359 -675.5736550685399 756.1298721743397 643.3474906641279 -435.73190568743894 -793.80535561253 -446.97413104231214 446.847392142741 432.7501737003156 -316.54484781495705 -736.4087022739263 -285.9179183248681 -779.643740719961 176.85856986150225 715.9753253293154 -888.854440933331 -652.3437801804714 379.77964109162895 366.67546687511594 -823.1296500156293 -178.7735805301944 -480.4477000286 -652.4016864075024 174.87869792516904 -60.4401690127587 -52.7303382334336 -187.1586176009738 332.98638426888465 916.0811939734351 905.8929124096926 478.370345376095
-919.6501940017472 -629.2639092870429 382.52461982737714 -805.1455569861206 609.0699722889326 -390.3341439916701 -363.25163373867133 586.6928077968867 -75.37738170712726 419.6283410468293 -551.4056691127927 521.8478585647758 14.748865801591705 425.4795162307739 -93.27861953355978 865.944573106698 -959.4713626304048 -126.1424174576988 716.2800310208324 -887.0171187410691 269.5664199393309 -454.6448564820173 28.422754592401134 784.816399931356 137.51476751835435 -63.71511664458376 -708.999187216597 681.1461219396392 952.7494636904437 -994.911905117122 20.98459858384456 -424.81610710356256
-754.1412104504248 -967.7134799703741 325.00766156843474 913.6288076720889 841.025992657303 -569.745923560723 -805.4386022507498 674.4634319953343 879.1894456661448 413.5314140083799 165.4380902445746 759.4902684444705 178.48775850614675 -190.08054276072994 -719.6080211942117 544.9563381914602 230.0735364424661 242.7428982387264 -148.97593030728103 968.3511560859133 -415.1799642781724 550.0701300844851 483.03951887503354 -829.0694056074752 457.42711808564445 299.17507005458856 -974.0648751893967 -689.718733308878 -410.2028922762422 57.176922320071526 -515.5220310431787 503.5030458660681
980.2191554473786 -65.07817464352445 175.18998252440133 75.25827127995262 -365.8384248748612 845.0619935957739 -957.4198949397812 -776.9283396018131 382.42808362602386 -847.1257096765146 401.54371866742144 400.779426134181 -976.9315488590631 -187.35230381674285 -96.88699602756469 284.25195114939015 -730.7671880161911 -441.46768598729363 151.1327900400231 164.54937134537772 -53.65001678440558 -65.71294020786866 -548.8769650003828 302.0675119544785 994.0720418342044 810.2054058533436 55.78922181381813 180.03857150693398 659.277512836109 278.8356873135067 -46.565642691395624 711.4928033221045
65.14340691974212 741.0071539926093 32.85488118132753 -43.41627033099792 -496.2652463182047 129.01491447698504 454.04484029266837 -705.6912965638026 46.44261524020317 672.2122083181462 170.2579859542659 -540.0943457113821 717.386228287613 -615.3761149769865 -101.02017437699874 -987.3531796076662 -236.39262021733146 117.23139595836778 28.285648964747452 -956.0291718927015 -330.1312603582352 231.46224305686724 47.48670141617936 -983.356566336892 992.4198433386659 -161.94378404598922 -508.0024366943368 -842.1067275889316 -662.4303238844269 786.7277710535716 755.6773664506293 236.02508255315547
-437.06089564089496 -150.7310198807172 -868.494988153654 651.523882773218 303.8042611146707 726.924772980381 926.5637507460028 -18.35805093847705 848.2029481840921 -223.46216893288 -2.6206121991401687 -268.48568469749944 -943.268890001937 661.2132480494995 281.543968462644 981.7953543183728 62.37863865106442 -446.9547270022241 265.1604103440486 -366.2275158998374 -434.78652557469434 119.31611784865004 -753.6897189005311 -764.5692765329031 -162.43029132325535 928.9561085995463 -834.8207995886426 537.4603870715571 -207.0682268899808 -57.79679555133032 342.01032694257856 176.10450203643677
-509.0635028407646 608.2514781514792 995.8567575737441 -376.52787099108957 -564.4434046986203 911.5477858293898 767.504514904374 -588.6227450737587 -145.26757325283302 -678.0601673853048 225.7055100676821 376.6989263286607 865.6850691259933 209.8540769238905 580.0864098799227 -122.31502346061279 72.15428116511748 -3.751766521838931 -697.6373035134704 -133.62216610197277 -922.9438883966573 622.4959589912692 507.224564306905 -517.889172948032 841.211770626632 563.765971823939 957.6307474036619 -515.3924297171521 -993.3128927884949 378.5428863583056 256.3748620093279 -655.7057384512543
639.1019679574365 756.8544833094707 -912.1905249047073 181.6164660865204 759.1885076242427 331.119348794133 551.2451045663179 -135.53773718670482 100.05025299382532 551.4209796758005 154.2022175714776 80.1585286720217 33.86328518810387 -61.76904461620097 748.296116274418 372.17155867542283 -83.72145013379952 -233.7362416235826 -121.74284039673535 680.5578511285621 -327.09332225585183 453.79142340657745 781.4854777455587 264.06906268499574 70.02786612815498 672.1220551618894 386.8155540971047 -53.17619023632369 317.48376402213853 79.20293820583811 509.7668115734168 775.1545051557639
-764.6790601403127 312.5652063892546 123.62696800636445 -373.0416415748672 -985.8802015360833 -56.03827223543067 -725.6699008794831 55.87698872624833 -661.3141166285386 289.41173141736795 831.6929819185286 223.79826206178814 -278.866663096706 456.67526307808726 747.7090779244727 962.9328582958262 464.43645295072224 -785.4078499954724 -312.5849127759699 304.0226183813204 354.35206577502527 -150.7887165943023 -214.69210157637406 -662.145641061767 105.7765989464292 732.7671896609318 -236.47344108323875 585.3960528847751 143.4120892763881 -76.77279894321919 -835.881327236149 549.9958464232855
579.4481004778859 -322.04513212491986 -740.2088269119853 625.9050632011113 369.69028156892387 -355.05666665705803 449.9655414835904 91.81082849236941 -892.6249012240395 888.5071198146152 561.8199331330634 303.29395119505216 -252.0468646776535 -328.7787671883651 -52.382209001998945 116.96679402040786 -865.0582850696749 -749.1076441988349 201.94561177927358 -355.6368503993084 -741.1387496194934 77.3291637702489 991.2815611513176 -986.1995203498279 -568.6020554668587 -587.5334474208489 323.5028828197478 356.9782666202152 -108.02849810602288 -785.6802514790324 -350.16120988014836 611.1545495159087
79.61236075314287 176.1174203061505 -736.0093896696507 369.6132687488041 -943.527985634834 -97.5233867985778 -545.2103502128467 -752.9142446612325 -155.56204755483827 -903.3434976933445 380.69765831815675 157.51051221904754 353.98262646244666 779.1929220678658 269.7568621053631 -418.8326631266242 -349.1431287129851 -88.35305634117935 627.7964402700693 776.2285000387335 796.42669721841 -43.75072053014753 -847.0673853304764 -588.8709762995747 257.68302437981583 568.0916447507761 218.6941087711598 627.1484472882062 141.51000436106165 923.4515173723566 371.09807549476227 -131.5001407659322
-59.05909483513278 691.5699323944971 502.0252871269074 -434.27275154564177 688.1006957983489 900.6383616888522 252.36565610308435 221.50769360614277 -414.7850100118369 -625.3184861819036 -954.0379250929825 130.10258365506888 -993.9092542106187 -498.60578057283544 -868.1014188059426 1.0739169991958306 -784.879276860255 40.09269271455264 -597.1114242010896 484.555157666211 -315.0506667790087 339.1642806777311 755.731923198334 908.4536540220106 0.859549090051587 -957.9236967107405 972.0582133726325 -454.1084479899655 257.1923379344514 549.2831473500703 -498.0965475928969 187.09455893783843
-403.2929499136575 -15.314288019959235 111.2930557343152 -832.6533693620102 -545.1522906955206 -815.608570352349 424.32321845549995 -360.10329717302693 -763.944402114207 723.7223753611916 -923.8349229288154 569.8323682876187 808.5324033678198 787.5168110862014 -509.8866447549324 -372.1127463223428 -416.41287696791846 -605.9778272795176 -770.6164803661521 -914.6274850420251 989.3058997149217 -320.949571774388 -499.4568051239756 -58.23078921144622 71.78774271957559 841.5216117192156 -447.5483342015383 383.6308896049154 -830.6274059812315 -409.6316962717243 -599.3772084497804 92.64832679278788
876.6009094405617 -13.20300985410654 -904.8953690767487 161.55596798975898 625.3161232566779 575.7470737266603 -216.53181974618144 -880.7429740837689 974.1608093037378 -299.3555309906957 -464.5532256844891 -167.279729849747 283.32069335894903 -338.9128217404991 836.3051822196319 977.3153123295701 -126.55029695543305 -489.5654584692437 939.272363642644 -766.688731600294 384.7763738934418 68.84456753592963 -476.92783203738463 -505.04290751454886 -524.7171982747283 -849.8884913268025 -855.9854755907866 492.8954461537978 56.82050969177749 -82.34024596586357 -515.2971529114443 -381.2265899907883
-951.2110568044958 482.06370526648834 -7.253029719129131 -175.42832083319752 -503.1687433811634 269.0918145378307 -593.8122377169393 -206.54329893197064 -442.4421359910484 127.24047165824595 659.1114073873969 784.1603680996063 -458.384100413165 -797.7357692912373 324.61527239017005 -679.9996045004247 -328.3064577039985 -668.549027658282 -840.0372673570291 58.17270075278725 -535.6333192297004 208.96324186741367 -616.886180310033 421.0870198633306 -117.76118051270521 255.04518850207182 698.8509966726783 -54.86247138168494 581.595460676757 -433.42622066394915 289.26456697006074 282.7289300400312
782.8509411671221 726.8896808992954 -895.9338994871578 740.6001521141313 -249.01103814245175 -955.0556412578563 621.3032282336669 937.3006483269744 109.82399408122455 -785.569425995938 182.04348354365243 199.33698914087222 -199.76979059294433 818.1353119053961 392.9647392665106 573.0531743457921 -798.7364853254663 162.33731584989005 883.295939082124 -851.0118326356404 329.4581580057918 11.609734777463132 328.06068926527564 140.43521432555508 -435.7853034713794 -372.345711143258 999.7289162906977 -376.46281946200475 332.7989090329377 538.5622776711707 796.8987194286044 -573.5725359909125
-378.89679184911574 977.2360398610331 -861.9768604410602 -159.64204478687225 877.0271040623845 -560.2996172581476 686.1149671095886 593.286992467139 -818.7744766472749 964.2770327425178 655.1127038189823 -679.2195396409593 -665.7054735129626 -78.57335500208569 498.6271409058354 -18.86193850176653 -270.90192873490594 952.4675380845013 524.8112797812325 369.87071992925553 226.63813327326147 960.5504792923257 -865.474773557692 -814.2262974100065 518.1026039602061 691.4609207199944 -153.9258849736717 132.05034909631195 -593.3986045948772 -633.3488065344006 230.64568649467537 -879.2835887212289
47.667353778388815 -186.25523990046975 208.04156449878587 -271.61324696361544 -638.470555751 -36.552502633240465 -988.1730775984425 -896.1792021419496 -489.7315306996699 -987.6355940725372 -917.4131032490693 80.56558770307129 -514.6267767361292 373.92079109824635 231.08393612800455 -245.08625856373305 -806.3404550162983 824.5793123346391 551.2489086070702 286.1564373015419 980.9573677416649 416.02160127161096 238.83599817059326 -274.89841678573976 37.36109149435356 488.1616435461867 -212.86522067061276 -568.2149519072783 -802.9773474890085 -218.51229720862887 38.52066841415012 -932.2553251942373
270.39561479443955 662.8597263800805 -871.7579046161745 10.363193839574024 520.0412050966595 -360.7404426046545 -613.9124452964076 -189.58548756500738 -391.2016420901076 -702.4291798867723 763.8781409673711 999.6264832141683 743.0010344213886 497.5293055921584 -928.3620963456824 629.7119886612747 -424.2430775215263 -884.4660626540655 396.11714168052595 -477.5790481223594 -334.7691870926759 -18.975726659091265 854.475299680998 -405.25655439009984 -575.9901775677519 797.0754854515967 -118.82092712033796 -443.72969825560335 -473.35817665493596 115.29729563768274 725.4225625342212 -840.939000865635
-483.90224488550234 222.54969832463576 -190.19698679976636 178.74517981190752 -136.8112938090502 -294.69186498393697 494.6335354135206 -114.62026029961339 -561.2807091312748 203.32036400947595 390.9891488575954 435.43301916254313 347.17702151485037 207.1542836691317 -157.15218287625055 -478.7068628806172 -421.86261247396556 757.4785363476992 92.62905631730109 -489.8640092658584 -364.17001538786417 626.4087671867696 -984.625336694777 583.5379343463749 -683.5380310594272 -94.74162074000537 -298.0823846874821 844.2800230719681 -412.3342851198091 -508.4081456115306 -506.5800072022697 257.13206139970134
-76.20202068270873 -366.68511230139495 929.3032368928109 641.2820801934654 -997.8192940034556 -451.2379892400611 766.3357438271939 -352.43994400750967 -890.3379734387457 -367.27990247783055 102.45486919199402 854.7614639211511 448.93883867964405 -228.71950593151587 527.9051059488258 550.0787235292257 613.044155191528 -193.28828305657714 104.03559064680235 -62.20353270896646 940.8098897112106 105.14617638320146 -905.3239810993467 178.2931677175277 -37.276173284859624 -846.4159216584817 -43.24661714672379 41.035528931219005 990.0856048252517 -966.9388106679706 967.8315943966645 -703.0635112863242
376.3367410643641 -828.3797967562246 -622.9655306263146 301.07456769914666 68.88186963047451 346.63982262570494 -638.1386123255875 446.9565767624804 340.61749408029027 734.9387871276992 -794.4010556686299 586.4590741671627 -663.5392284423896 262.24260539314287 139.4633182792145 703.2179227228266 -638.5355131597971 -276.4773304098394 322.2680374960744 325.89033409235776 492.68855472833593 13.423228797150045 -957.3925297110519 625.8368946769267 200.4689286586654 590.6260140530894 256.63276745765233 -42.371687641361746 -691.6842374282066 613.464824666454 -374.715686957461 -985.295626351035
217.91077604033967 -555.2676871462829 520.5791192852739 -495.54139637595426 1.8251224867213978 -26.113459901607257 -621.1610544636417 -331.0615164417711 -730.5787661140816 -515.3576184890336 424.27001658617587 649.9368451651587 828.8548174042135 -62.05697128390716 -124.17346577917442 347.1658314577205 512.5815019686352 651.8119697444704 989.8924947259254 -493.32083338575063 -574.3947152510241 -357.17883245291523 348.8468332599282 -74.87403607108024 -708.036234249375 -554.6653742389774 -639.0299922865374 -81.73882215161598 -575.7804515142934 -371.1321084771937 -467.91798354081095 394.1688640709533
-963.6831442829886 198.04747292813158 184.41591005854116 368.8740313007197 -773.092486958515 817.3906504984723 607.8793160851612 423.760936361929 729.3112764693335 650.1704766343071 924.2613775580585 594.9867964067112 -346.40853615598587 656.293742488715 -920.5223505219298 531.964338474032 -814.5673727353826 335.4720277416616 -445.4426750011436 930.8360902637055 511.60535587006416 308.37615052642445 576.248530928696 -369.5333965579448 -507.95208562451523 260.56303045681057 124.15388940599746 -544.7512575425715 11.05859505546664 795.3923166486338 426.7985151099215 -478.9361359224056
587.2980203025115 -723.9498409487524 -251.21003057228734 93.06104021921715 241.60350220589407 -609.5969300745369 -282.57403721383673 -173.8317366104029 -359.44534728033875 865.342909063698 -555.418796748057 -473.3149519067812 -103.1497818876212 414.95772527731606 -882.4743129977337 -272.16590439095705 -828.263850409797 -251.2959010362856 89.62102738574481 723.15075420018 -812.9712781484266 492.6345963289257 445.61191208825767 -861.5017438633816 -67.83435997663139 -256.6719593118121 802.8136759334689 166.22237575186523 400.58659999022734 833.0539433564734 345.83537157970363 -778.5390662566062
-163.31969544580295 340.85337665598854 -325.4445565796234 833.1650523346545 -855.6817832553487 265.078861332649 -92.17510103732104 862.3016628220294 237.11145627922792 -852.4427361668696 306.2418876741044 -729.1120098514061 -761.7688250993871 -531.0345242564956 755.0246085575909 -589.049652222928 -402.32896613587263 529.4135061438235 451.53320476436693 226.60912514781808 313.03490181379084 -479.1741072483719 942.1324324593061 600.7332032065601 282.09198695811006 798.1217328683172 -136.98900018831137 -627.822874255947 -163.46265973605512 818.2706115693234 -628.9469980137619 -256.1340460474097
967.5984227348108 81.41384010820298 334.51662113893326 601.277853058346 -216.40453440996941 -497.7229087029882 311.17667709561783 -716.8619264565597 863.5830266247235 -266.54180235721276 783.6546730763882 782.7770015690298 -795.2618193207277 914.5688618770369 -701.8413646415664 774.5216501783896 -423.9850405429029 891.3964113374611 -934.2357273513102 460.5504810636173 111.13263153704952 971.4601027624026 97.90683364150141 -10.981656728415146 -506.27487055520936 -935.2815460158826 22.834004790037056 781.7705848640351 23.690210494534426 -692.0799469472895 -704.1351020322209 699.7045716187272
30.364848382325135 -87.54555636093926 -89.56484639111557 331.2914284229505 -250.36244582264123 247.78851175866066 459.7415734438357 -926.7865271384057 871.4891017412274 -764.1013996306236 -521.3226198159414 -298.31979490040953 741.3825451758723 73.13289580575952 335.5414952568283 459.7206966669414 43.95011652636185 51.51045351163657 773.6661816598332 179.81312579490395 -240.5871195661373 357.54686521103554 -917.5468472601863 -742.840313913033 929.662027187085 467.0209339318824 -436.10558817742003 -700.1702962998318 952.4398430904637 -72.85090863842618 487.67807715296794 -323.2525145249208
711.2219302280791 887.6256020832393 -727.7899685366278 394.0824618438544 118.10174602877919 220.93904842910183 -110.61589640390343 -635.0364549278522 -956.9303391915267 -343.2246115971136 715.4115491705031 -828.958509929168 -124.30366938536758 -657.327557390714 313.2866003377153 938.0895788779123 -315.77161935744664 -456.82745947373076 805.4786335339738 739.2380558501468 928.1080770477322 -944.9186697862617 579.7206546281598 -944.2794113566961 -969.4342742670594 360.41157137420146 761.0229765110391 892.4215451397079 -760.0871346941956 -196.7817724737713 547.2951354528741 138.50171634625417
-230.1728742868312 -750.0130532167739 -384.1057213085875 656.7098947762147 594.8837963782491 -780.1065115970705 583.1720831206019 97.60330741400821 -679.1865423648509 -416.04650902667186 -628.0287661092898 768.0078566271181 -154.02557614715647 822.0069354928046 722.806954636223 707.9622370408385 -413.0452108087319 -443.2810902038051 -959.8001314311114 -20.210764572179187 -716.280936850668 -889.5930426014127 560.1079087854546 -942.0459114350823 320.0169417630268 153.6914699520703 792.4027951104408 483.24972700602643 642.7588098715457 924.4382399660051 -753.0899195088292 -604.1298629600822
903.6071987509208 128.5104279118725 -534.1864638198201 194.42501406684073 -952.380441324376 364.6462258433676 -584.380439898023 480.17217314120353 -67.53028159401754 -433.3614999645672 662.0813846742597 793.2785996405785 -434.5910540610565 -381.6276347206277 46.944822998723794 -143.08752678709254 548.0785977241796 -192.38843394581954 -875.5897236709582 522.2713236243687 -151.2733431028006 -500.2571794347237 -746.0626400905621 893.0986697504754 218.57984147081834 -769.3890387241673 944.4226196686614 963.5967684981738 -301.4400931747854 -450.60960371124906 687.2152494976942 671.0285852681081
700.7788846526953 -885.6702284034039 -886.7770561635242 -949.2911236255514 732.1632614626615 -649.0664186755748 -608.2913978204494 -696.587061569327 5.520601596345841 -424.7412130725389 970.5197504931921 395.87113855383336 619.3828612659013 -955.3725405962003 189.2539601199801 -112.87670238768601 -145.9234382733316 -261.37563901639305 502.4618664279849 986.0869940157852 -256.86466075569194 250.52315477740444 -58.02043462862639 -827.4827893038006 317.4691592828151 875.6159518190398 -24.274511566697583 -190.41163144637312 -606.2969030029392 120.34932853078635 -1.1711146067287928 321.2283067330807
-43.290903690905 168.529285189775 -797.0498071550312 -54.619354645685235 202.55423600137829 692.848289013494 -772.6060667008101 444.4121729425292 312.1385173462684 464.2947441842755 -36.714191514023014 713.5080223824637 -41.13058963023718 195.2308930920458 515.9575806147925 371.2600117741438 446.2264705065513 -700.7419925754313 800.6288198400264 287.71259550900936 885.2114623221794 731.426433395955 -542.690992169471 956.2912719894725 598.5029076308228 -655.4383623778737 -535.6337344332471 -966.6440543007404 -376.0222900319641 -441.66703469418997 -200.71606089460886 -506.57005664938004
427.1238052910419 864.2668589993998 -255.189285703888 -255.61639330108505 -295.7509010144528 -234.31165921944034 659.0273728745856 -84.46968837588201 -401.41327351393534 -650.9158593373572 979.0258040816618 -442.5439291436171 -934.8824217736753 778.8208018211926 -961.2937527122136 289.44478727091564 924.8762225784856 675.4801576148627 -117.49985567629165 -762.2657680801967 -637.8773293397344 -762.7167165376727 -697.5615639786361 109.30715706664137 383.15856133211923 -196.36023652125027 463.08182899880535 88.74408878014196 813.5202698773337 -105.82016110477684 973.5226421888535 1.335285932777083
-474.74319130587617 -481.48858026028665 178.5580160417005 334.21258920438913 -208.88293380509015 584.1651604650594 563.4249510158511 280.7753781502638 -226.6412589411202 272.71669931071233 -356.7351262874745 -908.9070601769109 153.63632965592342 251.16348125355216 -771.1066737158851 -64.29536585703113 -354.4159919117684 -160.58469421010477 724.4425887257103 689.8720232765322 820.7327084590795 482.1033881763183 888.5971548457619 590.0036143173675 686.075162677743 -666.8360722198654 -703.6157296803956 570.2153753872019 452.81693508924695 295.23202079528073 112.16029790376297 -411.00687629103345
-761.0210138043063 726.2968093186278 606.4853012323154 -439.4145230943336 530.9954813029528 421.37514463552066 -998.0765649638926 -22.818180087076144 -390.52044095408473 -83.95802493093754 -846.353687043568 -107.82547333725302 -5.393583466379823 -520.1479069972547 -534.7842265632598 536.7428644347633 -970.7351173954097 824.7492795057133 -51.7468453131213 -911.3986868155574 -552.2572087035735 -450.52691312993784 631.1851676621197 158.34765208485032 -694.7337315360637 751.3009311106302 -625.5394579207034 -11.511460729382748 -628.1482373619687 832.0530746760476 900.7457001623391 -581.0106885462236
-931.5707539446289 495.11121034387224 -311.59320238910084 -170.10642403929774 449.27854776399295 778.5077458164899 938.0754184498057 -22.038203497905215 -730.5668603921467 -575.7743654609861 -689.188096621983 -274.26653696057303 -660.0904078407964 809.7799396091609 -92.48070225287108 -362.52436359847934 751.6933670183955 325.5144659678017 -772.4741312987582 -684.9469410497868 614.4705651715219 90.5476662935755 -115.53092333571999 244.5485990528009 -940.7703428764252 -111.37667924730363 -11.194584444278235 426.4110654727174 528.1226610517922 -75.76384716363145 956.1119991468652 272.58482441439355
-203.69785108800545 435.67067200783094 -421.4515140071287 -524.9376597849312 796.0135904335596 -613.8666281036365 -827.5818834830468 850.770912773163 -997.9618706167508 -505.9590864279473 -313.68057268117093 625.8791985873004 -182.1095553788159 -625.5120702283268 -542.1298436812488 -644.4899673152375 709.1009953651057 -780.5188343157204 717.2029558180084 502.2211775854048 160.66402977539929 241.98484627478138 475.2876752365869 -494.168533198831 -377.5118282767154 379.8074277014698 -599.1333247822129 -446.8768639198013 4.235557085803748 -745.1421774605984 -402.7326895581857 -820.520305049367
-773.3204007210244 -459.91887846653174 -84.86004289056234 -656.3116039397978 -891.6058516317343 330.1609133870795 923.7343083708727 -837.2094255542357 -506.9189775777998 585.0267022984042 -742.651274295677 -770.084226294669 -319.72184257401625 429.9659240952419 348.56844002856064 -833.3119599635111 345.0319180971917 -941.5592641073596 538.4514961258501 -394.51403981851035 -922.5818014668108 78.74177772649477 -873.1084459945235 461.11359351250076 -690.8465147361942 -707.3845077217436 -302.06252192525756 -5.257955776785138 -631.5515555074403 339.60630537533916 -536.3847065762254 -384.9312038910226
-763.7132509543321 279.5467808088638 311.6686166152758 -178.0435762431989 -19.333518670496346 -673.8683264724218 -190.743986226581 -196.27780183401876 741.0401658179321 827.7365189560398 341.3761024149878 487.39133304515985 281.6421324319722 293.32019106347025 -466.8211603210051 -427.46915339295174 379.13661390756533 384.7633955231904 -973.0767165385814 -713.4530308366859 -422.0126997205682 -869.7822537957734 -829.1634966350337 -67.02036248740637 581.8057372610385 327.20722904189915 -751.2255922161115 -985.5449692946247 646.3000028731942 -30.4835726186858 977.5340168476425 210.84403154177198
631.9674659844247 -518.6615769685219 734.2677129755416 -342.01662993449827 -676.2699960340932 343.5933341463117 600.7929127501723 -893.0373733484564 944.9092900817661 99.3016657119656 -124.0624990718868 -61.425480228844094 364.4303631314774 496.2626220590648 -889.6968873919316 36.7515679715475 384.6589201709587 -869.7281820690835 -22.403892602152155 -541.4203774899518 157.53199085829033 -191.9757098475476 -717.4160705487469 -924.5963942159648 798.9314497533057 -364.43287887217775 -705.0707944470529 934.2147104907858 196.98516912176638 252.86629246462644 240.07259067650125 413.3740464288262
697.678529400368 -265.60140622292863 -854.9027513273055 -970.5877866124245 -538.9361746569145 702.3464643427201 300.77292456411055 -900.6058759023094 -178.36953048797113 525.9334862663688 544.1930208722551 -98.4084679814639 -285.3509635613658 -138.47267290290108 435.3691755778352 870.8383994689489 -423.82527203170866 359.53088495870725 252.42232750457038 42.37885941687637 140.3078604086777 750.8614898429018 353.7175612915469 74.7463719362288 856.4827005090797 501.9632211206499 -291.62376347733425 -326.1108161178255 501.281801482565 861.3740478554976 166.6407347262534 -419.9898896670122
626.4380461002074 -122.32008375053249 -298.634663430362 -701.650487914403 -124.66899496537962 813.1333264950222 383.3101667157807 575.743633409445 -930.3717717537625 607.335054506837 533.008398613031 99.293439991671 205.77411157890765 -953.9064820699099 982.2049979962242 516.3865395104472 600.9831105887538 428.27457475056485 -895.940164956015 -334.22190146734226 503.89009262521836 811.3876360005388 144.21405956051194 580.127110420123 527.2573527987859 -547.7423199225552 -153.5500061531303 350.7230461601059 675.9706557130121 -351.97274385451885 980.4988477253917 481.39881626299507
-893.7534155453766 -885.8343102230823 -657.1388577235448 505.6433151525398 -194.82318074363002 652.4118501928513 689.0730783916533 535.2997044705444 -385.71133003773195 485.1704941756352 99.52810532741978 -86.15594297410235 -977.00162919966 905.0530262093403 395.39780128109237 108.64836482201144 128.78386854717678 723.2108212665848 -168.83711566533725 729.9272628636002 -657.7081189095372 52.23404451954866 152.3417170607022 -358.56203218798726 737.6476123042164 679.946182284621 -660.0821057398798 -681.0318408671362 646.8542048376041 -325.8146391369838 145.502506254767 768.4942961521622
777.8125023437567 72.47342202295522 671.9903952532459 -204.92281513294517 -222.82988413352905 152.4878857316553 -322.4022327228548 618.363266962878 688.2148225940093 631.2825607762181 -789.0358094015944 -337.3617993897435 -264.58421390472813 388.11271268092196 -359.6388360367988 -898.9581013732366 568.9026490990145 -969.3805576049122 10.238116829941646 619.2351058675622 -706.4994072507269 -631.8859626403882 -109.41953119352661 -40.56672881440045 -630.3672022128757 -375.5592829287899 495.1013274668028 -518.3661439373634 -436.6084224282572 707.2228787605695 -474.04636133630413 568.1471915660811
636.4499721503103 34.12929895547609 -764.5010406793757 137.9326313381505 155.4040712061385 -912.8759983355563 669.0796926784155 -153.03056131832068 287.11730488133435 177.0850404401367 -27.672196462282386 281.19169231145247 177.15097686523177 -857.1244386233175 561.3978267516043 -731.9607960776051 823.934642837278 -228.65896426026472 548.411156087431 673.923519028813 897.1139587464118 617.6637272028802 57.07790493047969 704.9966038865202 -860.0021095194314 -61.81253443863727 -514.0640766606604 -998.5151730250475 300.8573265298603 613.6536427241597 -654.9957803622892 -945.7651881154259
817.869690712489 97.6474118405365 -48.6805021264729 905.5005830582854 372.0956041056543 756.3033713782527 -325.5678981521122 235.87195699427502 382.22264998061405 863.6651551681186 465.15387090600484 81.87622167620884 -352.58888643052956 617.5949724299401 195.5235508584069 896.7121558007266 -721.9392208525112 -460.5595530476345 -830.7932959116058 -309.81641114121624 37.08101699106692 352.215735815013 -469.25748629804116 861.5035074307198 -832.6108162655579 -334.4890819871873 -579.8480407141826 -165.21239505793778 -883.6182125676697 -300.663807888287 -620.9263086584631 436.3622242530198
-851.3423662023824 641.5940981137376 717.6334038809305 -230.8434448345506 -738.6863104231259 950.0145961896524 -854.4563517072216 324.84621825896807 -155.13113604457862 984.4499351730663 -482.6352383563102 -115.50711023895667 312.9820507819593 881.0294979109917 521.2161759542605 923.8201216794739 410.4370434516386 411.9325742323674 744.9591960715561 68.77840332927303 866.9505598405867 351.1485151832426 -250.56554855011348 195.97085831766913 -125.34103871090304 599.4916697858321 -665.8483265647594 -439.9358548192321 -136.08771277679034 -769.1095454702977 -392.65059424996457 580.9837807973718
687.6152553480213 254.43492699668968 140.91352026675145 -358.8885314519441 -620.3096461959576 -738.500624998973 -863.1855691157717 978.8735250236352 631.0077943427434 695.9887333351628 775.2975518102351 -403.87774388750495 810.011162040548 18.65829027100949 819.8766612040615 654.0011292202842 426.5078912525273 -831.4237240320937 94.50202787083686 -48.659215464937915 -952.3935212682672 117.97371026143469 508.88449312779835 770.6691322581207 -169.87811371435703 -593.6345752827717 476.6554984695599 550.1037033849516 -671.4222976492003 -767.275415684672 433.7720364776019 479.1718231924467
-896.2224579195772 601.0327535821675 -43.603917469308385 -903.0952747405013 428.2788799581069 -579.5228845805625 654.829914084062 598.8130622385233 -4.168438793154678 -877.1518623044236 961.9739437028081 376.6262569807932 679.2164539753187 253.65298979730574 -226.84783419331688 -931.2772647498268 -421.9689551456496 594.7343673834553 -197.3225278009072 -869.4387748231229 291.3993782786147 664.9301783270346 -985.095802300819 950.9257874741834 873.1452434533278 -910.999155862974 -943.948974783201 -704.289442547835 -404.9018218559095 -571.9027654062177 -205.0383830346525 816.2656627670835
-283.2207742249193 -253.81019880297288 -261.09627611374856 22.35759609349759 -989.3090706619876 -237.01163166128958 -175.13726060275076 -252.8738972946021 -183.86381419698262 -984.6247992878399 -987.6319800634843 -263.61699295584253 167.19122205295184 290.2591495310987 831.0817616222344 -679.4648717067485 -290.764823253048 -670.8673850385429 -728.022099528225 308.24487024273094 15.242193402298767 -53.89754140824812 391.9932971825649 601.301459878471 514.0848922112223 -677.9862187180408 382.88582595279877 316.4074644543409 -609.8923204509805 485.5963867381738 -768.3206833531249 187.76764285784316
422.05146334523874 499.47079224006234 -150.69189412819276 784.2273330189032 -80.0705327030737 -713.3696133530202 -624.6550648273852 -74.82980795768344 953.2528744525785 276.75025620353813 -34.514009645748615 -899.0797399626449 -474.14221407254377 -578.6671758597129 -941.166314512333 506.11630597353565 -391.8453311742403 417.8068706735039 -872.5686286043576 323.8679343304002 184.69938390807215 -699.9490643328159 212.55736557681462 -818.0091893138983 150.00782368331033 -83.53754611472789 -501.6711623377586 -427.4018830978208 -311.4706902701454 915.1011000425362 603.2724746703748 -523.1391527277236
-15.945888092755013 452.79697794980643 -703.4223602934688 434.7397785411936 -73.39773584708053 -825.1487922811589 150.2037218316682 -354.3151331601688 -836.7444673130333 170.6307769799089 813.6144219677069 -789.5498971396269 -419.9980542199295 -553.5944509205435 -787.2437040612681 772.0728855119448 697.5947736386001 969.7265965902291 -632.9823617636259 264.0082909448313 -723.2431465384052 -608.6834367219618 127.91957091755785 -312.7875699028009 -586.8133826368987 -377.74291281548903 641.8899194639896 880.14899040914 543.8749368772787 -357.943792421368 714.4917368482286 583.045872605767
326.3768135646328 526.597842658229 -46.86747636739062 240.18077446312986 -732.2308887959996 340.7641664618884 940.4029474305796 -80.62915683424058 -24.221404591511487 -455.8230440303972 996.8180329725863 803.6169279188427 -164.5238626545962 -455.06879657254547 -164.06501777849883 397.22635221337146 200.3840083631692 -790.6754882617344 -674.5664007623458 587.6327524204928 -286.4509310577581 834.6221808899115 660.0817842483875 -758.0050618604888 40.02367376006782 426.7904596046253 -353.98871924715377 987.0967938486322 -963.9458011172226 -79.75621084956128 470.02869720463514 856.4963691690848
-346.32337415220366 -473.5409005293552 493.46479922296703 841.8802632842753 -81.89250301489471 -328.2806275835717 -195.55764714252405 379.79285706986343 -647.2796596984012 349.6995158248649 508.81070615024123 130.2332949460158 -727.0812370584931 761.6088817988727 472.72115603390057 -785.7431623247397 554.9493703720789 965.2760969134315 751.9143401208398 664.5235253201506 -609.3007451491266 334.53378232052864 -332.73294882502057 -118.88798571401924 392.5647704363771 511.237067652253 456.0916481667057 616.3216696227914 263.43577484067805 379.9461533054291 -131.812955750092 446.270783508965
386.9148180325201 801.5548834276117 653.7363898250087 -729.4899969966904 -952.5006406433458 55.00183244531354 -44.39457573948084 -279.5759946003001 520.9006865951644 -905.9629723419305 152.7126654742167 148.33694087495542 2.808909454089303 452.0061338061844 -134.8453859671739 471.64796412427654 -314.56171943280765 -285.1718051251231 159.2772937982636 -968.2830435044872 618.6997349076782 858.6845154060477 775.6075996047439 335.7141697203658 -242.50131331741522 -684.1988875255893 -89.59603147491623 -59.72339779087349 916.6184499795943 -232.2896868488566 456.754849789495 723.407981093125
-67.15407747598044 725.2852164325545 758.3435681965389 -378.8312289156215 937.9191786229499 262.1792407888872 -461.08938036878783 -599.1030574198588 177.16293846975304 101.28410898248808 -90.57879272706964 -273.63313030524444 111.41461739316628 -938.4551701105141 -273.65197429756654 887.7902315497304 -644.680761768531 -317.5885931795634 307.94392692628276 -415.844723860386 174.09383431877131 -420.850078577564 -216.65982034311514 -683.0338434482421 -144.8298321649122 -989.9246153964938 -159.55474744932394 606.2109577832775 206.85637914331573 982.4476401249053 -115.95894948948728 997.3214270798155
-191.0988163686152 49.91725572300061 -424.1426226475336 839.7341682260696 -796.8611898127003 -278.2449809649055 -304.55966265146355 533.9468161216842 892.4806789046002 -491.2427211478816 -78.52995349805167 -595.646201985774 -263.9982825128242 -477.8652730640474 660.0533138734215 574.1177264297496 564.2606207605213 797.1476460164208 843.5310233259477 -530.7666059200906 -386.1398983502737 262.715335306719 -573.6412494405603 289.0984856596317 203.05853885324768 -97.69422801795429 -103.43479122209703 53.0104173374275 -13.65811349465389 -323.6730582408869 -541.7270761877039 -94.90042172071651
-200.48192774308382 -61.29151023325676 -705.1460651757689 635.9833032939068 -615.4323466262124 278.4479830720986 -554.6249649552747 523.2778612771333 264.7085566820533 361.8358239818299 709.120944450683 -134.97669718992847 830.2384995882599 125.86435860474785 867.4536021587815 -798.8768910920727 813.5778137327175 971.0490522881462 -437.30537292258794 743.5956193681893 622.567312980189 -58.12680657397459 -877.6570261752956 904.5320280865499 -152.20527666933356 888.3672240069659 -829.3956940601348 913.4297819616249 180.64024604820543 -303.65855791885906 617.4521584561626 377.9421332018826
-712.1426123455648 -47.91557926123073 538.2117197434295 -27.652167152891934 992.0950766591059 464.15754805166034 -164.80963111106848 -391.5771247167901 505.3971611609338 914.6683852282463 -41.41604984574383 -543.0397270384899 -186.8708614225692 573.751362456354 -810.7869914674645 -893.0634744357646 712.7907510587281 -700.9394873204387 -187.84956403350918 631.0720779186786 816.2605401206852 538.4036646358074 143.68101947237346 81.07964803179925 -381.75148682149086 -781.3804023788638 841.7933119678603 -406.1434195432512 -656.719145523934 -564.0934734231797 926.0172058499925 -651.4369826660438
26.382135857828416 -849.826447789227 481.2881161881776 778.8307901223959 206.3012004092468 126.40344252129603 64.28703200762652 775.0468589783577 -751.3851656417254 -933.5188274397939 -661.9066425360967 -309.3343227344923 -902.9623275783689 579.8809931106659 -623.5772590168908 548.9780914823718 -220.6058059752272 194.94493266747168 -334.14287722950826 -48.8489717788982 -710.4421371344922 690.0286624006433 204.64000966456592 -189.93788423077024 83.49758946116413 -525.9432052951787 -715.3097094591935 -398.98150503440013 770.2309291302756 234.98846069664773 -546.4404521531371 432.5640252007747
-748.3595195188904 42.12854636662405 -772.1498102632354 539.3189891043728 618.3000605682998 751.346667150895 -509.5492702482436 -676.358845556894 255.6763816460782 8.6685872873893 -835.1678040853033 585.1004174352997 -443.00155753786385 778.5999374730436 -604.9826347069682 943.2803080372212 -592.6456927514796 -709.3427880168255 440.1439013996778 477.9804641216115 488.2163815315621 192.12919505321838 -978.4296294447763 -991.8101413963518 -223.1770185109117 -663.5534736167554 797.8532208436809 -227.55908491468176 -430.52513936176445 209.58925671896964 -248.12384170631935 771.274514205272
599.9266317663953 -922.8093235692121 -374.7253216999866 589.7103643202504 760.1066789424453 -170.12146122693434 855.1578963890972 -960.993513351291 -254.7738765692402 659.9650365737234 -33.06975912112978 178.96389958922168 568.6108937330864 -189.93890404393414 -723.6302654412359 318.5584375384183 -88.54363165000905 -25.198486685710463 -568.2482963437217 46.94622734194945 772.5393830239252 313.0659450206763 -638.9482862567344 -298.1206814189661 154.71665632389363 -234.22327280735033 837.954662781772 -553.5639864304043 -279.40020952634507 566.5881785827335 966.4849074270828 207.49455295085772
32 1
64.86527121761446 339.6903826312764 131.74793934476725 -605.2476605126074 509.58360949316534 726.567025849072 -94.96731991813908 -920.0321791441215 169.40298505755572 499.53682802645494 146.50880728814445 842.4489036110917 615.8057925282712 605.9239801253871 873.0334279185574 97.57805320668604 -490.99722426805715 -143.1995376056035 481.8007359849978 583.4686842950975 -599.2085447175446 533.0978599132363 -299.0790615964587 -379.5941594734211 721.2573697595551 563.1635334631269 409.6316060763977 21.97746919964368 -672.3118878065899 294.1278783231901 432.0511334197215 432.20656803833026
