70 16
-3122.2548292952188 -1281.7772678591773 2606.1240791115088 -3394.860635188199 -8563.293868405746 -836.8000796003635 -4599.338534802772 4589.878692208675 -7867.450979123789 -5655.400636627573 -8571.657536060771 7095.18206175472 1456.2349185138792 -4472.584418866519 -9985.069985407044 8315.946130382988
5953.7584794777285 -6227.116627919984 -4110.768092323793 -511.7347483641661 8821.688718990077 -6884.3351512718145 5080.258106703341 1783.4395738792846 8472.722127477962 -3289.4249142020926 610.9738351633732 8726.177296725491 1980.293834129423 2186.678360017597 5509.417261773679 -6569.146584883525
-9656.251915875495 -9285.209983830151 5982.485141156423 -9081.73964205354 -8438.657793308066 -3957.5742584131394 -364.8346982732437 2688.6575308970296 2136.3887448114 -6358.121031018971 8131.6465172438075 -3597.592696399858 7023.133031806876 5374.021603723084 -6462.242163513261 -7724.426934491912
6076.716302599909 -9515.836181489907 -8122.442829555168 -1495.1476640414385 -8839.815700409523 -6320.662127372141 4343.096568937299 -2705.088561043267 2214.680784260705 1015.1597504966267 2337.92500825356 -1395.650606317593 2802.1137134073306 -5546.321563512666 6288.802355615106 -8523.105020170902
-4800.370154073261 -5854.115602561396 6996.861119825386 -2522.0841189430666 -954.454715002259 8248.06260730638 6309.839492793679 -6596.086620460435 8481.061291291331 -8703.088606506486 8310.858767545426 8642.231042959782 -1801.6075946795463 -8128.749265957378 689.346914518459 -1531.2075163505106
-294.1014351797985 1388.4960004759741 -1962.0242880116657 16.47580762146572 9454.395385848973 -7181.453942149141 2797.8022842377595 8917.240072813933 5528.373654606901 -8055.773065343419 2294.465743188428 4030.215218263538 2912.858406355548 5928.177290794587 -4831.864632962 6637.645249716945
7926.731845698152 7798.084427701349 -5948.721321397741 -602.2713877012757 7005.142533026963 -1052.3980900388724 -9747.81191896219 -2072.6276198607293 -1800.2416132275284 -9028.114295428191 -185.37900749494838 6249.4044264192435 -9660.509329529554 1192.381603219832 6559.592170553649 7859.895956982389
-5797.064487468935 -7668.324652825822 3714.5399440305882 -6344.943985918902 8670.274461308181 8430.892000059332 791.1640337492081 -6941.760290522527 -1479.5339200984836 2869.0896980205907 4797.430054579669 9859.071244574938 8153.6923441050785 3588.775366642056 -9620.924494193267 -6013.414708846607
-3121.6634196435807 -6836.23174472859 -1968.1394151197937 4909.392661170123 -9457.051273393481 9337.685246986712 -513.0982914860961 -865.23838546773 -7749.080023696158 1946.7416967032805 -853.7348125958633 -7959.516058662252 8807.614160690853 4053.02959375552 1086.054546043173 1510.8472592553826
1254.5566283472926 -6097.840454532504 4214.366965248457 -125.78012455949647 8331.498684587983 8375.537822648668 5309.508020279463 -1726.1061907735839 4648.898487416434 8089.594782333821 9405.883332371031 -8749.094378574384 6443.285279109445 -4859.353437670185 -5409.1626282268935 4193.970399240277
-8856.173884093298 4980.451865132711 -8851.723831511285 -2511.416993389188 421.1769505696884 7873.3794852875 -5327.802846187197 -7350.99426938346 9132.099890429428 7393.903345119816 -7796.455080947589 1157.4504087454734 4663.95526015422 -7607.4105194321 869.8368381297914 -1372.6131929281364
4277.473584219873 -2768.9389468083127 8038.367394848385 9946.61230647776 9018.27161573006 -4543.0994330503945 4878.315859525763 -8345.664765217545 -1920.5361090642618 -9194.445925668018 2899.0272579252633 7348.118901577753 1889.8045305402557 9095.375904826145 8487.187633036036 -9621.332011321309
150.87295525973786 -6836.28136581784 -90.04734164488582 518.482132582194 7908.645720861492 -2217.420356928792 -9793.135972925826 5817.989439359262 3433.9607596633123 -5968.79456509563 9653.592393175826 4424.297631127327 -3000.740941615889 2205.584480998861 1941.3013919253517 2757.1930808700217
-1849.0171082895276 -1350.8779300875685 6764.655725224075 -8839.073223555612 9370.060047295774 -6623.662404214445 -9692.51299379227 -2776.2111258478117 -4933.686259918333 -2828.5254448057094 -4095.921903689781 4939.967945071136 -6812.02753734729 4089.926841635661 5036.819074920828 474.3938799329735
-7210.186123878941 -7201.608508709589 4975.602429901401 -5843.924662690108 5015.141620334838 -9821.97504178986 -2111.1915273315262 -9806.069681087087 2989.3382357996306 1723.2138976677415 8735.47861105224 3746.6272731736863 -2547.0357620068216 7203.514586051184 643.6065095733429 8280.64961869482
4561.327387676723 9921.381551686722 5118.320139704638 416.34761474674815 -8614.70467861283 -1355.4559791079646 3373.491341757235 -2975.806180757386 -6766.675514566945 -7945.468672909544 4937.624420231408 3169.742828262346 -439.3567624433399 -3760.6037091587186 -5251.034698018677 1642.745063406117
5589.799645664438 -129.56465619497794 8779.042119319209 -49.254420088367624 -6231.389364851223 8026.869085833514 -1589.6779097019735 4231.293500374984 6382.839114995872 -3709.78943000686 -9816.935767487355 -2817.4202370890052 5026.087281191936 5367.881225530315 -9373.292456911002 -699.5218721758647
-9793.939520659187 -2479.689257676283 -1692.587657645301 9216.060225883015 -3768.6149561351613 -5755.445643997296 6822.9108404454455 3705.672205810797 5129.405436184377 -1872.1955378047642 367.4504676801189 -8595.395780489624 8306.990853267525 -5333.626282177049 -49.17782391105902 3522.4820494005635
-855.8006006376345 -4581.933829706626 9433.045869310103 -9232.328919088248 -3736.100950301524 743.5998941179951 7956.483268838947 -6870.343906309103 -1459.9000822435355 -1568.0274402494597 -9346.34348482634 -9467.064796362896 4814.992730927381 -9549.051973317679 -2313.533628943709 -1913.396029439392
9469.284485040462 -7982.345776387332 -2901.550919609688 -1722.6468213657372 5354.499534880133 -4974.103285114511 -8041.411217538234 -3643.5263840269317 -2001.5735907297858 1309.2337633881707 1696.9580959452396 -3689.1951142955895 383.0108034222885 8544.562037257758 7576.535366913591 -1135.2353896536479
2001.7708694659505 6344.426039259339 5777.453383158951 -3048.320509247941 -5697.589450072098 -893.0564790496683 7337.334412907778 -5270.795033565081 -7071.782283828996 -4611.369931655747 -3850.9599542355554 -8377.915557850594 4338.0005303519865 8151.298871913394 -9057.414606481769 4948.991666770868
1240.5130371591185 -4143.523199600616 2262.9914788000824 -2192.3685864622903 -2275.068207767992 2222.3723738317167 -6915.12359712219 9300.669979817336 1663.9879616355847 8172.066921841386 -7497.833420484059 -3836.5457911627846 6681.744805659229 2726.026498015768 9890.188109655228 1204.217279984554
8444.550885785498 2395.1224386881004 -3288.455565377868 3057.755153340815 5537.921842526654 -320.1822271869187 7575.445410072356 -3383.9986004447837 3238.8232764674613 6731.3354999231415 6950.464203258012 7357.121154504242 -4456.769177654707 3735.0550881953313 -7194.635740533277 -4271.506098544506
-7934.912070307126 -8206.198128096345 1385.097522175167 9677.876259912202 -1188.1252052617438 6257.938599139803 5477.376299965419 -5011.210944254307 -2093.6207899545707 -2978.2355180621134 2747.186831762945 -6096.551233050922 3124.9754185764614 7970.053564291018 -557.4927328686881 1892.6256345183083
2768.1781419934578 1387.0681374514752 -1206.7972691342875 -6540.445674834851 -8424.6500197364 8700.256459184675 -7400.491526886188 3815.376145936143 -7636.984734975385 -1841.0980939321098 3400.6733591813027 6868.441808377687 2834.8941067349606 8303.85744602489 9710.365314443658 -7126.129850702468
8720.546009077218 -129.26539429135846 -1518.4569274277383 255.90782946687978 582.4187057065283 9316.53801373616 9430.394635705434 7159.485504288699 -6609.280869749275 3809.797554220735 -3457.940873172969 -3031.032709209927 7439.664140710109 5718.340739513351 -6900.138434951957 5533.585343241421
-6679.522398483225 -22.40785008822604 -1204.5677885140067 -6227.560284754001 -2404.193361189231 2353.1401009805522 -6865.635604963662 -6374.462724909525 5504.176260965307 7414.070601703352 6462.344281581787 3313.5588914324435 -8442.436358320507 -6124.3742652818 6560.415052766646 9037.013248559408
5438.451736301513 4500.828606831257 9407.234811273716 9248.026092364893 -8056.579989045329 4040.6449884466547 5739.338806422611 -7838.528557369009 4523.98603731663 8467.40980018659 7006.573501500676 3124.1305425483297 -7807.158317001968 -839.6689785010713 -5099.775136462476 883.142716336828
1876.3554807537694 -9941.915484234514 9821.291490445597 5068.844288801041 4833.684836908347 9807.528941019245 8566.769058056583 9474.511849443807 9740.442766572116 5558.474598709254 1062.2263486514767 -9374.026141369653 -4409.474324654443 -2082.223111181709 -7382.963218024228 -9120.441060729223
-1366.0153265667159 -9604.550058410463 141.26926279569125 -1293.1575940853163 5693.084252471208 -537.4082888840239 -6527.502576042019 9142.3137395204 3514.7676387614065 9505.999397998257 1667.6738443377071 -5021.711804045046 6058.608239701125 56.356659666837004 9159.3948135422 3716.3753754815807
-521.0410786916727 3916.665331993727 -1831.1062013102419 9025.699358010785 -3431.0480490205045 1604.5399804398567 5540.436785635075 9226.447052194148 3216.2259807449827 -4431.986261055347 7237.032335221113 364.2378298435524 3054.2218460810527 -1324.6090344264685 955.2741084584686 7659.490105733621
9229.592182478988 5587.568380744056 -7175.681859615477 -7621.653030305071 7429.311995525088 7780.514025997782 6362.909751905214 -1428.3432072543583 9754.301147722425 -1541.0499282327055 -4943.682479538865 -2401.432936182342 -7835.07194337858 -9168.433900998996 -5840.596772846707 3426.0878979886547
-5332.997738777456 -7437.388096529871 3853.3702018643344 -9095.758873140705 7032.107229637248 -8038.665829973755 -837.4186729142984 -1289.2681113774597 3711.3328010747264 8166.7327567452885 3843.6263557492257 239.1248402054407 4944.16467888304 -9027.228425116518 892.336643560724 6538.7794418930935
8347.156331091792 7272.13595428372 -585.5697133978665 -8061.092044684852 9196.546423790209 -9506.51029679517 -3414.1155616377428 73.08348972172098 7315.197552372865 1080.0399025270508 9825.370504655875 -7142.618069346101 -9667.966369333 1450.8395736711373 7970.734755790618 8422.721050035172
-204.51070580624219 -8110.627100843193 1738.9702861427031 -9707.74957668362 5556.50246722583 8408.617640737582 -7901.131120410439 6167.225010112934 -4862.187331363734 4063.3960200757683 4010.49040125837 6354.506566139697 6017.937785964306 4211.099595300377 -5382.860270194318 6700.495137024514
5670.900930557638 8223.256170736797 -608.8854357547007 -188.08633839703543 -6530.449648099695 8879.534926011554 -4367.206991172199 -5388.891802856561 5981.981892901513 8827.446310217674 3965.6773428302477 -3478.909474298326 -4425.118289441548 -7475.000623840389 7706.144981423327 -9768.749427287996
861.2145013292866 3219.4881621295153 6897.321739443527 6857.200648996801 -5324.6657721006695 5063.326134350533 -8342.5419377877 -5424.012833191469 -9477.510501927412 1018.3503862546204 -9257.429758054284 2010.8554951304632 -3423.641963135562 4265.098331238414 -8295.131048310375 -5147.4957984492285
8083.886313337567 8535.462680287168 -7662.625826667074 7544.4809514053595 4799.318220314621 5205.952897863559 4622.27404486022 1026.8487661131112 3445.2519710063607 -4380.894509588842 -1134.2082560760628 -6709.0028345347255 -678.2337905704571 -6248.230082016479 -5645.321072874101 3715.795176885813
3230.4957722272247 2648.028708387639 4130.151719172707 3033.3695000176613 -1044.166275057758 9144.730601866086 -1680.3193124502486 9256.386904385388 -9106.814117918582 804.3012859088558 -9437.715919526825 3294.18688482811 9087.58864387948 6216.17593846493 1252.875840452125 5932.954048876727
7457.485325056652 5313.8202268056975 2040.8098346124116 -2156.8363321132792 -4933.676367037976 -8179.963610756 -3255.879885788697 -4254.40780507367 -3814.2133743466693 -1292.8200147171756 4992.286759494913 -4707.311662401037 4959.245834655243 -4672.478284014969 -7563.763325039554 -8562.654750113881
-7396.511988093294 -4743.951461370894 6652.440399020077 -747.3260793539757 -7336.344176633556 5112.766455521696 7930.471755065264 -5101.882655426723 5558.808188452067 -8299.71479111327 4065.830998571484 5224.4921440486 4428.095798723018 -6386.052706439919 1390.1125743809225 -5158.063906993311
-6955.662114838854 2220.4239271395527 -2657.0286971799615 -4619.7258548252785 9585.94982434516 -8700.640625177837 -1583.7697353499952 -5337.059581657631 -9677.518927430072 4766.943413468787 9719.410350041268 2574.2992057413794 2555.200566313646 -2105.3398909042407 -6244.129935706104 -8580.238242333773
4890.167028449343 -1790.6931538748613 52.752943253244666 2276.9214811847614 -3784.163392643236 -1313.9045676499973 -751.4026605395484 -3570.8904720861765 6853.492030447709 783.7651234387504 -2496.548190686847 5244.703851411092 -7005.047965651967 8689.25102034003 -9360.905057009044 651.3598133376436
-7659.306183585675 -4077.3457991568666 7802.63799838796 -4025.7916780018913 3236.354700961001 -3039.524074008682 8545.158129370557 -2463.4483362859182 -5351.902088499598 -6364.98058592754 234.0331169386991 -1757.2466372608233 -4484.023497211409 9455.984703475311 -9051.844451515883 8107.168260194783
2128.94283557967 6113.101283676044 6328.394121235158 9631.762035825308 2957.6355143152286 -3463.464896611854 -677.606578052073 -9447.099808545498 -7342.346344281365 3.759538289543343 -7215.2659151418175 -2066.8397418965624 -5609.120281879734 880.4849984706434 7184.178052167044 9250.040916677532
-2827.106944324393 7818.342634434448 -8864.390096093135 2497.591314052248 9247.342782940017 -4450.020215947648 455.0123806387219 1065.6713110763903 239.59287708204647 -6525.96914175293 -3018.26007758758 8979.07341511548 5073.901834906166 -1267.1454255273948 -1872.885138827658 -4798.632660157243
-6562.227203275661 -9566.742914084874 -4926.572912180496 -4824.318337237439 -614.0321756599733 9651.866146776945 -9206.989950957444 -5634.754688452584 5444.669625381146 2278.8572012303903 8789.055528450728 -5669.256591690388 -689.2403594067473 -7015.763811407216 8082.20500840672 -3818.3518407521988
9482.703525472316 3888.538401299227 8631.523949850154 -1859.9361408681325 -7750.819049515758 -4703.276884953256 -4315.773122687132 1897.9711643486517 -657.3305198280959 3626.1326909252366 -8414.823717376612 -8038.662031014907 -233.04719526291592 6590.237360322986 368.14180567281255 4065.207591883018
7206.320630083697 -7413.536687489908 -9220.091074810767 -1487.0658722754433 -2251.5458238212304 1108.5724448123583 -7836.435790627683 -1001.7315563331722 -3534.434187132736 4650.180439634076 -1932.4220696090879 -6931.581665233497 2114.5157551661086 6179.680084820389 4414.005455197712 -6193.194731749292
4426.7602212424335 7500.49826473798 9803.732861012952 6958.612880072931 709.9104610416762 -4466.639568129267 552.3163334903238 -3600.443639632058 -6507.923492095577 -9430.337277747898 -5665.497827739765 4739.52657269707 -6898.450780600027 7668.82930993586 -1168.0455539404757 -3010.7536867263843
-95.04652008983066 4216.134680610634 -7368.760813226329 -2629.6578513343575 -846.9561212869612 5595.832422335396 7573.107770567218 -7918.388663454185 5903.749927012765 9911.00661481015 -7705.362188100873 -9893.968572583351 -9792.13628875807 1504.4495569449955 10.55359874975693 9423.6891058082
-2127.4332678634837 -1217.9572776638925 -6942.819583057305 7500.937048693333 -3170.532649508519 8597.21934372186 7916.049415342957 1679.7343193513789 -890.4377164189409 8773.488588393233 7085.458943724829 6555.39634022284 4297.200412394877 -6668.647963871826 -1984.251580062657 -7708.424497894366
-9147.463848975658 -7890.096084035849 6413.473223842113 457.4918074392608 7052.986484117802 -5563.000696517384 9157.363447189902 -9635.263331652217 2813.4698913156208 -7126.79656241271 8523.213913668507 8473.479376003153 -7245.765136210928 693.9641548821764 -1173.7457945000679 9460.087389916982
4237.070856128375 -668.7064171312868 1776.4033720411444 -9907.47815993567 -9538.889508097765 3242.8309806532125 6100.024081543081 -1280.7881228960741 -9349.652360538776 -2310.5975669921654 -2320.021482471555 -9532.567798518263 916.785552331583 -3776.184229672568 -9780.871635278285 -5636.382750202797
-9527.911629141792 5849.715023829545 -6099.177058113008 -1628.6912072254836 5133.053151754177 -6587.510213862058 5112.269931735667 -2398.9287460808373 2092.82447093255 5571.360382800678 5259.302670685403 1137.3379766111375 8260.90630093739 7547.42670585735 3113.45209918426 3476.973122615438
4318.556348091624 -5252.991306300936 -439.086675841887 -7382.181008878097 -1761.4729572482338 3554.9839282944104 -1207.9347674284581 -9907.981355456744 -6347.872740092771 -8929.631193261848 -5144.978220750529 -2992.736944908891 2139.4558038263913 -3654.5345404014042 -4841.397598895174 -4388.2454845150405
-6995.43581135233 -6217.168424647018 5270.350969182535 -2135.724903310168 -4406.908575224815 -2339.7369015481218 -9458.532394642529 4539.486964987798 3060.0521427150616 3132.767537699119 -1769.6988929558265 -569.1124091628353 3543.340760297102 8294.385834112367 -64.55376202754996 2530.783668563843
7562.499501666291 -9608.711809724995 -9083.2621644506 -749.4853850183008 -5399.111546716939 5190.38075670145 -7094.087877424174 9832.276052987541 -6054.856806419586 -1899.1646301314313 -5252.292689522158 -737.2666271894741 4973.742698997174 -1298.8957286877012 -6730.158352551971 -777.7690940269003
-3605.8981070131813 -7613.769363121323 6823.1357848501175 7722.218531807284 8057.13426814245 -9160.802364968858 6917.548531623637 6488.521679251495 2028.7645406501815 -7739.819153987244 5621.447748489074 -2342.879853328941 -1568.674602304889 -2789.03472237821 -9099.226547572056 -8077.142650349348
2695.0549654903043 8154.041386535511 -1180.056443632022 9091.11334504989 3130.0537026783677 2142.9253340040377 -3565.1238672611616 1269.9826461919856 -5807.749959228885 -8713.123059889072 3685.1269920621107 7581.230656648673 3506.4045032561717 2186.001992884956 1619.6671478420612 -8685.159000833884
1510.795469094428 5756.7896515022385 -3849.2247349070194 -7940.0709490034815 -6062.951397720084 6083.93643512613 1760.9667806739562 3364.1746240404664 -461.4180203440792 5653.667770834967 9547.253562249276 9406.16901766873 -9528.644725377842 8790.050815131672 3049.361973563189 5626.474950475069
9244.947527319036 -2772.709250059409 -9706.672123195938 2109.534184387794 4276.998286670634 -4362.12701217152 -9713.788863880069 3823.09232548048 2069.465142502404 -7753.520319105527 -8892.055625901756 -8744.496692651566 8719.64739503021 -8013.940135053228 680.3158033782001 4876.885300564405
6876.70293851844 2278.2877270793288 -8392.961646704598 6085.589364019603 -2692.0166199399628 619.5057051526437 -9699.27432603958 -7367.618668200764 8019.094831079718 -7577.746964650995 -3804.4995549070545 7751.327674728211 508.62245957133564 6794.113300642723 608.9868576063291 6977.35631004515
-589.8565010396669 3872.206384132047 3696.46855439508 -9779.971608120833 3487.291100654842 -2139.3632619549944 4622.4971516060505 -8038.231409410113 5616.2288596611415 -1485.6123422446017 7333.837528829692 2051.0087907917914 -8633.73114821163 1437.334857417727 -8492.631602874691 6024.271408194774
-3767.833887626004 -5762.631426838787 -4516.603518273731 8980.006268409805 -3861.444711855029 -5163.30387722995 702.6841837138345 4611.641070674155 -7642.145608690054 -4520.60396003479 -3768.8549011820323 -1613.0769573632315 9461.305338856091 -647.0594795246452 -6696.33491866332 5075.884968781735
-7172.234143735974 -8866.998324841672 -6268.145747548544 9101.134510065931 3831.8526699167924 -1649.4319265711565 8896.268090103149 6063.070546243725 8470.01477793356 -861.8887977126269 -5614.424632130444 -2385.477772169147 -1413.2821924104537 6777.782753422318 -1804.5695213117342 3261.0199297615018
9655.310230398925 1023.033320341614 1175.4175428658073 8004.815240140666 5059.973192348665 -2140.2099802203757 5704.937287138371 5442.879299955046 -7154.628104986885 -9176.596866736718 -1908.891984366448 8237.77063031563 -2025.7325931053338 114.52477752597588 7796.723222548113 -9125.871404621013
-745.9150244564007 6554.250645808766 -3280.0241334717393 4654.388471260621 -1389.0762520933804 -3325.909976402062 7123.967264129875 -1966.5818888452022 83.47381540918104 4937.2664864124035 -4628.371533849889 4507.185419998717 6895.28304871223 -8186.206228808342 9961.80698300109 -263.0417556991397
-2045.1016046922814 7058.581428574878 -9782.098256084626 -7961.153504116963 3067.5122323794567 -1812.6472269384221 14.144304601717522 4013.8744000858733 4569.597172212054 1622.4706313383322 5258.858372545019 1095.7108792837316 8795.347024942697 8463.540024610607 2234.794304322135 -4522.012966175904
6283.844906529483 -8699.668236104193 -7280.919351666351 1238.2871965589075 -4149.145429621492 -5831.679906906959 1611.2243414026652 9139.815867053916 1825.3959829032701 -9145.491148404502 -7679.537160383203 -4128.93237091529 -852.0344083040654 8703.925118615854 -4884.775944653037 -5431.957598978048
1 16
-8203.326795093615 -3556.0392549980515 2684.8261615732663 6774.805239891884 1202.0376696134608 9658.472608121414 5866.517813452849 4397.20913742256 -7333.253754418334 7528.15997906441 4111.705423551 -244.61298440317114 -9717.574038107508 -9484.168271660463 -2305.3431033776615 -8920.453857780489
