65 23
-8015.253536265772 -5656.385997039431 5370.903069431453 2855.475424825003 3261.0087528259464 5069.483681009604 -6049.985807119525 9286.160014898847 2889.11778258322 3139.952953357175 -5966.4136447985165 -7912.192636799338 6865.702831868002 -3469.0946958943323 8565.355749073427 8977.985010604752 -9229.352330996007 -7066.751895701762 2810.88264747862 -8882.200738854195 275.8830548815786 6338.418302658256 -6869.298579981829
2920.818360493544 9886.705749577475 4042.882032011439 -3596.0899051439665 5847.951281237989 6133.1968273552775 -3363.8113232908663 6224.7618268880215 2391.4651338316326 8402.932462922989 -9194.369810743943 6976.657635890777 -724.486080179764 8534.570777062541 -5665.270696414235 -3389.4228226236937 7122.82619779187 -5915.411315799303 336.20763279270614 -5116.761622408643 6255.320911050641 6141.799189977413 -8185.559017462063
-1014.0658208736568 959.509826837233 -2615.8971409709466 -1805.2203560435828 -4058.1242862660692 3220.7253425026065 -4598.5193425010775 -2289.6590404245035 -8373.219611314604 -8293.193318200598 7263.926375556122 -6892.580722793962 582.8351706241319 2768.6721379732735 -6267.127164088675 1600.7622006410547 -4303.170563266083 -4510.863602819238 -4763.452558400487 -5533.258947025503 -1717.1413516189805 -550.3649586497941 -3247.300617381654
5658.942691043514 2259.2659633259063 4263.737752589894 -7277.343790516573 6663.520866707371 923.6218054131787 -5068.380010206112 3850.4638616620414 5941.804735634125 3139.4625720587846 9730.14075165457 8311.241437697707 -2442.3254853624358 -9868.606650284997 1004.1835304682481 -7578.287775291428 8865.363585848358 -7190.1765702171615 -6927.635981060689 -1411.1911103104703 8813.462932751085 -4079.2652550343946 -5171.495839729703
-5247.602407757319 -2131.110646455081 -7204.770385118512 -2222.232045187815 4321.042687836845 -836.3304590903972 2004.9158075796277 -6514.673768368897 -7478.140674341001 -343.79995569115454 3294.9302980201464 7812.917266718752 -1131.5787864622107 6438.260783464575 -7195.170107377739 -2901.205582312665 5640.581889384046 -7899.323181856909 5808.000069464755 -7503.37032717924 -2189.9645561178186 4439.617742319959 9460.093327907067
225.5791643418106 4030.554731560782 -1129.5773727140877 -6001.549658422036 -3171.739168477514 -523.7675229447323 6615.823872545661 -5219.519220307602 -762.9362228049977 -5757.5635392512495 8373.254101112507 -7741.343868316139 7877.272014340306 3910.711545621887 -2208.5661056930794 3376.862745174114 -9955.683508071015 1950.59185062725 -7422.508568465884 -1691.5613049906333 -7955.407606821945 3273.940336638485 3641.02969453512
3062.1476114084744 -7278.068399463846 -1534.933547264618 3613.535828314776 4848.373036970615 -3844.255141983852 6259.87288129698 -1417.2672362810408 98.83303372970659 -6460.845424082458 4815.665100541237 -1725.057133758397 -7907.45068604697 -4842.1636161079505 -767.9859586726125 6820.524099665159 7598.361668442471 3611.3199550213594 8883.271948446163 -9118.898275571217 -3641.10111813406 -6548.245032708793 2381.4932593515023
7646.67660307551 3355.893996979921 -3771.068443715535 -3146.1931518022657 6334.716373046738 -6493.0617294521835 -1888.8751036208378 -5410.2396450847955 5631.074827475828 6707.605611572835 -8483.537664935373 -6580.91829099453 76.55326585787407 9934.729429555326 -2617.944416163069 8883.681188857277 -4640.979576716078 -6060.2147275965335 7511.780919905388 8815.83478092229 9428.892445599551 -2103.2502134227334 7353.864594200924
-4018.954174749325 405.9565210015935 -3357.0901885305802 -1202.9515054710955 -8132.073150502335 -137.25699672843803 -3147.3974219589436 6372.788678078294 -7525.265392095782 73.93443991415006 -6470.148083963986 2084.741737739814 -7150.663013783129 3612.446640785267 6414.442992675376 3807.151058984422 -6032.715205123124 3846.6828620237884 2974.1772184349174 -9169.686221172098 -3788.4713837850704 -9616.179102578231 495.3637983212957
-9883.787912621116 -4693.149530980989 -5660.537403357271 1448.5369356726842 937.701899053638 -938.3360409574288 -4940.2517156213535 6279.159871523578 9772.643289007417 370.84120227267886 1567.632503753979 3505.9363568408135 7783.711791457848 3802.6283519028984 -8311.085998276643 -6033.320552334191 -2272.23344576251 2910.6230825615658 969.5009800749867 -8213.330892373478 6052.680635068837 9962.424784578245 -8802.857211913575
3572.059940140851 -9089.44720975503 -8599.290943372784 -6632.694065226968 -9097.22876784638 2494.467164956737 6805.391017819547 4563.1132903454 7376.740996104581 -5758.988875228821 6401.750855884129 2586.482087941433 4767.634517503859 487.32020227406247 203.81369939304568 -2856.0159494401205 2518.956316239264 -851.5916944616583 -3095.466001487621 -6136.79274160515 7421.325821194667 -9725.667520155794 9064.511324165684
-5095.321138065556 -9329.391519751438 864.4032892200539 9614.882278365658 8740.100367718202 -3805.320161994323 5505.401805584263 8054.430946542903 3635.583796656865 2559.824281155079 -7336.377639982011 9632.336257665964 -1955.4253627821372 -8781.136093727451 6833.851609564808 7218.684733514976 7499.905030224658 -4152.512291561306 -8143.855439713534 8.950599784471706 7239.5544325879855 5862.345209522904 8705.147901502416
-9739.887578502397 487.4607537001775 -2990.7617864649064 8307.351359688753 -8161.7186424636 4746.854004765217 2003.7352746270226 -8991.984025346457 -9076.808399179181 -2955.2079089713643 -710.8075664032149 7469.462854277837 5713.708159805648 -7658.318724102158 -3078.359825666894 1467.1610014811413 9556.21339567006 -3115.8312686835197 -2900.449569509363 -5600.336690123766 -9240.325942301697 3154.2248843977377 -5444.414503818278
1271.8958776670424 1178.9942735448494 6811.591549137433 6321.135411271733 -8264.240719778529 6544.699557670454 -3721.6754239022684 -902.5059473858964 465.5580592265469 -4166.851184339206 3618.665914858051 -97.10068481366034 5231.328641970802 -8668.990782387213 -3707.8154286272966 -9691.74782625036 -8360.469522802121 -9320.164451060677 2965.3161563020567 9969.725386604365 -5473.969745034002 -3763.6017673706965 -2557.2232556450163
-9135.43857733748 -4410.540423083982 -3550.0157879653525 -1892.5660277980196 6327.3871658766275 8410.68358900919 577.7419990695071 -9151.336668990094 8225.273989695816 -2538.4004137441552 -6767.05611235417 -6870.457044635998 -785.8822974321083 1625.7403604309875 -524.2007523157481 -5861.759876010875 -8036.638090218046 -8760.757323092683 4354.178739975605 -5467.638810760373 -7196.134238062386 2329.319963658463 -231.3041151893176
1850.6156240922792 3654.4665368066508 2358.4881081079584 9885.176741042007 5921.548141997673 6059.621242586192 -7962.394804431432 2349.283298135055 -9575.470977797539 1111.2463370812638 5825.110610375146 3948.5704744262566 2631.810661902933 -5542.3499675324565 -493.9072162674838 -4197.514029209273 -8223.385641864963 -9933.045756038691 -2755.672909376117 6781.760200002544 9418.96774609548 -21.398440517699783 -5591.6288643711405
7147.349630843404 -4170.747289434004 -3893.927006753226 5724.625512009632 6817.150411161154 633.29043045244 -5334.663192920028 -4184.070835767051 9465.953255589535 -3475.0180878286365 -2245.5036684210736 -5142.0744396884775 -6145.79472309314 818.1532977270763 -1538.0658466853947 -5145.873736752218 2218.3058426887455 6245.0939826704 6749.825692131893 5019.6725396002275 -8431.784848089997 6488.093209352959 -2681.3313836816515
5784.786213403013 5903.604459508841 9104.343175867907 6736.913061371561 -1675.8903108749128 -7848.8075576359415 6478.245564346049 2942.475425321678 1081.4951039996413 -8941.650359551571 -3157.7922497057643 2331.275733380444 6771.421992016763 -8482.722782751693 8212.585124994635 7585.916359125873 5830.423607325734 3403.0708438473266 8015.551622845938 -9762.402754537512 4231.636944534184 1962.5450520032882 2083.2684379291622
-6308.83184850512 8541.08046958777 6325.513761066952 -2876.049412242465 -4314.542435693953 -7713.825593854373 208.92683647082595 -2459.07293519054 -6437.696488425484 -3249.860301528256 7793.188936272287 9893.165184136462 -8055.914476430926 1208.7790553716768 -8775.25346107477 -4050.612025859801 36.98788997639349 934.3632044000224 8283.929580974309 -7985.805041384932 -2170.896756136045 -9422.12190548643 8740.63884185208
-4917.662461986625 6747.7860733079 6590.349487715088 8083.785237046195 -7644.877369800894 390.1915363526823 9982.257794195088 -3847.1560276453247 1474.881795764868 2011.4649892161342 -7839.430227406774 -1221.5352472647446 5626.096699599175 -7698.6312642085595 881.736429216624 1309.339580630598 -571.3759895097173 7556.15421605904 -7524.988700993474 6125.488793633978 -6542.680874209952 8882.368501087924 9327.306020310025
-1174.0432686535441 -9762.565320071742 -9202.01984596809 7443.20753426159 4045.0528267074496 -7560.163349773108 3400.91548570106 2856.287745798576 9411.46601367915 7711.5820801542795 -9268.167709448644 5264.208760327656 8836.138841258376 -8603.271606483833 -4453.572559070047 -7094.018731904693 1584.501513726349 1989.5888355869847 8657.635071722401 9880.322518669942 3613.100244097068 -6153.623454292685 3854.110636146297
-2079.270545134078 6080.195464563782 9907.109589959658 -7706.617730298502 8606.74723662909 5525.698279323413 -557.9204957567927 8525.763454139753 1538.456483444399 8500.608650840535 6316.284376313404 6402.046978291248 8170.010076323408 1882.259293733623 280.91064219538384 5661.115330104358 -2780.7945102045096 4836.714349646987 514.9156515626983 -927.6454511977336 -3491.2168020819954 -4916.928287215094 -1520.2763303199608
-1762.9024833295443 -8936.193563915624 1353.480693546604 2217.6009645847807 -7055.455880129321 -5258.257600857037 -4797.911469675544 9652.469106332748 -520.660816699452 3945.0325638994163 9505.3012889821 -254.59362310943106 4262.986609073392 6335.313254205972 5782.184047088427 8827.983645711247 -6078.910018618355 -3811.481415963871 -7664.629275390753 -3856.935099418617 4318.2246102491135 6663.946239541874 4863.09050764715
2779.0694325514396 3883.540239544527 4796.938223287854 448.9092611638189 2481.2456437229685 -6984.609618596065 8731.297214094611 -2921.227855611548 -3841.467406156542 4404.132980803004 -1448.2071675114857 -6272.377491523024 -5708.8422750524 2542.2422926599866 2986.1720982073766 6413.894966247626 4412.11645501131 -8510.151794436593 2000.6584978554456 7772.852392871377 -7959.850994766082 2021.5807305439394 -5708.341372776688
-4085.157972960563 4619.428949319134 -7484.167409348092 570.4236552783805 1593.2918699618822 -4069.6331285585256 2260.0035940425496 1465.1522654782511 2980.974973120241 2838.7849910956793 -194.97494146681856 4337.4128395467 -7775.769662541467 -7979.883836752948 -1136.410379689869 -148.86003628495018 -1892.2988709597457 1279.6631136802807 -1015.1420337455656 4115.045729257727 8040.907203233619 7607.841376899985 5837.979579314933
7593.5932142098245 -218.93771478164672 -9010.949067714642 6492.942999860228 6369.734667296154 -3396.5715861228027 -694.5792408124889 -4230.190711644275 -9610.712917766863 9169.743726431789 -3073.0494892442457 2703.6448429505126 511.6544822351443 -3480.7043531717527 2439.874894751756 8712.928660007055 -7684.833058270111 -3675.9597140374826 4285.742667836319 5171.237275099778 -5902.430360668449 4637.9022966629545 2495.1039382634117
-8589.707977579752 6157.325738497535 -2720.933517138149 4749.1781530907265 -9749.104455225723 -1733.1850043368177 -6754.025544413784 4711.703251282415 -4020.976337312798 -856.3209940609795 -7088.087833145079 2738.025852240711 1645.3449318599287 -8221.265775047379 -1533.4414808380025 -4979.571607565443 -7197.353913297606 2082.7582377430263 8362.479364018916 -1667.0918996795117 5705.355917926327 401.75823706713345 2.819762488708875
-3121.18379432692 -2904.617092834529 -2536.166263068322 3981.914146280571 6827.837730356878 -5929.481667681475 2124.110141720412 378.2931432753994 -4062.2130958414273 -9963.30079186147 -6086.468569544679 4631.523974175307 -5354.2430175630025 -3343.547727545333 2985.9955192544367 -8197.568824974118 -507.7447419764085 5620.4045975242025 5120.345469935468 8784.037642867945 4136.42222328521 5670.556064506578 -9837.798557851389
8470.538880155716 -1920.7869599923797 4743.968486589201 -4778.513353478229 -1862.0531462319477 -4278.048209243792 3908.4847717860757 -7275.083106131479 -9365.058069294186 -3323.9362612762343 -1987.817830522902 -8661.26812290553 -2674.0934743505322 -9255.738131296725 -8546.814317932432 857.495188442861 9841.445141546148 2692.540217718717 7549.739063995352 -5933.472858926872 -287.6368770397803 -9978.321682601505 -2946.638180237922
6460.330975879453 -7564.951787041637 -1809.0171235073458 -1214.703334015967 3904.056512450483 -3340.691115141528 -942.731832733758 2978.6175281619107 -2547.1836704029283 4470.229950503028 -4519.08207773783 -2405.308792054999 207.8883600035515 -6390.400353507406 2093.621787584343 3041.5992780231863 -4507.656114708611 2860.285587581897 940.9288676781616 1846.3448694873568 -4361.894901010892 -2653.4334723635693 5684.333852399304
-3730.114935547009 -9979.736583314094 3689.0813811783646 2798.8547030317204 -2025.9839897623478 8302.035460167157 -9128.732117410214 -8522.213793523457 8409.1021977042 -7862.649707009628 5296.909522405276 1032.5468743871697 8201.625916674006 4438.352913018714 -3303.4578560644486 1932.9789575885825 2735.9600541173477 -4653.518468353534 7910.882977493784 293.7773601559402 -3156.8803649772217 9925.4408448504 -4412.455915647036
2055.995592031064 332.51637740759725 3984.5943224187013 -2355.218338622207 -304.681789936727 9558.530566638292 -5108.806704784703 916.9272436366045 -5494.793116170414 -1521.252580875229 2129.417388716509 7040.611522055839 -4787.9568138815885 3696.6858907738897 -508.3865632795096 -8759.524612971592 9652.504392368814 6090.166000684563 -4562.307746442116 1257.3137583276366 -6125.191782310158 4131.445841489607 7301.472767016181
-6731.59588927988 7282.47013933157 -4083.5025567484 3377.111480415744 -41.449898070311974 9342.743067450796 -535.6310061602708 1998.7576111961262 -1495.5582069780467 -4448.430879139245 -109.33849650862612 -324.44223879499077 9210.079560709964 251.24810694766347 -3823.4616841910183 -108.35623646967179 -5237.2311925124195 -1106.6324607837923 -6750.768145604336 -7264.29012341771 1806.8087010783893 917.0690089724212 7768.778271669533
6417.001373876839 -2863.520668869628 3238.723771950201 -1436.7642476617057 -4571.00746145946 4837.145847566995 3293.1264153898046 6191.146239982843 -7806.266860265894 4002.3839431328743 4037.8940082803147 3708.0440598790738 5422.207231528766 1716.1675514898961 -4361.012572779235 -9043.905711544328 -4153.065173962489 2542.423266619051 -3877.735635841702 -456.7438530137806 -1956.968360279041 -2829.8848757028527 2753.599783672309
-3876.4256363123286 -2551.151376111585 -1329.558731477935 945.7859406396801 6456.96802097965 8829.572115520863 -8147.206023108957 -2059.3427672998387 1588.9657040061356 7682.120363382921 -7598.877834432462 -2099.632041749047 1546.668567518518 -9157.277788284615 -7265.326445273262 7537.423598461264 -1574.0482354153064 6695.998611264102 -721.9760523568912 7780.322306496302 4657.017066393124 5781.710280303403 -8426.557304952918
9861.554787224984 -4262.631180455156 2106.816323686897 6307.056734226046 -7466.704795957162 -31.40757256692814 -4296.203273162975 8029.188089152216 -6333.434190661184 1410.1468521741936 -467.8633769126318 9007.774705805172 5414.642604809045 -7762.49600624804 -2709.8875451570484 9624.95425034314 2432.7552681475972 -3267.9919435047004 -8895.901655372716 1272.3693775878692 7664.391691988629 -5559.96132516626 6221.79280035408
-9963.576501485088 -2577.8494883737512 3857.921561465977 -409.5647798288592 -7226.070729455227 -1726.7706071312987 -7748.8941086355335 4494.36665017449 2550.448139966031 1613.4165708681085 -7443.394153224374 -8394.64689135379 -3939.8626489425333 6810.794488934767 4743.023473725298 1664.562340173974 3322.577536060906 -4018.1161808436245 -9316.16496884322 5312.446698795187 -3225.4049973145156 -9637.59297748839 -2546.6339016514357
1004.3658903514479 -5760.574344319387 -5489.5142706474735 2038.7124355162214 9079.511859640803 -4181.792797026489 3724.103166652554 -8943.113739742521 9375.514377317897 4827.001908640494 2405.134864958387 770.8691615212592 -5378.276225523864 -5718.037608503197 1302.7315361528526 -3152.741886842494 9170.372337978515 2433.96829242328 2965.7070603003394 -6487.445880767713 3291.2143587708015 7936.2975994031585 -2203.5473118837863
6984.500155736543 -2588.8001606945136 -9670.404733825137 1428.4124121768618 -3609.8413625697303 7157.893306018257 -7561.40613931299 -9202.510484359957 -1339.9343757985353 -6309.538458816796 -2991.3321594715226 -2253.4611495432036 6445.042451203019 4052.649935893989 -6961.8906896081235 1475.23079628314 8212.003616350568 8426.545029182107 2905.0454210227854 2917.666026891324 7895.959563195884 -3052.372490124686 -1099.5997261079556
5624.4342066466415 5867.495935783902 1442.067978374591 -915.907170944567 2322.129553878849 -9841.76435257407 -7865.722628761716 -7730.143910101155 6144.671752162343 7026.566302011164 -856.3496009179562 -5532.653764030159 -4941.421769402714 -3995.8415729132475 -4925.117735121785 -6533.172631309964 -1682.797087887544 3905.401285054153 -138.5319095109371 3527.2047110738986 1506.0345814171415 7425.968322235076 -4301.570942037644
-5836.6348462885735 197.40338738006903 6114.029664907206 -9374.110840196741 -5767.301762160681 -9068.22069792797 -6350.777272626183 -4065.192904577115 5216.611767002867 1126.748870022826 -5230.6753577059735 4758.092007216588 161.84651770821074 6085.3902180813675 6390.046833478362 3661.339221423974 -5896.664046043738 -8439.319461454035 6016.201299383976 -5652.936870589651 7306.89346947338 -9700.689772039055 -9961.249568103181
6173.039477674309 -7322.749504601349 4199.330891198733 2872.8398421836937 8793.125899446248 5739.380247637506 -522.7526813638215 -9172.895436275765 -5129.222891947216 4492.189990342558 -880.3327617101168 1720.098972974165 9851.177972488927 1739.5466855162977 -1268.4618297133056 1396.1157883744545 -3306.0879540355927 -5499.804501284127 8277.75192706054 -9037.576751946577 2287.8757308245295 -5791.484726381477 8500.971931083408
-9460.055958491526 -8711.036771327454 -1116.0363394563192 3642.1248570428306 4169.9369728088 -9611.227182024983 -7272.084610173874 9801.352188454337 -3949.82966412911 -4073.4216870164564 -8147.990301796706 -4544.278407758997 1787.6864005543575 3683.070484991864 -6308.857475638159 -6714.791752134466 3693.4032700129537 -5808.8342056875745 4064.1459558363986 8990.081167818418 -5302.802744065222 -7766.5636958684045 -3951.476101187619
8767.552189879003 -7619.4093266014825 -9387.376773155696 9591.189531251024 1177.6447070612649 -7959.093434293576 -4060.524629503221 -2067.035326961557 -2919.654759271706 -9278.952001159421 9910.083623058737 5534.406371169351 -3461.747349415492 -9031.628167117273 2423.2692738608566 -1050.7736772295957 -9219.58232470858 3792.5941709553263 8499.852334673582 3441.5578373593507 -7472.125248769875 9131.344317351231 3188.573374666985
7380.564094456149 887.0741599697958 5432.763410590049 6223.037034583906 -1619.054421965815 -6591.144295761751 -3368.8602887974994 -9193.899155426087 853.5564622196216 2031.306556068299 1106.92074868477 -382.7727679121126 -9361.741429498172 5336.027252256876 7318.220970782517 -4462.353405714727 -3938.7223375586045 1462.8495382918718 -4503.506100217945 -6588.717030060973 6757.59602761783 7954.098092671717 1166.0095473078327
9.465712715769769 -7381.25719194257 8826.893537053184 -5914.2669082160355 3739.480439017103 1078.572872911398 -9037.970149311031 -7938.112998459557 9277.601839254858 3440.9951996307336 -8163.172227115134 3364.606887673728 -6154.686212660558 -8106.409538496395 2339.050323939242 87.265991043947 2766.9047912167425 -1286.550156523932 8789.4402410445 -3003.2758631806164 -4939.993404421308 9109.58308383965 9728.054344031068
-9157.310339403331 -6539.681700822049 8625.171229621235 6583.20184746226 6096.9496650905585 6493.798206667376 1339.438095351852 2355.725356512212 -5970.837833356184 -974.5084938583841 -5020.8100253130115 599.2726037405519 826.2227764040399 9911.874604931007 4044.7178618154903 -1659.6063960317824 9922.276755641044 4265.378197701995 -4129.359290588084 -1720.8260809931417 7144.709164230648 -6643.940892297229 9205.007116070385
3911.8351932388996 -4528.22707741475 3923.3564913543014 1335.8778889129753 -3733.505182419838 4553.700704110861 3648.8953160890305 -602.8776384898429 -3127.4409574474093 1663.5971094091747 -4943.196161151158 -8607.520287587453 -8679.653618875269 3690.45182074663 9595.080320639678 -7554.914272465349 9780.780802370446 8143.6563612639 -2732.5972156836524 -4150.488879295537 -9230.458709397602 6532.140397686158 3316.775050867269
-2623.0514212351054 -8953.774643366052 -9.191296745970249 9171.845467969488 9730.291845832136 1970.3981699139986 5883.372636630944 6151.226825468637 6522.526712118961 3638.4726178796536 -5103.129869127542 -4214.717689846863 9348.867496927414 -7686.951456382069 -8167.279209069036 -3173.499650422882 -6772.800636733442 -5.7787065749053 -2190.9922619834906 4788.396389743486 -5131.961581956836 8314.21111189896 9526.111151758101
2469.9879916105892 7586.897648718503 -784.4385311458627 8505.718299666616 6395.939909838107 949.0863025727576 -9178.271445461405 -6265.634768812333 -6842.467252150622 4683.404018576899 8154.9013866264795 4918.955651847909 -7046.130730127967 6433.356690807879 7793.960770070396 4637.031175395181 8301.22673822882 3723.3905202089136 -4569.582641704231 -1865.5662316649168 3032.004219725324 5652.9074104461 -6428.554746815645
-8663.7970807556 4892.82766707476 4392.205720342028 -4688.950393189859 9719.139103079106 3355.0761954761383 -7052.849109788166 5166.720246845674 -2950.4297209555343 -7045.59010523307 7111.088699063395 1896.2782613057225 9710.116457194508 2645.800367042537 -7949.599827563962 41.77542218788585 -3263.6367124421904 703.3414025159527 -865.4097721395519 5891.171784363791 -668.47907951671 3273.4630337618473 4251.3591284375
-9269.865879110477 -5977.682197197396 2533.1035936041335 -3975.8334769239027 9535.086868276947 1390.5937279748268 3722.421142244224 4796.602727422547 9327.177333934345 -9716.727719903729 -6776.8590228951525 6869.319111277688 -5393.609060524225 -8093.594384919609 4402.098551057023 7390.264770790254 -281.4755807498077 -1505.9580194218543 -2543.210074781974 -6626.426559293348 -5637.897174614359 1171.6039414070983 -8810.278283799427
-494.1172610448684 1458.7861857071712 -5653.194770269841 -4795.012248861488 -6621.515413190129 -2271.447935061972 1949.1762793790858 -5959.860439498903 -8688.945386667352 6968.418694971122 3194.666653815417 -7870.190479974792 -6877.747796463509 -7892.940882533358 -62.191986098492634 2449.163106165348 -8893.926096731515 -9551.417556941835 -9339.797716472875 9515.703313369864 8210.18585378306 -9969.887403753837 6062.585409801026
3475.718698898574 -4212.361774174711 -2610.5083797323614 -1873.4133952571592 2582.8889169673475 6867.2989640641645 -4693.106699343117 2142.931557992444 -6613.452444890057 -865.1686539972743 -4020.9301951812095 -4174.152879485955 -2857.6805727376704 -3354.4477613667723 -3729.966953894548 2285.211435771733 -6083.170151614774 2492.2351127764414 -4502.76714487867 5616.515065599237 -6489.7623059647485 6382.755017617739 -1913.1806847411472
-6619.700736800085 -7594.30919423798 -9444.397849723871 -9736.254949091704 670.8793842225823 4762.204519561175 9155.409056322133 6189.77458117879 9891.360074827022 -3120.5699841476207 -5333.673738169265 -4157.506171542349 1716.7958259143543 -3845.84725402425 -1300.3184394987948 8043.438811650249 -4918.396691700289 -4963.768209345796 4717.013475888827 2986.5863881515816 -8370.520818319372 6776.38770068669 -4025.865217283038
7881.556952487852 3877.67917861346 2851.6442135863326 9640.028637275213 -3041.93385498289 2601.8456688428396 9644.127441773548 8066.710450337301 -553.7870111256725 6281.340408805127 -3979.4760149687254 -8485.663264953819 -3977.4132615375593 6702.859813340558 -6954.421493440461 1533.763092145853 7654.053150724143 -3699.005406561835 3996.5892737804043 -7292.866050787532 9330.480364253272 -6583.395067688214 9468.687060422362
4270.176410335551 -6635.8058097089615 7237.768692766585 -3699.2677916565017 -9985.775087734124 5550.955209100732 1863.4589281238405 -3533.5403711137924 -1342.8078372336986 -6699.017385448671 -6053.510112060079 9050.640892265103 -4486.027763012606 9036.649052666846 -9640.140829404174 3472.1828097046255 -8426.996850873857 5513.745668164565 3162.7212181423856 2085.5752709448043 7947.473478386939 4113.954357099858 4885.830061107181
8944.603111521174 -9052.274458246218 -820.8519170671061 168.34347276818517 -786.2214747231537 6933.404240206808 -6876.145740907562 4538.283663812983 4069.253393147812 8142.545436096523 9805.137959659241 5410.187448880928 6755.848259760176 598.1227750373328 3951.9347287779146 -2571.184168620797 8298.980008048147 3916.917789564048 3790.8332357610707 -5141.367491921264 -3009.782468308824 -1087.7462311821364 4443.492470716257
-9352.031112659959 -5230.755091173871 1962.8393266959683 6636.052372249593 9474.46141010632 -3521.6806215827255 6520.819625555287 905.8102219219418 -8384.121649986282 -2521.7417384168693 2791.130897321982 7078.5895129993005 650.5653370055134 1241.521847931761 -8234.503407847245 -1840.6663600482752 -3491.8380141135776 -3242.206244225905 3603.399971629069 2335.4999352434443 -335.44012081853725 8094.724929337852 8928.93152988311
7898.706669395247 -6870.725431313627 3150.214144002688 -601.070554954702 -35.77268549314795 5751.558335410509 542.9350266607689 -9308.222533183642 -8873.853720889125 6235.39258934803 1237.0459841025895 3957.91231474873 -9600.268090252437 -3561.8083963825175 169.7435207591352 -1229.0233744042125 -312.5090493876214 5525.737200812102 -7779.781239934846 -3766.626623415894 5541.340573823349 -5579.623777365823 -5521.724137266903
-1145.2718567506581 -3357.48530303444 -2467.015438297429 -5724.378248562461 -1508.9954115131695 4168.920575997761 -3646.780125672398 -4479.7008110774095 -6941.68513193373 -8925.175495512942 9795.089937557423 3862.604954761915 4730.359712124062 -8552.45596142644 6588.411460210278 4249.230692121004 1599.4514184607197 -1737.5414201254098 3176.8644297987485 2382.921363141657 6653.799907356373 9074.006091399191 -594.8548292806317
8017.897084823577 -9920.546052436024 -5236.664992605986 9961.608476412763 -3423.408363603995 -9064.190266892003 -7108.765379072477 -3028.971230701858 9809.691283036314 -8441.827610800394 7975.515884867356 3291.3793798695715 -9330.225585820019 1564.3714468784437 -9557.245649674349 9976.520115033713 -21.30604876079815 2485.5003620719144 -6269.231493688902 -3622.1619466861403 1061.2658917170666 8383.668229054223 8273.680893630986
-8990.465752023229 4647.624778736448 -9863.666401302122 9764.335924290124 8903.704261814943 -9199.248037328014 -1914.8302952730419 -9220.386203310336 4476.333458770789 -6178.442177177348 -2839.3457198330216 -6623.5046855402625 -2051.11250162157 -5701.128093083418 -649.18473465233 -138.2720528024256 1805.8872336325057 871.0888929474677 -5365.21486844036 -2717.325658856109 -8857.815568671751 5875.728812791578 -7928.435776222284
5216.456848297492 3877.4567194985448 -2222.6951052759023 5760.723693805319 2560.9099075595113 6335.999837113135 4759.700199311323 2991.7125465948284 3011.8573422963873 127.1138903604442 2611.5704890964334 1883.6041516749956 -9413.579734029749 8423.776431118218 -1966.7483130735855 -4277.293963593316 -2052.494662939188 3616.402544979401 4692.620769568261 6238.198976012676 -7463.490622959956 6905.363739262364 -4254.546635519527
9764.69752921522 -609.9174529915981 9539.980415051985 -4928.996829769289 2063.473751730291 -4199.759547453236 6147.646351250489 4368.437412672758 5749.078878629452 -8138.361055977559 6359.54385435398 -5096.424504021488 9120.934794085395 8602.132627944098 3358.57141707323 6564.072937661698 2983.494225101196 -3264.1605341813174 -8736.59129406169 3601.695287804814 9293.477477221651 9415.0777703702 2644.788779821247
1 23
230.3567152406522 -7088.727325139721 9879.117661749959 5576.820528210143 574.6062997169574 7932.024189850061 -1681.5547329918627 6752.843581084104 -1014.4020493026492 -1268.3080122461615 2513.748060949163 -4597.881966672912 9429.541494878365 8220.190091534769 6523.046392987209 -7256.489703459745 -8153.785037316789 6404.159508933837 -1333.2030802278678 230.2824952465853 1369.1087220847621 60.48220594662962 6713.315073275797
