97 35
4571.2090822618575 2298.373360866366 -8804.290939210696 7302.193425484704 -1891.965168409779 7073.368117076945 -1279.053834747805 4887.740894158716 -5661.591848094198 -9830.189794402637 -1419.9726579179933 -5583.1364335829 -8119.1862639622705 5591.715215318864 -4721.119767642952 -6089.819952462634 -9858.27330241898 -4498.5599061570265 9604.756494161742 -4632.149243335309 -1406.1584621493803 -9937.190920892968 5841.453830361717 -6430.682601223299 7752.66605795213 -8012.863736468407 -1261.6516280827273 -9672.52604371613 -6137.075750375836 -6139.74059319403 6303.300418897839 -8919.462145085889 1519.393401103076 3124.7165737241976 -7826.0010994488275
-4408.487227229592 -1492.8465238992776 5973.98890364726 -2095.232016709594 -2392.0170325151257 2779.9948878293217 9838.794739858673 -5495.571641400039 6098.454637569488 -7367.5949394435 -5840.13253866502 -4806.391559087127 -6230.978440389108 -9243.157479628735 -5146.729362988099 -4294.130285108773 -4198.954565016784 6769.355347676872 4835.5857204926215 -5837.001036614564 -5738.528453513716 6737.111873801892 -3824.221808368866 4225.134994837006 2569.984310725753 -994.6373706890245 8918.40201065904 8766.365549404672 7658.26959599508 1963.1852627888838 7035.537058765505 -6504.780057100501 9332.408801115347 2433.2658414436264 -3640.215259384876
-5827.166083185402 3025.5236680263515 -585.6767764458782 -6479.3686240935895 -5725.1583276765805 9130.584397073628 -9691.97714336795 -8880.387207315001 -5855.627010398774 8755.159159220297 1165.1238233153254 -7582.244765707591 5498.34442072317 -8957.50520630181 1635.7969699219138 -145.04201754689166 4497.335604658969 -470.8892952323258 7954.355584998342 -6367.212809307539 -9845.603236858127 3773.0770749310504 -340.0004049161689 7783.894729166546 -8729.72163458743 2473.1058308471456 -3742.109805003509 -6346.556477044998 -5485.531633129554 -6043.752495072956 9450.815547953138 -8359.345425473653 514.4135950925065 3795.7433598584885 -7445.444364783005
511.7447287208288 5838.561076422991 -7060.3708290609575 53.73851062598078 9877.801868709827 -6075.23935190601 9406.030581473195 9235.790849657096 -6777.89217941047 6977.322817419026 8949.948108654135 8070.3536791168335 89.21188278223417 -1138.8167675584518 190.71069451600306 -3239.9867076199707 5148.919194592394 -2966.583282301767 -7137.783161389566 -3489.120558536869 -6689.41444923519 -1133.5361494015797 -9455.779360423716 -5515.650391540629 -4056.4973506488022 -9313.541031770486 -1897.5738968765118 -7168.782641906264 -321.68704650570544 2508.3913733361387 2304.815632154403 -1497.4571995673195 6454.477120055399 -6994.692591792335 1962.691573683529
-6195.033666467191 4291.037212937683 -9765.14461581944 5044.3600323392075 5610.851970164502 -9975.898910142712 9621.771226672685 5293.470037367018 -9960.507566214108 -3469.6225119452292 463.13114312567086 3851.784894536573 3006.744063694672 -2391.393593569215 6320.76095772304 6645.357411976987 -5076.1741932722425 7918.083081827346 -3261.20189624229 2620.0919852710667 -4998.928500566102 1225.9708878870424 -5315.774733064458 -8543.021999031482 1749.9829790115818 4752.01428445025 9756.690931677458 -8150.422876748425 -4366.635584884732 -5899.654856645678 -2557.304763283286 3769.5667825208875 -2411.4358469503004 -7791.338448953571 1254.6798334868708
-7797.450369266062 -3057.3564568192514 -6051.541836778551 -9378.791205009862 -9940.54236934885 -6637.774772517632 -7991.385225304637 -6769.41088390372 7030.096578474819 -7465.07340546737 -4685.634172684763 5966.117074353386 723.6802404693481 -7483.444337550738 -9362.505815142207 2211.4948789988193 5247.110458596475 -7193.535441066164 -4388.064536794524 -5851.683455076817 2848.668673594213 2105.063996906054 8388.110482208525 -5909.653314089614 4884.028354791559 9631.86201441025 6184.212210417038 7283.072520054153 881.7710816721465 -3536.8461850419662 2075.1250503548727 8562.975721679908 2640.0632589232646 5215.193081769847 4127.887700169829
-7491.23494908011 -8294.393150970687 -3921.2067455021197 2306.071942224513 -3539.7196273130403 1216.998930764581 -7850.712376888414 -276.4236471449294 4681.732360327769 1503.8911511935767 1142.3548875364395 9754.123397348842 -5660.616249568174 -7547.971080619076 2738.6843142208036 6870.547079697448 3241.1887860342813 8677.463675777322 -4638.860912979332 -4228.065774616454 -7872.389569718958 4966.56978271882 6397.830009074834 5445.100518805148 -3594.6472977182075 1614.7916553990053 5122.03326698907 5421.140368090966 8544.744198837161 -5566.439773657002 6040.916109583759 -62.079670494604215 -1084.0141263394926 9470.248149599163 -3151.2268285767495
-8370.787475394507 -3901.4324165455246 -3029.3560845598668 9348.726359902601 -3268.1328658448147 -2392.467982881505 -6249.08300696692 -534.2663073440253 -5410.137388472997 -8886.780856028265 -4522.013298863248 -6393.678987067497 390.4799581977277 7517.080039196517 -4517.3095886799765 -5670.560231650672 4140.947888926621 4668.495820256239 2303.2656362482194 -1786.2571842389116 6404.055908992537 1460.9594572226124 -8361.596951472482 -4074.433561269042 -6348.198159972078 -7995.192919812453 8009.21253660748 5690.803627251395 2798.7777500830034 -5183.245969278108 5347.485901503869 2176.253357371974 -6291.911215245711 3584.758010524838 -1093.9610115440446
-2908.407590434752 3288.753177805411 -8363.071997109377 8419.71480342951 6584.000053849893 4793.011364432052 -4899.265853179433 -7935.802343139247 4322.397294211831 -132.36264734994256 -1768.427468551501 9300.366568110268 -3864.6545947178774 -7653.448171458921 3481.2027162032045 8128.233593281933 -7927.935921414142 -5377.915408299678 9039.554083358995 1181.316322016508 4744.847209382464 -608.5809225652902 -6904.359685326344 -8325.005310554952 -9788.371634224945 -4824.5667773322575 -2278.4917116566094 -76.55228178211655 3237.153821888156 -6576.743930317583 -1627.8615458228032 1619.1157077688058 -1543.501615584848 -755.3849702174994 1442.3968604264137
5860.732191555582 -4676.550573976661 -7683.894923643562 -561.8283838286661 8742.159923751238 -385.75910818189186 -5798.97722370843 6784.935681904706 4460.907398710808 5004.533186568495 -1013.1078829309372 -6585.68794552145 9595.426254914033 -6271.088313769731 8893.730347408222 6385.033594141605 -4055.731897830261 -2776.64470299634 1246.7765617185305 -8472.217706628204 5242.613215748108 -7516.877647446318 -8010.4162802472765 303.7385774423856 -6713.739280003548 -4553.224400512931 -597.7593898964078 -4383.826272634507 5692.415846065574 -5818.518729757574 7354.195744427187 3278.01624787754 722.4922877209247 7406.218770564199 7314.9358795466505
-9986.39152398018 -1399.7040458960146 -9905.642938849374 7485.911425904094 5844.713835082452 5491.632236504116 -5069.393144059098 -9966.146831423233 -7692.735370929429 -6168.737230649331 -7885.916784836222 988.2724975191159 576.4423412547039 3079.850115191359 -9893.034104669397 -3109.7919304798397 4733.34131446374 1888.1633213282148 -3066.3077211244417 4532.117891499287 -7453.927438565451 -6078.987116695685 -9183.99122539142 -2217.7392603714607 2163.3590552830556 5103.433886053264 4219.001653401663 -5032.980919761454 -2404.172769566155 9132.387253253426 3622.893741227457 -7235.517843254256 -8731.380160156594 -7696.65410349927 -2981.752150289305
-9906.004718144175 1634.137845775067 -2152.8057147245017 5421.648991680717 6198.406743666614 6021.113543096157 -1061.0253276649546 5192.083551420839 2402.9824546600485 7394.751185311368 9790.051343250292 -4143.905129476131 3486.870147966758 -3208.8349659114892 -1619.7450915563422 5384.545040548135 7799.788250774662 -2387.770558652178 8231.530680600099 2903.0614701232807 -7625.30659877807 830.8896403358103 6475.17471824813 -6847.034202732898 7330.230332013682 -8900.353759619738 1070.6086245063525 1570.9998776891462 6704.0548316186505 -4089.628945029908 -8122.105384235138 22.376569987478433 -702.8064990760613 5397.470734586672 1134.182841793543
7929.309001550599 -604.3733526813776 -728.0163787923502 8241.905624360352 -1343.982298383682 -5820.94976174375 -7261.251018761807 -6601.869506057017 8888.953524179738 -8142.010251020945 -9325.034915598932 -1075.9758343173908 -8616.699828472725 696.1084584163582 8564.241962332406 1751.541434497949 2521.8035554545604 -5472.534752482221 1179.4932057401566 -4986.911393872224 9464.925730957311 -3826.3320688911735 -411.0597537779686 1731.950731427707 4984.379490462432 -6172.707863366546 6769.307641212476 1026.7408755649867 7266.646428250457 5179.497799176337 -9978.805388974271 -934.8456947259256 -371.004576132862 -5512.3784730080215 2897.88432025381
-3162.578261851223 8873.534140762287 1002.0646766914706 -1111.267410599743 785.1906683180259 -744.6344540079426 -1749.953852744875 -222.16540112770963 -245.39339001502958 -4266.708727100563 6303.16346410141 472.5167995568954 386.6217321144468 -9295.755872049098 -7096.365796004498 257.7717078810492 1768.300145796995 2066.4771221374467 -8496.590445636082 -3943.3468638820914 -5172.708994135895 -6628.479667442611 -2956.058938586819 -2989.609477796449 3347.7953183808404 -9193.017345100065 8470.37278162935 2249.399239296199 -109.88260986358728 6328.287434116788 3855.0855095722018 -6244.971311401002 7219.462752695159 -6051.901655709939 -2979.6512327107757
9976.80456769637 -8890.425317836845 -3283.7848167064367 1314.982834727556 -4636.6106558285965 -6753.635950310218 -9294.79185786569 -1055.0428761409057 -2423.337790159243 -2810.331578034111 -3651.4229140062153 -4921.180935652032 -2230.5162058487003 -4593.532081859464 -1116.733835037423 9975.458417281297 -5202.477496445863 7104.764166664623 -468.49163319721083 8506.083037078093 -1494.3372734093155 4425.378224891232 -4138.457137172589 738.993589429525 -140.77613402450697 -2688.862489415136 2324.6506136124844 3340.155309285712 6465.006722181606 -3120.3394834629235 -740.2341447095532 -9753.536227904317 -9237.77075228005 -1667.520124751889 3987.2222482729685
-1021.5308778604503 7514.6148878494205 -7878.356788335632 7849.349640597815 -9236.613196916433 -7807.529437831262 -9818.697162089562 -9486.602897503722 5888.757786684089 -7717.971403318426 5730.40974625574 7131.442736331712 1999.6696882494343 -4189.650995630647 -7325.055512588244 5369.026303014534 2055.6329433260507 7154.647438890312 6999.700856905507 1214.1834401711822 -65.20628169701013 168.74638646782842 4847.2736099341255 -4872.933537451913 -3187.653289492947 9348.619652384965 5659.36825712612 -5122.01089786744 6352.8779627379445 3771.6623327247707 -5873.726383831881 -5084.491821161592 -5582.014275696072 6669.703470459699 -2226.949965622418
7065.452097865807 8313.867067762414 7197.059388763144 -7318.056262171842 242.48303276596016 -8219.053613873499 -6598.572241924554 5243.076924076846 237.1664862073867 6063.6524237991325 8928.573215714947 2419.254986438673 4553.747636618778 -7232.5825129359655 9203.10868584345 -8310.324743134373 1147.9205971884476 8039.456532789893 -4716.392099662601 8888.098835405592 4568.40563131254 4255.682883301326 -5797.008481037338 -7297.499134834767 8188.4033087956705 2117.688853484722 55.42707204389626 -7726.138495664567 8297.520727458428 -9620.547007788822 -6001.131340194807 -3134.6441635252886 7567.578644963156 -8393.076841371081 8051.655518757721
-1807.2911153971163 -6058.473317068838 -6533.69705171653 3660.4497843145637 5119.402773613487 -7945.964756395217 8122.692796467218 -7030.254425880243 5602.726170607941 -6331.094807680948 -7310.729372449161 -5792.166368279319 -2924.764569635321 -1619.9927652470888 -3187.574557564679 8076.24609827247 -5040.67670374178 -4513.008869436594 -4181.136672792034 -1590.1128804669788 -2104.794421328488 -1312.3498324845223 9059.197637495003 -8790.08082392393 5482.067515949957 2897.541595244038 -2942.3963098403647 7616.821065018601 1775.8325057527964 -3023.3137934704037 3368.5283086748095 -1234.2822686997806 -9081.591445518057 -7218.875192394416 5348.683776778198
5713.964513483697 8244.721603653448 7675.353405970171 4006.3133096684214 4090.2070455589837 -7459.264710758351 -312.7403856131532 -1719.5980156004716 -6648.199365443721 9385.01293658574 -3406.101773996491 3820.2809328108415 -4235.707842836773 931.0983993581631 7388.103570400526 8331.112346800768 -5857.632913234525 -2891.127697344087 -48.13190941028006 -1914.8714488160049 -6674.60626667187 -6218.607915941167 -8365.426139055839 -6641.567578422587 7085.779767358737 -2398.0358070591155 -2306.512322350083 -3272.148561420063 -7516.177120774266 -7108.650709296564 -2860.161278299769 9495.118229662028 -2158.68933908085 4905.0528516777795 9158.404455486863
-8865.398224089548 469.24432689066816 1919.499977740992 -4046.5917782707984 2155.0396124733543 -4766.168851440309 -8526.46822586084 -4550.152271155485 -3729.8864123866915 -3584.5426581865804 -5585.935475083686 3617.368721023291 -9434.613817830192 -3894.941191627503 -7605.484039645764 2262.376892353721 -3009.0885591942333 1067.5443523667855 4675.106693665239 -8320.97288355827 -2543.9587067884095 -1635.4424648356726 -8720.981457281978 6015.21627736777 1978.9735565815408 6156.4232536945565 4444.567845666856 9488.847988606012 -6181.777919034806 -9311.106776846596 2397.686462151245 -133.3229318681424 -2604.4076954036273 6376.681942756219 8492.171987170077
-1925.0588912129806 906.1046262558029 4192.9073101081085 1195.300319904265 8381.962113254405 6198.422770592844 -8589.409019091696 9477.90747733029 -2301.513713296992 5528.778741567199 -380.2340637203488 -1957.2071302772702 874.6724883538373 -3393.453802053161 3200.5561800067935 3184.3475694594854 -7221.514755700305 2618.858752437014 4316.490022184138 4581.949757454555 -7313.569462177307 -103.97370282025076 7502.643769018636 4975.967096428014 -4119.533571476848 8824.357552040547 6779.950283642458 -3930.8486103646765 -1198.917295465746 -7382.906656514537 4898.680167513874 -6464.317226940557 6849.406428383045 8227.862272516886 -2336.2023473591935
70.80934389278991 2019.0938554403456 -5127.324519183605 3691.335715938445 3069.2567908724923 1033.5025756947543 7870.957318567547 -8219.65167413432 2597.3316515527167 1743.3857857689545 5914.768725054781 618.3232953986953 8159.850184989449 -8186.333068708558 -6961.3517112111695 -5553.557593396259 -5429.020743413504 9025.091753122837 -7990.098749093466 -6219.664871086874 8367.97158647062 -9753.328338395539 -6985.144671784936 -3834.8381617996674 -6130.185545674967 -7258.240757584562 -7830.149215704716 7000.793050778357 1311.753365584058 -3439.7835204843695 -7813.214102531942 -3123.695324064557 -2555.7300756063796 6509.955111651769 -9089.648957940031
7522.878519659513 -6462.167210872838 3100.620547567165 -5759.906364020404 -7456.488728747303 8081.628217090445 -8327.245601285349 7806.149815688706 -2037.352856288153 3274.7161547611104 4556.865063698404 2688.9816436993115 4431.124635756543 -8254.30317892472 1955.6271671420764 -7057.114025532172 -1973.201173016415 6359.1811486477145 7302.078192795321 -4386.962090604543 2743.0402974317003 -5400.3497021635585 3567.3178616358746 3103.306831107331 -4988.258699722932 665.1248311765539 1100.9172897059234 9143.731426115235 7253.991284522097 4923.189327702499 -4845.347716912811 -9870.78645531968 1322.1621035410044 -73.55144094017851 -4501.51756633832
-4541.021109870011 -2020.506251528689 3744.827322754527 -5282.074854650334 3641.674809103826 2367.310145755895 19.943577000249206 7409.749752801239 -1259.1214198118287 9684.88162015691 5536.516243591288 -2397.317043930502 1853.3494665195121 -6629.830456714146 -3093.8322836558436 -4411.06989268433 -9542.764561244983 -4749.917447625147 -5689.6467779038385 -3472.5451952192743 -4076.098911054424 -3456.3544819222434 -5841.2242655766895 -2700.959236791631 1823.5617736743043 9956.506737643336 7865.447732483997 -4208.834502496419 5489.551232849435 -8221.247026514715 -8662.751535662619 1646.2488046823528 6641.526420029375 -6582.15888148296 1878.4634988261714
9885.48001027602 -1546.607759658973 835.2179626193538 1220.3440117823047 2411.9313209999054 2742.2524724021478 -4260.9657752261155 -1002.5423611542519 453.990008176077 -8317.702661419657 -5771.287242881753 -7653.51144825152 -6168.713751506319 7505.5175722056265 -1932.1451848869483 -7256.851823096624 3529.790616043756 -4002.5470436510413 -1887.9994844161893 9680.376515162581 -4073.660582187482 -4762.2016140364985 1589.0380553615432 90.83359652580111 -2382.8558563383976 5568.814553213086 -1900.1205958319179 9801.128558581448 1930.3708537679267 -2307.106280676361 -1905.141500844099 -7033.452123837451 -8094.955898904137 -2829.4628602910325 -4827.692383958775
3570.012789275339 -7408.89369104899 2166.0531288457623 32.39905902834107 -8146.747023246215 1341.6177107582716 -715.1083756790886 -1891.205541069341 5459.392709858226 -488.70386946140025 -8629.882299633886 -6818.99805587572 -169.61139759750586 6844.538699179757 7250.618743372372 2405.7216913371303 -8403.009350146936 -7498.67874192222 1612.346035291248 7295.286749671373 -1577.1448518758098 4335.685705693801 -1978.8931883443665 5969.593295452456 -5942.602637418093 -2266.662119036904 -5651.446952622896 5779.38893440225 3623.813719108639 -1514.5659390651908 9779.360756158847 -3228.608984520216 6537.567878000602 -939.119941123563 1861.785212254741
-1856.792576221762 -186.08880557900193 1711.3636960243566 2733.717659635937 3095.900487153105 -4628.808143731553 -1929.6959520206074 2187.453247575182 5325.5740597309505 -9725.991662286688 2115.038340129946 2211.32299841832 -1190.9543594796814 7281.853318356636 -578.5171301362898 -3452.9690632227575 -1021.6078877028467 6571.9673943854505 2590.103043741694 6879.261583107487 -9412.192099527869 -776.7955101453699 5522.970857533273 -9728.82239528098 2990.4404666451737 5210.679335366922 -4314.0741223763125 -3094.2309362310816 -9416.044315751304 1573.055010283968 9214.147111033937 -1569.2516215731193 4694.728558322706 -4762.880982378708 7365.048381946017
-5215.516826484365 -8057.8739097922835 -1274.09028335304 6752.156819024214 202.8648261711678 2859.7104701654735 -2796.640466814668 -4684.000654024012 3609.717220861816 -9483.0443236474 -2117.339265524176 5194.3392005526675 8809.95534908741 -3627.241316958387 -7892.482286165057 -2747.195759472216 -8437.606957108752 6104.203831897903 1025.3463697048428 -4993.413726790894 3000.039035914182 5943.437771078165 -554.3398804364278 9496.189288851889 -9306.153189566307 5007.058245658642 7336.983299636209 7143.595136446205 6280.176104473301 9467.149675383487 -1203.1353004491393 9957.81440550441 -2375.971233826169 4580.811301106194 35.02827841708131
-88.98912332977307 -8329.010351094712 4697.303840175957 -8608.91741519309 -1580.4838517173466 4424.366220468983 6645.938945289308 3147.939625952067 909.6239406651457 -4078.895471362389 -8511.389125554926 8693.675058769797 1814.463141375125 -691.7718595950118 2766.0496143824857 -123.10702231544565 962.0090986999548 7194.07221283601 -6609.674780734494 3159.6244347113206 2054.5587731024625 5613.927273696127 -6139.128436831629 3294.4469376629368 8100.9711320989445 9340.128947568894 938.3797324885145 1932.7336375251361 -8134.313320000912 7049.257675844845 268.1160803415605 1067.4420417856109 876.5929299636391 6008.293401999032 -9759.84307519086
-41.41273457501484 8004.910269922144 -3903.854685552901 2581.134473764223 4228.208975693182 6187.750970984249 -6122.3850799858465 -176.60462162457043 8398.110421131354 -3264.581978623275 -3823.7040113273843 -6398.016769167041 -5679.031401439616 4715.056041865666 -1410.8579634529178 -9088.2826122836 4758.201710359997 2566.979609130385 5109.286632981151 -1756.0085957948231 -2100.040536968775 -6703.239305780475 -5591.277157877068 -4431.098347249436 -70.82633895687286 323.69437759985885 -9074.299070910944 4148.823016121029 3132.6219108297246 6902.461992261855 -1950.8891935597085 -3900.5623736849902 2073.7279363834114 -972.4478975923703 5953.448174839736
3787.424433827202 9602.971038624888 4381.6485230865455 8464.4084011997 7777.4394938957375 -457.42140479450245 -5950.6914418655015 1317.5687767855343 7835.054746701186 -8858.267007807995 8203.364463185782 -1750.7264981179578 -3252.7067614210227 -3336.8810433569943 6573.033602733816 -9186.368518250785 9729.922438196463 985.4483104834617 8614.694701381239 4063.7702247944544 -6207.20954114494 -3840.9196377808594 -1214.918188138765 -3407.9892014023753 4740.612567116823 -1853.7587838227164 3224.37594007613 2870.52533591045 -9806.576407043678 -1085.2184829298221 -1401.7241634827951 -7240.277202101735 -5122.721726684041 -2705.6216432920373 -8746.847217795561
-9017.90223119185 -6633.157729368462 -9064.83253449347 -1399.4893933534495 -8645.46721705321 -9716.58833600576 5145.813167364286 -9446.747877700405 -373.82728021766525 9277.913571911322 -6152.179186285789 -2011.8599488679201 4717.194549321564 -4271.007356244996 -894.8370900839582 8758.768645635708 -6335.543239180119 8382.715071533083 -29.593056198267732 -6676.518899304374 -6809.785329873565 4180.9550346351025 -6604.64827768493 8858.372594992183 -8486.499543243635 -353.62105043253905 -2375.325517160485 -4044.4900139621186 -5746.69642978294 -4722.870467274838 7149.986366371177 -4107.706321811404 8634.302914562079 7754.690966340859 -5267.815944927003
-5201.642073318729 4277.793348503899 -488.6548094915761 1203.5359455578127 -6428.373999131931 5306.2973317144515 7922.30586808129 -5071.888924537285 -5379.284025947326 -1549.8441989884632 -5117.163894214487 -575.8928699364915 -2280.649285773293 1421.6189285858763 -1035.5403925576848 -4951.862136848537 -7740.2726429877775 6877.341874087342 -5363.489369690044 -5127.731192367913 758.4420542180687 -42.985139437290854 5846.296670248339 -9854.711692337773 -9163.053643177738 8397.81407965185 -1895.9113294351473 7031.968149640277 9810.45246685487 2876.3496870647905 -3106.594344932665 -5694.232062002385 -9511.326443843991 2851.958912677561 5890.737628434572
2222.1261423762444 -4099.027368585799 558.0642743033532 8738.082090381307 -4322.186935432784 3653.288768691007 -991.6891532812788 -9568.029794206861 -1986.6372586446232 -1863.1799951553885 2827.803971232366 5991.271657016836 7189.95745025852 -5200.150898452549 -6425.8898522379695 -5272.652048736659 1376.758973330734 -8793.119296538192 -6714.674723383225 -609.1425493442075 4272.730439638874 2731.677361693648 5739.858893049006 7461.217937192741 -7484.154800032714 8862.823004241742 -406.1461988527062 -4785.834381327936 9965.307737796207 -1618.2735334310364 -7198.692637056421 -7111.605430084857 9655.421312604773 4716.933872412319 1505.710004988412
5039.342411028883 4169.592720872606 -5778.896892585437 -6607.860375890169 -211.30546343499918 -7787.075358749187 7174.893893918423 -1595.1083197341286 8516.820254358576 -7176.1657148334 -931.0414183327448 9022.343162288278 569.5581716155502 -6934.41226326809 -7321.26955599703 6730.550837667288 4451.747181145891 -2064.022628523785 -7695.957081592047 3042.470881436833 -2109.24596074088 3202.7997825762377 989.7906054177711 6299.121754494519 -156.08299066291875 9401.60088014113 -1232.9330936606257 4443.400969592274 9658.158037157082 -6791.789877474497 -2958.6382043548447 7270.101882962546 4922.997185839557 287.9781924220606 -6649.478639721317
6131.39371336431 8040.437883094906 -7187.104481375583 -6418.972891522534 -7548.5877350578685 -7110.819444972094 -8609.611707948072 4634.810654752364 -9537.808346040629 1801.8514137975708 -815.8613730532707 3729.57692239523 202.7038579243108 -5343.036984841508 6135.19747122415 2854.446080465221 -143.70058996288208 4685.747704954212 -4308.866177055313 -5844.035704582562 3805.517362812883 -7279.1694354062365 2686.64572136853 4846.01438811297 9532.251958383702 1128.5388484167943 -1555.0919910697303 24.9950850967507 9878.682203404227 -9874.989561870012 8399.560218191193 -2150.7774228212147 4252.579122808293 -3869.9339455807212 -6780.689800041477
9304.071530131463 9300.775166853862 -9653.73509398417 9898.835854794015 3687.642443922561 -7185.2286419229495 1302.2929627991653 -5469.893849715415 6640.458800405555 -8172.516759177904 -5728.0429349862725 -5755.528913257033 6964.701607082479 8617.621478875142 -6544.268594877436 2793.4644745332535 4078.414072086436 2041.7806677089084 -6772.039838708337 -4019.7005261971763 5325.423652514231 8191.3680944794105 4665.217315060801 3014.331817646249 9154.842129460845 -604.8241317709962 7276.656521768684 5470.9686015065545 7834.28336915707 -3265.6253678949197 -2085.6126007682433 -7312.704355141237 9708.876120977096 2238.044673110364 -7137.148815463681
3693.599295062735 -3877.823939144673 -3966.3863610316885 6029.332693520961 7726.671323779523 -2620.5428006594066 -9975.531379175007 9610.655122982287 -6352.976591109471 6266.344645908779 1343.29198181438 3560.6764968667394 7383.684049617568 3114.0909321553536 -1219.2596497065206 -4939.282775048357 1779.5146152931102 7844.311016637766 9831.711223093978 -3825.63363773941 -1782.9936689258593 -101.26890340876707 -2979.8174743660647 8137.932096947508 5053.027222433597 -8348.247493703726 -6959.326659365106 6784.7347293095045 4547.590689440116 -7788.720216708898 -7317.558592207567 -7036.37441329339 -5099.174555735455 -7986.216647196183 -6796.483456187659
2583.360320181613 8754.81439915159 -4093.7722587590406 1619.6883908658856 4806.868431983896 5569.567703359222 1743.6473335970713 -8302.467058056025 -9232.545234110103 3894.5131928655755 -1090.5492886792726 2584.5968655722736 9308.337020503594 -7687.792053366 8763.641317764133 -8549.479688867516 2385.578690342565 298.9750083374274 -7190.269247387529 -8886.908588205755 3459.0001697718108 1315.0641040373157 7061.333333993614 2662.6576355639445 -9856.234834462644 -6232.4581205013055 3947.2368184125535 6758.973085639438 1232.549740416487 -8179.244933404779 -382.58691177825676 9878.815421073668 -751.1990066552808 8634.161625388177 -9213.038626227863
6681.4904998906095 4766.304014372756 5679.818723979615 7628.444469808415 -4976.721108255529 -8650.41312987544 8649.578089785718 9186.06287332621 -3631.8361795324035 -6913.763284326118 4622.788694467814 4658.493741451091 1580.6574870719342 5702.149913814099 -413.8125762052023 -7644.806682300081 6405.874104034698 -4314.958295313838 700.1998133065263 -9429.602131528507 548.3072860778047 3312.804068766105 -4473.624485505065 2822.8736965996814 -3199.620874742044 -4575.152802102589 8646.386366281778 200.4034854194888 -6242.6006562637995 -6309.2470470501685 -9215.959785623909 -2838.114035633783 4271.272436209161 9871.951481333508 -6534.5347755073035
-9298.548494109224 349.0607943304203 7036.393830521698 8727.656757385634 -6173.867304337302 4899.245685316224 7492.179327077447 2151.782186752036 -8325.737466739769 3080.4084550385633 8804.05869379386 969.2399540840033 -5872.811191879541 -6178.069572521163 -7383.690038667186 9511.381373093096 47.48968854861414 -9626.435741291696 -6531.661074216165 6379.192352520389 313.0325330411506 9765.956531547006 9376.18301987859 4821.402504154297 4673.166411469689 696.2555603906367 -2101.7095951577285 5097.459040628282 1462.9718352254931 -1667.4830375488382 -7136.075823701331 2909.010248269311 6746.254035057467 1012.4904855752666 9099.880019260876
2379.238860581092 -197.32653443862728 -1688.0252130843073 -2436.7183832968076 -5740.366020558574 5030.354298917253 3199.1447965921816 3169.4021394285082 8100.799722168962 9591.361027239836 2571.9711426981667 8044.748064502823 -3824.8690405679245 7306.580504852445 -2809.2835097063817 -7090.4398877514095 -6668.042459869217 5197.296808632573 397.47915293584447 -9678.248939306084 -3366.434877106186 6134.760444817854 3787.5434107619385 4239.679091808406 6293.660648766479 -1348.1456426794339 2581.54140380677 -2244.8555558339513 1117.3813029421945 2844.0824406468164 -3403.465105231853 2082.2562452237908 -3563.4490148615796 1485.9927388684664 -4920.721138868757
-2354.33957531175 1746.7879359675753 6365.2155403571505 6738.447072265586 1978.6649496746977 -3290.228898483092 -5117.646175687422 -563.0820127140487 -6676.135210809543 1409.5788423972172 -5420.435646094208 -6329.671365547789 8750.406872887881 4525.649894231958 -8502.890529262779 -2233.682586300367 3433.461214638446 6448.967656049364 -198.8615898083408 -6233.358963410147 8961.796482178663 -2066.954234598995 5637.669892641539 8555.60517166221 -9386.934852458098 1734.91485182852 511.3616357489864 7735.137985996502 -9400.632196762175 5294.299729960683 -6511.235394715866 -5108.881920360333 9309.828930491254 -8014.134779054715 -8540.56618798024
2681.1032007485737 -8005.776804465104 5951.456962221104 3909.1846471717145 6144.675758667952 6398.810455155883 5355.463800342823 3654.7982382956416 -8123.219571297886 1601.5849376305741 -9023.269149603224 9185.345897246283 9084.372730025963 7426.711497300781 3770.7706732894676 -4500.497964256942 3570.3527831096435 -3689.2545083542445 -1383.1308704994317 123.62260810671796 2316.678537669948 224.07190122078828 -3044.635447319961 4096.069511098856 7994.286384363528 -6745.653057584548 -4969.762688343746 -3596.742896265956 -6115.248211539012 3930.229444810382 7782.640802313039 -9013.121633121484 -4041.959529470394 -6379.889521999614 -2062.23998847433
-8837.936966456076 842.2470195135847 1500.054596310536 1693.247377561067 2341.4055377181066 -7806.314466396796 -3698.278650322073 5804.143372927725 -7421.440109584474 -904.9946324332432 -5411.02268698727 8906.938901135116 1036.0181122024405 -2768.1326032841034 -595.0246306655845 8693.193158775131 -7052.57325981119 -9007.794474612285 -4271.320178435316 3745.9180625803183 -8173.849555982915 5565.063945910273 -5303.950805941673 -586.1653469211924 1181.0209284272296 2749.889301286892 143.78280624401486 -78.6410729316649 -2754.5981764076814 -817.2535578745083 8388.771591958255 1079.5556209360439 -6490.516584061188 -4210.3417087098815 -1636.2874631667219
-5678.192023648081 -7412.528738334198 8359.640109909396 2497.408920197795 -2517.6676364432105 5287.998787048618 -8478.737028677717 -4048.1481140870847 1621.83221932995 -4131.293242895486 3675.789069339584 2844.8858503970787 -6398.414248106876 8052.160851987701 -383.0863827586545 8079.836917310669 5744.109662244609 -4297.287303318127 2722.3595346580005 7389.915168257623 -1494.2852137450427 8295.912783625434 776.1601235680046 4483.139767030063 -5944.397729310173 -3176.432722049838 96.38919858000918 8006.464309549876 -1216.798727009953 9108.269509467409 4303.077595341232 -8681.409529401068 -6129.859090644019 -8416.030521335228 5980.614456685658
366.36002173191264 -3839.663139557394 -2942.6984642962316 -9503.879578132195 -2773.557192851501 -9191.686406337654 8882.235554028106 -8898.736812913285 -6321.487653001647 -9516.355673268103 3664.894407131891 -1036.7260429271719 7611.777926162387 1717.1315409601611 3591.763237980971 -7802.490624983094 -3817.6009704019907 -6288.209447534252 -7419.57963131241 7117.994415908641 5127.664653081629 9893.650983738902 -452.9883332678255 -8713.657752447774 9699.114240215426 3442.390048848736 -3897.1272426035484 -1116.89545945572 -2852.4246456490628 -8628.018086047054 -4664.599578625068 -3738.0536789209364 1757.6052128367992 8786.801464034292 -9302.81230822114
-7049.708707387785 5037.303171950505 2128.480080829522 7897.421591715229 -1357.6625346768687 7656.228607702993 6499.8839066774635 -9647.756945548183 -756.7209168310455 4549.099685424981 -954.5912275718456 8168.291769796324 1659.812424660613 -9587.742035804304 6738.298730177052 1560.5506302634549 5426.863417143233 5573.418043917134 6238.09638286978 9542.806035969246 2975.553580527836 1474.366146471024 -2551.054941650581 3755.0779611821945 4969.105363849623 3263.8979710253916 2243.0966601482924 7601.882103822707 -9034.005216709247 -267.95959397909064 1171.0565576986828 7027.949857493088 -6217.006266844641 728.106377508524 -5695.036770400914
4030.5066374664875 -795.9064212834037 4251.2481141025455 -4052.7353672777817 -7725.756545001277 588.3620273099095 -8105.91677478363 -7552.542312930519 7940.887027318582 8712.897779680898 -5647.937861354044 -4447.40795922876 4206.513367941256 -6408.893750455838 8570.070315956702 2751.072174428853 6858.096908136089 -6594.594583386311 -6332.010393153624 -3661.1100683230616 4060.446702920035 2638.046520645321 -7818.333465490626 123.485491252879 9508.986062462955 -5228.639273344948 -4921.079995362827 -1003.6304963409566 326.465282063431 6243.145056194351 -4524.535649686752 -164.19322468396604 -2020.8367774154158 6594.238071691019 -7823.675600979323
-1129.7851995074361 9259.537994907943 9614.32611642297 -1182.4322852036476 -5306.003084638706 -5489.508867732131 4926.3462643359835 -2476.5306531472643 -8701.55727019213 5941.739382058708 -4265.336827756237 -929.9813215037375 9595.744006667344 -5134.706417036024 -8744.471426473432 6199.430414610075 7596.252023806712 -5454.828723636269 6280.467319156753 5449.918295137999 3880.0960003568234 6768.524829877566 -3172.1010110105326 -4539.042825717263 -635.9085773187926 -7369.5753995497125 -7275.771481356248 5285.095753866561 4754.447780262046 -687.6881650099313 3880.8082369632375 276.0285706414288 6646.74672758751 3799.962651724347 -8045.279861258598
-1397.749554393673 3456.529471891079 1410.533391477813 -4733.316735009769 9419.80038372719 9642.308335141788 -9267.098558570728 9401.487994826322 -41.67308850995505 -8036.691245017711 -2849.137958952121 7.069242511304765 1099.3075296779625 8138.184837776647 -3899.061546100893 7647.55312126064 -8983.11589789557 641.0477335427549 6729.008110754028 9937.264477935056 6700.565168557572 -6601.021705576169 -3575.419009739958 -2717.832592301186 4969.977199584304 -7076.419801066003 8818.349985350924 -1358.8558836840912 570.3077729368197 -3695.9398906191955 -4170.441753349281 -2330.6719447325722 7123.3718004286675 -5618.058378318982 7199.300303967244
2882.7195263054364 -9926.184099334061 -3540.1910547721545 -315.58671322705413 -5324.984256420953 829.973326716261 3324.426220909967 1860.2605129338008 3949.144447749466 7313.379831961767 -8754.255566369142 -5016.22164420009 -589.6724992194249 2132.5786657964745 -5541.702149116323 5422.432691166685 8295.350853236148 -3707.2545765426557 -8660.397593175265 7008.85484658373 -8326.782241786588 -777.3995047917306 7956.827025619645 4959.324638705051 -9016.199307953184 -4926.175766052105 -8614.322017114138 -8866.488474557316 4715.403943505893 -1717.343416142363 -7497.93833825541 -3026.211080576093 -4206.966642136312 -694.2757957716949 8150.394190253886
6892.238510956395 5638.710346669019 -3197.3856709750817 -3034.911062621515 6014.101495067094 8215.724882178783 -6267.657676149334 9309.9018288632 -4244.443695314377 6436.706388358874 9622.736801398696 -8235.182681208551 -6585.209777007221 -534.1742703621221 -5425.404802600293 -2155.2118083868036 5494.529821233964 4320.932840065612 -7405.328054390187 -7002.884101889462 229.29265899015263 5940.5116285354125 9098.183515228215 6345.07129316226 -9298.817075657393 -546.1692048704681 3168.8892410893404 -8385.941800037719 -5831.44652017086 -9257.636533969931 -1272.3305239168403 -4795.909101333696 -6897.143071424931 6730.275970575953 1026.218948617754
-7060.775571979046 -9468.02986370364 -9037.502909530987 8611.601877916939 -5194.788445237806 -8431.696338340622 4635.601502851117 1248.081000972672 -3786.112130931225 5551.232731182918 478.2909390193672 -2212.737522987951 -2751.7597634943522 -3825.05256470923 -9432.79566006947 5875.132969865097 -509.32455385015965 -7509.515663826452 -3715.1456123684975 -9364.88540795255 3333.508618888274 3225.1759905135914 -1943.7409698446336 -9762.700469747708 6450.536843642309 -4842.277453181469 -2069.2396571118406 6600.82985466185 1856.364543664742 -5502.29814408467 -1818.752234296945 -8023.721770107058 7532.258267826899 -1840.5695782158964 -7384.316537233362
2473.9754923705223 8944.244478739198 -997.4129829928534 9439.071352549123 2080.536205671684 9738.62936525705 -7719.752808297546 7978.609963044346 -1490.663353806216 -9736.976264037381 -3395.0265509627034 665.9184985180837 -9104.40661125693 5965.929210719809 1844.8488909096868 -3410.2308866780677 5551.2800583617645 -905.4895934665383 1373.239343107347 -3231.5557670126464 844.9125747397684 -3951.723932110578 9617.139664713392 -8053.393508850704 -8419.211551542638 -329.20399609499145 -328.31068397734816 -3560.0531236296893 -7397.773622493433 -8932.791334165644 -9578.657282676471 8181.174646246505 -5218.741839897963 2695.9568329132326 1911.6803586019287
5114.030186078593 -1666.4334192473016 4482.480716408916 9586.91660007866 -2512.124474220632 9551.810191911572 -2446.247420298677 4160.109861175046 -3967.979835673379 -7205.261881094749 8705.383911387176 -9540.529150335522 3834.4407368333686 -5884.250454209563 279.974662374756 -6625.856414423964 152.59845460571887 -9985.483573393847 -208.9430941840601 57.52935464344591 -2993.4281717393806 -3743.5229130250655 -6210.528408131899 -5740.282967620116 -6192.123338182747 4073.970209750518 -67.70823582478806 -568.6064940205979 7223.214475642129 -407.92215259023396 4081.214749259976 6965.544738119526 6598.690192068509 7414.168275820022 -8578.960146515046
-8782.429635269 8890.368486044248 -9019.76937242965 6581.295527001814 3625.9820232416278 5399.008156730102 -3644.6487752849152 -9730.139055764646 -8694.741886715194 1838.3742901037494 2812.7838863025772 6312.798966341081 5121.078488149464 -6542.432986283395 8545.247270257729 3789.6867056064166 -9627.066641868489 5528.374170079316 5753.642216385126 571.4585684457816 -691.1682240741102 3968.1169378316717 -6335.420918527643 -4134.106062639285 3352.401927435012 -4662.798756883024 -6528.001913733421 8234.754160780842 -153.44925687123396 3943.081969157771 646.8307051781703 -572.2881854017705 117.20350046723615 601.8092437244031 3292.9692559523646
-269.13263469764206 -8443.8728934337 -4205.658056924551 7979.3050255759335 8995.39144288599 1439.1427435452733 608.8922282672502 -1008.0782999184321 -7631.904736773571 2716.2357040347724 3890.903851858906 9028.788115379783 4549.457322809081 2378.161773611995 -2075.6912136585725 -6252.734116901562 -3861.9360835416774 -2787.5519415183735 -3500.7570885766954 1474.5887218333137 -8032.2260445802085 329.80844023483587 6795.5875620884 6872.095180048578 3209.5312097477818 211.4259857489833 -5409.542799323865 -611.5188613519513 4040.5594798644524 -1968.0816662507941 2354.936672250891 -6795.557677646802 5083.670048702736 3850.8074302105233 -5010.060774461315
-6883.045960427098 -1271.6945505917647 -341.13526893384915 -7357.150585968628 -3864.6552707939 2506.1961429386574 6707.293511678348 59.37603521869278 9969.043279071986 -181.43204354682348 6694.311457742155 9920.854726025118 -4540.755408231307 -3856.85845358386 4880.139496270882 -1930.0061939118932 6785.98131226471 -9941.860147850864 -7695.282812354881 -1969.8828309110831 -5522.571890598302 2069.7640345090495 -520.9337819450684 -1653.6604467980305 -7947.076080037461 1268.6729564438792 -5168.375645688252 -9133.469457917678 7749.2739984679465 -7797.904836571383 -3783.2660189743738 2128.4235338596573 6783.238354231347 -8681.70648849844 -8034.814600807663
-1799.3480637707053 -798.6109984402228 -8281.452369395496 -4122.897953012858 -1465.8152961660944 -4621.504156666476 -568.7137762473249 5932.26530975232 -3339.4690589545144 899.9232984237624 -7651.4670022463 -4788.420699016358 1960.6700074772161 8145.32040910417 -4503.039510266769 -5957.907717535149 6407.272852393802 804.8010950037533 5544.438773614018 -9779.670799916034 -4863.577923228417 7364.279815347461 9096.349874244497 -6329.983245117028 5452.162013430168 -2375.037152244715 5342.8884347748535 -7919.147370732655 4334.0974586215925 5213.492624681603 -9818.197343028909 2738.6771782476408 -8521.523915868529 5663.947619061191 1050.8721815059907
-820.2871040663576 3979.1031683085494 5966.877193934226 8268.516528961198 8590.902878297635 8644.92250864035 3318.766120881788 -9989.937285125547 240.358320104604 -1893.7393325769135 -8436.99163637614 -3684.308272302448 -1607.6936239941951 -9448.824848858389 -6442.916807100732 6161.450729763808 1990.476459127398 9040.389297882593 -9692.37496770644 -7615.413685343424 -5621.742134250571 -997.8544722383867 -8846.90202628941 7173.307540425252 -1804.9752732021516 4598.79610321035 -1783.2455015144442 5798.596339329324 -4411.568717586088 3630.059129734451 -236.60489337673425 5013.968127328979 1917.5307804126587 6128.546850634819 -5209.7873269746
5640.648766795024 -7280.36551222619 -5179.842056450106 3303.117541843323 -5292.533112154474 -6751.992574792945 4610.1331943041205 -6882.90087345469 7228.509358719581 6550.546198565782 2224.372268501411 1321.1379037401402 -6449.675360082454 5471.727189660278 -120.64148953282711 7320.501030626467 4224.976591329409 -6329.993703830023 -9989.088181251513 -8262.228764692805 -4569.828618259148 9032.139283190067 -3188.9048317955358 4422.6905444061795 -9638.888431030062 3736.892194693586 -3186.328750051679 -3475.5902405798624 -4967.651418294212 6559.834299472612 -3996.6884328081023 6607.428383907951 -9261.857893359298 2712.132054982483 8638.12011286732
5884.5295045593575 40.31427245556915 3078.9722393751035 -3289.5040660800514 6945.175292799198 -8423.602073579954 2071.8478723111493 4275.746796951102 -8172.427281244836 7490.742165341249 -4394.258755422003 7472.556549185218 -6572.325747131588 -2425.476832983846 -9236.565091729874 7533.38451168402 805.9015333510251 -5580.880182757526 -308.76277135798045 -6667.540103248783 -2992.33397722239 8234.616051093653 158.2279216685347 8190.39906747828 1995.4323443749272 -3107.3097697221974 -4210.607239694599 7887.03042493105 8614.650309425648 -5320.832044508666 8821.26194065357 -5623.457618060619 3505.173951090819 -3749.557042151894 -6438.762337153809
-7052.543760224678 7080.168476099363 2894.124427483368 408.57754935210687 6131.93658939757 85.07955284023956 9277.77050405255 -7343.656325787011 -2472.9658974967706 -8361.575319553569 9466.771881007233 3315.458786242707 -8786.934797620423 -1250.35431720632 -9117.290917970853 -4503.59235006141 944.4185399974886 7783.949311062304 7650.719799079372 1776.421369278296 -4031.3560829330327 -563.2483327689715 -2760.8289290158373 437.75068841748725 9396.590332388892 -1970.1660149121026 -5608.615136105291 3462.2879007116553 115.73907416813927 -5395.171355360065 -966.1376307350802 4666.109056622305 6167.384297466793 -3476.2257965165563 -552.7504181979821
3487.297363292264 1611.7351458593694 -3270.196310290934 -9064.617460466094 8898.605157889684 6959.81497215922 -3523.0276131169094 -1829.6285741851534 7277.99488597329 1027.9165360539482 3051.2923458886253 -8284.74359493691 -4375.42156224418 -9610.290039469011 -9968.728510068335 -6441.084586804078 -5893.910152901538 2122.058142720054 -1075.213469037104 6570.951115968004 -1642.5191914647257 -4323.932634870224 -6897.478855608108 -5192.323551828941 -5442.381471109287 -729.8317931994952 9182.404692681805 -3345.264945660054 8227.085770585527 391.509436378572 -2593.7136249953883 -5337.955198470341 -1026.7369030637237 7400.426332949792 -8481.248215170464
8393.0650098234 6743.367302062543 8561.128183230925 -3428.0534949040684 7035.763687677205 -6110.342155302264 9493.961853463494 6907.947175031713 9240.06777306322 -159.20641158354556 9313.872416378144 -3635.2702896436085 8901.503018630032 -4426.867855864747 2781.7617572437284 5367.00053889527 -7065.661676711783 9981.592664382017 -7996.891025687103 -4363.752418977036 190.74344507910973 10.64844958805952 -9452.438643826912 3173.2203085121437 -434.82760143313135 -4602.465775532783 -3341.4137016077675 -6148.800647819894 -6318.863659448409 1431.6827637222486 -7641.083159650144 544.2723021163438 5123.020987878466 -8949.63588988158 7652.773560604393
-3073.882594158875 -7262.399054219333 717.8385077467974 9024.024537652225 -1484.3921809249641 -1803.1975631104797 -4603.641886684116 5586.339725481843 5067.1299549493215 -665.9786806624543 560.5346617316281 9433.366442071376 1016.0109463742247 4670.955041765508 5378.360592617279 7992.987682299092 -9968.821193584532 9613.17925090577 3419.293339700731 7179.703015392621 -368.2293013278286 2076.9538003070975 1637.4558615789647 9577.532982747216 -5918.728987441155 -6790.6481431991115 2659.687309283243 -6245.610306958362 4477.805261018493 -4986.932323547737 4484.1529997751 -3591.153233689788 4032.089080755597 -5791.041526047517 294.23364510745705
2166.9847014398383 -8432.317187807763 -918.267099932038 -9039.776636356082 -7407.679373074074 2663.156944379194 9802.544107647002 9597.947797893554 -5554.233613410942 -9089.052155125468 5863.000548134394 -31.303737462390927 8260.968784941157 -299.32543771814926 9680.513169916583 -8132.1375578424095 5769.794541146708 -4826.383035664925 -9552.556595069094 -5406.187411013805 94.95181985655472 7400.5215918653885 -6667.5088183155085 -1271.3783220768637 258.09739153719784 3381.7141181663137 4488.674926663865 -2913.831541861733 8496.836849869542 4668.353805970206 2115.106063682273 -315.2373921937633 8418.480878197704 -9489.68450257172 1312.0792209904703
-192.3746241078752 -5412.437579253185 8435.945910355022 -8624.77056084953 8849.54872326323 7716.448160702261 404.0513764723837 -1760.3811956875215 8820.754432426023 2639.770508364034 1061.2133699433325 5320.501773598116 -3766.889904284916 -4477.1988370913405 629.418525223884 1067.2915418389766 -6950.142119992568 6336.919052764719 1492.6800499578803 3714.3929083300027 -3324.9994648076254 3876.5934575356096 -82.36191267381582 -3430.2634276667286 2598.493701352005 -4242.331658611649 -3181.1826018260535 6951.4897347291335 -4872.53259363837 8650.38263791721 5495.5145704351235 2250.9846568597895 -5997.666182292414 -6978.731843322146 -2722.3770573341644
-3432.4410977246944 -8407.31702719721 3640.9031284124358 5969.156752417808 2256.491961265825 7585.109597944673 -8478.2205709468 -8755.088254505967 9490.07628208517 -2549.3451963536427 -4564.742322875511 1775.7370662861777 -8088.890242688855 9523.714702496454 5278.919468236878 8555.980112806952 -8776.446920925653 6026.665305196857 2084.943791777834 1141.8190073211936 812.4579390391209 9701.979308435471 7095.7620211488975 -4659.204804625767 8908.72860951331 -4818.801965901125 8220.626748572544 -5699.058725292647 1040.5880579794684 600.7306837746182 -3290.876780459129 7985.176462724241 -3062.976926176937 5871.655218140888 -8785.677335681432
5647.992839012677 -1724.2614747062507 5094.15983138796 -1496.7572400198678 -9503.591070036857 -4705.828427413175 -659.8968055099413 -9797.824689395276 -4770.329591745879 -6741.553068838835 -7747.344629772757 475.4514975745733 1008.1974015600772 -8049.690199284136 -9840.29993249011 -8124.010982141579 -253.4114989138634 -6783.324082728048 3429.6548421274 -4166.388185567822 4683.642860615171 3962.938225156986 -470.4534852213146 1650.13512914258 6291.546543621029 -8328.41403708003 8045.411178489918 -8918.632697350171 354.13650908280033 4099.776000237 -6944.838422187238 1146.88467882015 1623.0185016266023 7969.93523167105 2745.4164554587405
-311.95139271488006 -4315.653359699836 -7157.95104680987 6183.002947084304 8926.150168744352 3293.657811920417 -4558.06587021486 3051.0593823415875 8366.252709388402 -7790.39297518624 -4726.82956425283 -276.94046359761523 3872.149964086473 8810.771263938375 8227.97809605203 -1581.0396507183796 5028.603439148897 7387.444325187014 -8866.742466346266 524.953762703466 7859.876052414882 -339.64074802369214 8755.97706281317 1399.0315968977702 1887.3186299212302 -8450.972937702129 -2749.8836545377035 -6102.4123125064 9551.16062769666 -139.54273649261995 -6671.472331882324 5043.634691713411 1705.9005060991713 -1715.8948527865377 -2566.47822591407
-6032.464127374842 -1720.3520355346882 6244.549692933555 7903.428000727916 607.4129378084817 167.9016419456184 1049.737208759756 2847.9226996790803 -9020.898053730292 8481.975721906361 9951.64948999822 5311.3370551512635 -2351.8255434633375 8073.746355820014 -8063.730141665157 3915.2240268558944 -8547.261137701209 1620.4915157822415 -8371.101092956085 -3460.5265919085796 6663.186645245612 -5320.787804750981 3980.09974661631 6367.147227766753 -5488.232065259164 7699.331205471237 6566.402935605809 3590.623491140319 7983.286449922114 -3306.3061501231596 -3130.9109049712515 -9365.710441898438 -4752.1770506758785 4107.153937277346 -4813.53567036992
-8736.489019935787 2492.92731742895 8918.89030349745 -5859.425016674846 -3536.293802041646 7082.379801233215 -6387.921866148192 4152.002061368043 1707.3863454955845 2786.731296386908 -5595.749209118703 7674.527664962334 -5823.302689768661 -807.4612113624789 1268.0818366030835 -2786.9462070782665 -2083.779388167388 3401.009676863103 -7852.017847800461 4337.99054992062 -6563.227138910579 -2231.5703926265405 -3170.8512716069536 -637.273805040164 1999.7285538592296 -9078.742218553341 -542.4466248335393 5744.549506061981 -8108.121390834262 -7946.373127626946 -6717.379598780091 5320.936423735728 4807.512336496977 6246.3359347080095 4245.700983467697
9633.561316215822 -1401.6369185785552 7760.27074785862 3177.7628579829598 6647.105794355812 7991.001419469023 -1255.0673157836427 5004.314780064993 4730.814726087203 -248.13346126822944 -7279.73206570655 7480.889514744358 -3017.9523177222654 -2517.1367235083617 -9565.765614992166 -9071.613917041634 6437.83155411647 5936.687194491758 -6721.759842837054 3618.078283139548 6011.615430964297 -3024.411769432125 -822.7243055153685 6023.962547972609 3834.389909482321 -9212.226513233385 -8850.636690344416 526.8590679452336 1319.7269190594034 -2045.5946024044633 -1076.744729833672 9509.674417412367 -768.9795388754555 -3540.379670511733 -6794.004049111233
1941.337156639329 9354.85172346134 5059.722780919985 -2203.345264611774 -723.9824470983331 807.1772955523174 -4026.568363677565 8203.448269325843 -7122.583872433812 5828.828513371278 4927.727580407061 -2048.413921498255 9274.750434174737 6981.68414471337 2583.23927771114 -4666.153680795251 7861.1673782754515 -3290.132143861286 9287.94517900603 -5612.215593366845 -7648.20783064321 263.9044747766966 5471.839285402919 7277.025801352789 8751.899806857942 4267.992026709093 1257.9127644782802 4249.241143259249 -5297.560898931206 -6027.77070547205 -5770.440273673525 5258.252241245451 9052.33286745131 -178.8202625594622 -1323.6714477329842
-3214.8949735724527 8931.174113141496 -4220.299797405842 8154.605237272855 5967.573339794435 -5753.23148691867 -865.5375308810089 8070.538943109037 7464.128028042229 -2213.880458663757 2833.9198367900462 8252.533786676391 -2850.223300726262 7010.018411515288 7493.151815938865 8366.293308735065 -639.7944371447429 -7948.872240610265 -3321.773912400523 -9677.379787157115 8950.150158017299 7558.940610547594 -8679.560672574631 7826.753235698452 -2869.1456670849693 -7248.2764390012135 6128.099650842278 -7746.375435530493 -9714.15499243505 4096.448185824864 -1748.8544654297493 -3179.291020841395 6340.909691425137 -1825.0746769182524 -2479.2710813708973
-8340.444587650087 291.26861017977717 -6269.899832353143 7807.820346420016 -8628.784218142058 -3663.055223065164 3292.8748841431334 -7427.087505031802 7793.637508943597 -3727.8798316163056 2981.6866524605866 -3032.5245493570364 9689.089084037278 249.65841548402932 -8801.749924361964 484.7959223893522 5908.220647550388 5575.87862203336 8017.613030228931 -2089.0288534314986 -7734.306599505397 9729.387378860523 -3122.0570670695924 7668.881560201626 -822.3699622412114 -6761.590599301366 -3128.1190951227454 5791.763628576082 -3885.6155825000087 60.702513379539596 3384.4488565868924 5937.955186877896 4046.3139463415537 -856.9349718765989 -6380.118867064002
-8847.404812138779 -6018.450834054116 6409.080620212706 395.97797806940434 5399.20247504599 -3535.367904718114 1657.2883930723092 -854.582498274076 8236.737205975536 -5884.534726861677 8590.25492926611 7157.213234464718 -3259.715838677628 4351.9853185672455 3690.714766464356 2443.0630430565907 -1562.4305452822118 1995.2786353110441 678.5540163225232 8828.81354028426 -532.0102793576334 -7333.000645826462 6579.820507286506 4721.977016819006 -901.6848988951824 -1679.2911172661425 9200.580149390244 4530.62268473957 -278.981292583976 5377.374577802275 -4811.463696659251 9628.377659479298 -818.4546861530944 5877.379374087619 -3261.5718853945546
-7314.276457481181 6608.81002641773 -5489.128485479852 4555.6017598626495 -2208.2466909723844 -9212.557511477115 1384.8069372071677 3265.792173330119 -7359.752700543833 -8342.38582071781 4591.767757877444 -1139.491707663372 -5711.554154862762 -8771.556786515135 628.0029061381247 4935.350097269651 -4817.806908340268 -3561.214837467972 1497.6525335730075 -5148.839946433379 2652.9400349861007 -192.26745356945503 126.04116620820605 1208.3651339629669 3748.7325645645924 8272.450731572539 -122.38258610176854 6864.157703327099 -4515.60676515939 7442.803152388318 2798.3851168162582 -2444.573092438922 1004.4739018708988 -151.99858797232991 -5675.259475247456
9253.566718897353 -5512.2534488375895 845.2955537198868 4121.649373278482 -4607.593842365809 2224.915832288427 -1539.444217418386 9525.867454621417 -4587.322403049346 -6861.650421085253 4078.4015352313327 402.49479179388436 -5829.228745271644 -8721.652611612348 2990.2255660941064 5758.254197594437 -7823.414771318348 -9648.507625659586 -8960.138011787436 552.4990392864111 -3563.812396897907 -5004.705015146018 -9953.414509078762 -1525.3864528068243 -6454.058298291642 -586.39714593588 -1196.7735234220308 -1921.9098648075606 -7068.0884079746465 -5789.394537012773 127.69557531831015 4644.679745002009 -4866.797877786624 -2284.4701430077976 -8853.77833304341
-2888.141220542215 -4112.4944610450975 1789.4695631545292 -9122.412849964048 -4781.238998211479 7098.208737766814 -5857.21228630913 3250.302677375961 5848.82960781763 -7535.261182564539 1746.6419537503843 5597.588885492591 3509.2870546475515 2311.358476302099 -56.027025781213524 5981.700493656754 -3506.7752098606843 6175.442856998221 3017.849040862173 5928.1256361923515 8315.186305532789 -1657.2797965690024 6727.111745478 7761.408951349775 1269.9052803679297 -9739.631217719041 2193.8776505182086 -2258.0258193345835 -5025.924388234468 9737.863920093707 -2795.2598403017955 3225.9699487589496 -9602.714753270779 574.5720488643183 7511.101855229685
3292.960386282528 8084.990543295946 2816.455700087974 9194.751838698015 -8956.195785599468 2576.8128786686975 2467.1113126977925 0.7677723320957739 190.0093584699389 -8557.15133990967 -1730.6478584957877 -8191.218349646802 -8739.289551165535 -3862.627244509784 -3684.8200226995177 6636.271245080254 7814.33608597286 177.4120750250877 -3652.250687303899 -1356.4765388038813 -9342.676372092192 1838.9713675798957 9214.709829289735 -7688.295245558122 3222.7035284031117 8260.578687418922 1817.4083175633732 4820.1847673722095 5189.707239684707 -1733.8336159431892 5705.22637923356 -6738.042126946364 7844.6356048302005 -7002.143389164042 -9949.866023117193
-2142.2993916999867 8408.507331155459 -7895.900977439696 3961.1999207953013 -7155.4842473287445 -104.2932200669893 -9437.975098276293 9440.288060832885 633.5985898921372 5115.985723030524 -5095.417125185011 9180.156083989532 -9568.48324572693 -7411.625596335103 3161.4038407856933 6794.871173546933 7326.301614326341 -1330.624310939489 -697.5711415118658 -6515.69316951462 3141.8062779243683 1432.0498829676144 -7101.693545681227 1230.7481459340197 -8598.787901025018 -3427.70878975661 -6849.122224610246 3451.4789574707956 -3636.944561555446 5760.046367194718 8323.842316028582 -152.8855944763709 -2057.1858127804617 -9345.721947065873 -4857.293883607594
9103.106643025327 -6426.154173165619 -8618.740270425462 -2809.8933505469304 7408.626616124835 6536.403792562924 -6329.356662145824 -2940.7833021242614 9907.723041209701 -6192.757961217341 9026.85156763763 -3837.47470980832 2273.6984657708035 2647.991060389528 -6611.34659624973 9262.2962056619 8536.112781262287 -7569.007601726495 -787.0570760075043 -8034.171078112924 -1827.190346663605 -7930.060967783917 6268.4846195134105 -4791.844095000406 -2738.876334588771 -4093.2276552376743 -6886.917003486057 6032.568562978184 7641.138550722972 -8447.129255514179 -7380.156089416241 3143.205065227081 7706.9990206460025 -2281.8728364877707 1331.0450475765829
-6340.278749959063 -3045.3905258701107 6820.260000527862 9391.701679960152 -6553.610881261784 -772.9596449458095 7736.114461561927 9101.78503521554 -4327.852587102397 3622.6490678504542 1796.5138354296032 5824.469099023814 6088.77224301581 -4044.8241242623008 -186.45923122237946 4000.3358229503046 7480.996805207742 8640.394346558223 -3327.534051833345 -9361.578219381441 -8712.132897992771 -2088.7519132160696 7545.07369785976 -6095.975831001117 4781.296732126819 7307.159315984682 -9582.481319259863 -7964.269219148634 7365.676326116707 -1872.7865688584643 -6047.167612518545 4582.229893787546 6527.707896797732 1439.9456153313113 -7815.48382487421
-5183.4497879003275 -2954.282211895076 -6309.887942034482 3012.9448298835287 -6917.216599437676 3377.14259090242 -9919.381639667923 -1895.8675269396344 -4247.153647737146 -5680.025788783955 -705.0680426243653 -1917.7483812887685 4222.461026899664 5036.0366365210575 220.27985703826744 7910.3143824210565 5114.214154320442 -1680.6545057136973 -5662.2904862098685 -8503.763634393681 8182.718394917054 -7448.382820842648 3712.130159639215 -5302.143781537307 7024.649039458593 5463.9764450432085 -7656.424678128895 -9936.24530937248 -3676.8667126004993 641.5169705229055 -1021.9969878727916 4947.804044357081 -8900.29673148684 7606.101666673749 -552.383768585034
-639.4530096662802 -2070.28932109965 3258.9677110728862 -7569.189300588459 -2837.9645474394247 -3899.8928901293466 -617.4259553837073 -8891.196870025351 8823.81201194432 -7880.911567848166 -3564.363492721476 3018.0407053403032 -4036.3545257015003 1409.8867352896486 -3425.9875811819147 -1700.7626951322254 3989.632416895798 -5024.277625917861 3359.2815978989547 1503.4882909006192 1588.2210027618585 -5538.894680827566 9956.781979645439 -3163.450080533301 -2672.1588918552916 -1034.925980259799 -8412.039198345627 4855.619602438934 2058.541095195349 5993.592193937704 8988.161145915696 7398.8390244328875 -8486.308955369575 1056.1345906226452 3642.310735493209
-3690.4133224140633 -7402.472600659488 -5305.937022484426 6461.373615980876 -37.016107637185996 -6785.776132204309 -2795.187287887804 -3613.740940689303 -6990.80857151819 -6170.482514240148 9868.451667695968 -1437.0025185408758 9784.50840436469 1338.445869729554 -5317.2590251201555 4268.734633922386 -1254.547860634335 -6775.982443127883 7772.029459648227 -7616.11883780885 -6376.117104257306 8018.849425713124 9410.152654970865 8082.190935686009 -7195.974836719394 5529.725872050736 224.8358378419416 -3178.604592759022 -6036.094532633841 1979.117575302007 7097.588655640313 6010.043574021567 -4521.244238017061 -3568.2581270669125 -4429.325395022843
891.4397666764853 92.24138846980713 9903.726990590276 -1948.362227848579 -6958.536159786102 8634.952119734462 4624.0724954955695 -9493.136070329088 -7453.851901163713 -8191.651243963384 9026.993199779408 947.5654373820234 3479.98210298885 3395.2950936008183 6269.176780911983 -8374.853460558646 1220.5290487181064 -7364.038321709388 8911.6684454967 -5102.921870888917 -1605.44453311484 7074.689044259678 7855.988281072052 -8248.257979518157 -2241.767883226302 -7254.659884685184 -1903.469553544186 -3704.1182075713605 -2780.7343610738735 -3635.29586402977 -8852.458157478737 -695.6184957032565 64.13907529155404 -1245.04805679305 -3367.801813615163
-1014.7252968604498 1391.3908300955354 -6873.452702341443 -7549.868513178488 9779.368447032371 9432.150985383516 4067.940927113985 -6428.235601848084 1872.154551665195 -4195.409506404755 9680.276775149941 -6969.601251240316 9324.083103291508 9472.891196325214 -3983.3228861965117 -358.0908812063626 -3734.675384032588 -716.7360324856454 -5556.530454883348 9556.060937108545 3066.514220458219 -4090.1791989450276 -5537.580487013583 8988.319085676107 8251.193830750686 -4183.325152471942 90.16610808231235 -9977.720709375091 -1025.9202793924542 -5120.429537743059 9895.013268425173 -2683.6098189810873 7511.5883577648165 4629.547393074334 -8104.958380746206
-893.2849547853621 -1785.9518823090384 -4090.6143784257547 9924.642857021758 -5661.126600312694 1503.0615551297724 4552.754691327369 -4329.512291067612 7385.682866395549 -1347.3927232960996 -8420.228161759478 -2008.7934225430272 3844.3546213052996 -7178.505143260838 -2346.8410594513125 2708.592928856846 240.51729083283317 8534.534043999098 6567.869446298166 -902.5705411093113 -5463.207882288215 9860.785307156988 -9641.299667245125 9726.775713959294 -1151.8337647733824 2583.707029917099 9202.836153381155 6845.87789081642 2300.3657370867477 -6508.325300417415 4168.438798341209 -5008.657449250804 -3824.9229983673686 -4920.121166285949 349.9685842571271
6703.6294857949615 2232.399773002451 4412.308038523543 6123.600478295377 7584.202973053394 7249.565711532032 -6063.744195822099 -8538.401093164504 7130.669830670839 -3034.826203715459 -2406.881735470385 8544.056244429768 4751.625500018179 5136.409145318217 -5110.263738532288 -5185.2086762711515 4648.375022858652 8149.824138313321 -8252.064131864034 -5336.357915177856 -4505.933689503805 -1706.1844779943822 4904.108751854543 8970.942678213061 4899.652322230626 -7273.892180651925 -8622.263152621246 2321.123588536433 -9728.104412381274 -8777.729397099154 664.5661150918077 8822.892840783661 -2084.3156162520727 339.4012599920552 3608.5004756529306
9464.159404393973 -7308.06311581055 -9017.280466074713 3992.7143357984532 -9025.733337914175 9242.612741477536 38.03634351748224 -9936.714447675355 -8534.894240896141 6171.132428708623 -1456.881764975602 -6695.174493772487 -4355.111341271505 9394.117803681744 -6190.954264220734 -5183.091419947225 -7229.566629834377 8240.986282367121 -3340.958304692809 -4761.0708442100295 -3823.785485363027 9091.967668653517 -2907.855508565107 -909.70770581734 4421.131329410144 2874.645495061277 -6596.872416810207 -5270.261298653219 -4832.710728876593 -2859.8515875021913 -8473.673425278595 -8637.493126324063 4920.8792224468325 -0.7821499226320157 -5046.505398870862
-2505.072329399918 -6084.035152310691 9909.175813447418 5727.167023653981 862.3840475986253 -1535.9305818724242 2535.8366085708476 -5147.883557253157 2480.1622490227364 3306.7670099085826 9083.985122599177 599.7749752946766 -4301.727366687504 -6234.414012042022 9620.338161150474 -6745.0311499770705 3982.4602539939115 8002.521564724124 2193.18348020914 2038.2799290955209 2434.2348894805364 -1726.5912723670099 -2085.100105028603 -2661.4646716485213 5466.6465208861955 -6651.408177658021 -5900.652024422526 -1018.697832613343 9402.401759198096 5119.306199964105 3187.549272923852 4867.616146181739 -5721.769425172476 -2097.9598052488127 -6081.543842570525
8218.475447376866 7933.25677755526 -4184.677205184468 -1019.0500510728089 6603.367679695959 -6892.589355471532 -9892.349963216078 2981.441281019026 -6080.337670918221 -5844.021415178964 5843.833365255345 7802.64386473109 1874.931786588868 -3314.7220540334165 -2432.1679094576302 -4476.7132281139975 8925.559389845384 -8268.140324793658 -6976.618829417655 9866.2311050906 9260.674641464117 451.67747197838435 -3380.8778952655884 -2675.547395640059 9701.941776347896 -8169.294662165709 9523.025462096772 -2948.791943704112 6861.03921963432 2854.480322899233 3520.731528917806 -6802.953233929527 -2311.846757556502 7477.001865362487 4524.844407851619
8602.044738725985 6282.229210059928 5706.893813290104 4598.732779789161 7118.498052427734 -7021.202915033853 -6548.747812431779 4671.227968631782 -8589.880901339768 -9654.748064718013 -7936.774807783518 -525.1920338765976 -6307.344706669737 6208.453289142544 -5875.535512065804 -8265.296630803798 2080.1394415176565 3548.3057647828373 -2927.0416600836625 -1901.8217225317649 614.9654273475753 -6758.040459804455 9684.653367845956 1812.558933200131 4168.57299751633 -848.6174075205763 1735.9138859485374 1266.1762258286399 -2935.977795988955 1489.651372950946 807.9857378104971 -8881.349381198508 -7243.15652559129 6334.037193586275 6307.50697810655
1 35
7710.621578812505 -3069.7444079034185 -6513.949685712967 4389.2943342726485 -8605.193245289764 -3240.366333473341 -3179.6633734447096 8817.7193003953 -4998.978290925009 -3575.53438111629 -9528.189970850253 -3828.6999155294325 71.68282027672103 3806.413311031005 -7534.507334300864 -9777.659619968048 -7079.30235314253 -264.7337869097137 8753.82482627334 -4602.376077762178 5157.2074569495 3094.5788661351817 1777.3678747292124 -3046.370860611243 -5911.217212968029 4733.379929353065 4558.678373707478 1441.485164966698 3060.981517497621 -3683.850453194832 1290.3171956940569 -5731.712929201802 -1975.565283134364 6055.933561268685 140.7187869261379
