13 31
-2481.83307496868 7399.575493202839 2927.5916992917046 -2859.384577851112 1588.0298377495965 4096.859708210695 665.8027527341728 -4446.074886349987 -3482.9235054216933 8200.498268647618 -9412.730523035838 -7847.518041273945 -7720.277167364988 7818.754405063744 6604.848011698203 4512.945517411479 -5030.84759664324 5498.4407797774165 4592.884509264277 -225.74709477398392 1901.746905569149 -9142.68299457166 -4223.362932256223 -8374.972205657818 -5471.733662484701 -2800.7590089542764 2288.5592749721127 -1218.703567863573 -5641.326207713287 1204.0138189242753 -3256.0377288301925
-9466.291138665216 1215.983056324627 -2307.044766618791 344.40565512392095 -613.75468502285 6690.552752774547 8270.407690571537 701.3421948052564 -2084.1500141354863 -7558.1607501732105 4804.161184385883 9314.364389890809 -4047.3598680502046 476.04671765392413 -2595.0329799539104 -2286.681872721765 -5307.300252580571 -4462.260937085712 7453.050086682546 6220.305313946115 703.7302037772315 -2736.667715746057 5113.364755329749 -5229.255806361833 814.0553882733584 -2926.5435129501147 -5245.512257590952 -4831.915637297992 6752.680349401158 -1282.5429210771235 -9454.15529392466
-1210.3737456176514 -3339.944868820983 3014.710787619435 -5558.882941313452 2997.119495705054 -7547.194212785744 -8665.980375444398 -2633.836742335431 9338.42616163016 -1275.1328367033566 5295.386235678281 -9656.417384522661 -1398.522172649311 9765.207752632268 7801.774246311397 -8036.115173996934 4736.740195971968 -8214.39857868605 892.1046370855383 -2547.911486366359 -6779.590130389763 2834.8605397524498 6285.931654428283 2098.0570797655637 -2537.527455332928 -13.476098638966505 7540.432668910304 -8447.301244185986 -6896.8469710224945 3649.057457634657 4952.767107097359
-4002.820876267834 2368.396526711691 -5617.840577114283 -5020.0625232371385 -9867.024155818563 -6333.4502631039595 1348.2309126217024 -2294.794313002404 -8730.538934315999 -8736.567470328868 5157.778533355406 1551.1065392373184 -96.08203691902054 -2665.6271911291187 -9733.07108994914 7577.729747315992 -9789.306550788153 5064.787692086989 7666.731055757864 -73.0374295089241 7446.366057464307 3297.611419414936 6138.0799036940225 1394.7815155211902 3732.892763644004 -6543.807629518578 8006.002889590109 2362.671184017465 5684.317625897149 -3533.046715191792 -1300.7093709467154
-3217.6101536599954 6199.93816845676 5396.81893144356 -2436.9944979343263 8050.257651458043 134.98024661400268 1928.7813205661623 -8422.84111330722 3993.52691272626 3541.7758684203363 1206.7172472895727 6100.827724034865 8285.166771720018 4626.296480985191 -3473.298579486728 1946.9308464188307 7393.621545997943 -4288.673371940952 3759.9037961304875 2196.032609896898 -7926.906367906093 2203.519730047039 -7632.078849019084 225.83002544516603 4044.862065542231 -451.12607471084084 -6417.532704449139 -1638.6581020762624 5460.420665115393 -8496.77654538128 -9650.385448484903
2923.1169629829164 7276.642122110374 31.253766847274164 3212.3013011325147 -4873.258335296547 -8131.607751180581 -5384.201670554023 1190.09813423181 -1384.1549538450454 3614.77249706988 7838.376334269749 -6088.515928137416 -3803.4963188032325 -6750.565547474974 -352.63785732622273 9968.55388873076 4001.8041841542545 -6196.695383288143 9660.25503572743 6986.87800519944 -326.80977747066026 -4096.256431401166 -6969.033260303597 -7511.946650204693 3520.841465322803 -2597.3791779505073 -267.2642845545979 -6002.30164555972 1063.3754696831347 8068.434007508404 5496.780881137116
-7126.223697553658 768.7408081729081 -2345.5658182655425 7161.562961997235 -2378.5945664728933 6973.778889091958 2279.255002080099 8983.32303724167 4152.851276235426 -2958.27305558263 7134.208374446887 -9194.549445362249 1753.1528550197309 1308.7211862635704 -5923.980897699772 -6249.790091556042 6129.709575443161 797.0895755282108 5701.827714739511 4240.026519456767 -1031.4652676249734 7133.82189147958 -7864.9676913054645 -2443.1741466215653 1822.6098188135456 -2714.472352582051 3923.6409166805443 -3558.627069847691 -6197.391458152206 4464.897942504391 4050.829321453464
1169.677704625552 9719.16286777137 2172.819572917604 -3800.9343119141504 6509.193195053704 2091.22476416306 -4855.860073038502 6344.087659525856 5791.2226640098415 -6844.008047818768 -1029.5777642063458 -1076.1660512820745 3060.660008183844 -4535.738075541409 -6037.75359208796 7742.171133309766 7069.742945259888 -2843.955980194086 -9871.543545925708 -7083.703798262619 -4697.082689535483 2605.336527829695 -9831.786063828578 1038.2385988246879 -215.57615609139975 -7494.183908571013 -7766.785624197188 6849.432612416516 3659.1696249506385 3060.2609116553667 8115.529205682662
-4045.639635592759 -9994.596468443735 -9432.491122990514 7311.767130299017 -7669.981892402389 -6977.0011148467165 -9736.786581985785 -4647.427344835751 -5767.205079252888 -4710.0558154370865 2870.1410756118457 -419.35837173290565 2125.4513290679715 3268.634009567788 -1944.0718531291259 -9053.227405105546 -8981.337321589985 -7027.699536994692 965.6309980692749 -1064.265284207786 -4896.374683409 7704.485985241892 5297.36478915145 2796.410202433648 8488.49389064723 -7679.430365149673 -7992.670759246392 7715.833644997732 -3996.888411684152 -1038.6579798609855 6028.169163032955
7363.049853466247 -4061.1520911257167 6206.235660339544 -1953.6587126574805 -6103.354727756127 -47.77018065041193 -1412.2656175424927 -3922.243424291494 -7931.656354989993 -8952.666021715893 -4764.859964651886 5208.233798595842 -6168.936105811003 3088.799118229723 2738.4129389034133 1251.3645301820507 -6659.598129147855 1711.606950852496 -8115.504974451462 -305.39286442618686 6467.834983528144 1127.0892898681304 -7594.96804267632 5791.571448755498 5542.755861507594 9343.001132186964 1091.59844153855 4226.369806643801 -868.8527065363232 636.041117048595 1823.1283417232353
1092.9140572446959 -5789.906707389027 2819.062971800544 -3303.509036798562 9021.128223126347 4587.355507546305 39.34208792215577 8905.272898527695 2611.150692355992 3337.514457153715 -9607.913381716333 5188.01191760119 462.4667329556287 1038.9983296180853 -1123.2143935934455 574.7880583180922 431.94357007283907 495.2408502663002 -1900.6980071400267 -2063.798473377281 1870.3782963509038 6169.64872508374 7482.852672544672 -2235.242110292279 2497.8674880532253 2055.875168834784 1856.7367189310808 -4975.066362016487 5942.716664379293 2983.6606306497397 -1235.8969470600296
-3650.823302605446 1237.9835572836364 -1496.150324786693 8634.233138933498 -5054.055278448542 5477.909803500563 2062.2430574360387 -6000.270750274006 -8394.998833451065 -655.5006743329959 2054.8262432810025 7482.764677430161 -2222.0689105514866 -1724.9025122914536 -4092.969207723114 3036.383353535175 -1790.7848868155124 -8520.723531128131 -655.1516970477405 9925.338637874487 7796.402968642695 9869.781570055482 -9339.77103791952 7427.324602884102 -2100.5042549340524 -3572.621407533831 -1346.5685736781998 -6849.1379158293175 7637.967806328692 -5235.931513131598 3620.6196784209897
-3965.5319505473944 5956.383747064425 2228.538211027917 5953.76634603676 9214.53503054117 -1321.3740391327392 8636.512604645308 -1062.8018906974085 -9743.809266047116 7354.398563625789 -6122.017096577015 7692.171294513915 -9227.424863111935 6812.61951680608 2817.5816203414943 3612.766127307974 2772.0865326019775 3606.5886355628645 -686.6812377413735 4568.794845470127 316.69039357205656 -275.0821164173831 -9780.092036657803 -3626.4420562469986 9458.68784064164 -1167.106049735552 -7263.135049955714 -9192.172883292755 7822.276130505987 7768.8135084579335 281.3331492966681
1 31
9838.05739381273 2748.4207547331935 -2783.192597482842 -4992.114503137975 -5364.043498597804 -1584.696281558061 3081.6233718818057 4376.209769238705 1905.0018386938518 -1593.0815394877773 -5603.030941327638 -1165.767458135977 8877.3523287211 -5166.483551566519 2196.4942943583646 -236.44329628210653 -7557.240247113528 586.4208010996499 9789.407763005365 999.9498396700692 6597.214491660143 2741.945765232549 -5411.640077272586 -3401.4325953234684 5922.32011273338 8581.359971786107 6126.6527058681095 7682.309794398247 3591.4675289082297 -8665.64381658057 3794.383338663696
