31 25
663.1555655938755 -1141.3740279857575 -4996.056452990137 -5651.977013634469 150.76239980617538 -5671.728545355752 525.646450713266 709.8220611841116 -49.25461433099554 -9263.128292896701 5930.2625825042505 -4242.414960161937 7078.559893298887 -219.47348130714636 4277.0411931856925 3654.5226562189 6657.780791165205 5510.412806940485 -1290.0440730973223 -5280.152806490663 2634.7484683713155 2099.4137410685507 -2711.6539862960853 7585.013779761455 -1067.0563881399503
44.387877475341156 9512.621899280082 549.5544503164238 4571.034111144823 -8700.544339194312 7092.181264153958 -3079.1667199377735 -4215.483038387311 -7687.270211895442 8089.7676177796675 -3356.4817431126958 -7980.876612209111 -919.6087851460561 564.4492103099237 -5487.956688020412 6637.531621488608 -5217.453504930269 7496.59655008791 -1453.4153614107672 -9941.256288189188 9835.998104550068 -648.7257924097321 4602.82503482496 667.5132319703098 8449.738191428216
5046.506533498014 2762.793689746739 -9921.294810611209 281.7862261251739 -874.6433032268978 5228.803454309536 -2751.6546537479835 6734.640240076216 -3929.6550315681934 4322.835815793718 -128.46354619166414 8420.076232260239 7076.67948265282 -735.9362376778099 9061.887297013978 -7973.987846661723 2608.131557635432 9397.195395281942 6948.911561648387 3391.0509377175567 -4765.436435463673 8319.259053811671 9590.182650017712 7903.232623812572 9614.597284966614
7010.29647530476 5946.2152542750155 8872.941325247568 9549.017375005435 6833.404539523621 9555.053434189369 4892.768277987945 3726.3993069939133 -7700.32371271519 170.94994848062015 -4268.783569218075 -5992.597646126647 -5214.783574438673 -4073.8530878125866 -8187.393621501509 -1603.3003246826065 -5176.839888633384 7621.8157442387055 -6631.2152063045 -5773.315996900165 6797.980532578946 1063.6057714671842 -6252.396165358014 -1520.167448163098 5081.621276177442
8884.721937909322 9234.169941129563 7222.944114102418 -8404.900712984307 7488.6462627216315 3863.0479805173254 4889.205441316286 -854.4522999252658 -4024.9669099202065 -9134.12396508529 -455.558534927186 -406.07936250993225 937.6130324351652 -4026.107011132096 6137.044957096263 -6356.2935964793105 2762.78745579896 5239.564589374404 3519.9548121616917 -4124.5710150078585 5334.871721495123 -7002.13794445987 -6539.886530789671 1932.3068727007758 8899.19603648873
9262.287476547059 6235.87153876609 -9892.074988364184 -6116.597145467897 -1202.8145118624725 -1915.9061041007972 -4141.283945858451 2004.2425119489726 -5154.8822380713345 6955.618822232347 872.0734352749168 7181.80469460263 -6922.97454396031 -5223.042304793788 -8846.318931149339 -5766.392326527094 5681.385766600322 8659.098425767312 2196.8714106829484 6173.718652820111 -347.0460397015486 2809.5206498210573 5228.606902951215 -5182.02771866074 3498.6426115311915
-1920.9727483749357 -2544.006185194962 1792.8708853235312 7039.628137503885 -2140.261290909966 1693.7777087070954 8437.628133379934 -763.1530378228053 -7489.794830739423 6313.668357190374 6377.717137130248 6312.474607415777 1790.6833585682562 -7848.860488252602 357.37906866157937 6463.568657481817 2752.0194625969325 -1514.3768433643818 8329.310391090414 -943.6674423253862 -5071.213709509883 -7440.230229214709 2234.1331029275825 5940.4936593796665 8784.31636279374
24.840771686809603 -9340.797323255223 9048.36678883593 -5809.153785135343 4372.857175984876 3968.444520079591 8781.366191396974 4603.236997835938 7463.8575391041995 -1193.3268775466277 1878.3590102728558 1234.1811562363891 -3679.6708183823766 8261.341412784368 -4642.368240522063 -6883.235806519166 4653.779977333865 -6868.121217068428 3100.6201197285263 -1514.6830371525775 8207.91103766823 -3623.94073171983 -6767.3474541662 5047.723953813824 308.9128615516911
-9532.111224443057 -1503.984212766387 7183.156354272232 -4632.117765202446 5265.390804603774 -5790.548548749206 6319.987733102855 -6947.036801058066 -2753.5866719968153 -7592.476802337489 -7288.704752987658 -3282.586465704225 2962.8058418919973 9098.06548903746 1646.2989959661627 5967.341357449572 5055.9316933440205 1727.4838967555243 -3063.6934393084885 3415.0676878333525 1244.6639321771418 5480.51722551953 6821.629589793498 -4851.5877643934255 3555.1394231617123
9766.963193011987 8120.380778529365 -2424.431922781665 3576.5461635969605 3475.96773775146 307.77978001243537 -7970.925266130522 -9512.41053508843 -772.7978719971543 2949.7653464920586 -6822.904819824724 7832.505031099263 9145.538651676845 5293.764224169954 -3325.7124539276765 6477.073728063184 -9510.022697960436 -3421.9653339064716 -4953.86625308701 -8566.896369311007 -2777.9784521998827 -9547.660898664935 5796.738299536541 -5887.73888295591 -9649.579406872588
-4654.670782175081 -6748.803859764745 -6124.7124609436905 9922.72995854904 1156.0050740434272 9005.445191589497 9497.670419161434 -7918.155296531306 6492.315603256087 2516.7515564826517 1508.94754090278 9979.15634653726 -9369.239412732559 5122.881124913643 -6785.564932872974 -7654.582452453331 1510.3413298598225 1541.7379732975114 -9369.866287595 -6441.531144892873 8126.525127101064 -5357.127475092072 1863.3369203840066 -9726.944675416536 4310.886429899654
-845.9032757796831 -6982.845144870677 -488.6073801291641 5909.762590045768 910.3300107041232 6729.177637801997 -6987.120467051664 1663.9316638140463 -7898.905782563672 -2818.1079727431043 6029.358836376119 3493.341762093247 -8465.792974955955 7745.625131939618 -9809.89863362156 -1335.6298310052534 -4676.333072985526 4520.468872851661 -2821.402434217579 -4014.5931868561856 3477.4623568341867 -540.913925805251 -4878.563321552163 6001.628102977429 -4791.892857960906
5731.840653677771 -1623.4855037946527 8477.75864372568 -3809.756502856396 -8570.671302665922 9728.283051362356 -4662.764650753775 -2718.047443673675 4828.312777441219 -6584.101023597362 -3705.627602872565 -1881.0977389661775 -8925.488259567492 4193.938973099897 5762.427887173071 6031.927039260101 -6165.101226294795 2729.9967933665885 -2090.347083454096 206.48591329402916 2536.3049055031042 -1758.959548513334 597.2286520793587 9575.980692818539 8039.541115029915
8405.530042090566 4307.70143667605 3371.8700308295356 -4460.069127000054 2762.260678228551 -9915.897767844173 1326.0615893281465 8992.625143733996 5378.112198905601 -7584.464641286539 -8640.069706826534 -5816.918876537909 8415.24808491005 -2617.305395999747 988.4954407190198 -9985.776264251304 -4048.7905004975346 6012.477685904871 919.6480500808575 415.46667400939987 -5478.053373172682 6957.466015492551 -6140.242956385806 4543.399368129691 4183.487132031363
1086.4301769259364 -3881.333864406569 -4042.075291320719 5296.168336865512 3478.281604645046 -9970.48063136023 6574.912990664241 9026.029272724936 -250.70013140045194 2878.3688770830267 5716.867979014158 5120.415439937935 -253.36604818517662 9370.169008442073 -3820.904193711747 -8804.639675608998 6366.213910794499 1821.9082924775357 342.18286459289993 -70.42662441964421 8726.192179346232 7840.9053483545795 -9242.540219047007 5006.645890138161 8263.238993909723
-2874.2861132806684 -4395.6179128124595 3320.7987004568713 3497.9139521329853 7565.067801516481 -3737.8107214258025 6510.988654778506 -3893.905260972614 9123.134548047576 -7712.704804164299 4570.227805734972 -2638.1956613798893 -2518.923004995202 -8726.393127896366 -7642.881054397525 5037.450511788273 -7286.24114407165 -2164.6947980786126 5491.603434179109 5553.578569720119 -5220.2967764311725 -6948.431286507648 -9888.661761319245 4348.4209584257005 2534.742559531942
-4581.655982808735 -1478.6987438988726 -6636.9279393082215 3985.1474561982905 -1635.1542381523814 -2139.2412898846587 2607.1263719950384 5773.856194719732 7509.49895209902 5232.805718786076 1525.4681045106663 -4016.1706562943 6074.688973534136 4160.786682815526 2641.147048925901 3490.115633816242 -641.4636866918172 3787.8645893458597 247.2971439957655 5716.870787333521 65.42678914334283 -8614.133579780044 -6697.346310496033 -7776.803777531185 9175.94186160107
2244.170894863917 -1424.2454381385269 -7748.0550665516985 9769.260744709529 -2022.0831870286356 -5000.602044618556 8241.62869969902 -3665.8434869001085 -582.9077898647047 9817.336765291097 -8822.871316043324 6770.421443941454 -1267.503376835204 5440.110045365571 5303.030289442466 2372.873449947763 8907.970290908863 -5936.240894148142 4344.084153063519 -3285.331695204123 -1195.0792999811583 8582.724979117393 7862.305280704004 6602.052557930201 8191.93956916883
4219.902110971925 5083.112275039744 6247.793925536045 -2720.214301582695 -921.6703760930995 -8637.695418479125 4889.92775541861 -3992.540394570612 8427.729647061442 -9598.832715600156 1093.8280158980288 -6217.3821963472965 -4126.20418019997 6380.650760173694 4893.370847812168 -4067.4066730574013 -1829.3547354266893 -2119.2475419267303 8871.10311766565 1045.4945722429038 -513.0468921627289 7209.415950558603 6214.131036833402 -2845.5598053971507 9104.861592724668
-4719.930146631459 5418.664311278293 7828.686907187472 1820.4176077175907 4487.201035755979 3348.7779252389664 799.9289957481888 6905.116663661411 8580.697170830543 6452.503176530681 -1682.2116974862474 -3812.4569550172673 5587.651121564817 4170.510221942257 -59.42171455327298 4321.20379089048 5769.341330041912 8015.7694347026845 4896.938020980408 1998.738197698818 -1611.8949080223974 -3590.191900935888 -4201.923691129466 -163.16137188888206 -9280.962969055336
-4800.516021359891 5087.753158500667 -9960.760414329612 -409.1209353234335 2519.9674341610807 -7324.817963667038 6799.234582725017 62.90430543797629 916.5829917857409 1954.4017579598294 -5676.993553574612 -6932.074174125253 -4537.689821941928 -3302.7046830696127 -67.97845569489618 3618.041423338893 2000.24050907508 5289.892674074832 -3714.5168009264553 -7793.616763842685 8562.317923055867 -5143.236533041011 -7018.608851618662 -3892.541598061376 -7145.511393996891
3053.9405472813396 -2104.277695085395 -3579.8954243934313 -3398.059078278131 -7480.387776779318 4440.09353963785 -4577.6832262895905 -2075.68111980545 380.5846767388757 -514.4592163271209 -6372.496395430753 3526.004858789831 -5314.764330517274 -3026.3594683814563 1962.7645668551104 -9276.226771762991 795.2040873337683 8144.150183133901 4817.699858594757 380.60558400141963 -2465.723746432429 -5699.7757125562275 3937.963411421324 -8413.398103296377 9318.522158751766
-2398.8175664702685 -4533.427174070306 -5710.7510809662035 -3430.2319394234364 9448.430031451746 839.0481635909764 -4389.2735704130455 -8008.897427793513 1946.9927552937297 -662.2132294413532 2004.901092938384 6050.743779797567 -3322.739105339265 -4827.908649748556 -6632.856054630254 -3417.709669718367 1536.9617558324244 -4853.813278101901 2987.2265259215656 -5755.178651777573 -4218.420266358143 -8018.270805888174 754.7809338905463 -7460.216936896975 9301.936717887878
545.7505758896968 1436.918927183653 6510.520643323744 1365.9836002842294 -4683.431900097777 6253.4095695083615 -5576.301103444341 6968.033059052967 1423.8496788916182 -6736.678898189474 -8897.389814441334 1490.6270605547415 -6391.4647259344365 7780.29741323991 -8603.281074764476 8693.820732249973 5294.261108588145 -8352.83226375704 3268.7438489879423 3056.649471836481 1895.850570707009 -3426.2052241504534 1509.007044492033 5885.693755138214 4467.9236680975755
-929.3882637323586 -2906.8416403829624 3402.9177086016807 -9372.840233950583 -8248.92397596513 -6905.6008527751865 4684.41736268746 5866.8258433278625 7025.771575409104 4224.138358904407 -599.2396165514947 2822.797634156097 515.8297896045951 7944.234583989164 2207.987791641759 -9585.420609785113 -3153.816095763488 1218.5528892219063 -285.6729239976903 9356.569971235534 -1892.1866342002832 -6336.458022460636 3446.8449453935827 -2349.4087636985687 -5464.641706395468
-3454.4467187448654 3358.441429109116 1609.7878420145644 3776.8039243932817 9970.993597224879 7881.517781130147 4022.132510766005 -3498.362596322797 -1345.5216305000868 4031.094276474414 -1008.6443486818389 2511.6722026157804 -4119.695215192265 -2829.579033641061 4961.495888784415 8504.775113972468 -1646.4783847054314 -7764.6745954013595 4060.669841621522 4398.516793784118 807.6489723297636 1574.44173740915 7382.0274794885045 6801.778637240426 -345.20707799905176
-1554.0225323900395 4268.026103995748 6556.677962454272 8236.011734248808 -7587.97778064153 -5106.302064846362 4749.983698902777 -5998.179291415168 -1968.376418206998 7208.237263938954 7991.10364426273 -8252.797027641916 9750.689807228839 -8141.680959171848 -7884.630780660802 6418.549381693505 8263.610876412378 -7145.602414387571 2596.5480516686694 1473.0899251992269 9281.500610963696 1637.3790881346176 7390.69820632035 -2215.222063417792 -7074.326916492397
3474.9575086858986 -4696.674633616742 646.6663759024123 -6698.1962459380065 9419.352187230987 8431.244352735685 -2415.7561089189676 -6076.392045510274 2033.4236970108013 -6709.278230538577 5547.272950314664 -8597.535204159174 -8858.864645735697 5080.413787664122 2428.18206948433 -9613.609438490497 -8757.792371555868 -8180.378454352822 335.32449262787304 5661.231395890438 2093.817946329329 -5335.921174563449 -2127.660639432518 1638.262966974804 8539.161237015192
9311.72919550307 -454.59651708726597 2053.3391881315238 1789.205399597804 -6673.861473661529 310.6240843833002 5959.660053024034 -3880.4044558141486 7884.135805711023 7990.316613928218 -2140.318296721335 4427.4039650145205 -7582.831951613163 -6772.890710449365 2751.5857400228233 -8092.574735142617 -8982.40173244767 -1431.4456414365213 5092.030572516394 -674.0747807460066 4062.831698287664 4692.260937551511 -8561.73297691284 -3372.199327061605 8246.609520793005
-6965.679848822028 5078.780670102629 -7620.618994073909 -92.49513708246741 -8023.560618789827 9655.951643196018 -9330.52144502537 -2445.6426330371505 -9456.31810906277 6027.006775777281 6245.179762303382 1956.6273433014521 513.2224001854247 5781.444435664018 -3283.4985720541245 5035.111806860623 -4579.033681290487 -8517.050302001506 5237.652570782979 -6674.110758815206 -5344.9201659246755 7735.037323231343 6620.706346117149 578.1459082109577 4762.541051017677
6066.18493032968 2633.652581696653 6979.830074027377 1301.2334877844078 8212.870215848714 3560.939985368994 -5223.36344517051 9239.426163628672 2176.5147415795873 2736.9226222031684 6012.184473352514 -5848.781565954857 -1638.5577572979819 -3208.4403320154406 9267.68485996206 -4900.366144339554 -1494.351975976393 8334.310612604568 -6210.818725911389 4916.316282841093 1870.6319377618056 80.8038754487443 -4712.671531058708 6285.10197154607 956.5943124117766
1 25
-3687.715474493385 -4485.338018317302 523.7999799510453 6843.685034133323 4676.284005322641 7781.318658166383 -1893.486104489486 -2948.9770334548666 9194.00598470273 5649.286663189017 -1102.2269947912882 8806.206293652533 9280.165971464645 -749.2902101562868 -6970.796089293473 -3941.438861110709 -8567.60949687348 -6356.940247313299 3994.1439213817193 -350.68638867106347 -8380.171440917757 1198.2346255928933 -6189.5100752769895 -6588.776943077275 -357.22461270342137
