13 9
1102.717379344651 3312.4635232133824 -9678.326910573765 7130.040961623217 -8099.10158926976 -2012.2986214912598 -9830.470006508907 -952.9529024942112 -5020.386273813801
3054.7505397952027 2551.3291107369914 6855.090625347129 2502.2735858800843 4495.770676989747 2840.8908887894904 7472.465167575647 8460.085106297367 -8628.412357830426
4969.683161023448 1797.335214368015 -755.7285584587316 2237.5228035848286 -680.7904148660709 -418.69487442999707 4314.181566465495 -3702.3642356380005 1482.984253966466
2763.4340435336035 -8159.037898970551 -1582.940768201639 -256.86189675388414 9615.965242708728 339.14342182559994 4456.5238224446275 -8786.271189442 3045.2320290207153
-6149.420933599547 -7390.621952712635 6405.238081282223 8931.509409158687 8377.721990740909 -1614.137369649785 -4804.059789882089 6493.940206529929 9948.307767748607
-6048.777330094193 -1506.6591657163044 -1909.605873210594 -3873.1216578888007 4256.557514034343 588.3093337926912 5575.977836743283 9776.80626642609 -5775.936231438443
-5701.44165482583 -7131.816803855897 7970.419615814779 -1801.8695065496922 979.2008617309803 3318.4401125604745 -9740.926821918916 3961.212054009269 2839.579117252395
3380.681406148775 6256.847392883947 -8732.193692175098 7438.703246919111 7484.576076532023 5979.1137914580995 -2152.794552139323 8352.074216783822 -2513.9314890103324
7486.491143304862 8409.870678449239 -3317.0303085915466 8557.485311641383 8805.149304563016 -2479.2787665841806 6970.082605119162 -3755.3728707219007 -2715.8170474845274
-637.9005665748318 1835.2757233596676 7991.672069319669 4832.228858814136 -488.94313133601645 -2681.7606534550696 -7285.670006689491 -8662.79975759167 4415.859241674958
-914.2629708437416 -7717.674653605069 3723.784977245774 -3093.6388631820955 6846.77924547423 -2313.5791637901666 -5948.666858559631 339.8929720183223 7255.783549271258
6920.297010034428 -7843.454444374682 -7643.417804694414 -1990.424686653132 -529.8477215053117 -2307.1024245369044 -85.46255835269585 7665.101596702538 7863.598267978916
6715.859530248661 8243.447303933379 8781.038867406587 -8891.882612244357 3381.4173344193514 0.3004741888198623 -7157.915831277184 3834.824967654182 7131.617866801513
1 9
-8226.011259464496 -3809.5652018359424 -6257.872879143789 -8263.140998512146 2751.7159611500992 6474.893835910771 -4027.6026124836717 -5030.12137083239 570.3538710093144
