87 12
3301.6382256955476 -2252.7485916007017 2687.6482663398674 9620.94328749798 5850.21545187718 -6933.46259760677 -2107.611704129824 1301.6562301144204 4781.503793233676 -8185.506776819569 -8243.86593626003 -2906.14466745708
-8782.67021308592 -6666.484874675915 4299.178860861337 9259.800985526457 662.2721069271938 2853.156319614298 2147.1041058746323 -1759.2162394683583 5082.774870259969 -6624.967699965146 -3345.6684634358844 8135.744606567208
-4064.6943793330156 -1118.3497428435985 -6259.623345465284 -6744.8607689083 -2879.2052736307114 4107.397595685365 -2955.2742150971835 -8828.133433274359 1032.8694074858904 7528.093913313594 29.763779944763883 -1791.419309401881
8293.917021957463 3152.4976324507334 9315.36370759493 3594.104046646613 9441.26531720884 -1912.9488006638248 3326.99672579696 8017.305108778011 -7252.757751870418 8617.852443226791 -2006.8226306123152 2536.7745567551483
3683.505912784558 8363.84245549643 2955.261194150411 -8562.381194758813 -1406.1351711699408 -3897.663097185142 -7861.501577277782 -2931.9090431187296 -3507.4412281971563 8316.018670930018 -7108.3540377315785 -7120.926283340065
-6359.540848227856 4307.662032036264 8559.086289359435 -4731.687680951671 -1415.0812241099138 -1716.8412993468537 6136.050949088212 -823.6085167062356 5207.580560910896 6204.4373120304845 -6558.20947600772 4359.440901533433
-2895.3308105211972 5216.504971420358 7294.2525258807655 4914.06552202698 -4241.876854270923 3721.00343161825 -1787.015468739537 6609.693491945931 9570.423697656232 6637.173308897367 -2985.3841385380338 -8440.457158133266
-1264.1871230729903 -4769.989241785515 -8999.492727459741 9256.337131986318 9033.613705064763 7692.521033162975 -5082.00841980815 7217.230317763195 8589.281759746533 28.070963950754958 -8753.53586545513 -2159.896565175969
-4658.758152668567 7706.151149375477 9951.970974678923 -8431.913894336161 9482.968274961302 3188.3858834121056 -4415.823825045135 -3541.7079435395763 -335.26330284886353 -9882.21624421005 762.2514917390272 5357.884781044004
-1584.7605085766972 3656.488864263185 -7011.627883584843 -3879.7945019208655 2625.1790448717475 150.74199943932945 -5711.699343004013 9981.071010689218 -2792.747816670404 8051.324093176929 6736.656370221841 7427.120793042181
3233.1639429825864 9733.141090252826 5256.06303978689 7292.483970696783 -1945.8400420729195 4567.385863251016 1948.86611621448 -6810.178184457949 -640.5373898171038 -7694.255037403852 8885.92333200225 5693.287816281094
-4956.572451678001 -1624.7052536894334 80.8231777853216 5368.366919469669 -5510.526115027686 6960.22211278441 2009.2872687339732 3052.485108048868 -5051.974268225108 7515.537664017356 -1189.6434541759445 3514.980513100407
4704.277607087939 323.46479538477433 -9469.728299289534 873.0601198223885 4376.865174786808 -4785.40639189813 -6787.725832616457 -2917.910381700117 2781.484878471192 5170.045695663626 7023.780711838284 -2629.2924063421124
-1802.9836690152842 -9122.366400013885 4667.041186318787 6980.831405271321 -4636.890221945971 6934.603219466102 -6984.240735992329 -4659.632824773787 -9721.957130482266 254.884766515328 8767.136839716142 2450.646885497141
3455.994227395786 8301.156169172958 -7644.933139967167 -6702.846180831086 5992.932579387692 -4312.536550876455 -7278.8672262735845 -2536.607989709616 1785.2533595213008 -7604.911293407595 -2523.2179037340766 -9645.098921163337
-2894.26925032251 -2306.3328354162513 5236.680141132076 -6211.085836445387 8439.41186280111 1996.554298932615 -5604.466975262452 2510.73202903094 8971.643526564043 -7400.711258312092 -8369.596432908544 -7410.894000137738
-7313.578397263916 -6339.605259548722 4892.240539238441 3690.3963206334392 -1188.8475329129815 -3480.3794431846 -8615.325071360314 -3954.117065432798 -121.83573895653353 -9942.22880024511 8864.28730505487 -8296.044250179984
-2022.7994145099856 7785.122731567579 -6161.673184166337 8053.6447859816435 -7201.09652733274 8460.834828428546 3514.249193237707 8727.972001944428 -4296.391821931406 9823.349459201872 -9127.64959690273 2547.8540826574645
-1099.1196906350324 4294.271630818255 3527.875894120427 9522.49144234482 3881.6315211019137 -5103.701229274185 894.6079879443096 -6956.063558438958 -8498.882524687275 2870.958060674362 2697.8977731258237 1169.6198603755001
5211.2809101225685 -1682.3618627904398 -6937.412963665257 -9909.26761565421 3367.706699551707 -7307.0589675234405 -4285.279194203288 -7001.670182669681 3278.952095690689 -4418.346274179843 -1342.4796949044194 3910.8272271209116
6436.156811489775 4606.87800057946 -6153.581984784136 -7600.370897305173 1971.5200515687447 4799.757162124559 1768.7517035620822 -795.3521298801643 532.7327821486269 5900.838956723679 -7142.049760560849 9929.847133021442
-1860.622998481338 944.9150649954827 -4189.6261247651755 8670.898069047631 -9958.962972845142 -1393.4258949322593 1424.1927501567861 8954.904522994868 -7841.679402872459 886.8261813787794 7233.04989876903 5395.015198103212
-966.6912683658775 9719.231776937606 5051.098360559783 1605.1344016756957 -3354.9836279465217 7830.541250187147 -9553.295964839808 -9800.508715222695 5126.1926631139395 4712.362797264457 -6188.517818901509 -4267.52997630198
-9993.637640512045 -8200.94744320504 -6471.56273288785 3830.6691007980025 -7096.214101536991 -1614.8224733048992 1099.1599667595547 7588.38502065785 2154.737618556068 7483.043284565141 -7162.69760313418 -9256.055349235783
5724.638708972334 -3442.312636087332 -6815.597278913312 6955.310969307906 -1880.4620816772413 9401.041975158078 8469.380841981514 -7947.600660235592 -8383.055512976758 -7021.7265787182305 -8277.960933033599 -2715.3270521580316
9713.975738510482 4875.416616992905 6983.201656530298 8179.884407778518 -4515.04819913374 504.58371125213125 5725.397815733582 4808.485385694365 -4694.667950990585 9097.096821203122 -2362.1743623092398 123.08847097952275
9535.44939107708 6703.60398956843 -8562.10849249599 -8564.295699553986 -9212.161755851908 -8127.077752031766 -5807.426383013996 -7207.19725754426 -9741.67801360149 -8875.622904177893 4711.610203270173 -9575.68884600115
4192.911851162471 -8984.537690898733 -1588.0449076033383 6007.943280736932 -6689.156077659751 -2565.566097294418 2353.7886451848008 6364.512694907227 2965.8230299874267 -680.6834318692709 -3613.031531631157 -6791.7941390796
-6270.95323746258 2335.346323359663 -9835.549788255024 -6428.8599779969545 9375.677980612465 -3708.0329613951626 -826.5534878946655 -6046.447535256573 -1085.0526677911912 -820.1406522225698 -2935.7745612285744 8551.733923844837
-846.1278652290712 -189.55148147812542 9401.75782437354 -20.12147366764657 -6309.995993896527 6368.520022025072 2338.7780923526207 -3952.4987795960988 1674.9371896523608 -3791.5747350020056 -4391.571491233945 4966.990777319303
4541.930193916514 -5759.928274209791 -5146.191691945978 -7606.54610479911 -4445.388468038851 7072.680818804234 -5018.46102638598 -1128.8979962262838 -8486.147254707119 -4001.0804113361683 -5704.95199321768 3900.1633554908312
-1057.804922687128 -8928.748046823162 8539.670108264669 -9210.073622766995 -451.7509176051608 7021.9419881124595 9168.59620531428 8774.435137206448 5322.738476060984 -6287.413055953244 1652.938295431095 2523.4532538712556
-9669.916632461303 -5260.251483166083 4445.199587582758 7467.633919148102 -4478.433324223841 9733.073496168177 -2136.1597985124918 -4196.316978158119 7559.550884276101 -1976.7326527874293 -5829.6716096128985 2114.853343151017
-2845.935760822149 9825.633581342616 -4319.8868923341615 -9490.616703717324 -6227.315079013957 -9932.569215856498 -4423.398810619261 751.1054687185006 9288.199980504753 -8977.783556894852 -6066.458530009284 7616.3401051781
5031.035350135837 -2799.788375934302 -501.1403767573829 -4946.362433654921 6419.518799427784 6542.306387013017 9573.390070832913 5864.256432196593 5458.664860081624 -513.4184681332335 -1522.7710764386538 -5670.636231035862
8704.543056743063 448.2989184320213 -6434.138982723945 3161.833691658956 4539.108721732782 7255.0311360847445 7868.49756530812 5120.051491789665 -6279.363198556458 4336.126289266327 5778.073304138306 -7717.643030851237
-2937.1896532010996 -2141.400355132013 -74.02096847966459 -281.0098591045935 -4346.944254885572 3249.3095382682477 -637.8993576283046 1272.5645619083898 1268.4807444423313 8875.974762241614 -6960.817395572001 3484.6734094261956
-8533.726480082063 8479.505977771569 -3737.352055771992 -7751.626953827886 4355.349209955892 -6289.689789003858 -6856.831110751751 -1437.5844048830659 5915.865147364724 -5109.44017328024 -4751.660330917966 8752.837569785686
8842.649014864339 1372.9278465208536 1355.8651567444522 6275.908741816076 5197.633664274286 8443.312855637498 -5141.460499115094 -5496.707040568638 3441.2593990675778 7292.249666328684 -4847.033617446448 -5800.874220235459
-6706.620111725479 6194.48426922709 7332.753371918323 8829.245869715196 9103.408750123857 9833.628404172912 -5243.585049308838 375.9612597291052 -3805.128106106774 5834.388668349893 8217.487732259047 -8871.948198531094
7960.112443382732 -115.48210059841767 7289.896356664885 297.85494350261797 -6789.741359024224 -570.0703585629781 4928.548410764646 -7029.630123891251 -469.225905405905 -9782.640616823404 -9855.772288283948 8728.852387381972
6952.894852337933 -4501.554555551675 3476.384556410847 -9433.901407729569 6605.226305844935 -3549.1991547591415 -9229.804613818007 -9841.113596103023 5791.697142380694 4162.069379870742 -1435.4492809183266 -676.6227119327577
6789.237533211155 8684.140856135393 8926.718149372115 -3250.8994939433514 -2155.2885101974643 -4024.6870744597118 -2353.111257167863 2422.8822963562034 9060.208695286958 -278.96271889126 9091.100135515411 5502.357495613205
4270.744067884569 -9674.924836261336 7358.969283414088 9043.151806715192 6603.081769508804 -487.7493954247766 7891.649004935232 3189.963739129398 -7079.5435525318335 8710.354882846601 -3656.5237124606247 8510.67463957949
6823.355460262286 1952.6580566542507 -2697.1022553611365 -2547.6870264140825 3110.858044409415 9923.414775457768 -7567.164522742276 -1810.0914717841924 -9540.945974729553 -275.2758585825504 9254.369771175483 7452.488674662323
-5342.621419155904 -9118.18520897003 -5240.211385685871 4069.5679962018785 -2137.2795376582144 7251.938809421961 -44.04907584447756 -9596.78703061969 -7983.584888882853 -2223.5910286528006 2074.8180914426703 -9368.834717256797
7161.826532352701 696.426623624202 1522.3529427632238 3389.8240886921903 5355.691401348629 9714.215846517684 1648.2573300895347 635.9499549849843 -4147.195956153675 -2935.0695277375016 6465.756994437339 -5373.5457599824695
8446.247415326623 5506.662565334615 -9325.635913317828 -216.59562850400107 3129.5744325523974 -8203.086949095652 8102.5579728490775 5998.219517984733 1360.9178376343407 6595.3226489849985 1850.2445639266753 -7317.351529930536
-9417.790539100173 3458.499138248486 637.7565875218988 -4422.584336254645 2770.327245340126 3947.4589737866154 5556.693263793677 -6260.35567463064 -781.32316710128 7545.914169800995 -4106.903817078133 1689.5211562245622
7169.665308765649 1514.2715933517502 -9994.120895186914 127.3929503119598 9023.291452720434 -6215.08671510772 -4020.2588802814735 9580.947519532583 -8819.737263752151 -4751.24614734541 -9196.048773128507 6553.815127049918
2303.6067686900933 -9209.151286725128 -5798.75131460978 7812.109717539963 -3547.7133344540325 5917.035078730651 -3609.7307197709742 -7748.913755948197 -949.267959718396 -158.8727019764956 -9351.051504410214 -906.5565772439713
-3835.787863921203 1873.6957448429293 1369.8563113110522 -9054.93745837959 1448.527638620877 -2439.2586538352034 2394.6127010544024 6563.711242708418 -7048.67106369445 6932.523129375306 -4097.811036095758 4335.4792473889465
-1168.3437227520171 6957.651424841923 5086.281304717002 6970.846883335918 189.3926468223617 8825.148198722105 -472.4821450089603 8645.180232067847 1820.6151583019546 -3391.8586858373765 6030.104551797604 2993.1176267948285
-7881.574699545792 3325.144210249029 -390.2633286355813 -9888.58211741778 1516.4505418838562 -4542.373586965278 4677.015815559591 -7711.984892884003 9715.06366409942 7151.538942174764 2285.543878237482 4138.865473845384
-8220.12781912485 -1042.4649501405602 320.8776853676736 7708.0589677565 -5330.383830495169 -7162.6899502054475 -9468.267005001984 -3957.9973658296194 -1471.3316623787523 738.1247426818863 1982.9054527249828 -2048.3201916445596
-9044.187127476394 7656.987414413023 7224.36935120459 -7024.841777392006 6442.550689519881 -491.06769296735 4166.638364681718 -1719.7762308491729 -8021.29922364547 -5572.115165211849 -6000.741910265128 -1872.5874553731846
691.6317513356789 1135.4780502000503 -960.0462238483924 -1188.5958710348077 -1790.8826148687222 8513.178619651993 1780.1103874745386 -1710.4098240593048 5636.594561258922 -27.434786827278003 -8174.822010258198 -8643.133738865945
-4249.526208875547 -8540.397540563528 4001.507136307604 -4234.699203787549 -8845.296278685739 -6923.124044215059 -8782.148361607335 -8381.83565985821 -5423.76555959341 1254.58292423899 -7697.2465122377125 -6.9220950904364145
9286.82778369484 9338.175954261616 -8952.698478796017 -4269.35965066626 8519.414500789633 -1711.8711646929405 3887.7277871480946 4812.621252117551 -3935.2043725998938 -192.52305959566365 4252.109453391209 9629.14226632945
-6896.210367986484 -5996.564040992491 9045.882751899484 -6019.382101240424 -6823.416164617622 -3274.0226312428304 4121.598806898852 3282.3379303434176 -9899.812357029272 -7308.696783904636 -504.816958207628 5963.4057309025375
-6746.696502276289 -3138.43232299984 1863.0283307616846 8461.302451512784 -3503.4053130100156 1359.553395139781 7954.009530718111 -549.9663428480744 -3719.9076198146704 8731.47906256306 8457.576299197139 -2462.8378757688643
-4995.901823868121 -5911.636876149561 -3018.9350505357825 4418.400069128707 -7265.588482089443 -693.8511045822906 403.1002622326614 9407.984758175004 9329.490850352187 -3101.973000650013 -826.6922117389822 -3313.3912618525164
-4659.868942321755 -9917.087571793834 -5698.853719619002 -3912.8197010047506 -4751.915062195922 -3925.968089653664 7978.162848396336 -7671.186234791796 -7707.314456873 -9259.383741377016 6519.616026354961 6162.66093068448
-1794.104603647018 2972.6314247666032 -113.62996406455022 7608.6241392447955 2575.0149311892874 -6708.918233055079 -2373.6034917031775 5009.304416731511 -5851.581623199227 -3319.119230415561 7380.412663192481 -5688.103183481235
6452.362908440777 8224.395764509183 -8556.751218673757 -6879.480185173663 -6869.733374758324 -8435.029504464008 -3850.003284919514 8040.927421896144 -1419.7699007032788 2132.025497489334 -3735.5999621936453 -1574.7455238005095
1373.1338320413051 -6273.14098858939 5327.888806215635 -3447.1037326908636 -4537.596650562538 -3593.079517397604 831.5880643370492 2308.598430055403 -3177.6137955454196 -9475.21961158108 8172.252572934074 -4953.932305437043
4184.1573330047795 -2288.3542079025783 -9322.73732258632 -6075.086230514798 -5963.157865335238 -3887.9602117192617 -9971.974826494496 9004.21789597853 -5439.487030782248 8848.048106679416 2491.9262780905865 -6288.75191001309
9930.84155821121 5194.747054069234 1796.7459128378032 -8745.377219048316 3649.6263173469797 5094.039277580063 -6156.230700481744 -2588.62684790826 3708.1081894883955 -6737.663766256399 -8682.785907992446 2087.451250783919
-4814.49986313262 4403.262401053662 948.9592426652416 -4231.83317149959 495.2447184591874 -3052.395242370072 6344.947593880763 -9941.752763865814 -671.6749088342149 -748.4524446542964 -6741.864095022005 -3036.3543666079986
8344.133549961509 9912.266492586103 1516.0929891436535 -9017.23587091333 -55.587313102145345 -8245.72243329265 -5427.255149131831 -7821.34292466419 -6551.383557020532 -7084.5736452104975 3255.4308845328032 -4006.9080418247904
-3030.389661814809 1946.1574973960105 7811.272661345636 -9433.850576534267 -3226.7657811787267 2335.63585458532 8527.65932845233 -9280.363633922712 -7287.157228436167 -1524.580270399707 -610.8965364249452 -1652.2045265664237
8443.845762227094 5720.190778483271 -4605.1799905896605 8950.355336836714 -9258.849038053168 -3808.99075339336 6089.976404721698 6963.913211677282 1334.0978686907201 2890.9419398859864 -1234.1915435831888 -4829.757544985858
-5680.820590896261 -8667.971463127626 -5000.72555823626 4585.890297717846 7018.051657855063 4401.883068071995 -5082.814417182637 2764.3281622774393 -2626.1181799607884 3051.4341077931185 -5740.401731769253 -3518.7366295609036
-5607.668361473199 5603.535186421959 -1184.7454854537336 5931.710966138327 -7913.551477729717 -8504.856633993677 -4070.620790699093 -2635.598966211396 2117.714324303084 -8526.841028949746 6506.471051710214 5467.67389354734
7201.251544256687 -1997.3056631599648 -8253.08311744019 -8814.132293211853 1045.4526193521033 6233.455137808585 -9141.73938989467 -6613.713989142518 1547.615153136141 826.014260897884 -1793.5951915297283 1575.1490721747796
2149.1069449888237 2438.0772529625265 7248.07754585347 3775.213883740569 4373.664743153604 4988.248333122519 1659.341086620745 6756.312537347021 8776.607481963772 -481.3621635997406 8567.788967723456 7236.059315432256
7989.332373317873 -3031.259557480792 -4435.233715453491 -5698.636583460768 -4157.383679620228 4071.2298007621794 2296.8296436345245 -4306.649671837171 -901.3407214653089 -5395.120873287078 -3931.411211750373 -3169.4449374389696
-2099.8934630132844 9825.99564503774 8798.137179591038 1464.0673472767012 3278.9326749757747 502.8376250991005 -1637.5642086543703 1724.5517325532473 4468.571724363772 6648.2433627874125 -5960.952297421145 3200.599314454448
5214.71357089941 8423.071115875151 7228.059041950495 2711.73080257529 7364.529062545891 -5115.5762374231135 1339.1443247735497 7590.167110744045 3477.309505408288 5374.137880573695 8462.96483276675 -8810.906316685541
9740.760752420894 7881.573597731545 4825.752005067443 -4396.058471570792 6137.89557615396 -9917.0145871934 2744.3515488059893 9662.743574594238 8109.343614270085 5084.210650743655 -264.9866728280049 -4117.530017993569
-2139.1575041148144 -8753.978744054693 6603.3448276022245 -6284.855225324047 -5811.840910346126 -2661.761838399212 -3708.056147852676 -7720.915429313766 6188.048434493543 -9908.429290614855 -3780.900643430494 2038.1045839362669
-56.04531617044813 5695.785939345476 4064.9755911596294 -6146.168346436409 6261.784143801518 -9286.767633248632 898.8012865867004 3581.1685635496415 -8792.501958980203 -7455.527696202833 538.1406336473465 3367.938856807439
-765.6993982044787 381.9116043126396 3192.778968396482 1490.0419315968957 -1906.8639313337599 5619.580561344894 -2843.8575658329282 272.8530023185758 -3651.443429940553 -144.5676403250618 -5276.187947061119 4134.4356444721925
7790.288664581185 2060.0759154877196 -3323.5140130316695 -8654.100790583188 8079.057894502108 -4922.654714590591 -1833.67487447031 1238.4642199929349 -4989.302489751961 4211.741610410501 -4984.16012225442 -8876.345251578161
6294.254465370566 -9124.72900364341 3761.399880063065 7629.888132348915 -8156.365561631244 -7969.108367725539 4670.149993473462 -9557.029157570216 2410.161843681857 9364.941132962009 2424.5078728161952 1930.9857540526973
8220.29346164671 -5289.6314135227485 -7192.185838549181 2026.021224756154 6371.973579613745 4886.000823709277 -1701.814684176812 -9633.615337063231 443.2489084503595 -9240.65620518387 -5751.404627335121 -8579.568454725799
-9581.765617225194 -5502.310522380811 -9950.239998515885 -7580.567549491082 7053.835193896517 -5916.435301341469 5305.964143315294 -276.7476957462204 -7959.854878943457 4911.501544689487 -5370.780597413523 8851.433890470606
1 922
-4462.957995524497 2336.6615418252804 1620.1510370094347 -9454.768070439164 -7061.712575058404 -4530.27333898103 -2681.9020101623673 5731.614496057347 1516.6939992606494 5828.865145230171 -1795.086589958526 -2539.100091949209 9247.299086136936 2250.856778401043 7667.775181105033 6069.670020850064 -6934.655745450904 -9770.600114152534 -175.54930301833883 -5949.473566578141 6022.020589653654 -9196.370276294901 7192.602041651906 2426.90873218225 -6618.344288959379 -3692.9877325246016 -448.3479690332242 8470.73478354403 9127.210544922582 2144.3373367774857 -6577.20748385058 6505.615369233994 2652.1587672161204 -6436.888070764319 6870.746258063675 1456.8006436562227 -1659.952904602389 6935.583651723879 -5805.51413954882 -9939.32389099582 -7287.381940444582 4002.7211096948085 -1922.7066134001534 -7482.253724515764 -5291.243657071518 -3247.1864022192995 -7342.391447785967 -9254.750033293803 4601.622774564303 -4719.707228145309 3693.987142289243 8141.752563322785 -7999.431237037098 -8537.735257652246 -7268.756509295308 3219.4608931277253 9745.802491955848 -4249.714108819582 2230.3610427032127 -9337.306015801496 7422.424824618713 -6164.295417570529 6141.621259437827 8600.232702579324 5093.609931195206 8932.890251640183 8098.174087235595 9589.389031089871 -2705.5526867400868 -4401.402639856405 -9273.713133793855 -7875.537320049629 -6606.715735818052 5864.2082182805225 2777.4282807068885 2585.8833200924164 -4743.31629491809 -5722.246161198465 -3112.9919128974534 3156.8097011538484 3202.004235381559 -7455.841370827184 6336.30256572484 -9630.751661874225 7115.098785146423 -2312.985518493858 -4145.870173835216 6637.809164821825 4559.523353962979 -4787.627665522436 -4202.3537121306 -5947.93127995773 -6495.241223292647 6822.452243950338 -9781.08977890919 -3658.382397051645 -8915.793106348709 -4186.81145640136 910.6989728599638 -9023.146105953887 7463.881847219884 28.195890770608457 4016.0927192860217 5384.467878797881 -307.3470492244105 -5357.707175805277 9575.380702295206 -4842.8545617200825 5459.940945083157 -7923.9482425542665 655.8039561211772 31.473879693743584 -4665.52049406308 5539.851738801815 3722.1767583234414 8473.653111925207 6898.4494400642 -632.3950441409979 -4356.662777625562 -4569.626959404096 -8015.356366571306 -7220.587348094956 -3991.4772232886708 3076.918325762821 5547.787782151532 5561.781553881257 3331.9657249734246 1728.33856083313 2439.4441317005967 1591.8981657659842 -8614.496434703478 -3261.857048931256 649.0316530249038 3873.3845311163113 -5636.269377922585 3434.559526215795 853.1385827124523 408.9957312257866 -7466.940900121259 -6798.631032689166 -3881.5863146428283 6902.158318947255 -769.2540424374911 -2894.3318974056956 -3615.0802125802084 8328.41500939408 459.26878421772926 -9526.95945422316 -1756.6313369928448 -4048.0558634370454 -2486.404965982607 8664.423233468082 3106.0018464832374 -7860.290141315909 6699.870302881547 7135.188608670036 3130.4127547529497 -6594.200784479925 -9998.295667879429 7156.492020374684 2121.654628713599 2934.429385348434 5502.984529446567 5502.580962998167 884.058757534016 3264.948526864666 1517.673544503903 500.7501634997807 -2431.0192752368075 958.4995939413438 -2150.732136032807 -101.88671958469786 3313.827179389704 -5048.576476187263 -7882.270905761159 -2137.344601373512 1334.962234975159 -4511.389515267699 -8671.349557021002 552.6753279585828 -227.03678817554828 8088.4257687807185 7642.931072590549 -3770.4326280920222 4987.942441916408 -8506.642139347587 -265.8943286093854 -1181.5967255538617 -4559.113400868451 294.11622259811156 -4841.340796170266 9766.900562341529 2843.805125379591 1424.4021931029456 4041.7776413402626 5939.185334611286 6591.826277024709 9259.226461078651 243.32760594239335 4150.174314664295 3571.159954418339 -8402.902727084778 -2947.2894884804464 -2634.013428441859 8409.869759317444 6412.195734090783 8533.7315222629 6175.705742881804 -2339.483189030755 8977.745095406553 -14.790090492531817 -5165.570109196145 7893.9299163323085 7290.169856659515 6105.391433141411 -3389.8477093201927 -6368.312532738542 2724.619941538629 1146.4532724483815 -8910.198972988823 6022.525335102788 5038.211940921581 -5366.593871251835 -2887.24907369883 6608.80259118028 -6409.153603840991 -1302.6475425061708 5962.858186253392 8687.902773650138 4650.286105500341 -3308.5856791785864 -8907.513858298395 6580.952927540791 1943.7003312183806 8648.722057660838 5510.709154141639 -5706.321372561958 8658.948446311479 -8290.893767528063 7981.7923598126945 7276.238671721119 -9812.546448670724 -4977.043075432728 2488.51128200962 -5920.82862382356 -1306.573522437182 -4036.2237328242427 -797.392248779448 3413.7713698348907 6836.4170694477 8501.709371219593 -6486.08200674406 3894.7658450898507 6475.517848461845 8725.613992571096 1395.378718926524 3543.550734507071 -7512.909793294873 -1790.1618758165514 -7130.056849881321 -9011.268269983188 3883.483831401305 810.0385176453037 -4178.038859381037 -6926.771968690946 4539.098100698611 2045.357344901333 -2188.3900682139456 6523.481268273183 9928.899373328572 -3929.8349410370274 -6270.828142974263 5518.829432282735 5245.101569915818 5620.17054023245 -8875.332253354185 1608.1730697880612 4346.040961803579 -1124.4469455495528 -5236.821214709706 -8539.765138961859 -9582.857292812112 7043.03878675498 -254.7955929523141 3454.2462728225037 7448.411154338086 7674.268747078393 6069.976365771843 8743.857103741593 7176.271812545136 -3189.99605458068 2889.1190269294966 -9468.79775620749 377.00571049974496 -2861.2037145678214 6077.460753730209 7230.600000034443 -9900.670095703155 -4140.214368380833 -6189.402562186059 -3287.158675168298 9184.427952263195 -371.39352919599514 -6265.770049125492 3733.4912967072105 5398.935088557397 911.6827777348553 -9743.576149888773 -2890.071155221285 9691.358261921898 5788.787232811359 2732.8999726075617 7902.294710158465 6576.755982995241 -8614.554182627258 -3088.310224410995 -8951.462632009558 5515.148755886394 9952.704519271221 629.9046226374212 1218.8756460876575 -3872.706922122313 -4591.136108733971 6632.226294359894 -9580.956251999009 1555.4810112169635 9178.977698080904 -3337.0939230954573 2858.3647382760682 7296.883491679608 -3363.2651880955145 -2381.91914316549 -3567.511630265132 -4454.374240958914 -9870.694272400073 5440.367359560352 -3525.619663328296 7168.136471875678 -7508.570155776306 227.03070683813348 -185.92548986659676 -1534.061233647668 3340.4568420149044 -4452.138083474637 -1000.1082228298237 6704.682757128168 6152.592510527531 -9860.70524439928 -899.7529538087638 -5317.289702437649 5733.804399060195 86.26174518040352 -5437.650243713752 -7066.162737804844 -3281.081400164312 -6116.143017388882 9988.125377139564 7000.011072514062 7973.028491507532 1633.0622462978645 -4983.28145865383 -7796.0494005586825 -4546.192783904075 -2868.7384570889 -2328.1789404691963 2293.5853434185265 -6398.8381716278145 -8404.076464176836 6878.198920545146 -8028.7529731847735 7469.083252287153 -76.20860000770517 8854.069956058323 4020.6212295318037 1888.0623896950874 -3503.423208418395 2651.8413782680545 6442.878019768308 -9084.936275932678 7162.516330363589 -681.3147846666052 -244.45472509251704 -4170.668387117737 7291.9541509905575 1205.9794706324465 -171.4535124529193 -4382.320610772424 2797.4091747186485 6682.362574873623 5396.3814374866815 1170.5010849287683 4082.7076756022125 -8266.930882290051 456.29764629699275 -5643.138436512234 -1819.6934265294094 709.2621555984042 -7818.380949462143 2777.6652061689674 3383.159143752333 565.3701717459389 -9764.995601348897 733.7368176437594 278.2314202304151 3264.2123178217244 -6495.85682372011 7508.709337295204 -9323.324226655835 -917.9411630487612 6818.231448003957 9309.464199590104 -2839.90184186592 -317.13973910533787 6596.989004152114 -6993.047093068343 7571.416469717788 2069.6641521996426 -3524.99056465815 -5296.744512415758 -6431.9095961247 2689.8166892659956 -8687.331060297089 -8181.273950080934 -3712.9045380863236 -8708.021078273398 6151.256249988259 -1631.4003481024338 -8294.268931746137 -4716.179701379879 8566.104561157525 1799.6214477464127 -6265.671220626004 3611.5789490846346 1491.3119861856285 -3879.0432179453883 4527.746027491752 2599.6769182180087 8769.55678056597 5020.128290496796 -7605.360829968626 7195.30252148295 7731.802567942337 3584.5978161126477 -6704.938054639784 7264.268714111982 406.70719911072047 -1234.1372178905422 -4177.254569871676 1715.6648798561255 8740.926195510972 4774.817817841153 758.1157840003252 1253.4949811849947 -6145.687480254284 5970.626086021164 -6615.462329406801 -8325.893139157502 3516.4656410485986 8779.334648657077 -8166.872746469862 -3711.153341494737 5593.998388956532 -2138.373183692148 -2897.496570316016 3681.556760950534 7430.656998298411 5166.921957559005 -9945.984322663844 8902.832296926474 -9257.61894245537 275.46172164704694 -3082.520725420668 -4470.724968755513 -7917.139235852699 -6965.093623244458 596.6058959363036 -8276.272720973931 6753.84548262008 7174.0546721094 -2660.923777011859 7982.317847411032 8191.341289604272 9605.051278987008 7734.211905262175 -2950.0103759886742 2149.4987559531 152.67001376254666 9722.77602121584 -8751.430038260021 5461.554162713015 -3829.443989238057 9103.231155967005 -2150.90275213689 9727.992838677324 6922.5535011213 8993.141389133616 -596.0724484215025 4173.321226548353 4413.7567614206855 -7557.4409139082245 -8705.755979158925 -8808.27920645781 -2985.9098908070973 3941.184386654606 3469.4679976223433 7582.492608903172 8156.758057195795 -7777.381918377034 -805.1923099805445 6963.875897948226 9360.437146437424 -8885.866133833906 -4763.276247757062 3793.6270319581563 -656.5457301860624 -2479.140824820827 -1882.0920439330594 8338.126808205478 -2668.317732715961 7579.217543841791 9726.31687365565 -1943.1620091469968 3538.5516830193483 978.0927757691352 6759.315814678706 3058.2762673475154 488.93773847788725 -5767.749332747565 1349.821851037821 6045.782008907654 5973.581824552708 -336.7120090031822 3141.7936213537687 -7824.259419593509 6001.756019903807 -5086.94991994316 9698.18974614075 -8574.17436983162 -3887.114237637008 8760.830006862096 -3324.502250429011 5766.311582836242 -6568.778939655175 -8550.892417831572 9969.85353337126 -5459.485362112695 -7659.985409363819 821.7191111347893 -1224.265565208585 8941.680272534573 1577.2637139683702 -3375.3173483237406 -7781.636602773531 -6023.880999951667 -5855.602257047103 -3367.3721136117883 7306.836152405511 -1653.0331685134151 2250.7821993705784 -2347.079647067585 -2939.5261226103166 1710.599463505001 -2934.5597828319333 -1259.8925719843264 2627.339631346171 8531.637466666663 -473.2599663411456 1301.7022732024925 8864.62771326906 2724.0285798736822 2063.0601356773295 6787.644663599207 -8526.173294123068 9938.143862293844 -6200.9033992743025 -538.7930049535644 -6386.995206148756 8289.296895667303 129.69288162767043 -2949.57114722789 -485.7795657604074 -7025.305103357778 -1569.8767157344646 -3323.102471182513 -5293.226636601172 -7048.518669353603 -5.688235227138648 -2864.7927035242456 -917.569812959975 3831.0129874443937 -1550.4981056303131 -3548.0047564581027 6771.001640073457 2118.564099069872 5158.887213321885 8432.400176813342 -4731.311989825186 702.0483675604792 -7809.09832595069 -8237.311817849682 -2358.232771710882 1394.5921591972656 711.7123140679123 1699.8842653572428 5492.324971262016 3140.9770739215855 -2168.555282605842 2072.1115967312326 -8126.709678444235 7179.5824319846215 -9955.355094974962 -4783.1117791376055 -3134.294646116369 3280.069143277995 -3896.46350999054 -3133.6315529485437 1552.5169901573008 8875.905572432355 8175.205605159896 -9224.096297064118 9709.149809736668 7533.305447179537 -9429.737530125625 2499.9904220786666 7810.272626576971 -9647.339198039657 7841.114410590511 8512.812773826565 -7469.06876785478 1087.9909169118837 -5964.656537269724 -4255.025229586482 -7895.291300491114 -8832.241500510434 6886.252235366934 7703.129052330783 -8725.617195872373 3187.0246692557575 -9119.824786789077 -8185.990219165802 -7249.978444797087 -1023.8315823816793 1746.8116440249705 -4635.790244499199 9858.824106988395 1711.5542434604686 -7307.601890171851 6480.38671552614 -4300.632142297501 2811.060420286818 -8256.854137200047 -1844.5460119534691 3564.1721291187314 2119.8982406287687 -3962.426649175656 -4542.722640831232 -160.15673484079707 3030.2244731071387 -864.1453661638916 -9837.114261155062 7023.350864377731 -6885.246792229924 -9703.585162999369 -3344.5447902733895 804.6334668510717 -3349.917033954872 -2979.3533011613426 6578.730933621711 -4981.138532502638 5829.871884469023 9088.887546600268 5428.516868179851 -7229.353809097654 9890.162106425236 3151.4681914719786 -6852.324455415037 -1028.5000060752755 7267.120588568316 -1510.4274267983637 -5791.141120139993 -3904.990139393525 3766.346204938238 3444.972186748346 -7176.808126094705 -1014.0227030613696 3201.343980910533 -4004.6578796732056 -1264.6801463786578 -6859.946044726111 4387.826812604215 7802.848832455969 -2825.4339101356436 5032.452552321125 -7477.759165936499 -8195.512796828452 -9141.70607578781 -2986.4456002234 -6233.341348865797 5649.656703080713 8648.191221215318 3452.7319403845886 7545.287077536992 -5268.900514405966 7865.563932632318 -9133.205872535209 4965.92792276263 -4339.823805253831 -5058.626156775079 -3786.79067683378 672.9814595917123 -8768.648959551329 -5743.247302939721 -9060.020042914539 3126.4956321546215 -6143.564120819567 485.5070298406972 -3819.821385562356 893.8071874140551 -334.3736580652021 8254.15086647169 -2790.2518860358286 -7629.203182658155 9843.772789007966 -6367.986256642331 -7408.442498048695 -6522.319249017055 -2295.4156299126025 -110.07080371459415 -2942.3699690808735 5819.481754490278 -928.8379969339148 9088.230478635549 -6534.246903057024 -4350.660240447905 -8335.471435674493 2041.130328560459 -622.1088287287621 9586.706012838764 -9948.171337301375 7540.170674627407 -3672.4944459305716 -2720.2907211740876 -146.5292986180284 8620.222026980508 1422.5614068442046 -1518.1654292784315 7759.719687898752 -9752.301798901395 -4105.193156010249 -8287.121380167351 5478.240714974487 -4986.292781163395 1554.822463514889 -1977.9064020799296 -8748.378614787562 2823.9118628142805 -6858.1392246542855 -3323.337168575127 648.5079445895099 -9774.931034842288 -8182.5279226303355 4197.396389621752 -6902.535274557588 -5534.582427678769 7427.3377346991765 2690.459457373703 4656.623169355164 -7905.7048058135715 4154.050383046508 9552.521285348474 -4890.683444510553 -6431.986056136616 -6210.313074191925 -1145.1286795313536 -5846.397481514609 -9404.022338316165 6888.221989383121 -2148.9390510694247 -1572.2821315149085 1486.5709474688629 9345.584533481866 1911.479361860278 -8385.439204373544 -4670.365841090876 9148.423619102312 -7376.869986957313 -9886.715002457133 6713.140737091104 9777.119619685112 1847.5894845171242 -3188.9356023211276 -6265.432456440014 72.41847148513443 9165.894754869001 4089.6404956393126 9296.94335039044 -5267.930904370617 801.6096687659065 4887.095745229537 -9935.642555102446 -7881.949072590888 -5692.518477786819 -2050.481952586345 -2954.1754710234836 5852.989817549535 1451.7946670650654 -2106.9752796573594 4870.026435154887 7987.704927745544 4951.1145378257515 -5511.599353875334 -6942.02662412547 -944.127698601018 7613.157603185766 3281.5744672916007 -4512.563659720568 3598.9828773555546 3520.958320897871 -2308.4032318891486 1779.4591444147081 2644.771665124221 4114.834631171958 -4390.7299783842755 9657.658010853396 6758.387403425644 -8758.874469935223 8385.204881941598 -7717.195249649525 745.1010198466502 -9322.890287222872 5062.0292964000455 -1479.7146926118912 7387.559396892517 -322.5226667273764 -9685.937091592028 1672.4975140945135 8381.593435391158 -8216.998851642966 1817.6351983818968 8330.204872973281 -7703.135318486698 -9795.635488679585 3631.98663349908 -7761.3569984152255 3388.7567336895954 2076.5446945620006 -8854.21807653015 -6344.635874409063 -9941.706140416214 4206.773988593393 -4132.67980674352 3028.361374521981 -7365.780695240088 -2859.604141404797 1457.8905207742046 -3199.2930814628753 -4345.234821079826 7063.568141479249 -3243.3373538273954 -5747.046556045237 9405.545281993152 4136.848249100458 -4918.412150408473 -6749.187849938669 -232.65912414758895 1717.0823261347377 2508.5779422399282 7891.575853183625 7045.553985937375 -9912.154947284902 -261.94871946535386 -7973.7586415895275 6880.590254230985 -4917.162485386572 -3920.787778500143 -6.9487300390010205 8195.161379073339 -4564.701419823132 -7121.012229818489 -8891.826308717677 -1679.102647480082 -1381.6686053338217 4432.170507619563 -3822.167253974798 -5289.757830905462 -3525.810937869658 -7141.443739746558 -3416.9788560728693 9714.940223113525 -1023.3697347031775 8880.23327870942 -1601.2658651306047 1349.3360501043098 7611.319362951785 -5323.884252238604 -399.92670352550886 -3573.7888940059847 -8834.88979568153 8766.242008138513 7527.1037535209325 -6355.6789999693565 4570.915774013791 5335.475883679275 -4931.952386704806 9669.433310592187 -5732.855911527994 -8433.726530268397 5414.251501471132 2111.129004797571 1336.6423437939375 -4957.932857194553 -8788.097136444696 -2658.1399697628094 1129.5155607375054 7476.445951484515 1690.1614534729488 5544.591919753622 -6310.47134869007 9054.19524324901 2930.6321385689625 -1209.1313816063794 -1548.9972849327005
