53 6
7032.701988518278 -6564.272121543179 3701.634099390054 1608.790160585293 -8045.049087981626 -8509.975619080882
-1657.1516021941334 7311.215133519821 4248.511882577817 -8507.813080872322 3997.2811009251272 3264.4939452880517
952.5452471932276 -5888.609840251075 8147.329051128094 -3517.288262326244 5853.345340588354 6531.895064666569
7756.161893736735 2701.937156318041 -8621.475726666837 10.823410297543887 3628.4236892068748 -4805.793768482041
9059.155547966762 -1252.9205776243016 4872.342553282902 -8802.502656598457 8321.66804305154 7880.049671256624
4098.971019656603 6845.632686954301 -8040.236542282959 780.6973930146269 -4306.562693418927 -2025.8886250988398
1868.5749927891975 3263.1979712852226 3308.371923307319 -5782.328109555919 8868.691073032678 -446.15766800003985
7443.9752004420625 1574.1587576461843 -6831.021531254666 4089.5531527220137 -8820.672351516716 -7358.437694208384
6799.551787656354 -881.7842793462987 -9126.949903674238 4301.4377334125875 -1697.6967259614394 5622.411226259093
9101.40670000681 -4581.527257401079 -7336.519112634123 5405.141699780634 7509.193657524527 1700.3500267553536
-2241.286150337809 1773.7041094175784 -2092.4717598054276 -177.0911169046194 2994.235058212864 1677.2868146608107
1982.933092907575 -6841.513582482468 5238.723289557236 4981.036797432105 -5160.820492102798 7458.110932590644
-5213.234061038612 -9705.285908384823 -806.1813840267787 -9377.423342861031 3875.748423027948 -7915.819996311966
-3110.045804459869 8133.347807319475 -6053.1174388119525 -8975.866871513746 -6238.454050049029 2362.8773365483285
4375.676542862997 8826.227324927564 9181.26360292095 -5000.041156630151 -3616.9405627169062 -2385.324306825427
-9187.632950208848 -9091.575319213931 5980.7639537125215 5473.150902770669 6221.5394314802525 -1674.512524521484
7924.4527369725 5406.87031606627 3622.665763924828 8733.39931831422 -5441.818444491278 -9611.96554810018
-2916.184541962816 6896.791798680853 3351.382538950673 6017.8883402582 -1522.3376954959167 -347.80332900526446
-7177.279208625493 -8921.31162104085 -1461.9404719567792 -712.4552859514861 9694.638248439467 4999.414884604315
-5862.949465837477 1925.262891830016 9794.175699130941 -9515.78739966388 -8296.735930134571 4289.21732465973
6116.192108496245 -2982.613648748582 -396.29708444745484 -9637.082106345242 -116.76733872042314 -6178.949385437202
-3546.6826306749645 5489.084375803042 8119.184483044504 -7610.63723483106 9966.37597985729 4473.19943486617
-6883.963303787854 1957.6514527211166 -1495.928148290266 7922.074617200731 7187.084311971477 9961.122129632578
-2495.9767047947425 3099.231652690769 8892.03974715912 -1537.7832613631763 496.0210999915562 1801.4351219008204
-8875.738685528611 -6433.097778893589 -3983.830836706965 -9167.809556724558 -8350.49291736658 -2386.1466754847415
7029.974551257841 2240.6011698524217 -4466.231242172927 -5051.857824205365 -4153.084932096178 -1442.9573071609593
-7422.213619846667 7853.979639968627 -2535.00149920054 -560.0171707139871 5126.6222049445005 9709.313855018456
-1760.0725282083386 4033.0499642845916 2147.264378883927 4551.609108714678 8131.413030363634 1546.5779007968904
-7530.066129861561 8154.889295706103 3198.005009178085 -1942.9231359136857 -3758.1120885365362 -7348.3724918461285
4996.1841025362155 -6598.443104415348 -4340.694823158305 3022.189720632081 -8271.201216915351 -9505.067438043707
-848.6700431613281 6690.998951618407 903.8877321416749 1189.191852390435 -830.4889431961474 -8434.289714716699
-3782.748131671611 2335.677537780055 6916.717895045724 6530.666825591143 4428.396848464226 5882.529398914277
-4011.9393631295643 405.919607924654 1760.8843185854294 -6692.115670601895 8598.324916897636 8225.487423655788
-5745.613369279951 -8460.040358299415 -2803.7864089762497 -7817.7288466276805 -2509.387596334529 315.4954250236551
-434.0846265018008 -2353.506925313167 2965.5717647301954 3275.9916994807245 9047.543126322387 3440.607357410232
5686.563658731724 1071.2492246419242 4245.46035638767 3523.428102704356 -5046.719728442395 9803.181067222864
-523.6307737103543 8924.16598356377 -3366.547688334853 -3073.7858942164876 -7166.394358372308 7287.375638533809
4883.143226220183 7561.137021307084 -5747.725020598516 -2320.8823924659528 4532.6663980093435 2607.6082799925643
3417.443851011063 -1068.1893393875744 4853.640987514935 7340.086142857006 2193.1433583867893 -1635.780669277765
-5652.884767736199 5716.894096959242 -3927.150287055383 5548.513045940084 -8765.384192545127 2207.518621970161
-9179.863319362086 3655.0018267057258 5352.678465520303 5932.431576670331 9243.161631734285 143.62851862787647
-4342.525369965715 7332.9020900680225 1689.1368335164789 7354.669090769334 -212.93470657110993 3264.082974282588
-6573.569793814953 -4305.678206423609 2965.045238514709 4648.536277929474 -4225.644235366662 -9287.570667998854
6610.034988869233 5961.036929249787 -2470.2775963206777 8256.276848287518 7623.941072757749 -572.0528034289418
8337.74169545588 -9837.0379151825 -2341.340438149182 6396.854747139623 -1239.8751039419385 9043.465141328099
-5672.4246740842045 5550.090493293967 -1773.978675929333 -4670.352714619808 -5270.95646416536 1805.4461430243991
-5119.684299886011 -413.04483729131425 -1771.469373722106 2238.3872832243414 -1467.2886695978177 6575.392221345028
-3099.9041297642616 -4590.146286144097 9846.575032482047 6970.118944362297 871.7747041629464 -7862.803034431147
9853.294898233278 -62.18096813034754 -6716.094112788125 136.1725538739738 8614.48396351175 -6258.664673037914
-5026.3825049474 6588.206750253961 -9218.09945800055 9007.784801430396 -3706.943382324772 9669.04588263389
-4737.396172274773 1761.349544284094 116.08403996704874 -7702.486106351447 9648.833332931074 -2228.3877336055484
2346.581924537075 -8445.726794428 -3201.840790468489 5681.124762908701 -4586.397074531627 -4828.284430019645
-153.72789441546593 -9184.921331008649 -955.1996460551691 7180.060325273749 9175.632269796424 7187.193122421122
1 6
-9789.67608298971 2385.741826719188 1446.130632338969 -2667.2020649343194 1062.5231390935114 1942.3696397010917
