59 4
-1344.7259864024545 746.8629354589775 -5895.792571005382 -3621.9398693417415
1931.6101467678363 6996.900805808862 8908.873010966541 -8313.330654004418
4059.969701850234 -9767.880456628853 -1104.1191627565258 5224.052660290661
-899.1082178926681 -8380.572000525408 -3577.860462088729 -2501.381294673173
-4419.883639174833 -347.77968157257783 -7159.750519904007 -700.5417361041873
2239.7815783675305 -3567.3249318504377 -6714.718468767085 2689.5836345586013
7501.8042439503515 9160.097626826675 -2672.524064198942 688.3677898320511
1885.8370058453238 -3326.516985253187 9670.01620840932 -2164.6899920757987
-898.193183177711 -7933.064617386017 7036.482557961739 5296.110548168979
-4818.740600295341 -8989.188586281562 -1707.5549462042964 2999.331144351545
-2910.977525038292 -4890.500560565385 3022.713037009422 4530.386864083122
-8431.853815172972 1776.6807717443662 6375.765971041161 -2618.6473435138914
-3936.832772875665 1936.5404556711856 2038.6318232948051 -3511.606567797723
3328.9639160834413 6057.738523431588 -6238.982751264801 -7847.39723526628
-2607.9443384819087 -826.3434322951343 -3374.0452190336655 9307.592339430663
7485.334669214713 -8844.25303871472 -4758.835167533355 -1989.5131186326798
6866.177859911833 -8707.914035947211 2190.078512018723 5478.191626857311
8551.858379952155 -4771.686086730473 3961.1050712405377 -2424.71093711059
-8574.81347560213 2468.1234260129295 -4812.664133044506 -4414.241372379251
-4458.587706421568 2331.954418385001 2264.5687974665107 -2959.8755772146615
-262.89301687586885 -9201.125338242302 266.6774453797352 4777.8019889698735
8997.688288606594 -2137.0433127012593 -4452.384872962458 -7792.952920445739
-842.8572794133142 9460.92627908965 5796.592969156371 -7038.999706073817
-6595.535899148759 -4769.335137897999 6992.314795159789 3365.6188300637205
-6389.624155163847 1895.0472771248333 5213.9870753149535 2621.455277847399
-7531.45152611628 -6866.751701643539 6725.725574549539 1210.7336731990817
5433.523680618773 -1450.355232939517 2441.230802294298 96.54077080476964
-7886.689335403065 -4668.038477364847 -459.3904068504544 -5783.98022810024
-6360.598490934153 5441.27019587231 9794.951923264296 -4420.882958119981
-2986.0137395070788 -1400.6857689724184 -3136.751897956571 -3338.5909641934795
9.280229441501433 -744.0334692007782 -986.0866348564032 -7208.070032268323
-717.0436443086201 2879.3357131545545 2332.3527240243893 4721.461742225463
5114.405318613879 9974.1507345844 -8156.347426426655 8787.901813104942
-1958.431561288976 -5138.446582467 -4643.117404360169 8016.6424405996295
-8488.367026941503 -1166.5791140363763 3291.277894053821 -8814.455241297377
1648.5535756323297 -6210.785689575661 1550.5791458738786 -2882.9304524833587
4210.571076952434 2332.581389352974 -6322.390538156098 -5712.407033386228
-3505.3605108874053 200.04161148976527 4553.2311042371275 7696.446933457883
-8788.8658909658 9903.341326674563 5715.589782470599 -7049.945736432322
5655.878660069478 1159.486109795247 -1786.5580779130942 -5292.072171458413
-8554.345254109463 -3735.76371465765 7123.097354208643 -1943.0989386430156
-3044.7562478705904 952.2190931361929 5943.937608502454 -8446.104073479424
-5182.592602093292 4091.3886420975614 -9110.973595753481 7385.567615441276
6405.080859288864 1586.5514996985694 1519.9698401241803 -2432.338948439561
8230.896804971911 -3828.3149984288793 300.05705997363475 5713.055754547322
6917.869058857519 5408.850148817477 -6129.4251556102445 878.8329001316815
-1674.5670311371123 -66.62394878403938 1402.4260452800281 -3904.696939962074
4234.019084105434 -1687.7329668295843 9562.06596965211 6894.708186200423
5090.721564048325 6686.079498181076 286.8488334847716 -9780.527144926451
-74.72027964249719 -3817.6237497012107 181.1758554080443 -5587.833622589657
-4551.586631001818 484.9666186263039 -8162.5009040791665 -9455.025851774499
859.0557324938363 -2038.4988689078227 -8773.786052953956 -6569.674634245202
-7398.834924977667 6012.0529193301045 2918.809251830153 -1774.584861673442
3103.444028591759 5290.655713425249 8627.647214138939 7227.325876435447
-7.939775862600072 2005.401984423539 4037.3799786763393 -2357.840156243429
-4135.007264427384 3447.4758593053193 -8228.29225366328 7772.373024802502
-3458.0600254981155 -8911.217062094818 -393.17697070809845 6815.991749403151
255.32537680114547 -1344.275192873347 -5366.834159272044 8469.332871203118
9748.594958155158 -8650.863417868033 -1864.1971555729797 -9580.9948303428
1 4
6017.307483389341 -2206.5704622733247 -8792.683304192664 -6002.710849564124
