232 13
-26.772996967202857 147.7937515995352 -189.00648166392057 -212.31738513445885 -669.9335089742178 -778.6129313576018 256.6294939486486 42.85558346560538 114.14751526081227 -386.5281280246255 451.4665736952802 -574.8301834283704 518.0036473045827
-859.9274143420965 684.5825446507072 836.0584387333288 601.0138418471543 -954.5732432756639 -695.1564607632743 -435.05183074569607 951.4608406293364 -28.9610466199714 -890.6891350963338 444.34543809284924 188.92560554929082 -641.6130357692793
-131.0411313026152 153.65624902940544 -576.9178179950669 313.9130850959875 248.55939996023676 -155.8981947768823 -499.64859918333394 88.0558062754551 -343.24561434443353 -643.7854881583469 274.030140010821 -644.1162642952083 503.8444672104804
-861.3210456636687 -768.1232410878092 -771.0250199231825 916.9661127646102 224.6833248584178 -325.30365792244936 -645.9255875542218 -951.0123701137514 726.291980379701 -275.5724726049766 -995.330176886426 -562.8595509277017 -606.4205279149786
347.5376206387798 -345.8323232114659 193.88337931227193 -988.1656830498853 627.9680479962412 39.8861751914867 600.0570577592594 -428.5309404051485 -742.874451511065 -59.81380668473355 202.68346925802825 -996.0710134539684 700.5349799766327
-454.20346801102403 457.0574046766858 958.1639811259311 931.8407386513609 -672.3013129276152 -310.46260490723125 -692.2017609167739 341.64607708938615 -238.36736312581831 -416.91492986272146 828.3746371530194 600.704734542195 393.61065724852824
607.5639761228394 -130.30286395211158 490.92520776795027 -856.1861120878793 -677.600691765736 -227.3653673566372 390.7334759216119 -938.271334467526 601.7222824589712 -971.3116556964958 -618.9877766492731 -734.2982086778849 -313.9690937108302
-365.34039159601514 127.34449688733912 867.6121413346764 601.7777787982805 675.7277907098553 -472.06590556281424 -736.0208775562289 913.9541610040333 517.72419961118 -697.9426567974913 -965.2496605039676 -719.0052173964787 -462.28390605066977
611.7109456826863 101.19770631396864 -506.26698593292673 231.9330710517445 -955.0226475520542 -928.5980703399019 876.895165530161 414.1397812347052 -390.11484456699463 -199.66694957941593 178.3257532568157 -571.5030703531527 825.0312556005224
441.7317746755564 131.02749043037898 422.3428625602605 -876.0475587742525 347.986329334758 -871.9642574656227 800.7344979203147 788.7806880049907 79.16802124075866 -521.7241548731171 492.7535165657355 -236.66586050482863 857.1592432252769
-609.3564612431455 598.1547440132745 703.5768363617701 956.4525264742715 -560.3230257790406 -447.3665513170886 -437.15506993785084 -55.72976545219137 963.3452575085548 -14.138935171410253 774.4875444443933 214.49995930057275 904.4249545071671
53.62549998759414 -345.31354175155866 -458.49231821759815 -363.69873551086675 764.1123641759114 116.38723728319269 -596.6271627417291 976.1087507173254 680.3215377125364 -239.9149870091535 719.4458982476945 585.8454527827005 305.4418725743835
458.8830338929199 -51.88911184183519 936.0371933677347 265.5985315457797 375.6576851172538 763.6512096668916 220.1338411937311 -747.0796870759631 -344.49996542601764 -962.9421511477443 908.0465430563875 -769.346710004573 -985.1671010845711
442.3966893234474 36.671475202103466 -230.7681114228876 602.7095736862968 180.12113070990995 554.3409840574313 -499.64960752434837 -353.66362850553855 761.7988824974409 -63.19449363796821 65.70162639308342 411.35220559741356 -706.8692277206832
-540.8014751573296 583.2377723467196 937.8205267780027 11.263228516237291 920.2721751607385 -362.09596764871117 -707.1804606901808 -582.7737859281187 -226.34217345557772 777.4648984527091 908.8985214029985 185.37863095869943 -270.4747551384743
-811.4179252251847 -581.2373449640834 767.6616069686972 699.6079375569905 -166.6058946690922 -187.75598506920937 -389.4151331627669 605.855705025419 -602.7560972212677 756.0353821036924 780.4051234812869 -658.7190165678101 -829.7617341792685
-423.81089197037954 560.220500748645 304.7826737404887 -942.6864286284037 -550.8957260326704 -886.9045019828706 10.19108760856227 734.1669355694221 917.0177955856832 701.1228253033403 -357.38529041278593 884.3538652018105 293.0902920561771
11.459776026116856 649.2548860895549 266.1716019271962 -249.15734639758443 67.65095440383016 362.23317803748023 -410.79676466071487 272.56507199806674 -767.9913671608596 -812.2188127357574 329.25281869138644 637.7492417701308 307.2202986469656
-854.4664189519128 222.3238744672003 653.8842665199545 26.146132693684194 -42.29672169711955 185.97692592473982 811.4156064710539 -153.66618528576885 -946.0889123165674 970.5804351437757 25.40410013034375 145.8065142485957 -33.577779364829325
-861.4732175761193 -193.50108185540148 -990.5317258144839 -944.4996845037867 184.06008428860378 672.4147215870482 894.7476442501161 277.8419599848346 75.50875024463426 892.4410432899815 416.5532562061403 -870.1215982990329 286.6761918666257
552.9700276754916 -864.7120725275628 -249.41466280247334 947.9266687394938 172.6217704499811 841.6311202132772 344.29814307914967 504.0635839234601 613.6901446872544 -989.2716156216592 -498.30490655015944 168.38414210942597 -219.55002438773136
21.903489045973743 -560.9174340823254 147.9704397955245 -407.73572250313464 788.1096895442681 148.78417374409446 -472.3572931441149 -217.42245243835407 -996.5004439494292 133.63486388360934 -267.61961280111393 207.39784953502885 -756.650151987229
-416.44232283488 249.4568306460833 318.81617668776676 331.64593510368536 -139.39284953175934 -14.766505628770005 -221.00144622745836 -815.7203735163556 -545.068689677876 -106.91150076488532 -664.1901165125832 405.1048752347847 -276.0437160003122
799.2512813645699 926.9016218472918 -362.37667238775884 782.4763647890111 -877.8129451876932 478.38319842714304 -719.1234784771725 -835.2784037534395 754.3544509963212 545.4695471941861 -965.3094692692041 721.8484317919351 -54.85173224012408
719.0920344693345 82.79793880896409 -44.28098264574692 85.85528290823595 84.429145073781 -491.22627591976254 -76.01768652149724 -155.87535397561703 673.3299780433683 -421.5375525048721 -547.0637751895902 -834.7333171097222 -71.27647405787593
230.51720971118516 -480.1407473801156 -516.5630889962706 158.90714971334864 -589.326500446268 -397.255986275983 567.7892063908005 476.726075451591 813.5182748073694 683.8962010476696 -452.29958367404663 934.2289448912124 -873.5877197969651
266.04567943228517 -0.21653874521507532 -834.5708440871563 -43.78379819654606 -374.09588820977 914.119154608142 -685.6636626287069 -276.717264087099 699.9785978926427 -577.2295617437192 387.9184089058133 -956.3369709139924 -934.4574965235716
256.8392149123895 -216.68433706971712 452.30597331504987 -925.2878098968291 443.3383689844168 -641.1663380932135 160.6019499032725 -620.1130839249502 -606.2077521735666 518.6827705731969 -690.5961615683209 612.9441306642877 292.54736452257134
725.0048935557893 -823.8487425931886 -544.4041971401008 -368.2676482393001 575.8566426530142 -935.3113440774665 98.24635447035917 -994.1674299820737 374.4309452492155 -819.1231882462112 -553.7759913562575 -466.05644236725993 -87.58591200624414
-224.44700335867026 -389.42827227579266 586.7224987632385 -571.0522860698302 886.9448270349399 261.0553838485389 874.3657228931847 -645.4623120049092 -491.83928728409774 723.1459860863056 -118.33740270215003 960.5647383137268 394.4846269327338
211.40935260282004 153.9333096987093 163.25463541034947 -332.86643972133675 -704.7252748572758 -82.0812868058365 -837.1225962830881 -739.3398158988114 -843.7809471792086 774.1738710245916 32.38211747918126 427.84864136696933 -254.36488372065162
-152.41375477321867 75.18714446820991 542.4994178629936 -980.6598919580376 -820.4834284510254 -442.2277410200875 -80.89758587602876 361.00288676318837 455.48768333452244 -917.5809141510784 -400.88914730043814 -713.9768614323727 -427.96694103039476
427.80654213762386 671.3796631121445 -65.32568648116865 -739.3610576070231 13.725701479246709 -241.09542447597426 239.2953292793493 -136.22417059791235 15.23728683050615 -855.3615134357983 344.1603487071452 -742.0749804252937 -397.18260266841867
-322.6267946528634 -261.074700999726 -984.744666017946 419.0689494154549 959.9743917297762 -37.01325435372735 -937.1651842889856 -943.9389881284123 -536.5685241090782 717.5783282449768 973.4131585872176 -261.71806216904474 -217.57982556555612
125.34304870517212 -809.019943747392 747.408772785398 -87.90884683038098 -548.8665684099119 473.5212781404359 -946.6017431863902 23.38385728994274 809.934585104143 -3.385172637977689 -90.31813987310875 -279.2518859703812 952.0685641894379
-816.559290835085 -573.7580640261526 -802.3703389390857 -149.86244183115423 989.8597332974869 -195.09451588130514 -163.9994800654954 524.0693113671823 -598.0558189407436 -299.6531313300792 866.5586883440942 178.14218354037507 523.0583105816963
33.26972529596287 -671.4659359910318 -535.1949317779295 -490.1590649366328 843.0784757425586 471.7930018879888 417.1401110865536 58.02024763245322 890.594798068844 644.3133105290094 875.3338353323036 -340.6229509902446 -778.0416485903431
-878.9721470147489 661.9237165404268 -716.4530675434485 598.7198425716367 -181.99048128389552 314.32537372916886 240.72906006254198 453.1216469556657 -197.29107120317792 860.8575728308874 -701.4412287581135 275.39691372822745 -29.104104022857655
-728.2353280279543 -585.0325405505791 869.7044306273567 176.80484533282288 0.15712024585832296 -310.65266192329784 -117.93787057883094 95.21860082884587 -324.8429294665767 812.6822577341711 722.2160749598863 65.91523316549092 733.6979755139951
653.9050589611879 -172.01759213298828 -298.51476088298057 -171.04185354782908 -697.950141621393 -451.47436311348963 117.53150131521011 -808.4143050517381 -602.2837113742125 -370.985830618199 -589.0622777863457 636.3458133016472 562.9468198763061
-771.2040852917689 992.3668699646439 -374.10470490223304 -970.5438290718834 -198.11514049010339 -49.172053549045586 -637.2224567912001 434.6861819343753 208.26024452125262 895.9268994197362 499.5612549787029 -368.72923617459685 -811.2854364621869
-390.89225563352613 770.9721860299737 -191.1790523197601 935.3056902714784 809.4496210692535 375.39747960777936 48.15346536577772 778.1746601857581 559.791249632487 297.3298114983836 940.5016018834015 -93.97381569151378 -532.8034945436557
-831.2186942789797 686.0960985268375 -807.5277371374839 278.0012707877572 545.8081420735075 319.53132858338154 -366.8572323551955 -711.557129216977 -728.4238940986123 722.7554815048352 -75.78961661746473 -326.6536506872593 -589.1170143227424
-911.5020105486584 617.9865030112417 772.7119546954696 -932.9791898848563 100.23913617262679 815.6706134700723 -279.8468908515068 641.6398823384402 -585.7077184590971 317.50608206604966 -796.8022330441811 -304.7645273096307 403.21569607981087
-786.9530132101486 -948.8285987446177 642.0943339688504 -126.04306414326948 184.90944974910872 849.1681891775204 174.6293610930245 -604.9296195013897 914.4268536455036 -621.5569409008513 -342.5140504798037 -292.7715582988137 832.5762303295535
857.8138175899692 -414.26884475847476 -140.06750404821662 780.9260117739425 819.4309700098538 391.56309910035225 567.4647515513022 594.6944396112542 -912.6963614798444 -795.4277208399583 -266.8448771677141 -424.9476065030575 447.64447695275544
146.26354686759987 200.23203680713777 614.357291030725 415.63561740881687 512.9185009956866 -415.9114918047612 966.7978811023534 -36.24237428183653 433.45904152321646 546.1591228046316 101.64727692471206 791.7283356916421 -656.2308268686703
-819.8975547975114 831.8874457368779 -432.73073870074484 617.1079730977165 -287.99198982105395 -803.5530147955128 733.8742038503003 -211.10530230132827 296.0801483510745 -543.7259448880359 12.32959410519868 1.4263016060323253 -745.9460082566434
775.9558175670493 98.18958102426768 -603.4712284008203 168.7082729588426 208.7771621667207 -107.7689434830504 -988.7780127203241 346.3862326745493 125.91050317108488 511.9313076593028 324.78281745155346 -1.275622918614431 309.6387053698138
-34.37235296904828 -168.3509371654526 -926.316125770841 476.803022818267 -554.0192417036499 479.35668106506955 621.1706202524379 -60.44036928905939 435.736897977476 418.2040634352445 502.23930477888257 104.94480494772097 413.1054252504882
567.2380423978989 815.984855827754 -760.5498909930326 403.07655563558 138.59410800068054 864.2737464320285 435.5191681840804 -56.97102813865547 -382.8234276193874 951.2255745843249 840.8162136128788 -597.0359550333174 242.47800554306377
416.14989509195084 -617.8520224258523 -652.9424634003826 -646.5941353814484 -405.0594490394626 -996.2747041064893 961.7611068391318 573.8945235288643 -980.7846345463606 -64.52973086772465 -420.8233079761669 -771.0996629692155 -956.7029884654871
978.6546448754884 -19.721176361763696 -914.1161146291872 -859.7045533440917 871.189552080717 449.8701663828638 -674.7189315759206 -180.38103431635852 970.651670556081 539.5293583278262 -680.6956289130761 -157.50325874354348 389.5667608770286
-635.185516194309 -860.0568167944521 185.55444126741872 697.918543346347 638.1726032492029 547.1477728962666 747.4030617302171 514.9319423525085 235.93079936282197 814.80594448396 313.5989946344282 -765.6590083121539 -42.18039131679734
166.8757429504185 -266.7148465370019 402.9244133284351 448.6215916642311 -808.2028651779863 584.768529815298 977.0606718910735 435.4612433076402 -436.58090454251237 -969.3913437174475 -16.230068243572305 -183.94365865234045 82.68742841101562
-831.9562431088583 88.83382777013094 -836.555553756374 450.47105763090485 -817.3132595639945 226.15715711622533 -294.710580341262 -500.56266947753716 -601.9524872653426 839.5678460464653 -749.1406951825612 -414.32343638256077 -646.5677912807737
-191.04072512292112 -501.93828274363517 -944.4823241743627 611.3039711540441 928.3480319220494 762.8435405138689 -954.9670544350877 991.8988189556937 -146.8100184059174 204.00799360157248 411.03600562606766 -202.79143972553345 428.11254126386757
657.1038785572812 165.90855910544497 -1.1551661905866695 -21.507801212753407 1.832796442234212 253.353505555963 -438.2319401033319 -704.2755858258822 -538.198960752763 -799.5374958613704 -389.34105202715784 -406.1544679179707 -233.01499376276502
-214.67746008394056 -335.2561444696862 -522.9837472077334 -960.1288783108599 -864.1787937619232 461.9962372017851 137.409381676081 -133.58519054489307 893.2769345163126 516.0782926322565 680.622245797962 690.4409888632717 -878.2863811807547
-313.5533583134835 132.09284276357766 -718.3819890232796 -346.29212845580025 -350.8971424067324 654.4359144670441 446.9859996814689 510.6846724320617 -197.82549051737624 85.95992876715127 -108.73371578988247 416.20832089621035 -93.99514181448399
825.2851592724357 351.0717052838229 -819.9794244973364 -526.1110404004021 -670.3978255243346 -417.9131699780321 -674.4889173325912 515.9283634896026 529.6313805449565 898.4040078012238 -658.4834763116305 986.6847721981371 556.8933890772828
-684.5822091798493 20.44325251642374 -740.4074079199994 -10.692056394107567 885.0291671868322 401.0631612021957 87.97102789424935 208.1081799558351 919.3240602172971 759.1936892715687 461.1229476025444 -90.09556367646292 -595.6119312901342
-57.59144233395102 -892.518442582315 933.363534528037 923.7147714666692 808.5454459051832 446.66516721105677 -297.078915521966 -740.2762870739316 795.6695710034219 959.7955726192549 -140.37499182012823 -600.0812155013393 -789.7940864328788
249.2338173183723 57.778261300999475 -250.6238421751716 831.154533681052 130.7777730256655 -845.8882373119476 -409.0339057662733 -223.42855267089703 467.5211801329692 164.1349008497034 66.62851076557922 727.0374269299352 674.5354218309276
513.9391956481497 -808.0599000432325 24.623201390436634 -620.8955197519995 271.19130362836245 -32.21704541492886 298.22382488012954 679.493736910865 10.998074577659054 -100.52944463449535 -818.0928008461646 -472.28999339042105 -743.2080299037942
-729.9587575855304 475.90125414020554 -311.77405012655606 -906.2334303918149 -904.2923965220724 712.7742295703376 -219.33872836407136 -519.5836896802107 774.7835311344779 612.9380547751371 -657.6769000749323 -617.1487885863769 -895.8265807398013
676.9147695619774 -932.58810029591 339.80819879880073 -969.021404140541 -219.3913576493693 855.7052217718835 731.6432467752247 97.49470969948902 -527.7017166091524 -900.2835178372064 -652.6688436854267 -701.3522254754762 662.8969603674311
-830.6919616595867 685.6460381686318 -490.7314375848506 -408.6733683612563 161.12902935686338 544.5383852321825 -160.09656126319237 -620.6795666818057 -558.9691575434255 604.1005231337399 -735.492047830494 -588.6591470847167 467.8549893885038
939.0677633753071 -587.2813106793524 643.7268248272273 -879.3061360706511 740.0770277927909 107.10068539118606 358.0395524324849 368.70800291330147 343.9549075234097 -237.18931854140533 136.62766587255987 -828.6245667876462 -974.1977540197709
99.01512936117865 -792.6080270107518 516.4889354446609 -715.6565492525726 611.4806365226027 986.0191269001382 460.7607411530246 189.40767941442505 561.5290092144201 -812.6200944379489 -505.4919026433966 768.5559795118941 -903.3097694189895
-315.70269828834046 702.4909513274624 -843.0053633377961 416.77894201215327 396.21160513333075 407.5494321565809 28.35147003836437 -370.56870075129586 -675.3652845395961 -459.29076410028586 -672.6038562766967 579.08237991085 -753.2752171232253
-514.2512920120405 897.4715001936049 417.28266087182783 27.259440351195735 -748.2961942739437 487.3126190271573 -542.5602509860646 -299.68396906287694 524.2429567844104 798.5713949834062 13.589949750212327 468.1338784296904 624.8738502773556
-252.77374912551306 138.31116053448523 -143.6176243230292 -411.77126400054703 -879.393470344423 -432.582424722473 -96.79793284448897 -276.5285401938338 776.5768066840812 -692.0227487140518 426.22209203943635 -310.5285597567014 -532.9030990733423
933.3064735434468 949.9007516733752 153.58449084531662 611.0666335852816 671.9879692953559 34.30858629945192 722.1547072205001 -521.728847999996 -255.81857679677978 -281.37168907662647 -415.49389398339474 -582.6904348201094 -527.059651998891
-836.402862683286 603.2053109990852 820.7698049291594 -153.3015241983444 339.07757491452617 999.4321230175806 750.8707133098592 -208.42101346983793 229.67645531764947 -370.3103335955677 -934.3401670449796 -43.946084488060364 191.7172258289254
85.62472344064349 918.5449392413445 530.0731947621839 -331.5778436856833 938.3936476427341 -955.7662174338901 -469.8334784479737 -738.8078283361499 -400.29137388264974 -138.68660092700486 -735.903616816518 29.372200907308752 520.4959955675424
503.7933198033252 -687.9970277427085 684.7899372822258 243.16661003511308 -713.9892541090296 -164.47308039752033 -613.5210255481413 508.5438866490931 237.115906706621 -341.18442214563595 406.09543839321054 -675.5209988796531 -454.132559378241
276.307976502447 -532.6603651791138 -569.9546139828351 -255.24530988071876 37.6849223731208 47.12729608187897 -767.9864734039905 107.55623676833261 -226.44854156580482 981.3089527968143 274.39066994631025 350.5706320483532 271.0863158446027
449.83594133146426 373.9556940637576 -605.9502284227115 -727.8773729786052 811.7652631188914 -250.4059078163432 -157.82927076963472 497.0860930831634 29.708223302403212 -976.7084207861645 32.02101405197277 -418.6843480511815 -349.5257260183646
611.648051985502 731.1743149603801 -42.981937617511335 981.5141139558436 -558.5720257711278 922.5924764328865 -381.16351341065524 749.9935151426887 -642.4114218769923 -584.1657545723133 -85.72865517900016 -27.222121789808966 -497.09949513439966
290.8676694841379 126.29700127893307 638.5413964153886 -484.62421111867627 76.76006431272958 523.162001671519 -554.7385536275717 789.1852218440445 362.53460727920697 158.48823994283703 -118.072192350803 447.32238650667887 -621.2053345490667
-853.0599513888207 -986.1616741962351 -430.46936721508007 -116.92308284175374 -767.9856318326122 569.3756243811822 -249.87937567271933 679.2818486489814 -303.9375657740362 186.16940908423658 -263.2436245410055 -653.537841569422 -755.2031037567461
-177.3371143952785 638.9829092857428 472.80651247329456 -972.6853215940025 -329.3058283583516 469.171338386506 -865.3336455337936 239.125078360094 -300.5281745569888 515.7462227781243 597.969134162697 -224.95847574924483 264.66005742828634
364.719886523902 507.21483553280905 642.3350195717924 989.5918788425149 -691.4442926783393 -927.6853713279797 -974.5865642225943 -390.6465547047484 -898.4976523280219 -651.7372323269719 584.9474665813873 828.5385872363802 -148.24478982655216
711.2236740440094 529.1014004993269 926.4879828626324 704.2261721549241 646.8585704027334 265.7281085484194 919.098516938672 -767.1047746912401 -718.5969804422143 274.1859571206419 257.5814873112629 -941.4428724854993 250.64074764484417
253.03923231147132 147.24798623669494 -136.05570986320538 -680.9691044207507 644.0690412672905 -766.1953395791963 -988.7378746116326 -376.2820320381195 372.384866149466 -559.1773898335337 -739.3360764558445 254.8805381839088 -0.7375151742750177
592.8478196991257 229.11584961751146 -584.758418255796 -365.4580547767998 -731.9863369514953 348.7354710599843 208.35447291013566 659.1437262307979 -33.61432696708505 -541.2447851462628 -244.52985212382066 550.0306584705227 218.3976912201931
-540.758437609034 -255.2784193610014 -836.798268563734 -846.2528880540381 535.3928369934617 332.0973357950554 -235.57658662805102 990.9881413018777 -873.2528646349629 218.58117524604268 213.04223567284748 640.6843242714228 -322.06174120488026
-585.6000573380367 2.9245875209134056 -865.7093333003568 8.11693477688084 -209.28053626516817 935.3032713669274 904.6955471293261 362.2621243191263 550.4521349915562 -477.48941098119553 506.4830723011919 143.21701521967907 522.3708346551755
-933.7395447238137 164.107843577204 304.71085411510103 -920.3291620906242 357.286118983224 -657.3849589206931 199.20124140396638 310.4009582735987 -22.106603383506013 -685.9865216921623 81.4526687272305 349.5190657416365 -485.5871391422821
158.67240332955998 -209.92707147401552 232.60617285863782 -250.0435328302699 216.71686607226025 -8.31797267594925 -528.4082359628442 660.082121071837 -238.97318352709453 513.5963897546058 -633.0620037521877 -203.37738334075482 -203.39628092469388
-778.6956962811964 832.5721276180304 -211.67528961507196 254.21383868797489 53.44864205537533 -635.6378736881941 951.2935369693125 547.5960748764319 97.59464036587087 223.90520275549443 -207.2676279440551 974.5581109799841 -461.3519952158638
81.11392681353618 -262.65245090831706 728.1259263440465 -936.1002290885942 -698.600560787477 486.5305709640227 -716.8271485031281 -564.355273260305 583.5049633209958 428.0296899122809 429.91178757632815 403.8899577077841 690.1238199978629
329.6767719132042 -968.6624394578454 462.8955358176447 -315.761013220931 -14.305763490474646 293.849998651184 559.3309733890374 -277.6456049310474 -590.3992850688842 168.49864251665508 111.44912155218844 -674.4527521550232 -526.3585523341017
-680.2283266556746 -506.31890970062796 539.1476047722265 -313.7407629542663 -597.9882130601873 885.2184971537849 926.9748037545235 350.6777494695982 -819.8815706030529 434.8090294908566 664.1318599280348 464.9254656669875 -270.6086549958078
817.3181686132464 -391.0549234503977 454.60038171405404 271.22276653497306 -188.3080034836304 -530.144661478956 -497.42269050334096 -535.8172838474183 803.1797352134292 -890.3078185303468 -793.2520076102082 -810.3224780980391 366.8223920985886
-232.5853552159067 -458.22890727769266 800.4464994028381 -282.7378394904456 -253.3291622789185 969.3059804438908 456.5495241800186 -315.3655941590432 -491.19662030944625 -947.8685959103767 620.6079155069854 -170.34486364620443 480.7829910700457
717.9128427469243 -603.5941294707226 -472.1790103371728 -375.5665792417957 352.18724765857496 -443.5272358655127 -302.8691456283037 200.2953960379691 -408.2737417416977 -616.6882028423202 382.2138292678271 -188.974118393475 491.77974335237195
-783.7241571284983 667.5067055117313 -346.1772899686821 -468.69479799678015 -941.9671268173217 -131.85616477428732 281.82531731503195 734.9972564789 -458.97438203728007 480.75784874947703 -515.1861527019113 637.540690363676 140.5826209990223
-454.9461560468595 -356.68818315750195 964.7823463001894 682.4841085706466 19.933847015237234 601.6331178345504 127.52405583783411 696.9927517749604 -460.76604459182806 -554.2979847041298 -592.8759196717874 886.4647335480802 778.6318455495896
48.62359001889581 823.5141938847264 -754.0869650275068 972.2219863788368 -5.879759340604778 212.25351119842253 105.96087288564354 -570.7164296727124 65.69946817045934 -830.7378793194864 -891.7347178583685 153.53332676896662 743.5692393461495
930.0997289884679 -58.72260668316608 -510.05528144083365 559.7813631384522 344.1202854467176 392.5116433702831 344.00815131843865 -770.2456239726223 -97.23055693383185 296.2524981260485 557.0983852695522 -718.7899979042893 5.227890845559386
726.7074224783021 -736.8154797397208 -348.53658394525814 863.6035356854329 -663.0401667248093 986.922934433202 -465.2405319034201 -454.17069800392835 -586.5167148282218 -209.14244102821704 495.65592796718965 -369.27134713866656 622.2811498988906
713.6586000126003 227.9963324101002 -184.60350309395528 -742.312621394295 538.7978403726727 468.78825837656746 -609.0168765218889 639.4464153271085 -497.51099006840604 287.31730719132247 181.70671507315478 885.7527534344806 992.9802791222128
321.2056995178307 -963.6434248351329 -527.7879122871079 -450.9052150515687 879.5660018668407 961.8948421873522 -607.2082242380357 -825.3239646260166 231.26512369904367 -135.28237720830782 132.4514728812219 807.6995167767363 -203.3885534636521
343.71924272059846 579.8099780732691 199.69654782169664 362.49527013557145 -647.0504767703313 -194.06145188888274 677.5207464564653 -49.164769694119286 -23.245740097762337 694.2713804105949 675.741443567186 -962.4227396449529 -801.3640245622313
885.1123602878067 -930.9172914066357 760.1031089947999 -658.844231318529 -610.1948678086101 126.62137788387577 944.4808864065681 -247.241880196112 656.408641563816 -762.8085715053817 -786.1592390393492 495.79563881637864 827.7431483229198
-131.48987030998023 -666.1647105144104 286.25834448372575 -167.48698324234113 731.2845852141252 549.0435799532656 141.88125985223814 -694.4983370363404 -976.781767450871 947.5981303709154 880.597205329334 27.49598958092588 -458.1255225180048
-333.60787928904983 142.61649297363147 942.2721853868811 -250.74589928592684 -536.6357906009827 598.3262997925647 -803.7614173146987 -784.4793692185939 -616.5238850459332 -539.5563419432727 -959.4836838854839 658.7712428096734 857.31080066808
-646.3802450437609 272.3159068414011 -819.2833501971728 -856.2873480292375 619.4789985266796 -892.2932031711173 575.6263980889294 146.8356540950756 710.1644472088692 404.7772578852944 155.55001233042026 -251.26675277334766 -976.5507691037539
-711.614854674109 675.5314568140591 790.6567334899723 585.221136619534 -373.55633791332707 -742.1400194588352 421.8053751851428 447.66376040187174 -116.7452649892391 953.9357609428419 83.84459128468802 -721.1426184766993 62.0887499126427
770.5576719272278 33.44234853813896 -98.30824992076771 -652.9918044675127 323.6731778904284 -874.2253696714811 -871.803936032797 -384.34479471631994 -454.98794498697896 786.0684139509344 478.8151866436124 -945.0235755239378 -873.6546264067673
773.0898623981186 121.91085739977439 -530.8461587116706 717.7902264373322 572.956761772751 -502.53366057480406 222.6503112215637 359.3522484837167 768.1703529421886 720.84174362198 -883.0869859598971 -420.07396133198677 734.3724443382505
-933.9259462072512 -205.73242452608963 -287.6119869990654 472.3155426552619 561.1310560339239 -524.98506089609 -97.27665798063413 -461.5082857010286 -688.9015466009018 -474.37428233172227 288.7366261661507 348.3765861319662 119.94920769503528
-111.87119726801859 264.1754130173938 -10.881371041532475 -914.6462549702976 944.4624295688382 363.72687253655613 -43.58623546609738 98.4992915338255 -529.5832283019923 -390.72644662941184 330.223052309238 985.4091279207337 -40.15528010750336
384.7290434292436 633.8401124283955 -944.5374142245071 -22.751981439315728 535.3638297636553 -234.85039922694523 -394.8428581514514 609.3347036503942 989.5509935968946 -865.3307753241552 110.69722980346842 -265.61878162243784 813.074274023903
-983.704090036351 -691.9286080730731 238.47544975090477 -187.42078710815565 -151.11364775950278 461.54835011243995 -902.3363392576398 387.01796006170616 -993.2362223819035 12.687560168429286 833.5754577702187 -466.79899979554193 -845.9933235489264
-132.1306620655895 -383.8700507018242 584.9273403777051 102.75907518002919 447.2463105331665 -414.7688401521119 962.2869996798438 132.55124428145905 -874.8690514630368 -859.5978390933772 390.6019147327718 46.80873527155222 -166.3352199678543
350.7460402798797 -13.589819498029556 -929.2456556855402 474.89273792717927 -965.8617749018481 594.9179901184066 914.4833796056287 -55.27862108718989 407.23458172236224 607.7562306361483 -467.1826885023669 -543.6172220420569 639.9609578308955
269.61421806493377 -999.1587366444757 382.0370258370913 -635.4401203384383 625.1020140100936 258.34875447579225 970.8281915858095 -673.4051335399179 -543.624420002069 863.5186904656714 729.0185765010351 -698.2293145754996 217.04226990056054
401.91674686125634 -189.4637799603405 -404.13490885534986 -801.8842547355971 -156.81670034501474 -182.76819356020462 -281.36533323895367 364.9245246237035 741.4163079026252 -39.178811692667864 565.7882268920762 -789.3669506396434 -597.831262739523
859.0982324786685 -151.10310746658297 -400.59186033780963 -324.78396364535956 443.34576430478296 -818.0313212685342 659.0727215268034 -193.07657423874787 856.0210181847174 365.20737898412085 492.0121909542827 251.62527641058887 -427.20991195963177
867.4563510785788 -649.183972134673 746.8816373960547 442.1270407973252 -196.33289349598294 380.19778112347694 -133.6207527251072 -604.4287142377486 -150.98798563035086 28.28986323083359 447.8672860200645 224.35369082400848 97.85048116644407
729.8021983183312 513.3812565981568 -890.6511583340841 620.1071474182479 -765.8128755784121 -661.0888129418355 -143.52239498631775 504.3824575596575 -634.5349126968181 997.0535493930081 728.4866225022472 476.94586919939866 -116.21713525512405
-338.8671686716684 -564.1853358990757 -885.8996596402106 -834.2980850709554 710.0911539383999 19.399553245816264 -25.10155123697075 340.5866688174515 149.47710375143447 633.150740282611 -471.0342284769624 343.5740367287017 403.14455134601303
549.0006624407326 -444.2543885018397 -180.5311471362054 878.5096258417375 -4.208388168910119 448.3611834262538 -908.6814107158665 -886.6255005066408 -659.1164200105803 -704.0074273067585 267.96625278919873 -971.9263389764224 421.7661286960881
790.7759230484239 584.7500039053011 -624.9872033630766 -953.4666683911528 229.84293943821262 -58.129226026964375 -491.8271134111865 -247.52651466285886 -48.059535865941484 -765.9780113690267 799.6203186162691 414.9870510560206 -67.69485924241064
632.0664926488405 -17.04601915629803 952.3451979043703 -940.5499203434997 513.4791164037699 799.9683329430998 267.69594780336206 615.8636456913134 11.755441996182299 581.7097642610008 36.882058967517196 421.0397256097656 -19.53679346266847
148.40396159020634 172.96278945180165 639.6686684615884 -315.07789480974907 -439.6211113201181 579.8646292263691 -255.71121283911611 477.90490458689897 177.7809185533838 955.0673848017393 42.24840807308669 -660.2182359522938 829.7712904898106
185.1495048431941 -704.6159666115677 686.5555050819094 339.1089054858692 532.4710846767932 238.48725543991463 -163.73278782379998 -951.9844211002467 -706.2233174948462 562.3477195224207 221.08528261960532 -610.7769733418043 109.79619259481728
867.9996004509569 -15.887259143862366 -737.5420104908619 365.78869270986183 537.7737288101557 33.5241889033648 233.0656553043168 -620.8615979931808 293.8954875801453 -441.9870427012879 -721.2011954881373 -690.0385577874765 883.431509420951
327.1222345755307 361.38653512072233 -295.6068893422099 -277.6086741679171 -557.0501878457601 617.6865053274203 306.7504515038754 688.9307148749538 786.8629036739667 -344.97873959173626 135.97928244947434 -894.6646223690959 -674.7552637975962
685.9092721351535 16.134764305710632 228.50375328254768 -798.5456696007111 -604.0465586354298 176.64410527489758 -558.3234433704858 625.5396382941087 -311.71100837139693 120.38751846555806 -872.8021782920845 646.5891008905805 621.5687382925694
-530.6148879352279 478.3467484793721 -114.79708030841664 206.1529660294209 353.5875009841211 993.6844220567511 738.4398813248663 -143.10695789704073 -178.98268392257853 -494.97136784770925 -339.7831534475009 292.76037072764893 -596.1613167444149
644.0166573835172 -704.6783163563941 995.4166009117182 -993.2893143805948 -968.7142074665434 -114.26610520816439 -414.4760980085151 -75.4192713540225 273.9375277700681 657.5846703645318 -3.267331833896492 -900.0689189924016 -159.64398408211264
-46.78784405293163 -482.9212437556034 -691.8690872888478 -979.5462444630083 606.957753614188 -62.02927410572693 -834.5742642328726 -721.9933644468222 12.475508488011542 62.652320403683916 888.5025730585758 -184.15819566262576 -43.84946083296177
846.6926041390764 337.63190202078385 -749.3673760258166 -602.4377682985529 -494.04010912851805 -531.1252800467549 771.4472500129384 -575.3469589354936 671.8958325127951 447.2671881657659 598.6232444909656 448.4434053768032 -521.324613491211
767.4928051569143 449.0600820591776 700.2091457481445 164.67315342398433 241.3699057013639 277.15476623228005 930.0186785219544 -971.3810652110029 -403.43740145585366 852.5048219524276 193.9943912310025 216.67476304590832 671.1383149916455
-558.2900627408529 610.6303817159317 75.76664312703201 -227.88130952815447 276.114680708881 189.42941468278332 -856.3545539442239 -236.95506987580848 -150.8686393428062 205.38775928605196 -595.9360343093092 40.63702456817782 595.9489717187741
-690.6150003219916 535.9565630558598 -77.53305159265153 759.9905726194986 -819.8799108833299 62.613633207868816 -688.7264922634115 835.2434903347723 -794.0206980427818 -166.62130430258298 -694.1725539260226 271.9673717982794 139.2378261206327
935.0573515467727 -243.61522946863818 -887.6872528123552 -973.1282369738683 905.8989831853162 -921.9222742383893 -449.1629098063836 655.1043909157047 703.2848374482637 162.62598342742945 -900.1801743925166 -309.46143877101326 859.0253585590269
-598.4033452637966 -658.4443240728461 176.9771859977584 108.79606153880582 -195.059648958386 -330.3054812377169 745.9550622703971 -622.2998313288974 311.559557777402 -785.8183877253196 414.1051716958468 -397.8475435578648 704.9134730339874
957.0602098759582 -263.92772973005685 239.21466337504512 553.9498826950928 -448.7187890933635 -193.9998924221178 -36.92438641952083 -894.8603919020197 -413.36135040294255 891.4131973939163 -814.7897882512842 -957.1996297312048 138.51334187692896
-765.5649647393578 911.4894521560016 -775.2726219021893 425.5770560947849 530.2888674149531 -868.5968788136631 952.9915216333332 -544.880511712255 224.38239591151319 -646.0061391861092 -350.72007394626144 9.0425570870118 130.3744255876884
-337.276061801614 -881.5918762512109 -329.608470538407 311.3435357825538 539.1568631360085 643.0637940622933 -630.3436136754352 431.0240331682369 323.2481890267993 407.79092636264863 680.9817871384303 -435.05998132034574 41.06134030493877
-398.95923008433124 -686.6780907204493 435.653073676076 -338.4563713899711 -444.1065600224481 936.6615133230277 776.3049309152068 678.7571452448108 -715.039299344741 -251.55454257260112 906.5605073151487 196.53252737255775 -467.7765396039375
449.3351913649178 -797.1727551667254 792.445192631935 583.7055020261139 -364.54064337567434 -3.5325398616635084 -770.4511341580767 -640.1171879646344 323.4486829684845 640.9495788837835 -509.1540596881674 580.3594269226937 -197.74257955998803
-693.2565551809238 -511.16924025773034 -71.4609414328213 -836.1239840393739 -62.781792731278415 -497.2225301335176 -904.3354026702428 -94.62377590272285 171.1105249779646 -2.6202793687972417 -181.9372322449193 -162.88907186312088 194.0792937016538
-361.6979678927403 -881.6406647311275 978.7962061219805 -562.9081005467276 -874.6555668665552 129.5720398561341 -331.13406532572264 509.7366961029402 797.8279168213526 -384.2101404590039 53.802606008836165 858.2476413223781 398.4120016406682
-95.62068249289666 164.17822082743191 -511.5794984393007 633.7815349731229 -991.5608433948224 631.1868332919155 107.28567493510377 -717.5928878199709 -432.6060828820674 -335.34576914610216 -767.5174479479703 -80.33241989605972 -816.5385195950978
-936.8649141399288 -549.1001830291959 920.0642137625096 -867.4902601354474 -981.5271164549282 -565.7267908804836 936.9381712720619 -68.82267009438374 122.50829646566308 -16.107788849222516 -418.8830891208688 -15.713541352374591 170.65166987301723
-682.3470677998318 588.9921519357943 441.80478417325185 -655.4129610846392 -649.7308031576088 -722.417182378206 -600.2881556783368 294.94598562093574 656.7371749342967 865.4045525855529 556.2527506962813 -738.1633424349504 -85.09236944408087
561.1745362984211 -151.58517416143582 344.4073503286056 216.04772473053117 -420.9272116978053 -202.61924122616426 656.9443691309496 188.07459364192482 -35.17632968887938 356.4464217015152 -446.77353961375286 -796.2447348639516 255.72027891389348
893.3742119861338 478.7433071663306 746.6416964478965 -964.5379841413537 -612.7950280237957 401.2357859484714 -625.414405833884 437.41152398188365 19.154904988330827 -501.2313987757731 250.06064400888818 -816.6152796883557 -990.9774310859982
-221.87374013532167 593.8398798248679 -955.9159887910997 807.4485732894304 -590.1141471318281 179.83899736351032 -688.4369369839887 -875.4205886665447 -916.8770227100827 -161.1059377925585 -936.8025549382048 -866.9054489386709 -764.1937729871478
943.7452918422437 871.2845600897394 -418.8691652383674 -997.6786114430191 -82.95392858214075 53.99392467953362 -447.93321634232575 -285.99582979801585 756.4471233916827 -38.18354440121573 41.643434516390016 -712.652672297116 484.97017079342686
-61.723700115795054 -774.3050515590681 -329.56968816309427 -243.92182384392754 652.9973939382821 -757.4163213805554 457.15651810531085 -403.60311426609985 -642.9740583367309 581.7919876656576 -632.1527305076735 332.9466601870922 -349.1587105001863
487.29785744822243 -280.7169305210706 206.194078028592 -499.85278300443105 569.1842443592454 -393.145051067651 -957.7726323792937 974.6287297510753 -209.93189287739256 849.0648555382668 -291.9588756914462 -752.3199159470348 384.64595869666095
-343.9061519577274 -255.97178661831617 861.4663952901469 562.3273024095722 -499.7645776187358 700.3315896032334 -646.2302482710597 663.9996392324831 -968.9440336159864 967.9418786487554 869.6140998138276 -774.1887281104982 670.6806540257746
-88.9638120607425 -552.4774460818334 -713.4111669739847 688.5420746918633 416.4808841795175 578.8469930106032 775.2178328105026 -171.98986681924964 -95.76148126050748 -600.971902773044 -779.0864377167575 -706.0057453442556 -229.0898775722976
914.4338942696847 -95.93418020503702 324.28554869194795 974.049499257015 -827.9997321184367 20.400672969138213 -376.25975500351115 -344.0834677198708 911.0573805453391 191.53732736602296 -497.8577698259341 624.1995732803687 -256.26808707394844
-482.1173255530691 418.11936074205914 -841.6791569503557 -745.2055698264796 -479.8528006270593 384.8889663040429 -158.86025755019966 -323.8942103160525 -859.9974506385819 294.21314120790953 875.5625928747711 -667.9915958308488 -312.18731836981317
-52.552688876153866 232.23868110337207 -232.7425540946233 -765.5465257304206 -986.0727575306794 -839.0386065326372 -15.303319161696663 -702.1751527252935 -613.2283977064823 652.0664087260543 -270.3486952738341 -374.36915424682104 935.7838812729201
349.44042175239883 522.4367632498347 258.0839200602468 243.06545890715847 8.23846213975844 -940.4728362249342 653.0649982226823 -412.64324533010677 -529.5690288170083 901.6880219576985 714.1058716851937 -698.0266254505376 25.955540867939817
-267.14987393505487 -568.4385595456256 -61.128484247002575 -172.7805747393876 -865.0402420944088 -453.25938898656057 603.8610757809124 24.796586825517352 -443.6116949122528 18.95839733014907 -238.28918557119198 945.6983180424909 622.2776497377158
-623.7466813034969 262.1548453139342 139.50724515773413 555.4349762472759 829.1911734404534 -661.9805835505751 -80.500365681988 -131.4642830875241 -40.56081623172122 -39.37134293906627 -867.1729694664352 -663.5409490820656 189.19717346819493
-744.1393452193344 33.737077865979245 22.180476507876165 -897.5970154207312 -95.51345240239414 200.82966013128362 -909.9476305166305 -723.6734861325851 442.8133514062554 -919.7314457516286 260.08678317868976 -762.9129483132526 -842.9313736527042
-558.841989398768 467.41785551959924 242.9020302732108 -611.5351929406172 -82.0140558214373 -961.4898886797384 589.9669158757201 214.01308866304203 -385.4633350779486 -428.40383014710164 -741.0253530184466 935.4379121965158 690.8671203191036
-223.41276377329348 825.3201064987541 -119.90069514941126 466.7891244672719 -960.0062774664033 942.4050074320812 -592.6597291028802 535.0181887380052 593.6373703381048 -997.069327002037 811.8662061311916 90.13751028249453 -926.5007576941466
754.4471815102602 272.79574383044314 -445.46597290502837 934.9201214898876 443.9035487086064 -598.7117370898113 -880.2730634170133 299.65857267003025 -587.3980546537348 229.38536034380354 976.7297756027665 719.779825991314 -891.1049111266243
-586.096750579371 -780.365554305903 763.0374791826439 99.36021668630156 279.2536951849056 927.0631843915064 220.5313346728035 -166.15234690947125 -319.2573635959643 740.5930161231195 -582.5696595102326 -213.0628836097186 -175.8757695707875
662.7752430990022 -25.27476645949389 -676.0382974933855 -246.95165605429042 -826.0661904360547 -819.7283649497269 -744.1613970617558 978.4641328453804 -250.75226569315828 864.3014237784807 811.7673787015729 -981.6465315476374 345.4740656498575
-904.082244398206 809.3425363970293 -146.42092249219525 -879.386313251739 893.7988127298427 998.7739127219561 -645.7415324750755 624.3092355074868 80.10474984742723 224.60056198910524 665.913754378814 897.9503940312331 222.32857516217018
-557.2043620464087 657.6321411372644 -5.750811608254708 798.0965983565022 655.1008315935107 -238.82512448288344 850.4669422529851 18.567348370188938 -597.1868200805397 -243.58886858033713 -380.37455631595924 -914.3025320996042 513.0494722367741
736.0108572188615 -384.42016877001015 180.74050322042194 -329.8466839168685 685.3683441031155 -479.1587406355575 225.97737935988107 -349.9395442232702 984.5821698738903 -842.2732653874789 -162.6150447852965 893.9043821681441 940.9760242891196
614.0790752728572 -381.64664710397926 -606.7392629630683 -480.904313070782 506.40405647037596 173.08595948230936 755.6744534394306 405.43248979139844 91.97400927176454 -6.832509388238236 -738.6611077722067 733.3383138852078 -300.50041633951355
-857.4926167498571 -731.5347635290925 -557.3723393727372 -776.8968638002332 -882.4723236841379 -375.76153539979805 105.01329140136045 849.6149908222385 730.833422287249 -386.4327017797307 -562.9817561462107 660.0580689253541 414.70124998720985
-542.5119802798249 -570.3649287561557 883.1057184588083 678.5063943918278 236.0398445280598 780.9054565198119 86.53805554863152 -67.32959187536426 922.6363377252146 -667.8274190456455 832.4947788228176 447.41268641547344 712.0578912268625
-806.0825157425542 -762.0571710448927 -817.3069288899978 -786.1526315385299 -184.1945606040374 -922.3309010529541 -458.3109379228416 -510.27564180993903 941.192988735427 -777.6416583083934 940.0246057359093 -22.34921945519534 760.8571020973236
45.692300042009265 -268.5580264936043 -626.2316878694796 222.5211782181807 236.3039206142787 -956.7684537455639 812.3749968897841 682.2847900189297 266.36259289198756 -381.3633708626205 -450.70123732066963 -95.33347749492748 -282.80834138274406
-445.6349256345602 -420.27189315711007 -975.0288598128358 232.9143805444951 -288.00473594150367 145.3855626540203 947.7637043636876 -831.5357765978415 287.3859268734707 -737.0786860172486 600.4165173521812 -844.1108996249476 698.9095699634886
523.8473889522777 -74.4779346736832 912.2857119089233 -990.9092183675976 107.51000321006791 -591.2257985137787 -842.5708627210797 -840.740200007665 231.71218033003674 -933.4124003907305 9.48124147513579 -227.22725034570374 320.55046578633596
-716.9817233253393 213.74978123043093 -947.0530026883234 411.0521939813477 514.8342528152289 -618.4163151310836 13.42064420044494 -628.8154017177005 988.7221321090512 -7.9521841725415925 -57.41378543043663 -629.8965548935378 -20.864634999917712
156.94150144360538 757.933482170642 -74.78699417957762 771.8713520826116 -779.0263162928925 -291.4179966527381 662.8512071195898 -778.3061915241185 -655.8518617667581 -248.2055051322161 -545.675611008938 731.8146597704633 -143.83676684620355
331.02804398148214 -888.9050815956574 661.2255325808576 527.4206276632428 209.15121484011502 -118.77494763732454 967.1230290323429 -621.0840221956375 -924.4759452904685 63.72817079216634 -765.2742453938115 65.7308961770766 523.5831333629276
775.6491382016043 818.4616743669897 -147.9713165684426 206.63448347928306 -464.36362372465067 -391.0274424929121 -713.4139638085761 -561.113698989588 -986.7044162356493 257.82287882460196 -886.4754850819787 -638.3854702147355 -769.1312385399015
-449.64240898600826 276.45629491379805 381.8242026951698 -783.6926650867813 -487.5792152130274 68.39577974603458 294.25525739826094 -761.4327492086514 -113.5046039247693 486.4471907123227 748.84456024324 -25.94897010752834 -892.1034473808318
316.46502490827675 129.94427393810543 -3.5225929207249465 143.20827267468235 760.2721306734991 -944.5973767465046 763.0219580558673 665.0681107792054 -76.50389441568859 864.4350764179569 154.5150400920097 -753.2539696537466 -13.432160100771853
-52.512029555241725 732.1972478377277 -15.316244691185602 82.19906273184324 599.1187755233871 718.2680956981947 865.5488818997055 831.2965491090824 79.8970118309303 389.69064815071533 -896.8035685661398 -34.18537095859176 660.2954709068943
-241.2125452845852 931.241647517438 802.4960346490684 357.74878170651505 154.95292484884476 991.7884547965784 940.1775111492511 -53.2005717820814 646.4590334981654 332.09975978589955 541.1355927378013 795.148151709345 -70.57372386204759
-335.2337896797983 400.9623903938766 299.0292949759639 608.8558242727659 -760.2397040567548 997.3225709169819 -682.1884518778431 -467.68807974480956 252.2432326103601 -709.9357828300747 635.5139191805879 -49.964377761282776 -257.89519998147887
-928.3990575258201 861.9143278699851 90.62752458581826 671.4980303925101 -111.13598089423692 579.2819012715377 950.427712595608 800.3944145697992 431.3944031165104 846.3314931865734 -929.4425407274081 -647.6168666638529 -397.37236616372957
-577.5111346642568 712.3724199415262 -654.7405650852946 -602.8384121214253 931.8848539695716 -807.289161796006 356.72958951473106 563.2190561257785 149.67238602890757 498.30003620347884 85.28735609176556 465.8035802579093 296.71683866877015
-561.3867537716028 616.8299167943351 -415.93069429120294 188.82841629907216 -626.609482086676 -92.43721320289967 -168.75098098278875 -805.9270037083666 572.660686323132 -298.08330146740514 224.08930566007234 793.7887124257516 587.2952250580984
-113.72311250786686 -604.0452867601722 -761.4697273574909 932.5323107362508 -110.04673609698784 874.2232925549704 220.32114815524028 -783.3043656810293 872.656356175481 8.97468852234806 -413.3464025499825 -213.6424385619839 -765.3774665957243
-909.1728720977342 601.2104855439402 392.30924900933906 263.926252556696 144.1274015723004 -642.4041314177837 140.1865395757161 -426.04006260444555 -798.7077143614172 -421.63556552571197 -415.19895139559026 411.45604052304907 872.5290085118459
7.488931607253335 -223.971564440953 659.6816630971623 851.225789869065 -916.5778964146691 422.32644552744387 -729.8857669506253 -201.3267155633191 -49.966702954108655 862.8550257360685 -539.731508827381 487.7749577852635 19.761946601469617
-501.78225171224324 377.0002147871978 -705.0853569347582 -947.1344077497181 -551.8606359856833 487.4921627748438 769.0274287434358 22.67305378719459 -475.82687775742954 388.8961235558229 -976.3254343126866 -864.5413799686153 -48.245223869136225
616.9617364037483 -287.01010932120255 -457.8411278615923 -933.6669348393136 -318.1085154847543 740.7141437864484 393.17564584379284 -694.5105261718023 462.3513415610182 -870.842935939782 677.1690518580012 107.59719042405618 699.689204901998
-770.5185069859128 -74.81875579637756 925.2472112179455 973.536192844148 -99.78110475459539 -762.1121277790756 -123.73750985711013 -557.6655354506048 -369.5351112030571 -760.3238680151909 52.32974526031148 -209.92076921117086 321.37025245771565
66.03893162543568 107.34694554445991 -974.3518527610215 -148.95048925309777 -637.6577205341011 515.9766147683165 795.5106880369717 755.5998728728534 -357.55357881778775 428.96079855030735 -390.543239763673 626.9145786658862 -889.7797157135014
926.2420256458229 -425.42318354165684 -905.1946325061322 -240.9604497824987 -497.93744698661425 24.984883403986714 -197.72887833481946 389.0939769479726 850.6611978084745 678.4800839427801 -289.97780233960805 351.2693705546478 355.4473755189206
-751.139298219186 -815.7130650912962 966.7571178182461 -329.07412703222906 -142.1409828870021 831.4704425505399 992.9018495421485 -725.7199457126271 845.3082309251772 516.6129602461308 986.8496762393765 267.74832355651347 -268.2963361676001
53.00994481897146 -968.1855981815404 -268.73152252750515 -744.0086452457904 -905.258457639047 298.67203328787923 -505.63648018762655 498.3594781372037 -454.61096045821466 -331.29024391396024 113.96958099808353 281.511742266782 558.3009259021487
284.93022764500915 157.20896394737156 -628.0798308403912 -539.5171021975123 -274.2209265264064 -344.61707939089354 -815.5063935832299 916.567874677155 -448.5824602851977 487.0618901183834 668.3189090204485 56.44632558471358 -532.9601386291847
425.0792239878492 410.1518947756517 -941.7334745831678 -946.196062682178 -857.3971123265618 -510.6280617593002 -488.17550455674797 -279.8394603633744 499.7680380017589 620.2765516140578 -502.5641765396345 637.6457270690116 -811.2699540094437
-650.2452695713084 857.7498899331779 -577.8395748570442 -508.25100567250803 184.83622371573006 -291.6524975004013 -306.52605089566157 863.6109788906738 619.9526599393582 628.0693306762332 941.6777089861766 454.7816782674304 -442.68885709297876
-909.9276571341215 -239.25146792272028 33.1173911767944 -278.0736533671095 -495.6437234790931 -573.8535456428747 835.624478442717 920.2945905215438 -995.4621297430435 937.3103326628052 871.4809003225221 -893.8911474436375 -168.1959612409389
-515.2180097401397 743.3656436982121 -293.6884182966355 508.34226712996315 -923.1612335355446 218.64518656744258 -279.96115735206376 667.58117748727 -263.7312044242326 -899.1516509065425 -363.91618743815116 700.5800442688301 -367.3983080339083
-868.6818380195982 -168.75558181294514 484.5971124938301 -610.4723387307927 13.308720499396031 -65.2023318887882 708.3225598186455 -457.1971033803968 481.6866566166259 -803.7199757715532 708.3925353060135 471.9478987888583 329.67961036465294
-594.3818442056814 -693.5777731671433 -830.5121143235723 154.22728296878813 -228.35440433854149 -672.3296705743392 -574.9313407721581 -404.9137054840244 24.35336820164889 -461.32855188540225 413.9720900261102 -483.5165741634546 -339.4078644872434
669.9789636745472 231.1655304912424 477.2169818704424 730.8058272280621 957.0385654044758 330.4612929958173 -559.5095769334371 -960.106500287237 -309.9485502314087 622.4626710955481 -839.912915074585 633.5127660023998 -472.5700201715215
135.27163094777984 871.325933495739 571.4494147858989 -379.2274255200791 469.28006119811425 -178.26544380813016 -749.1962357743575 451.8153341549396 -541.6472019365333 -432.5626607697109 -526.7999682352317 153.28132842985156 12.699428375335856
82.19859488004681 -44.70266012209186 204.3962671361021 -832.1339630313615 246.1027819988867 -67.97079703124666 708.533965240003 317.0901511105708 699.7237627393167 889.9980231491606 -34.383447062945606 -137.13617864038793 956.6247333849994
927.2556595366079 -583.7845458370199 863.7828851007528 199.88244617999703 -886.5842872175731 -646.6040882392234 819.9804848744063 899.1723743652224 672.5447650589854 -98.11776590757381 53.937502550277486 -814.7222867977692 118.24990795837607
-330.43525097988334 -199.3635655196664 702.2705190104118 -626.7719395826304 673.4515720980435 -692.2043360984308 -962.8198381883126 382.4290649547065 -677.7427706639658 -326.5038781297243 26.255585088261114 -878.4528180583018 652.5732779589362
-5.284337655261652 -643.5856765692276 -516.4105429524955 -109.09289094667179 -927.1790936581001 -598.3759684597522 919.3602991196765 280.4793092120508 -761.1655252798213 -661.9123931213273 -770.3431282614667 861.2880452660709 435.1298721589317
939.475016528547 -2.4602097400419325 -412.5238333966274 -615.0245232273162 327.2379496304293 -230.85737337540047 -400.2056285945847 649.1647131124132 -982.2800013755333 -428.9629947373579 862.6937252916309 374.9646282499675 -95.3028615880271
-82.07268098579038 -218.60735274122533 464.42604521815224 885.2518074784152 722.4247825008608 -684.0530125530553 576.3320822308854 -515.2717115268264 -339.8532351342376 -292.95696247770024 145.33835730785268 933.9398203179978 907.9150500247476
-663.0747798500533 532.6950782897325 728.0995606100096 -699.2721398958975 146.78860589510327 -118.630065533486 -827.4560470535765 269.2343847489076 -622.3739627640725 -946.7594321596844 -633.6027679822964 -217.5933343765348 747.8232470516939
609.9472073236736 140.308298556007 -546.0830442524267 -378.7067418007997 478.6648345860283 -57.017162078305546 752.9485586387348 -942.539709805837 818.0310270191626 -952.8352440284191 494.12143432494463 -375.9125329684165 2.360788511099031
34.05691487135732 -353.6920868879074 -432.1183972113482 -648.8346286005597 641.5270371130255 867.9779937124117 -737.503078262263 -730.1913359548245 853.8818286763437 -1.1754993621456151 643.2700112697637 -590.638819197851 700.2156847041333
789.0245651310445 749.3836951897335 -947.0588721344379 -360.94525329193016 -874.2229711879032 219.82236072943283 154.38644836724484 761.0825158494085 934.2780408087672 842.938057213134 1.9137729791281117 881.9252080061094 883.820197300842
-664.033243174347 -83.34041356195621 -847.1621087754919 171.51489715467937 -18.510434424389132 -121.7286321285809 660.2776951161579 184.19671252529974 -952.6262156166279 -408.8959758466724 -99.5253780391347 790.5537952677114 -662.6218218173613
-806.9478368355523 -97.67203014548033 -80.8554233161824 -1.4698861377289631 -365.731602573538 343.02671740339997 67.10834822083211 893.8256369032017 549.6799624476587 -214.48203364691574 546.1031509982167 271.97811892412983 -84.01040143934256
747.3439779592975 415.3800128903936 36.89798514097856 -285.7604038383463 412.6934824051493 -907.243922776867 265.887615786743 512.9305656195218 -42.105954044851615 -947.7705273670489 -31.243511763413153 -19.980254470631962 26.041034363982817
239.2942876190059 -728.0486590757118 -122.12271628483973 -309.27380301573976 -945.6977501954428 92.13169180559316 -869.5955745622015 82.97254699082828 127.77876362599523 359.31542474711523 -610.3258573982312 860.4098073820992 28.90162043135524
-521.0828250806492 -802.0114311763036 53.80084739491417 639.2996045298137 -178.53214882455188 861.6362814009196 672.2313250806756 -375.40429256487664 -717.7775632169592 132.58874142623745 437.7121211698261 -275.72850069221874 -384.2725224788297
-26.345131801462912 -200.44263763468837 -702.5488257814616 876.6702214798017 -641.1182337496429 239.35466250197828 -142.6867203295883 -762.460616617708 -479.908864848386 573.2655607625202 713.0947885682749 805.4424186950973 -792.6876249360453
-301.99379693000947 -351.80166902681503 -407.02025601406547 708.1492680183114 542.0474804788992 -398.6295934242605 472.8220075760105 120.45806017128234 499.08358123212906 724.3802026845615 96.91637534042911 -109.27912431763036 459.91756335627633
-174.94284241318292 -898.4172437685158 533.3778098444277 203.09298486635407 927.1576468495446 163.20139964936698 779.3818198479471 -826.8995143777411 196.23199466884307 -625.3479707313531 284.65763961486687 -781.9681280039765 914.2556362076741
68.58188039910533 504.7471318155308 -435.2954316188768 607.3706647934509 291.36733630587537 -818.32051487992 893.3518145470657 -93.78446184485222 -670.5358975465158 586.1505294525061 187.73009953029668 221.1314723093442 -965.0499012284919
13 1
-218.2608227131018 -309.33262941826365 817.0130800876584 -1.2342980867414326 903.5872262785585 -337.53194486599773 -227.959006423039 97.13042097823836 166.59131088630988 -507.5614222238196 -106.21882600376603 -830.4711014176271 74.80507538006873
