23 14
9830.093499744395 3066.718886200806 -130.4813334347018 -3021.946842791099 6878.027713391897 1998.9131740202138 -6390.906893120155 7704.258397010493 -4194.362712886135 1448.2584058594748 1600.7794100401807 -1633.396843721659 5772.075595915076 8157.251355975528
-1717.4707756054613 952.8087494971278 -6658.473703888947 -4491.249328799465 9626.852080038392 -8706.65937372394 -7733.95989150252 -6223.734152133151 3124.862338004059 -6634.587942627088 9593.038601272554 -5120.382359920541 2316.473802859846 8501.320615743025
-1165.3904771701964 -4518.650604858667 -4037.196146883688 4271.861828108729 -2254.7965284952243 -6105.436603241202 9664.754616134891 -1111.8727726669204 6867.054151164699 8610.433995115749 -567.57323420994 2562.2904459493093 -7882.977329870291 2099.049881129531
4399.0799373319205 -7605.597863268765 5401.617583254872 -8214.088578064053 -7640.208989699293 6793.902922233367 -3503.4012978670344 8699.636277527035 -1319.3992472353584 3155.5745727959493 -2043.9719646020712 -579.4049732689291 2442.6943143253648 6953.778801107648
-5566.026459184226 -6391.337744270764 -7849.870567717355 3286.4542135134434 1198.131150400337 -2761.322700226341 -5473.615162179221 -5911.3350306436605 1537.935986867511 -7538.5333891803975 -303.6177362738181 5472.543451174039 7926.214023044773 -5057.566430453071
4191.791252470706 1900.001732185783 6960.049915204865 6994.727422356191 4289.203405869477 -398.62136854759956 -7138.219596899114 -2241.2732956007185 -1944.0720448365337 3422.8484841879217 -1267.7096784388177 2190.49360344056 -5223.998825107019 5824.125742260088
6622.049520010925 3645.5216941484214 2302.2711605080785 -3580.8013940267447 -9818.594189646668 632.9028947560673 -232.72141516412375 7268.852796788535 4058.259969952356 -2543.6111525024344 -1387.0260787663665 -7535.672654979366 7911.990769976168 3733.378229108992
8002.244965829883 -6487.2387020453325 -9435.959769149122 2416.8266130152388 -263.2329305074272 1332.3024228628947 -747.0040265322368 -3470.3130727851676 -8885.461847123535 -5336.649023752269 -8482.087779702859 689.7130360288666 4415.761734558733 988.9085606547451
-3255.923603562658 -1391.4868709605835 4511.154430480801 5100.060102080066 -1203.823755431602 -4120.743119039052 -5170.358842240556 -5339.291254702971 70.42284417151313 -869.4575922074164 -6601.076724465786 -3110.3021782171727 5482.363392001524 -9006.20267166362
6471.417319562115 6445.136785570834 1849.8034040026414 6055.880661067275 -4606.099674300878 8997.921713538475 -5818.167089871278 7001.868313600666 8729.893673625731 2666.7743038123535 9125.489918599367 -5084.741851746481 6868.450719056305 -3043.2549718874943
1409.6298174365493 5883.058234491138 -736.8539750684395 6498.411012189066 3608.8715883534314 -9618.703569921854 3063.426726544136 5143.658983480129 9178.2019472846 9512.671197424701 3400.822795730761 105.64892844928363 4968.342131265192 8902.916886903928
2979.5915158603293 6627.559869158278 -2384.989419100134 1066.5439819463172 -5390.082503898417 -5612.2631050635355 8936.55043034405 2653.5873960680365 8005.982329448012 -9902.709695136347 -5166.1303920815935 1641.1433714180148 -281.2524397609286 -5325.191982861519
-36.53260368541669 7386.180659757494 -5147.963121797096 -1508.7520118612392 8047.639578246359 5246.742662601046 9448.797382673027 9869.989880526246 6794.192759432197 -7378.446691181591 -2394.6916649628047 -5072.1248620351125 2588.6578962482563 2676.3974151350103
-4561.764594463291 4507.786337334905 8651.07959835613 8331.469735179558 1136.955424839687 7889.659862104221 -1189.9859563191112 -1194.8227344222123 -7080.375087098841 7267.306157195515 5219.843234650987 2411.978186989905 -5866.72556614696 1754.6918726537078
-5821.434808475951 1672.3960343104045 7550.584153638363 -9775.0787722484 -8326.500928582158 -9313.38435986485 9529.827817963014 -3631.9676423154588 1606.489804245195 -1179.8811664036239 1577.31200470582 8635.640939977995 -1453.4784802928916 3636.6667072930595
4132.558930413257 268.8439135783665 8237.300141239222 -8343.682033293067 8928.197084980955 6631.920187399497 7236.8471165860465 4320.853387023493 9251.27340286877 -1467.0626440573396 2127.087097692298 -7160.543054507844 2994.2647719515808 -7007.33520581835
-2554.857220417439 -507.2120874053071 -9848.008541648585 2774.5869893308227 -3006.6508856608734 871.5666903714064 -5037.595008863327 -5895.39788397325 -233.16143894684137 -4989.113938719949 6081.135716950861 -1708.0016656832595 1743.1314069069413 1369.7068973039059
5067.623307629241 -6707.219167861778 -1291.362259718926 -4309.309571793709 1315.8470335873226 252.85383529530554 -5433.051959675621 9966.154777319836 9813.71440266505 62.23354234470571 -9288.126113354467 646.3563428485195 8569.890581492284 -7601.8734325926835
-8519.527183213519 -4093.6114115512055 6243.504455462518 867.1578070879968 1746.7904664767393 737.8268407550786 4796.098440321253 9816.741711916751 8840.257568600624 -5781.7362978286055 7516.11129127449 849.0220709404748 -8345.340525195477 7386.97331656238
7256.4161629098635 -2132.6466688618593 6345.645881116361 4009.2875889532806 9331.490351761076 8896.353876761183 717.6411871136552 -228.0945094163617 3789.4075134885898 -5151.469224009584 4363.9690604425505 8760.832126686568 -8939.13793664018 6912.459859902025
-8580.2727309064 -288.9261041642949 -9146.246229509607 -1195.8052093838814 -11.350383947643422 -4788.288401879683 -2098.224533389417 -2104.4437520063157 -1308.872887795671 4415.891058523908 -9367.625726996825 -7039.99670969591 3536.984652556279 6613.446544701084
2929.059797549311 4963.430194366194 -630.1360382481653 9207.650076717506 -4423.197611818415 6542.786996163839 92.1854174989403 -6340.361809901362 7896.86509477445 1358.820351395747 2958.4076381310224 -6897.096740263587 -4371.181493196421 6277.208015057164
-8961.27139839187 -701.5736584430288 1135.348874056568 -5960.355362408345 7208.104991959979 -1364.5140991500848 -2197.652066941727 7186.283322068921 2357.570099550976 -7647.505283383573 6904.95454109952 1047.0591286983781 6898.0814413275475 -4746.597575129396
1 14
3040.0593752026034 -4069.4635235014266 -2366.568908285989 -2252.430697499819 -8301.795824428795 -1354.362018647511 -2607.041338637335 -2630.041448613929 9582.886810331489 438.1985514878161 -7577.071223808458 -2057.3087341870687 -3246.3928995304504 9510.194977264073
