67 20
-3660.1869834861736 9277.1047958009 6164.660825752428 3371.2485473512716 -5766.451754272348 3171.455570676213 -4999.7269661050805 6198.213594485755 -182.3514233187725 -6071.161232851768 -9654.586929807489 1521.5034549788616 1456.3928306170146 -6091.081709791584 -9852.395363619848 2755.9424895592183 -3760.3792081852716 -9183.423504188575 -1718.1222471113979 -2227.925209481611
3671.296433230109 -6261.575686205132 623.5277690534422 4516.957252248656 7091.910260450841 -8609.374988901443 655.3340828554537 6522.934024436454 4225.937414166341 5093.721390008932 -879.2340987800853 -1485.7654589773174 1043.597258691525 -9518.557849959892 -8637.059858764731 6906.96231786803 -7395.037797200608 -9947.894638038719 -1115.0185158400873 6115.630076698861
-9502.714770799854 1357.8310864600026 8134.492066492898 -3915.0112847880637 2502.389262551522 179.70733590180134 -1895.375147838321 7119.270076311212 6524.181170205418 -291.8375379449317 -8647.613962452015 7589.496585810863 2253.96812245426 -9304.995183651528 4670.453352194825 -1651.0095445335755 8325.427234348928 -4161.774461733139 -3131.002346976399 -9771.473474573162
-1518.4966818714438 -1794.313289362046 -5598.914817551461 8293.639900720955 -6141.328439174249 -6742.612849335139 5520.640544455429 8825.418429522073 -2722.952149249487 404.9135836650057 -2728.422122727663 -1537.4154119543327 -2028.6331474309645 6123.0768840754245 -8252.457207255986 1870.3887004721291 5789.700612475079 7931.107885111269 7279.522247027668 2101.988172999054
-3427.6068081890317 2482.9554890425406 7186.030067050739 4977.537504337628 -7300.97157675468 1148.708930202969 8436.794331033776 -323.81526944750294 9471.586866564445 5389.136668451305 5703.592476842114 -2789.1127162365146 8036.968612014072 -5225.923626395756 6543.552031470535 1532.669952202552 9092.597109744493 3872.938191094863 -926.2463436296439 -3651.6305331019976
4392.174622059592 7932.078707932858 -4812.454731225677 9406.045411796942 1375.0437873836054 -1434.6076512514537 3793.4597675062505 7438.466261785692 925.937171835727 -7842.736260203699 8892.818811988396 -1069.5797650021013 -8410.963019670555 6138.099914489396 9532.172908732373 -5616.0027898798235 4638.287040512625 2858.7193073231247 8285.636773869923 -2506.0019696589798
889.9789529983118 7102.07654985278 -2870.3292188528894 -4950.232549216502 2585.812912543266 -3351.27396298265 6246.860079141607 3157.606729067622 9331.892847992814 -4122.437286168397 -5757.635202974376 -9161.359809258698 -7682.348759499069 -8830.174444532384 6153.614477279452 -4907.864860099929 2789.1940757518933 -832.3991124014847 -1243.5101528276755 608.7214763767515
-463.37306912885833 -8522.077332439661 -5837.915032303942 -2402.516945484359 4834.141828620841 -5333.217872603251 9992.756384585053 -635.7557341058437 9075.831363411387 -6372.225442772079 8309.950866397416 -8990.505422992574 -592.2786196865436 77.89893306481281 9071.801544403319 -3417.941472474502 583.5098579642054 6443.335752411331 -9025.016479884689 368.89943241968103
-6002.374936247088 3462.219252191693 2836.644414899705 -8513.408045546019 -1601.3880789507784 9245.776729377656 -6794.690354751649 5552.3184003478145 8066.495080665398 -2456.5186366402904 -1152.870450068951 -6606.969787504964 8175.640949830024 2315.7047529045904 -377.11027952579934 -5461.219432518583 3984.059924406938 8781.720814480057 -796.8047916474261 -6760.906623494591
-4030.6331929140615 -1815.9144449358537 9701.183196995702 8464.653925123534 -2758.3084342792245 -1493.5347867029705 -2029.4054711971921 -9285.994682024237 -4199.944251947199 -4395.897828177013 7041.5310975885 -9779.396186289612 6219.808527731535 -9557.097412869973 -7731.313483807203 -9448.003931265292 -721.8329703084892 -2285.965813748654 9006.176647219112 -8286.263019106758
250.2676804613493 1806.979453003254 -8304.178472589394 2578.043643491261 3191.5635027206317 -5488.689349632629 9574.878670464434 4606.117581207278 -2694.4983773754384 450.20889108764277 -7063.992053747035 6383.3880141102545 2528.5400395376146 731.1287796324086 -154.6689643535119 2711.445732144599 9545.624768254114 -530.457384251109 7115.186167329455 6240.3524511472715
4615.597236471016 7285.6789751888755 8898.044175341929 -6202.193268846765 806.307474848134 8476.081055857761 -4983.295953048874 -1613.944629280919 4540.584890417622 -4991.9650793440205 6791.294875216805 4587.870290452676 8506.513999822324 -1325.09270921192 -4259.283282480908 -1854.5552670323386 -2492.7165070794335 9269.561910750435 -9420.460850242589 -1007.3403820476087
302.0642406727584 3315.336679510032 -6780.6280507759275 -8827.671981739204 216.2720674739121 8277.882216195434 7261.924075601015 -7110.154456170494 4042.2218730404966 8895.04305600189 -6329.629139092847 186.9457672155495 -389.627987016298 -4341.000636391985 -4523.955897949452 4925.015132943092 9994.342081365608 -6281.16677397818 -624.9396981424707 -9552.77952777912
4820.165017304829 2346.6191582759493 2644.104768998872 -9239.776555836872 -4078.818774643929 -4698.703485453937 -6855.131817608318 4457.045995993967 9820.716921240582 -4617.874876288594 8628.475113808483 1518.6549095625087 311.142027475511 -704.6326162508794 4998.795947035762 -1160.4182904360423 -785.0500072017257 1280.5859313197398 -1463.350978526758 1644.3645507736783
-5319.989207671189 2338.527976127043 -1786.879823311041 8873.386390878553 1914.4663244313524 1944.6397713131482 4290.323322632157 -3640.437409633075 -7130.300809191123 -4178.95295838693 6837.245312324652 -16.86700380932234 -504.32853918562796 -64.10600032315233 1562.011977085278 7390.738659498991 -9413.357737554748 993.8092006948391 -8325.088760031116 725.2134033347284
-8287.269149611408 -6403.519938272004 6717.782027982681 -7206.354129367989 -2471.133494648854 8399.161384921987 8074.148173935901 9562.219740763801 6922.634732815073 -1539.5916789990533 1258.734975689853 -1262.08497780154 -6215.75471979169 6716.7345162199235 5877.823566355919 7581.076968904181 3119.9657831826717 -9160.550058791108 4369.777608181163 8907.985744087291
-4689.751046036082 799.1702007772165 913.7394949123227 7107.727045237065 3173.222599560897 -8487.950937767942 8873.132292868951 4534.056443631171 8621.710769811867 2935.167321776995 -2878.1342730758142 1947.407270600912 1140.129563867862 8924.763158454422 -3351.4306938804375 5883.3624100337875 -8567.789916767679 4286.025957486943 4950.531481343034 -8705.04509209836
-4343.400994622486 2268.967125197056 -4772.123719241746 641.5352289535767 -3636.6256601464993 6971.404568037942 -1820.3075704519579 9790.588251360063 5978.544502381879 9024.05968808369 -477.4469465615239 -8016.224433190455 -6526.332744579253 6829.214158620722 -7833.79216364378 7804.046112500517 2324.090230391763 -8294.099045746461 -3579.3705481594197 -289.84166392422776
7772.58984589914 -1640.593512192192 3281.101217001893 -7996.532209185383 -9913.607798448125 -2797.3286932468836 -3358.879274666262 -1174.8001465786092 -9401.24894319943 -3842.001101079498 56.22684549967198 9260.643454877776 6510.399652221389 6101.819400786071 -4138.009301462797 3400.1897384240983 8094.28519894955 7727.0442330564 -6649.382020393066 -1920.853261942947
-9905.362533509639 -5769.180662346942 -7474.999506510833 9681.00202001246 6812.460234739956 -1168.439999507258 5225.248298617013 -62.44505676269182 -1941.2011063942082 -7565.9787281017925 8147.690622012546 3330.1150234791803 3647.740714568028 -2977.434845472002 -508.3942091184126 -2694.4240201364946 -6589.233179690903 -9490.604642056289 584.4813153396135 8504.816287773494
-3367.1502244432186 -4700.53523762201 -3316.5512674993615 5575.806914024131 7672.282351026424 -8442.016821374793 -6457.289475974745 9467.153209966567 -7956.060743219217 -8508.654839705434 1708.2480120717773 9002.511716321496 -5192.962615102854 4511.418561633094 -2774.716113264928 -723.6673824037935 5025.446783480409 -8800.386376009528 3657.954612761563 -8366.560963582458
-4601.353325121096 3269.9390815796287 -6750.585032971434 3475.5531443746295 -6104.98345884253 655.5914768438724 -6961.20075754973 -6997.658048345116 9291.278417006597 -5993.384028847839 -4617.990924929365 -483.3014075507581 -1379.9038301613473 3003.0611465971215 3333.553436099537 -1381.0016283951845 7566.618221686036 -5497.057901091746 -7852.29360935811 7533.067125016096
9191.33687488324 -4831.092955348228 7515.823543185703 2384.99730656847 2985.951335757749 -9124.453770798182 -808.2839369915655 -9714.91715697436 -9126.110555839037 -6829.9946517200615 6906.009865964774 1898.5224655539532 -3126.0689553355924 3290.978520520737 -6313.524269535953 3731.3058125271164 -9196.633532455682 -9229.88162386775 9166.200463824422 -2680.352542068281
-6135.260302461238 8187.327116805805 -7292.633064778498 6858.343153815196 -7270.768039540545 5320.044375716854 8421.354230653298 -4258.140183058141 -7198.758873342082 2593.5504113570223 -4053.8350125247243 6834.550324953219 -8633.91396843767 2395.2965526526878 1430.9112507175705 9510.808183217345 4912.645783911714 1014.1067176081433 6220.390076859774 -111.82114255285887
-7043.531651400727 5387.594233730328 1132.404764235549 -6187.3509669793475 5074.191480340669 4233.610705772477 2994.719023905336 -9477.699915709132 -715.0280881522558 -2773.550015642314 -6858.034366466431 8383.176080473037 -5540.3196552226345 -6096.112960638154 6635.086324923246 -369.77074331610675 -6060.277349920211 -906.5131478901076 -2585.085084608594 -6941.710279115047
-9365.80108985576 -2022.2794736191972 -840.7492129614639 3271.9277871437735 1018.8453074632525 7051.968566596461 2796.2681722964862 3991.9634944721965 -8448.93504718952 -6482.842620264304 -7600.031395769178 6078.82904232006 -7331.5726693782235 -1165.8108823181283 -8302.359286192719 6600.367007252418 -5827.846923170632 -2383.794998182225 -5994.180812590382 2289.228324680149
-175.08589741293144 -967.2728680306773 -542.1055434724731 9161.164347072336 -8836.39027891805 4536.312268707143 246.2983772124153 4406.465174264138 -8964.642311112817 -9137.870874375882 -8262.974240760448 5935.347817614513 3275.801496763559 6805.23240674855 -1855.1228779325183 -6844.408486090189 -6831.619959382245 8284.39797098668 8919.963383177921 -4865.660847519393
7512.509649809592 7860.0797236310755 5835.859983017528 -2565.931100636827 2162.652965272957 699.6933566598836 -2855.324010461557 -4068.732641030948 -8332.941766233153 3883.6344553589333 8801.066782745678 -6018.805101848421 -1704.590986051202 27.742347059924214 2000.4643318284416 3404.1134117404217 -5113.013234273216 -2670.2216919722696 8913.666689095022 -551.4359957323431
8518.211598389938 2599.6899574181025 4456.615664093357 1395.5350039989444 -4445.7428678067945 -8415.466949648378 -9567.225491547282 7160.991924180034 -9114.182480656538 -4134.329790569295 -1412.2206787811738 -5552.63863339487 9862.64816057195 2595.0467609475236 7921.644645784698 -1627.5409346035121 -875.4255747923416 3550.7694324529293 -8204.610337042215 -6879.548538197595
6771.254478367227 -3195.0561846292394 -6271.304266450242 5854.4456704194345 -7566.795557958961 9372.150984032582 -2477.997390676869 5178.748501126678 -1207.2288668068722 -7076.638367293448 2297.9220886365147 3830.6530614180992 -4269.463576620274 6837.2516193047995 9174.634417106088 1077.0341032253964 2054.9202609310505 8450.777836735324 -710.531735416047 3036.6457540869833
2437.8484726285787 4743.992932470115 -8245.149163461438 -5036.977352700056 -450.63785340497816 -4610.976946492578 -111.91481777081026 3429.0652872092433 3131.453709690715 -8772.500830503712 -1907.755787801544 340.1218895977163 -5143.228009031893 989.2253543054721 6522.470480559303 -5737.8973491186725 8773.185017823362 -5529.4778938436175 -7666.755488987309 -9139.790140247376
1204.7399343849156 -8528.631668506168 -9011.309800942776 1425.1301439292874 -8173.9839016666065 -1195.4923664339585 -9983.192832328856 7596.626882099572 5225.055259101891 4901.889494805997 7703.478629073157 4210.66972127919 1828.09853746728 -6300.208696633776 -8437.902535630721 9077.292848729794 -1978.4584022974432 456.6589292364624 8398.141940662754 -5764.837486574114
3475.8504785041077 5280.5213085875985 3385.74744534246 354.3056118767254 -5329.755863906765 -6951.418381656191 -63.47726160593447 -3635.181817834774 8140.200131863348 -7211.993346799616 -2745.7398442988333 2282.7598630092943 8796.660526658601 341.65337901334533 4069.5612465513223 1079.283516142903 6484.756310387922 9907.66354742273 9170.689917863485 6678.626595721875
6823.509573521253 1868.885757175245 -568.535485801076 664.2148298507127 76.61489570847334 8635.688735918677 3560.3461152804903 8242.211486170952 -7737.698429940261 -6073.714426086148 978.3119291434468 -4363.282086142155 -6233.03247565013 7045.9081297253 5919.911835840463 -8369.752864783619 8906.659073708539 8047.431374436692 6439.116838994276 6310.033649639259
9589.725598322311 -1423.8444713629724 -4050.2975550099336 2449.0630707471046 4590.520204549375 -1054.1092240911603 931.626307776136 -8821.261505678493 2107.577154511606 -3208.637825689433 -5715.985696517869 -2813.2799030041397 133.7672433413045 9475.77506901155 1483.7994807028335 2273.6358936079196 -3954.7955241140544 -5922.962250161825 5533.168018885248 -3843.7591331987296
1632.0833977744842 -3052.042350070401 6622.356655705731 -1687.7264911957827 -1691.393428792453 4722.724098946406 8305.046460838628 2108.5851327885503 -7633.774399250144 3450.1155114084468 5736.552546767656 9144.701829962287 -3062.6381262694276 9855.638245315782 1320.4696500212958 -2558.721065409235 8233.17854637469 -5631.588829825369 -5602.709264832298 -9797.811403464626
11.48006984762469 6756.106077246699 -3095.7005543653213 3855.6696104264956 5456.550323913425 2652.2050964566006 3535.429157552735 -887.9642915538352 7921.178583068919 5051.630583735543 -6953.6211131136015 -2003.7190413233775 -1718.4572127634583 -2848.4199928668622 -5013.287942247755 -4216.7269168204875 -155.45263424571021 -9049.867564413842 8417.361066549573 795.1178447232396
-2342.6669537519465 9850.375163337056 948.139482384644 -8464.01620881207 -5007.142333211403 429.7127067471829 5395.995371086105 -4491.8657469131285 -9689.401967895019 2258.5975464605726 862.9400767872539 4870.807674118021 7158.040470699474 9767.00041862106 4973.554287282979 -7733.414380571373 -7248.805101785778 6926.20780626222 2990.518595623711 -690.4871495278858
4607.5193229877805 5747.703242962181 -5831.065408653871 5974.34633619795 7870.456400309886 7915.707646831932 -8151.891084181369 -8125.405383955431 3077.5200702496295 8439.682129129757 -23.340857128074276 6777.385585946213 -9090.532208711504 -4826.235243173623 -4613.9777649874695 1248.764794732033 -9080.797039012723 -986.4356797378932 -5638.477901194141 -7431.823477942196
4885.945580515219 5148.895931810597 4218.875308918807 -3271.1243593380577 8982.423793170918 -4648.166256946207 5779.327733172684 7460.430201464664 8124.560320700191 -9996.841574147524 -1232.1666458179625 -7991.202436127316 6195.549257548362 -2442.514952480965 -8841.69568188041 -4454.638062528446 -818.6410665124549 -1092.1015677329597 9791.64924018113 1020.0836411468827
9213.433837408666 -8940.807237094312 -7590.040605499215 9520.433866129573 3244.1012131747375 8280.4852381136 6808.031779772482 4703.873450463929 3687.325962350038 7519.47822247602 -4061.7264914498555 -4836.977476955022 7651.760102106797 1388.7159094002182 -179.37305972240392 1615.7678371757975 2270.550255422857 -4106.910925407441 -1893.9035861567536 -3934.207651420612
-190.97589792401777 7846.9808551488095 -7287.402350613776 1814.280456444183 -4100.141182951585 9911.386583654366 -1939.6295706840365 3585.5907316575667 -8173.961507815426 -7610.416709311409 8580.306114552412 -3889.105693101993 -4591.408583179701 -5210.533013454228 1335.4821165196736 8362.231632715928 -286.27516678811116 -7040.886296805546 -2836.5854922115923 6446.931178013299
354.7773666221019 -9398.280288873215 -4152.971032605584 -9334.853290613255 5588.61357014645 7256.604430080421 -8337.381843202249 1852.532306902849 8948.010223137691 -3430.084132761862 451.0621112788576 -4144.47807243488 -2287.967400927242 3604.6775053547335 -3581.1012340146544 4916.650138387771 -6182.900078715293 9864.676931163762 -3510.630668455614 -438.3702131031878
8774.704961004321 -6343.312731450621 -7055.867418766646 -1988.6555706122253 -9800.446813483914 -5831.25312433014 6424.549196539378 3208.6317340357473 -7592.342192879282 3268.5937950355983 5220.462823867376 9261.971910451164 5775.654766674381 -6011.37976672882 3826.7358782377305 7113.446825001909 5866.103892856745 -1150.7027226461978 3616.162875644366 -6435.597853294472
9539.25419501045 7989.192923606981 6730.28245433492 -5398.136896501464 -5972.870810587396 -2091.3090333104647 -4701.251867171619 -5634.968030418708 -6543.402081984508 -3537.2701407736786 -286.65098892957394 1817.1432435980114 8875.40299812351 8439.02572352771 -4195.515196681199 -3560.5183250803775 -5574.499554326801 -5275.615387506978 1555.4717974153864 972.6304362286519
-7293.880550509579 608.6715403990747 -5658.451970401368 -9099.89344613788 -1063.1340227992587 -910.5058426753458 -2412.397589230033 -40.59811100282059 5989.803759204251 5849.604007259952 -7378.64482679075 6604.899034922793 3000.7491201054254 -478.00314027085733 -734.1399602469264 -7753.679071281139 -7674.788984439767 -3232.6131182212303 -2079.2363767864354 4511.807746212673
-8721.175483535926 8007.202500735821 1921.8051467368678 6450.83262015085 -6421.337837641683 -5668.528936577766 8591.831415995199 9633.598833146902 -4191.94519984226 2567.5020020911797 2108.785459985953 7797.1898285247735 -8255.501355782431 3139.428574295571 -2002.312223906546 633.038799208076 -4385.260698018889 -5686.9002897454575 9711.732183127537 -1034.1755187402105
-9077.9114757325 -5593.7476586633065 74.3274708930494 -5260.626921370613 -215.67267678770986 5409.61150067553 -8808.170881088225 -7316.997918692505 4041.611243095156 4956.255435746754 9003.998583540568 1859.6519406732386 -8130.646029233067 -7535.4201106996425 9044.775057162147 7372.411327337424 2113.0746324758384 -5093.678353146016 5097.407970812599 9668.535351097224
-5460.035461357525 7435.423068098211 3330.1628462083427 9563.243635363906 -6442.159192051011 2953.9273623557165 5524.940757181572 5489.297711598234 -5411.241449035236 8424.330680576892 -1244.368536114398 -2577.0219939444305 -5542.38400316178 9347.96699263855 9125.179014169418 -6438.633780566168 4245.546506775996 7837.358588462725 -5636.276004072441 1631.1226160947208
-8437.928426020582 -2190.3290314313817 4144.155660003687 -4135.338136158913 -3818.5286126674137 -6491.001289634391 -7970.859873561256 -4047.6773137211767 9094.215720931086 497.89450240451515 -9145.879514570377 4178.118197420934 7778.3534133721405 2350.8651377952756 6689.695241142672 4596.937875686253 6215.794955722282 1219.736185199623 3546.7078108721926 -1109.8078227146525
1733.1324019175008 7912.097267238609 7720.33718662653 -1393.5046901464593 6004.178780984286 -3109.612253901124 6368.311969323144 996.4315869895745 8236.459086622559 -1311.325475212414 9379.670016836208 9281.084572955337 2884.9773338043233 -419.6100064392267 -5018.702639559736 5383.723936082548 -3974.7674453298805 -7855.946285765385 -9182.722535564622 3810.439704856777
5881.406257542874 597.9538555862018 -8325.614106191471 -2883.421118416456 -5121.165681218667 -4421.939861100171 -9738.231121171846 376.6378194620047 -1327.4195150076066 -8184.654870944448 3614.2472506934955 4936.032866555508 -2638.4292633651967 -1855.7500334424985 8294.218552337086 4984.441629740539 -9712.917208248009 7556.942559598752 -3107.1947222320987 -7111.926203752039
9790.709387114086 9397.525913029498 -2924.13214705304 1625.5600616999182 6488.179863463196 -4798.835764219162 5471.090717709534 9723.687329799603 3196.7601313781543 5560.296198226142 -490.80585562226224 1011.5625045240959 -9042.687594346748 4133.746376733632 -5540.335583838904 -8987.634800293203 -7605.083694420269 -3834.9010966067754 -5929.616067920285 6527.021829291985
5461.816391008497 -6087.919737618988 -769.509678127979 -351.10702659120034 -6469.130249692723 6433.190308277695 6564.736710096062 9117.135227332361 -8312.729400106775 -5658.397424865655 4828.7013101309385 -5315.756556953326 3760.2803851270946 -8171.926583056425 -6906.256255980507 5888.078806047644 1054.0140522982147 -4914.39357500157 8411.492935333095 -3529.405750279251
-2759.7732484231456 9895.689605746418 -2355.7664781379726 5845.343580461604 2390.9375088484503 4537.468912550456 -7556.42603588639 -3670.2564115423056 8892.66001923824 -5647.656422479677 5062.571776804836 1017.1813882869737 -6867.515645819582 -9981.669626134308 3659.7001227041765 3770.6318664299724 -1517.6953926854949 -7916.202493025042 7841.337178524369 -4104.4005250350365
-7822.74159923624 -990.1753977403041 -6968.829099975614 625.8944243408441 4221.955100552932 -765.6871869614242 -9990.894798305797 3671.389538481175 -2947.9281127725335 -3506.1124713301033 -6954.812156832346 830.615635033877 5444.695482426223 5189.111034301595 4687.204784095513 6688.973425696797 5502.912493465123 3494.689829950812 6364.718005260633 7549.062127804835
-4539.659496882465 5644.847110959441 -5717.119902056871 -3843.9520472760314 4080.1795193751896 -9778.493925355291 -8015.0972556748275 -5837.67053837704 6893.548872251897 7329.621647163305 98.64704797920422 -1438.5434750642453 -4646.008901643546 -6647.028248030449 3601.7657232227557 766.7779794403832 -8128.15312974082 -8181.511256476133 -8414.68610267732 -8883.854769563304
-531.5130145413495 -981.9526613478156 -135.3826017302399 -7497.07499973435 -2340.3118662696133 3042.9167513106877 9851.012143947904 -1608.5629755841965 -4869.058321949866 -3780.697806247904 4491.198508011008 -8616.565552700937 9836.339012786655 -9152.013854619043 5289.114051598481 8497.38840328887 4407.707152770678 8489.946349988302 9905.405944645561 -3764.1652780816767
4044.4183737215662 -7961.995763458589 6797.116277891266 6787.862361008134 3651.338721733262 -9680.574276686775 -7529.448943077628 -1844.3185016395346 9971.988277385339 4287.100030571561 5734.68312229368 -1351.6481534712893 -2244.199050197224 -5414.211000320457 4278.943713663068 894.719932816768 -5500.0386934721355 5683.167846112134 3071.6967331566902 572.200920107347
-9584.293986567813 504.5274001252801 -2317.0174441189783 -8159.337533514777 1031.3644603051816 3355.474623635615 8157.716460544249 -4780.855516413729 5812.594346954118 6450.7629698385535 465.7260389568237 7596.302025222409 7056.895489561375 384.3573281218378 -2354.999235807114 2974.0066414971825 -3732.306921476209 -8868.757773625463 5010.996852950979 -8799.455031450922
-1492.4609705556559 8959.629054284385 -6992.297063042274 6844.177893283526 8013.142095782474 -4927.574752276742 -8601.28367019715 -8683.73934937212 -1061.5360123782011 -3361.689181184759 -5069.83195737929 3496.1168039203258 3571.514952929738 2552.434103687954 -6067.474922474367 -3018.9652169467536 4590.1726435007295 -14.030381689964997 8035.375144237714 3814.306761049904
-7633.580350068472 -4116.340769030054 -2636.531675598694 3431.307663797077 4643.3444479870395 -7799.395620862319 -8213.856130725228 4954.44337492749 -9193.702216241309 587.9382258788864 -1572.7888942653408 1895.5731262046265 5560.397476627861 -1452.5185069025156 -1193.5105666426443 -739.1577657715989 8268.959184402778 -988.9739658645394 7831.127616843107 4156.6567468004505
4190.106330662096 1450.7978125527407 2099.5355570713655 -7640.750302396255 9832.995284332275 1818.4797607383207 3198.8436932117365 3276.0495596272103 9699.177989474036 5069.69435113856 -4474.195436413491 -7873.786460582029 -4903.161139383709 -5864.57850912141 1033.0511469604626 4858.064588853191 3456.3388385017734 6821.994819853229 -5334.011214558056 -4002.9627954809066
-952.7542305111074 8998.011346938303 -9930.390299892397 1675.0765205150328 6658.263588732974 -2022.615561579144 -5084.193044144563 -1316.8137079609023 -0.684155856630241 2255.934047009372 4192.866395752757 8195.518703029371 -1053.5939299010697 -6684.114717533344 8709.340277412855 3737.8796759302495 -868.178542936821 3954.4050352058257 -7330.281706261774 -5715.346564066388
-9962.359266710182 3981.309288171915 -3909.1869359251796 -1325.487610842154 -3741.6942633957606 2500.8198016985625 2320.2180069002898 6111.39871094885 -4013.8871597356538 -5281.728645781532 4111.562264341541 -7951.828583452367 -5451.4131196916 9647.102908670786 5428.267113103479 4997.958183466155 -3333.183036749041 4503.5248404545855 -4950.583067525247 -811.5011212379704
-6256.16318313762 5850.235985423957 -8349.279705485756 -9206.670432196725 -2941.4105897658674 6985.916956574692 9325.613115713764 -1417.6143339167102 7440.528661197746 1344.9276430179962 -6709.556577040539 3276.543335080296 -176.73233119166434 -4762.821782245479 -6083.569875709689 7681.184729737572 444.0871853353983 -3008.44351331748 4786.786460329506 -9760.986503583881
606.4792085905228 2361.5461574770598 590.3563545937286 5985.015893460963 4973.706262407994 -1774.519264539449 360.5438355476581 8554.742604819075 -8058.781657239924 -3607.5922513096166 -1006.6821712033325 -8926.230767090254 9920.832049219014 -7444.229615265838 -7860.482983167163 -621.6521358790378 -6420.405865738628 -8352.259930004286 -9789.09171815893 -413.34099176500604
1 20
-8360.83247777179 7424.4174387242165 8976.607056660156 2696.897473243178 -8864.669253870481 -2190.5553008781235 7881.470294552237 6929.011594341555 -5469.4888485975725 866.3485418552245 9202.792855411251 1324.6088450994994 -1712.9785213870673 4267.175125815253 -223.3555572286241 4233.009888367727 -9496.968812957391 1838.4991483531503 2169.335513115704 -1658.4744605037122
