96 12
-918.6634183452604 854.0800033551598 -45.90290745654272 115.85075672373773 467.16990231717796 813.9629262971923 440.034759558554 732.6021550908476 -288.12971033837243 -605.4128793830009 -747.4693043299075 207.9331684628728
-597.5442193391744 -76.78916453560203 767.1240554688507 467.88363448921405 783.8954744897828 -810.3198269979606 294.41382889676515 -651.8732798701196 699.6034390686095 -983.558123790273 -846.0592852792064 -224.08496274293395
-270.73133723804426 -662.4300000600878 -85.72565111932431 384.797835800098 -413.4303999024993 762.0560262419244 408.5576441541775 -192.33968098003413 973.4797962820946 -363.0080585418917 773.3697745278077 -573.3106415241753
-479.3692484311389 -439.38724306432505 -69.36375797811615 934.5754987193852 917.6868251459348 952.6126468094394 -710.2272801846002 -404.71509241658293 761.7815496956512 -916.3877903172847 31.908424963330162 486.316367973571
-818.0760735882651 -305.27161554890904 547.7082293919984 -194.75821083821666 551.7497381406745 799.3274976440412 -34.90514146704675 -144.18078942670104 -18.490074750760982 -342.7417473401755 504.18542021704206 -193.54850352086703
446.24882186415084 212.23944213508298 -289.77803618589724 641.1976730346898 -899.5833522384742 -497.2743923877845 905.9607541074656 858.854878941501 373.31772619454114 -773.5018870217472 221.9410697372955 618.894972405435
671.9023229321956 -647.7803175846994 -147.5484217576044 -926.3853814861416 -486.4199701398006 780.6756633967784 -444.80131337031196 -590.7980557444491 -780.3862371411567 4.011420097512769 305.5675649713319 687.392799443709
942.9875523182977 451.6412082819227 689.3217644477311 -942.0315632073355 365.4779820405822 -85.00275970849236 -749.2229690587471 -192.06639571741823 213.0464571204402 663.3902938257379 -153.0888302138751 -9.843068513583262
953.8161628904963 865.4196783169671 659.16127372296 948.4852842809423 -287.68655749076277 -491.02524944073053 646.7150806972525 -180.00323002921095 -183.21707119775124 -959.088962827055 -768.9984960270868 -792.6319387941132
-987.9604718567689 697.2865277031206 988.1954572769127 961.6977969283537 -270.75379124519156 -88.69805883483514 -635.8588325138952 -465.59797378795895 83.52282710234476 16.285746912517766 424.496576770661 -69.97456953199242
-104.0587464180685 353.0970792292476 24.66179577119601 615.6404544167121 298.3603743343515 -720.7441769559455 -205.28255909369705 172.40315748324974 -517.679234309036 -366.4516875064403 313.9318301088715 -262.66221831731775
878.4644217160092 948.5867083614332 -995.2048340519475 -58.95162582582782 -529.894371492371 -711.9773336691195 949.7367938446534 86.77748403879878 229.74047972133235 -167.25200367555692 -908.0806357573434 56.243929846048786
874.3314699949588 -444.14237113551906 511.0380918656308 311.5832584879606 487.45795228609563 -221.76723688923744 -406.4872699810933 990.8976924886931 -827.5175545597486 4.976863871706655 -683.3464047698836 -256.7022196650919
877.3832023199611 496.1744326223218 -454.2082250356667 664.9612317383701 712.1359939172437 830.8430127103791 593.2227737326684 657.8895324335006 870.4497915906045 -136.21697056328435 -455.36366350602145 272.5295650425462
-559.7917453677859 813.3668741812985 999.9739115241844 -502.98453020202214 -348.8171273115213 -564.4920918533496 -364.8912493820202 492.2836113229689 -943.699193125759 -564.3627378112767 836.4335229362052 -922.8194772578726
285.63170040600266 -236.54320323674335 -334.42074475067955 470.781612761544 -353.1922222556392 -364.740457498709 -883.578280227199 -254.55005132801455 286.8500444081451 -842.5974359247004 -284.23411470074393 637.2426123306357
-115.78070826215753 -627.8547196365005 988.4236848156079 -833.143613485291 -962.5486295918231 -147.6196074067326 9.647088267870572 976.0428774851798 -378.05953665616585 161.9911995704506 419.2367253358766 871.0996554749538
-31.962040380513827 -717.3005977832063 -203.89235127060772 180.4784261679813 -171.1595690875456 -850.2390723111702 -946.0952325840342 58.15853650263216 621.6336004718464 -613.57060414373 198.053168668858 802.8561955597472
837.3953927225432 -679.0500441208594 -464.82111879288834 -780.4768933190394 -378.97862433503747 -331.9327426267748 206.03129756547446 240.86169317107738 321.6492945902146 -696.5057869855877 109.0562314017834 -951.9693076955673
-847.9644060116148 156.94445541222058 -183.81612446158033 547.307140827188 -572.3303181159101 21.879668332121582 553.9380184618024 -293.3646329171371 292.83190314140757 -633.4400056812561 -547.351569176026 976.7596014902952
299.91324777358886 633.1073559072081 -872.6746118474787 -445.4005712395103 936.6864241441515 -150.1139675795573 -612.0649918106176 -549.9385890992978 -992.8865383647336 -958.5611037184161 -915.2110210924511 198.19727805703133
549.6121181146443 357.58172982656765 729.2689161205803 773.9578173533205 -740.3623068747465 522.8629375764003 -59.49208334290472 -542.8176236735078 687.367754767931 726.3464638472033 260.6014399907913 -772.3280723259033
-43.51937462066053 646.0144919926313 950.7730224030313 -910.5600853217899 730.3646205326731 568.1477850959745 460.9684039832571 -736.0698921251853 527.7813724775674 90.62235215202236 976.4065357862373 563.418954626678
-727.9069960638931 378.49277809862724 -465.46462712950506 426.05266842782225 -124.42829182658909 -55.96375206814662 85.63422565777819 851.0967185126376 -847.145742167781 234.2515315498381 656.3035828421498 290.4171727071937
-818.0759172724274 -352.04402147170777 410.47796840625756 610.9144628695958 694.8018904496332 52.86480632510688 -940.2753069507779 -169.0819596082274 221.01438069018673 -883.8538598544512 -8.7219810861518 877.571675593699
0.32129271999849607 -373.07907406705647 835.1226988553863 -664.6922051075162 831.0588386017996 -250.54408634766094 -588.4276591887924 430.86288024338114 -192.71228584534583 -19.82678073107502 169.42215275449826 160.69654171945353
-642.7237082360891 -922.9937367530197 -780.525545051085 461.996544136156 -199.56793711511887 -748.8332786405538 523.2746961389225 -734.8834284195398 887.0399615111628 784.0671401260097 -288.1555815201717 995.1411566001032
-818.5909444704471 917.1162542636912 -994.7151895856556 -417.0084762948429 139.97631456033218 586.0390407251587 388.8908238379813 103.1778276794073 -344.7778908130707 -626.0471233205642 231.0013474261193 -748.173912725216
227.79301190054343 -820.6733909283579 -994.9444583541136 -454.32685378459564 941.5292083524869 -954.5106285656852 -160.90124601613275 732.850947592693 -731.9300019966649 579.5593433270574 984.5016447604303 9.370585485158927
607.7310004658034 913.9890328175256 107.14489740973818 -51.114689779754485 283.0632530676139 -81.55547511386567 -253.41284575065993 899.4178735244741 641.4656602680554 719.015158003172 -193.5212106139095 -607.0650057451687
-940.0893723748089 131.42031398517838 -441.7339793142729 533.6653004230564 -552.8865597531718 380.50875988557254 -780.2340141380486 65.88020093003524 383.2782817334064 -583.3115131174125 808.3310284951147 468.95416297884503
909.7305312171179 374.429949362981 456.7104171296546 387.24807583511233 -277.6420045409483 -581.5337420506419 133.81750033986236 500.43820470774085 182.48458094849275 645.0860724187949 -413.002812379125 514.7240844708931
227.08394369875919 -395.51009120816354 837.1053918791156 680.7244160955206 -192.72688468556566 765.874487393615 377.42865867660385 -861.0210161685962 650.8428245203318 699.2289002629013 447.7571175485948 681.3175276424881
-229.04579173962384 70.98840540344713 -427.9948438853671 -86.27790259083804 351.01716733157286 -338.5392108147836 244.0754300144713 183.57891385755124 417.3680560030152 821.9771925547632 21.44510838516328 -711.6282295419389
-914.216015687098 -803.2113327779729 37.81619495443397 -557.8918710776545 883.5979690427621 123.80077386801713 -558.6272116121291 355.70193381864124 -927.7212107554813 -824.4933217969266 -908.916662399365 -294.5133611403729
728.2283058382882 509.637021374637 -389.20167160918834 990.8782274169407 -942.91296854176 143.89016799305477 310.0713615404479 -236.19120698454594 -950.0984289742318 -793.0390440005193 2.276301119748382 -424.79719402121987
576.8033512306324 -828.815443620571 871.4565680428402 413.7409778066642 968.4271224545769 589.2043672495088 422.096658361628 125.0822654539395 -82.3432484164033 414.17310299621795 -532.7497392345772 373.62123484347694
497.65037681216995 496.76231323926686 865.2540827211224 571.7474223919105 -895.6318836150898 141.57917287654277 -655.6708632592681 -680.0078947340169 607.1140179730653 -942.6626675584102 -289.9307574309022 993.2827353672164
447.5097904515196 293.67933939508066 728.3326589169471 -341.83539482416256 -25.881803192776374 746.784956918493 -9.014813066841725 -372.37198497718384 120.19579613442761 -171.98454451282896 467.21478978193295 817.0523198242538
193.37513221236986 501.7556934187926 660.6948623446262 806.5915410251666 449.71604285843773 -0.3526024042357676 858.4229043307284 -116.20217489793606 -59.63274074592539 259.92546848583993 -856.2035574081985 -497.2151731217202
-941.1079946285989 382.5533538820853 159.7273520915719 -117.4077300692926 -930.1923767854463 -941.7079016528749 200.87231786590746 -257.3655474334238 13.76451391310286 65.18081258215147 -837.0197196551323 225.52658782447043
-84.48581198910165 -88.06545942714683 -631.6437384468885 419.74987070301677 -915.3450105350405 -276.67646335822303 298.6573390170454 710.314746545941 -922.0560471716273 -617.7212749901666 812.5201360596006 -512.5454570305055
-327.5818044457375 -251.92629179715095 710.2484372672147 -879.5287888622561 731.6152715576009 397.52816513805396 -764.1883237062348 -513.7733151315913 691.9894186727809 491.19634897040214 770.481376629655 -267.9922096143863
424.10672160432046 249.30443168510556 275.6201489149121 70.56268794063567 339.18946368604384 -443.54352014097026 -172.0239173876954 -383.91013756639757 -72.22461823230492 -938.4416385566245 493.01537218493127 740.1085532643215
-200.71470365647156 -812.9971768016815 86.12307870508857 128.35276612513985 896.069871208635 250.04781688545768 863.5344420963329 -540.3230124859144 907.5607369315308 309.3734053396172 910.1671413005477 -358.22192422076716
-725.561833194486 143.5432094925393 83.34460380267797 920.2892206125214 111.89847977333238 -253.2106449265758 868.471203426282 -798.3597820660686 -105.80926583503799 -437.1041005448284 461.6054838650375 -622.0913512654902
-64.8019075904183 -117.18467611873916 -63.53847185570703 694.3000455683868 77.54670395414814 -541.6783551952606 655.2138557517162 631.3306835186554 -17.26410485018141 -579.3502305792792 616.9237552840714 -795.5702323080704
939.0567969174579 841.8073240606079 382.9164348333993 -812.6624530746749 738.9165553157586 -145.04665997161248 -215.3074291449044 -124.20641199137106 -309.4515114303131 337.903965895988 316.7267961786888 132.09711009222838
553.0657124666725 -798.7689238355085 619.4192210830031 -450.8732099929323 273.6898265452935 530.3453386566773 654.2832208215884 -991.4544012180897 916.5993682533683 858.5177746270267 38.32180856381888 117.96383093806412
939.8637137014198 -947.3449300576647 -285.4697257478675 322.0963158909983 -490.2042057695548 668.5664919619435 212.07424852007307 -243.75454718203014 211.06992111516615 -883.503526924037 -699.3160072422826 896.6101844276616
759.0791199601724 -283.038881779436 700.405922621944 -856.6570749531318 -782.2525370374309 291.1033542366481 975.3609567249243 -933.4136686917152 -31.55349919101559 218.31351803423604 -480.3539844428701 -702.6723467519473
-706.0961039140511 320.7612116410203 395.98188169946934 -417.43815329452264 688.4564376446408 217.70153321378507 768.9118577328766 257.46778682134686 -768.7270937942783 -522.1711957348787 -819.1782397306602 104.1058071495761
928.280817568432 -953.4667747982246 803.4808782657083 -770.6595162110779 -268.1467436257159 626.8635967249841 939.9241937459144 -161.6197087062103 781.9409122323491 256.04337199364204 -862.0947872546697 902.2889557406545
873.0854084002704 -4.299610676289831 -399.0780188253358 -543.993531156346 577.7578392815515 341.9354216515512 -132.02403258157426 78.19841180760591 901.0856650428659 -407.0407299141152 660.5010639435911 855.0926208706426
500.285084600411 -199.80423730680968 -508.54853909610154 -136.12152737546387 -171.8505096641594 753.9218262072632 -91.85339720138313 879.6519436568401 -854.0410205481069 769.3997202977903 -734.0070217859804 332.6715778450266
-356.31802554564865 -6.9099533352301705 559.050907225245 268.0681937026534 570.0928645170773 376.7571232122316 318.13631437227787 -162.25417731417326 -439.3763521111265 677.4855586950041 259.63347265002017 -266.0601843351682
-534.5699460506008 188.51921734910798 899.5519356197653 -695.8076066228502 143.86220176775237 592.241412947058 -878.6687477044488 848.0811242631441 -988.6087664331429 -779.2342741247322 -483.0640252480107 246.66557418655088
-610.664040995244 70.17193726635969 689.7496292417661 -404.16089067065934 790.2214324409033 -310.2343493612192 290.4851972936317 -417.3167516662875 435.78054786329335 -702.6148219560446 510.9884550694169 918.6223038679138
963.5663462046255 -729.9876674210797 -596.8532212448933 -429.78629619919695 598.8326156274532 -857.6470255488329 -446.3123316957731 634.0052365451952 921.3301805650592 298.651647801516 13.425765562495826 892.573585269821
-824.0975972073319 -632.4487075459485 -408.8301751506516 -593.3227177727485 -431.8427686704664 152.11999139744626 422.89160896632393 827.0350727552839 120.6711543874635 -260.1858728642743 931.5293893788612 896.2127208918
372.77901131623935 551.4134479227271 473.1486462066507 917.3055154101162 -370.04473364710486 -472.0398322464139 966.7791302165067 763.1888915098684 -6.082805881226818 -222.83611018400734 913.9329821177898 704.439061574283
-466.0535596599549 -429.16857773345237 -649.5377265246623 936.2923224976034 847.8727218143679 56.75475935049326 26.796056146621595 920.0128183082575 -890.638857061747 -975.0980643809651 669.7631614856916 835.3085649926834
-160.5059955395294 -914.4750283040659 459.13610974276594 -402.5326817436028 -807.0972763447847 219.8071411055771 799.9790912328374 643.3043481846928 -385.1047904391836 -336.19200963021956 -960.5761947478381 561.3530162580582
960.9458638058265 334.17553544689827 810.3285626843578 111.10633743318749 -312.31683623534923 -168.0522199193813 938.0538640071127 306.9122980216189 -88.51815213310647 784.4794405316579 -569.128405742594 760.275200365814
199.59552163446665 -304.2590430593042 -833.2666490174636 602.9485713868341 -209.21945993450913 -430.36972359553283 167.30803139146678 -755.6341841758097 -164.8654707158346 312.7356086901027 220.92226977693872 781.5984788128633
-664.6887692811404 -65.7859897824369 -156.58000841914975 123.34554814305966 305.1575991096322 865.3324736665982 353.45752255126285 -729.0597264658168 360.0134580884571 -963.6833328883108 465.5370088150844 -66.73873405378731
-377.05495082744835 442.4966437296048 -171.17340397142834 -45.26357828883181 -879.1519181601346 805.6471919181968 979.094195991157 -24.053958295036523 897.7010890131626 -385.23348146994545 -957.8582097375789 41.852053134237394
3.2313527361302476 -683.1538979060588 252.64793394839148 464.565353946595 -852.1291967713927 41.66338013237578 -548.3815818587099 -302.1948152916676 -846.1703612016207 -940.0323049106096 850.1410571643432 -406.64497936216605
-598.2474708985922 -610.5081548423443 877.4349958937541 749.9695495159472 -248.64774059060403 -290.6847132795767 -814.7799011602077 514.4010235882406 546.7043809919523 821.9611877900754 298.45029854214795 67.80933349637075
-800.9145083431674 615.1666445863875 908.9897792921026 746.4767575628755 -862.9793283480595 246.87611505132645 542.9199417462669 -739.862657216781 265.3539283210937 -39.46796267803961 -655.0474106492372 -536.5947684261176
-15.04657198807854 -621.6490419193312 373.59129602380835 -238.01927145023535 -590.5206705752616 -734.883564012619 382.4950473920726 964.9917627474224 -31.469346440164486 -152.47203754046996 108.31869018018733 584.3435875663679
-704.3091800855248 -633.9284115628296 759.9026407546928 -958.6948713112718 -652.2213286000049 -965.0492794990271 132.28590228393568 197.0169936862144 -117.40935357509284 -8.317997929603507 395.9927293429432 914.4051316041935
378.3071811418447 600.0431315600817 58.77920486496646 -742.3675312533483 -885.0185938585269 871.4373832947913 116.74054265510722 -372.39087427937227 -669.8720906017095 -734.0485186922645 -955.0400374151989 -263.15837536164486
844.1760509286767 -574.4315902264625 -91.82424333600704 -946.985797725713 957.7358231018873 352.2262125260652 -79.60817618762553 -297.8901063075359 675.3789634856023 -618.214411389492 582.0049496023771 -812.6575743592646
-503.96753142369846 -234.54437380469324 931.1963145992927 -910.1989775788002 -789.8257755411618 -287.68858293819096 708.180472965312 -453.9544775207503 412.6736367827589 29.411733191131816 -10.020225629913512 68.7787623197953
-550.9617608839012 -931.7212953517351 -34.683786079876086 -212.30996740397302 -339.3643500119821 -695.7984556802905 963.580768513581 -879.5260788290591 -489.3504021312367 -691.29750246977 -484.6088437016447 -233.8856655441632
556.8998042310927 896.6144817924387 -775.9728623863533 -224.60589239276692 268.5105284595543 -773.9043593585546 987.7489188871407 -948.1948898717604 -434.1273892519471 424.6863819611658 -122.00599662205013 -0.26921761320659243
694.8933935450941 920.9256947798453 890.5398891352636 295.07050683639113 -278.0274129104239 243.73830081289134 -434.1400264962749 -757.7496058851938 122.00727902288645 -833.0717014536517 989.324571160503 846.9274023303662
-277.2010967771474 759.4825584780913 994.5086421365882 792.4923033948294 -920.9210320490249 791.313010221432 917.892627726513 -966.8687677738988 512.2405366799221 309.4405282050857 949.017344421176 11.770548017474312
-80.0746343004131 828.030488348948 852.1302037914252 524.8435956708458 264.43710675185935 -478.86569957397523 543.543349092587 -890.9949728620941 5.325379456806445 891.1776177858103 -502.2030505339876 -323.5139421779843
470.6643251431117 991.8558050982847 -447.6414498173855 925.937545823507 85.49747402830985 532.1422001844007 531.5919024602028 779.8668410657144 765.6668555481551 825.7231010359124 -73.39895520035714 32.62099171753039
-614.4705075919472 -728.7379557618449 93.22968839006876 -335.12039003674215 -237.20560737926166 435.6143217669121 704.9722464266588 728.0783360454302 -47.38450012418525 -677.384175793317 976.0977569579975 711.1698656688068
-716.2112785043294 -154.18344875000605 898.6093950983955 43.36445871071487 -347.7886146926994 -197.81396107272099 -676.2164787041238 821.3749391248666 924.5095756445589 727.9398736498463 -229.08154837601512 -404.60337759766537
-153.44741959393195 -91.61918616843104 674.1765899541849 -98.01355033555546 684.869182309227 -181.0132863017384 431.50544031767436 373.44223291506614 937.5961247282851 731.7736806363384 -996.6963802444269 295.8174289756855
475.6035342608002 -917.5826561723366 -816.5808355647965 -706.3391273947357 394.02736715024 -685.5301472203299 -744.7467304800055 -43.975894086397034 -649.510253899257 -67.51914124511438 -237.3263362472369 -822.2795191795705
-490.6273454069747 626.2673383941565 -521.1957719657559 947.381760339752 656.1764442034478 248.73696963232874 -197.51058369506927 176.43776651786038 270.42056094873124 -721.578230975646 304.09922268894684 5.257353677847959
-744.265995723247 -532.1130438471644 638.4452597107356 884.3512639199303 -362.44450758725395 191.1603055983178 523.9773434133799 -983.676735846853 767.9577954119025 189.2855467305135 914.3901137770604 -966.5593262843968
804.3000747863443 821.897136360911 -403.10745305869693 -824.1829780700857 386.2710099799199 -708.7072219735803 -677.8022582078406 -978.5681439702414 523.4590552159407 -147.4199627235879 -808.5705527914846 611.2710601503686
-981.0496204457153 -582.9605957047437 -581.7571356400704 511.4905776860087 326.7736720067678 -203.78699498796266 -80.58091429056799 962.5927732393684 -126.70523360433344 822.0590877173681 443.4688376723466 -21.349665217500046
-12.462486381151052 -113.44853025763848 58.75039038016098 679.9934000878138 836.7537751889597 -448.9194716217537 -45.964184440206736 -797.9528498639808 618.1516015879749 813.2336944589779 713.5843747222634 -445.8318978499383
-687.1590356437365 613.0436134390475 -509.20858712058293 -531.5970405236454 -570.5493263428052 -733.5513986483837 -845.4442400847859 -549.5889364324797 406.4804658392095 262.32955333031964 -253.66683456458964 -41.088534275611096
100.60200350484297 967.5416944247672 801.0707167830483 341.28664712568366 -347.39043094003046 -52.40297692064689 -368.0826898440089 623.9310125947552 -115.66292965596529 -404.3638741920113 319.2637888307538 405.0683226730673
-85.7574841358844 533.914091170411 -702.5038163108179 -69.27798639927232 -440.0222321807872 670.281925372481 -647.4805655046541 537.8049407483302 815.5841975069482 -905.3969433110059 13.448677094076288 -957.3478977384968
84.93420973439493 -465.42107557762097 413.8625557189414 49.4047167547069 -18.46587484077554 -728.2777644137354 -111.8860064738301 470.0054358849686 798.7130276844991 798.7136491162214 172.1804242101275 387.0561243165182
-531.3583746546195 -489.29650490255796 502.8694667963339 -588.4156965496896 980.3453620551743 -265.7561375280957 544.2195062952676 192.81116688469046 -483.52386352533006 306.65405327640997 -678.6792361219232 -921.4297975866019
793.3734750684889 -621.6187859730096 353.4683530495588 69.2891616600482 -679.1893118756545 -564.2957833401258 66.04002797995895 -100.32528393708606 -214.20505528385104 428.68499442299867 -512.0523234382837 -171.71862103863054
12 1
819.6156680544664 -821.2886141471718 152.5112871978265 -68.43502298288468 554.0921617486895 -350.23658197241446 -193.55054061636906 23.833997719099784 904.6834518012031 594.044190490959 -72.23463458267213 -889.1621374935195
