49 30
-9450.62008751686 -145.53122339071342 6276.136046959038 5728.518423656131 -5539.333439728471 3050.5201420853864 3616.296385090536 4023.4567496407726 7971.367280282597 7666.893216183802 -160.15117246402224 -3694.0793640440916 5557.833851578142 3076.315722923986 6012.211429698498 6753.117421583844 -9059.725544939573 4331.487610184999 6731.291575554376 -173.41229068346183 -7252.310129587758 -749.7724130530187 1708.4424797369447 7774.805426555125 -8222.748636476455 -7591.514389057079 -2589.381075469226 -5451.157468734753 9202.47353466526 1593.798213229049
7453.605248559372 3121.648264472249 -7081.6195807089825 -1949.879714344418 -6224.038456514307 303.2242520663003 -4812.901325664785 -3662.299863856224 -4524.678995054923 -1561.5232616068188 1555.8427097169988 -2224.438327817291 257.8553349841659 -3113.0642232824466 8777.673987514077 3991.347224711273 -5836.267950741109 7603.518220421527 -2033.7833941503368 1953.116093806102 6508.361485712223 1401.8662791441202 -6524.163326888947 6940.199068600647 5805.778310298161 -2242.009716659608 8239.227919038822 3430.298333053295 -5370.985838450169 -9428.06676860936
1401.8613685780347 9373.475050646044 2130.309837205108 -7898.735314731606 -8924.97899637547 8682.960287051126 6000.17848488755 4073.087464571474 860.227443123069 -7509.065784734821 5507.324698253022 9268.941173490213 8862.31035625609 8428.394047512353 -3004.5077416314507 3017.045013274983 9098.832822677421 9466.289637030895 -9169.0867097961 7849.441573311022 274.2688642097455 -2230.055779642199 2814.0939183968458 -9194.769018617324 1834.6512123234334 7690.693823842146 -4851.049143529962 914.776753434182 3946.2252980836365 -4804.76909955077
-7580.829937415394 -8933.194963560509 4756.635141237997 -7919.325773009245 8246.327825215776 -1220.4172134714936 2659.601310173035 9619.427592053453 -1085.6437045782477 -2640.8386971584323 116.1505734376642 8937.195882364915 5821.7806765948735 4661.773747803723 -7305.242458205459 9087.830166458578 7311.276964617104 3430.2529536448274 -2117.10529095775 6181.961433351318 549.8465063454951 1199.7054002920995 -5676.59831290543 -4811.67689207795 -7460.095018040813 -7142.718676359971 2852.8489240205963 -4541.183426072804 -9412.562630592196 7436.574203133776
1219.2609189345167 -2156.110870839687 2059.242564257833 -3237.3640153932693 -1476.5289805468365 -4502.546417275675 -8909.940563770475 -7848.826012437744 -4881.283424144282 9142.41842372841 -6293.046662760662 6792.432598878895 2275.6652924200243 4272.181231462315 -2351.925271129203 9804.15286390814 6505.946432096334 7345.072342122956 7283.464668901415 -6605.716659085838 -5127.438817981094 -6126.594586466563 -9065.742125950052 -8394.17796336074 -8807.310899988683 9154.430484630182 7866.7939138822185 7244.411151278815 -3083.981116812255 3107.192696079801
2583.3679595944122 -5952.767855366323 4637.202341243812 2472.200346047157 1528.2307642545784 5898.7931370745555 -4082.0944888588583 1632.5824087643523 -4729.248471495553 -5183.263806043703 9709.382218402388 1564.2771025329057 5646.230481931316 -7793.304799161727 -9807.575739093794 -8434.153613028902 563.7528205508024 6752.2136246601185 5098.975109735442 2872.1466504595974 -4052.8800810635503 8013.098620257773 409.3951402198236 -1261.4732420636246 1154.6555826532149 -1887.8039348680823 9079.595163404389 -5786.952698160357 5441.491545746176 -7863.93128595275
7006.433123330098 8142.051882741056 1168.270866134526 -1246.4069355800002 3291.303107269732 -1592.3273044200232 9436.936817676255 1250.706948262421 1051.5846845591968 -2799.417187031352 -9548.264532314744 8835.072184491983 -7935.342063898026 -9281.119992170708 1034.7176942666483 -3699.6603136291697 8672.12235444381 -6337.046466355898 -117.38168753387072 1769.7056491815365 2408.4312812136923 -9853.389295168332 6274.310924055342 -2065.9429790027707 -5050.286801327515 -5346.580780496702 -7445.06705659149 4812.265322870146 -7873.3946899827315 1245.708413300219
-7499.6726453382535 -6305.9894410771485 -4125.668401266534 7108.875129359192 -588.2771696594173 -1943.7956790945263 -4905.929040553458 1387.3044922331974 6864.261568006783 -4066.44791200671 -2588.0593413220595 -7190.590857103667 8403.10723272178 -3307.124137905129 9955.923352896945 -3161.4292303887323 -4594.815331648261 8685.753694068804 5618.396850487639 -4012.502819928094 1513.09497121626 -7008.188940154203 6026.353699794374 231.79961003628887 -6837.816948644908 -4591.7428543573615 3296.2974537534647 4112.868196928299 -544.2691143188476 7127.0645076533365
-8334.273923354322 -1720.3415305360468 -237.72723136654167 288.2917594321352 662.1181543638668 8365.10100872397 805.3503733006091 6212.837045696973 -4595.257336418519 908.0129527032914 -4739.856830327758 -4699.711306448648 -5561.851079193049 5418.49116454519 -9957.107091363216 427.5260192110909 2384.7065072799523 5741.62102436104 -1069.938202215706 -4287.798891875223 16.40215915387489 5019.029593834868 -7756.796229240597 1747.4347755144445 -9185.295134272003 2631.125029261684 -8145.117887121305 8989.971711414764 5786.6247149355295 -3.7452410996393155
-4423.0812348611325 8325.895945515807 -1936.9648515722556 -4298.994291846092 2737.989761630044 -8383.001917831916 6264.887586540097 -3149.599227067006 -1574.5643091683996 8704.290458878888 2255.3291592386413 7472.304738946561 -5819.248883127968 7871.380329660453 -4410.497413486781 -2157.0679765627565 1158.5808753986257 603.6300897860128 5683.295245994414 -3214.7658761774637 -4302.252574308947 -239.5314675934278 9524.803201735198 -4043.940503689809 1083.5917384856475 -6135.910582939834 -8474.136258357188 4482.151911427758 -4810.543832737444 -3153.096170453853
-334.90410254201925 -173.43231914987518 5677.956730171387 5327.688857722544 -7074.614695894876 8138.020778700833 -3020.623135985301 9861.976313517189 -109.88782213676313 -1989.9269120180315 3296.4778105750047 -668.1366828785449 -8571.741963109474 4387.072370388656 -481.23928850905395 -1926.8817419793986 7342.523840856331 7931.758941342174 -2852.3208274070957 3936.5113753879796 -1617.695434521498 -9314.716640062361 -7460.666245123846 -9372.37016291582 9611.1758908886 5760.073518129218 -9325.926555887303 -18.495179554336573 7462.9645563458 -4986.649938688428
6311.505682279163 -1349.6407464283948 1281.5166315098122 2369.180206561776 3944.749953092143 2570.7807303070895 -6036.565294790231 -9684.564434419752 1243.909171259942 -6133.690518478552 -3157.3766814348 -6017.69596483176 3574.255860871601 -1977.8025123196776 7800.5056214768265 8549.284632782274 3885.4558596420848 9132.951307306284 170.42834086736184 9156.293827911515 -307.89539467764007 7746.844763653731 1406.422173354793 -5131.242442957649 -6195.9142674536615 9725.675356784497 1851.0843755396672 8701.536369249668 399.4273120652506 8402.328578218661
261.37617483038593 5625.67010597889 -9588.62762303479 2036.9534897814938 -1856.5348683272705 -5348.209146928351 -3301.83720395631 7672.3934193161185 -4781.114931786681 9228.297143204712 7496.771951829036 -9277.026914649437 -2566.589311071243 1132.0766293321121 -9491.583519956801 -8619.966796658753 -6235.170645870409 7158.406357126336 -5476.960382800342 3273.663119889401 -4286.674055571702 5697.958433265207 5429.851629324645 3667.487381445544 -3317.2947560541807 1854.2198202470354 -2576.7136869026963 4963.710405675505 -3953.7386676358647 4031.95383003443
-8227.871472407976 1511.447074450196 -6982.246319582399 -918.3475799677399 -2300.7255123490913 -7527.427684394747 3314.9168626227274 -9589.685627788105 -3142.196763114327 -6222.848129731225 7292.273099977527 -4236.104704425514 -9313.239204612972 818.5320632911917 -4775.940700125993 -3990.991066917518 2822.8422235636826 -827.7125199577076 -3518.1792321628973 1859.9305306685328 -5458.604354777921 897.1681714848928 -6627.929085136173 8505.839724590645 6394.805599872492 -6176.142749500886 5894.727701709135 -9822.351016796747 -5633.042972150639 4220.246672690631
-2999.9911700175107 -8875.12302833692 9127.98735703931 558.8592234447678 -6698.296695676362 9113.111903456065 -6465.995283924911 -8516.740638286055 3983.770240707325 -6693.197633300727 8967.935757572079 -4186.587040302805 -2947.8526478090835 -7732.827419371242 8356.948565230872 -2651.349638849314 -6556.582489122067 5221.353410923608 3109.847090412024 5800.519355139635 3348.9661985000403 -8593.77953832823 -1418.4095653833556 -6178.277086786546 5832.15853189848 -9236.08835026007 4445.821841278836 -9137.63932731441 7113.531014667322 -4421.706347288943
6322.171447252271 7754.0092196740225 9231.65931657581 4121.211013711345 8651.16001821027 673.6500609788764 8816.807964523941 -1349.424759849424 2965.0371314343574 -1219.7784884491884 3076.696924404907 -4634.730982704591 9930.281980837986 3508.5818569473013 5144.3745152294705 -1833.125485922027 6834.043705697677 -4524.775561117129 5170.05718283772 -1442.4443144030683 -6599.868445845321 -4449.4741502431 8960.971391994259 1075.9595513988716 -4317.632277125501 -9311.077310731469 -218.93061122057043 -223.40874478626574 -6582.370602884973 -4361.724106819392
-7379.553101028669 3188.572265498993 -6468.70525906142 1466.2133853754913 -7318.326126437507 5520.466511002003 -3894.1221673024584 -1130.8547676535582 -9640.035946185515 -1544.684955765275 6393.4977260644955 6408.3921368244955 7564.67387957581 -6376.804788010222 -2219.9800821381887 -4775.073237907428 1954.7567198583565 1759.3890621162936 1769.520582102803 5971.00822609838 -4512.936964094712 -7895.480374405619 4428.1202082377295 -3186.3376630335315 -4629.899837364659 -7779.359633949738 -511.89556326100137 7619.1033954467275 9967.205415902918 -6731.008808742768
-2322.3333389630498 -6491.478007799571 1867.939821152735 4930.230708598769 -4892.69533205706 -4877.56080674149 -5232.619272292347 -3816.394536348682 -9777.491958138246 9143.468316413608 -521.8781477656157 -6872.611056162814 6010.6620969993855 -4241.679396831708 -6381.032082672198 -8121.828773285389 5331.193079946217 -3905.57324756009 6092.722021516502 5033.118004584112 -8555.300738047166 5620.896730214219 4948.034639090287 1721.1357893539898 -1882.4987273632132 5432.636225910639 647.5237767230446 -2621.74485594006 -5416.178050202009 -1485.740001009115
-366.21795443760493 -9090.224542335262 8986.255933817436 8131.132754607228 -8622.672230290216 7971.15488097665 -9733.130239002501 -8492.119854064602 -4065.576480826163 4890.68476256229 4666.927867258199 3482.7411839088527 2754.8513327399796 9886.878413978135 -4315.623916583244 5673.96389478924 -3448.9234259462 8455.837739130504 -6345.161418726442 -3321.686793320362 -9806.371449993603 -466.15907197930574 5469.413171727094 -6976.754120909303 3507.3779298361515 -6308.222273615698 -45.1951844127434 -9049.679533496457 4628.693001933161 -7624.51139353241
-7837.944324325037 -2609.2680499493827 -7604.284572012841 4103.833694825831 -1242.4968075637807 5783.871338369456 4706.84446595997 8346.13834306362 -8621.615960705874 5292.840783972813 -7559.991079773991 -4466.680213762553 6018.690146065128 -4305.039753327548 -1167.9484389759382 9098.883320788034 9243.32390276885 -8808.878202466392 -717.3303991376033 1513.1740749666842 -7268.107289920241 -9219.841907126685 -3059.1242145349543 -3926.350465703121 7511.958846478901 -7004.792738005437 7647.520436881165 -3815.5013200230132 487.2398669647173 1510.3115772094225
5338.247744859478 301.7429341124607 6874.894434637008 250.08519710942892 7964.325419468405 -9218.359743740308 4780.547711822597 2997.3797862607316 277.58668743183443 9900.913684331405 8281.357991843171 6147.155919681942 -6081.488425621884 4223.4377196533205 1858.5290860896093 8527.093875832728 3627.4992013242772 -2649.6105263142163 -1138.7196935621978 -3288.5374133556297 -9320.795753894152 3074.5390683646747 -8755.524379432529 -8063.278217804833 -2072.3581477842963 -3394.0584321527404 -3431.2053332107744 -2536.1516975257837 3319.1624726389036 8178.860418719087
-2827.2018509384498 6632.369957070518 -5778.36141542494 -4678.256029962804 4063.6969089662707 7663.842226921908 9504.173298898691 -8973.808663114723 -759.4884474675819 8556.191600069513 9379.106310373052 8642.720591944271 8115.464606407677 -8623.573009241256 2563.695874263707 -943.0735361374645 7694.390471077822 8700.097396274563 -5792.782748990808 7773.24222405352 -8634.83524919458 1149.391383301294 -856.6808835775482 -3376.9182446208542 -567.2225916276166 8037.5301480976195 -7946.46878682898 -4137.794086050033 -2238.2043188755433 -5967.444261386838
-6705.092280609468 1341.767459259294 9614.143707623374 -3583.0089674295286 -4181.6470328098585 7115.921676652975 9781.247343966803 -7547.489215173821 -817.5472652719982 8431.852516830779 -3275.9765384314596 20.649798896229186 -6757.3355953493365 -1444.9159644409829 1075.6797214075577 -8647.91110026263 -5748.356453832122 2195.346047542085 -3104.4940443108326 967.9459544337205 -5184.168412672126 4373.716403921793 4569.744315049262 -1086.7622859584008 -7800.373639578355 -9524.669215595904 -8296.647229877111 -9210.445573356274 3576.4375274060276 3513.5052844866896
-8690.194833146554 -6265.317019011607 369.65571429708143 8035.286096785614 5566.669752005275 -5280.132446359924 -9053.520208996655 9737.942614288932 -6735.394839311208 5835.832468165843 -293.8821752378899 5926.885575615866 -5533.910109935594 7960.77239193588 -1596.6606487919544 2003.484120161609 -637.7587115349252 8841.532181557985 2041.2130603752066 3868.072199445809 -4549.8033311656245 2884.396865742192 5248.960354249308 -5571.8531237774905 3821.987649892446 -2380.633551355196 -7224.096171107682 7638.661793565996 8402.763183417199 -9546.895953188465
-9657.358811760087 2921.8612789218296 8278.102322226416 -1973.7011775682413 -37.835809630489166 -845.8412953897459 -2578.6320466040743 -8191.899454332803 -3045.482120649781 7877.565278220907 -7875.052478051485 8761.87059768473 2285.3500837159245 5498.889785727186 -8502.758274268834 6308.05413612066 3861.29454993714 -4444.105934578993 9832.216022503686 1268.8727947064635 8792.089240952213 7983.4772137529 9573.15476007768 -1117.8485051085336 1301.4628445147318 -6232.228596253475 -9745.99259948252 -184.40076680164202 -4081.0142747375885 -5812.081921431484
7429.920852518459 -7726.5973392272435 -2480.4505377922496 -9199.415783940532 9296.273168841934 -6604.859206047957 6650.112577084383 8248.985285773062 97.83136559800005 4162.235993526308 6081.046129282131 -6313.41250885833 5602.386003402771 5158.552765705479 -210.92560506072186 1153.0040402252762 -6731.354716510119 -3437.9058052676783 -9164.840110874595 5755.931958592264 -6370.405639132786 9704.219823455198 -5435.497062839101 -6532.922844388784 -435.80038145772414 -3516.7903149228396 -7676.674805660242 2499.0019581073248 -9461.656341884824 -4223.220572684257
1549.35093795156 -3156.5785988307907 3987.706747043061 -450.52832874362866 2050.133789653235 3676.2083882564275 8291.746624549643 5340.931092122128 -3744.3194572404345 -7748.333146618711 -4437.266055020897 3833.9195832289533 2157.458239158188 3486.9318449786515 -2891.971983890351 -9987.618797051731 -7125.46388337405 2230.4664617826056 1212.023667182355 -6279.428413662687 3418.4791817359965 9012.561208853032 -8885.611738515683 -6348.65627898054 4464.6708001270035 6913.765428919734 -9203.631128301104 7207.621188673478 1457.7277873190578 5089.701411278973
-8036.826789143847 -680.7155160779912 -8807.8449118065 6234.244278139702 -191.97089516596316 7743.233278412052 1896.5098069494197 2986.3102109478514 2856.337261261231 -2140.4340508466976 -735.3886249819825 -7673.187192938091 -6548.601921150221 3020.03524202223 -852.6553238311626 -2139.581361383811 -60.85627296696839 502.1062415665274 7949.374258258831 4732.403896052832 8591.242627610362 6658.183753688605 -7306.093465156174 -5592.849099413468 -2046.783375361454 -3513.3534888913 -8211.393253191984 1709.595881211113 -4511.157666774379 -13.231940636147556
1149.1783371638594 1032.8639653928003 -6726.106087870292 9551.57471704848 7515.596038977543 5260.645065116241 -8289.637229027214 6667.811174106315 -3082.160165965204 9437.52929522286 -7457.057259809497 -4378.034644912552 -70.95982994151018 3481.068861737447 -1900.745883978092 9193.55559646607 8522.569657939119 -2942.0005781531745 -8746.498484684198 2876.3665482326724 4121.318872250697 2798.7181560799363 -2926.4846675000463 7299.366751928668 917.2894579153999 -9866.227415702033 3301.8548816361836 -1747.2990210607877 -2476.1985865926354 -4429.223494579024
2565.2751672605173 8264.51380344267 847.5595844820309 -3439.7045054807804 -7767.792609379347 4790.947665932532 -6386.6750885058755 -2490.849759310836 1526.8548906587548 -6021.309955852789 9676.432130211298 -658.9210556724593 2173.404156757899 2270.439788527163 -3154.6497799005692 -3796.7834996552165 -8095.315662498421 -107.29934891841003 -7828.250950221043 -8972.974584454381 -3526.414450308682 -6396.666155936609 6058.064128168735 -9174.497492903703 -2008.8244176832795 5219.804956202754 5231.382682089687 7755.751764115907 5770.274585494404 -3016.9683180747643
9415.871402746288 -2716.141662668243 -24.834665260845213 6112.735159001668 7910.2284300768915 -8889.791789166457 9271.231097174546 -6945.806369725231 7329.547851111856 -372.7638824181813 1125.528876138469 2415.6542710832873 6028.919661298451 -1015.2935603776041 2266.935396482473 -110.43820741430318 -3388.4134098357754 5108.396878968226 3247.2560221627737 5232.4407833286605 5100.809041737397 -3141.833391713795 9876.812265472385 -9697.415141284933 -9979.084236723456 6362.900064165047 5995.784105182049 -3593.8289964727455 -978.1059054507296 -8005.764023114543
9629.95002610061 115.74728824363774 -1408.7679748107348 -9439.813903422006 -3711.1224664570645 4768.826170026992 7063.081609740348 -8428.81005348068 -9915.148648354298 -5111.885403032905 -4262.659036512637 -3503.9039618891784 -6994.785284158726 -3310.966826760091 -2398.7345825589855 -5335.317174588159 -6739.546605799442 1243.9100104362824 -768.4873115525679 -8472.143153319612 6487.938175547843 1257.279139902821 4696.353694462923 6122.443517158064 -6538.138435278795 -1678.3778232526074 -6393.712264979572 -1118.0535975075818 4896.253399038904 8901.194936285166
-913.3053888120157 4500.296529534498 -2261.1885901029027 5405.078326894363 866.5150158292436 3815.4308582587273 -3629.1686390546765 8722.321138115869 -517.7686444992723 -1903.375979331603 -3115.4204676804475 -9881.343600311511 5609.24282654506 -104.66901843418054 -297.4771447026196 -1059.2106731596432 -2959.192132147011 -7403.499367869177 5019.227283847424 7431.442150214461 -8103.828791604837 1431.938464712217 2682.6396017297484 -971.4770674100055 7581.731149389168 -9259.314034479605 -8570.848003043004 4739.655988890843 -9536.025093943508 7397.33212981723
-2879.5375988288542 3114.699896773822 130.8246364975239 2807.485379453812 -7422.648042880004 2998.7877144354297 4993.722530522711 4556.098674040259 -6301.1287742050445 571.1096092073494 -3980.0987864831286 9674.553185226268 -3109.9053123027006 -2846.520222999862 -6770.3646217860405 7429.831246982689 -47.62766731848387 4785.700701139553 -8215.891913229621 3706.4378318631825 -9464.051140919146 -6459.187356102536 -3957.7537470496572 -8055.2897979684785 892.5974434613308 3433.171707247724 7338.4296064056 9210.423656787054 -3062.118249527228 8178.27006560906
-981.3303721892516 442.2779386589518 -5348.5167002335165 6749.01596369272 -9155.890616947518 4454.5780665428465 -9182.051417321774 2081.8322970154713 -6084.546789742287 -7628.538893113386 -5114.114818632846 9933.377991575788 -4870.283108238807 -5389.979200301455 7285.176291201562 409.64676378184777 6926.227412880045 5813.53317085832 -7006.62652437531 -4276.340506408651 -7772.375051586898 3680.6438124087454 4920.0377293589845 -595.49516186449 -8331.269808227076 3865.592983836941 3174.0770499977098 -8920.029064315226 -6237.121583557107 -6391.361028841294
3659.3788053660974 -9391.84705835093 -6604.866332998165 5911.860919769559 -1132.2981947887874 -1209.8092312064637 6632.982278188236 -9371.49228358301 6257.800409223699 197.62699097083168 8980.772146963329 -340.63718161633733 9202.977174869084 -2567.1244589078924 9132.442246785937 -3884.2005225794974 6724.270330093255 7863.011326932792 -8851.99021953738 178.78857913882166 733.1716075839031 6145.594991169681 -8294.35387313331 9575.465138191648 -6728.91403742842 8141.569334983491 -2009.8037844548398 -5152.216181088019 2526.143853045429 5083.381507989974
-4781.22349548699 5113.43882963867 9493.538674535728 -7906.403164317519 2272.917611479188 7407.208026821485 6103.200267243212 2498.2123920467766 -4647.400370074129 -4699.463856664781 -8084.797752235327 3551.485229188813 -100.85835517695523 7805.368091321994 -9731.208811080327 2887.3535555443577 -588.4644389864225 -764.1622345673477 8691.598647418676 3432.531377456751 7699.588193972693 8138.0102885201595 -9036.791955168188 -2758.249207425125 -8803.423539237774 8007.244779452303 -9124.187582147293 -4932.623304266046 9806.944421074026 -7746.318380699768
-6240.174527400559 6974.895977280903 2303.1887552035205 -2150.8512338402406 3833.4840459055067 4044.3901007578825 -3570.308207958533 5235.725281515699 6367.350437029632 4446.339874710531 -6102.264207081272 -5440.549825334242 -6186.446411464845 8158.307640741696 8119.603002866592 6736.987217558042 1745.9312293632684 746.8588201975526 3230.5760795257575 8571.414650710594 -8466.940234351834 -5504.992072453953 4797.7867540368115 8470.151450546862 -4337.982973919552 -5285.365663036107 7445.983048809554 -9806.454138572755 9049.02683326247 6566.744407877006
2717.5035851217144 -2595.930963787794 -7227.076437293927 -3004.717544869053 -5610.60006040877 -1218.3055664661042 -4799.304825866697 -1037.2850785638602 -1672.107373022116 -3817.9934591533747 -8885.769048042926 -8407.23655932831 -1046.178725594731 8018.657694485726 -6375.631591216582 -2476.0091488051676 2929.504286485966 7639.892538325163 9397.171104079429 5981.744235948054 1791.7277112430274 -1631.7800482027378 -6388.651604840445 -8897.52487124921 -9808.218529131043 -8910.736957556608 -1618.727020130429 -7018.4752005865885 -5694.803739336578 -3855.4472207462713
-772.1692565564917 -4897.998441075974 3496.1459268065846 -9896.852264797044 -5669.4093790206025 8973.387621251051 6737.906215491752 -6062.732077605155 1334.0341670069192 2570.7731143258625 -4198.469634320929 -3739.3813552601714 -3823.750279924978 -2720.5494399416466 6457.355482706338 -8156.004889258746 -193.7426198290632 151.93395487985072 -5341.111684433935 -4600.786176285789 -4567.590455947253 -9965.341224145066 -1982.5627338014765 -5599.027935057712 -1767.26860916415 1226.1385871966286 -7937.987110095133 -9361.390052432016 -5294.044176638855 6097.3601870280545
-479.59645053123495 -8051.3490006009515 2373.403245068015 5112.2201550894715 9311.868206711366 647.2238456530904 -4830.40536039373 1543.888503128237 -5167.228531831039 -8088.919642123317 -4846.736537391676 1896.287900449459 -9084.155225840488 9535.914030624 -4944.426077423558 9099.454555281387 -7210.654127330409 2389.0622493135143 1101.1689928320557 3721.9225582338568 3618.9531878030957 -3856.9318689182583 -9958.96988095884 -5591.338877371603 -2292.872924328575 -1991.0186484248052 7420.1201498769915 1370.8744105216047 78.4642905917226 -5880.196355999814
6655.430748335446 -3466.144154048631 -4145.607121598458 -7590.521702201436 5542.176455210891 8851.495264295081 -4591.845401479087 1776.463760812525 -9916.231201046387 3804.779027412251 -2763.4198528991164 2212.74528314109 -2913.608973965789 -2482.906924584933 -7916.5750364891555 6067.082285410506 -8636.806890897062 -3249.4544694816404 81.80696851710127 -3479.047772064452 5461.673372998897 1515.7631398576104 -2599.7492228859073 8919.910168302482 4437.504921147263 4277.816390120182 -9471.030811926152 9046.2714588856 1169.6022719749963 -9169.387127601769
115.07010514774265 7027.319516369735 8974.728748300902 1367.5046197484262 -2390.2413424725146 -9538.10080935406 8479.613028153519 9755.307047760103 5025.672195116147 3084.2140528064865 -4721.864892591186 8296.329435178839 -8601.766919667449 -732.6027079853975 6671.048919254568 6354.714698249276 9862.522709543566 4341.968919283099 -6085.499197897797 2961.1490170592297 -5610.639602877892 5075.803843723323 7178.565585979664 8744.368200646477 -2694.8403387034596 -5650.917140250942 7387.8715518817735 -6499.0390959573015 -9925.742103521176 -6224.704554842627
2812.494830216632 6124.328016170015 -996.0826945337649 113.47602108810315 -4823.039137263027 -4855.152563024792 3846.363603811418 -3409.980037380613 8441.016967126201 1839.0852810573851 -2794.4276602598775 -1370.9413607170482 -7914.098394881359 -4464.955402768022 -8288.84444850731 -9761.183253234822 -0.7144681696299813 -9663.811557852203 -8701.578589488454 -9808.353667337093 5987.359973069211 890.4656655469771 -7304.37652837796 6952.668839271559 844.150270189537 -2449.652379433076 -3413.16012227201 -273.02136876422446 4394.923841258189 7775.846211225577
-4438.2909843819425 393.057037025299 3487.5473506983362 6078.667549879197 -3757.6549838412384 -5541.209688763549 4258.687740743913 389.27435704628806 5319.804900747058 7751.861398774938 4795.783700351036 -1410.9690233560304 1188.1457739413654 1779.4652769295008 -9599.56942294785 5075.776960572273 6212.835434955297 -1863.6916072864642 1447.3013133868044 7481.714510285929 -5258.682398063131 -2589.441740797669 9908.53821639391 -2427.5267543562413 395.8682524549313 -5581.268920680353 1679.907516345018 -4030.1351833416857 -9886.660826375777 -5629.694804868534
-4224.959989423555 5459.587152770624 640.1985673411709 -6201.804964393212 6933.344197953178 6632.948980311576 9328.884599375771 -6699.035794769024 -8428.685446721944 -9537.759997198027 1257.726459743335 -8291.700718624556 1083.4289535328026 -3965.1556314206873 -2519.7768159255384 1128.6385663591827 667.933329891117 -471.73709653441983 6778.875682516762 -1136.6985789476348 -9693.871908720414 -822.4825515892317 -6688.4005632801745 -5055.343435270188 -2237.16205993272 8794.012513908765 -6192.716779006532 -2134.463053717379 -6601.031445673811 4428.1008444284835
6145.407550970413 -7083.600225566815 6755.629099267851 5649.383142751392 -1774.3565338896678 -9351.538258471563 4745.4273401646515 -3529.9024508613684 -1624.700431856445 -910.3317761692288 -4570.188455954609 -2694.0091056504343 6479.471805304453 -3918.760538978452 -5260.257433302165 4969.954605085877 8109.177951430003 -8076.788515545243 4829.331918230539 9275.415320311022 9416.474872470812 -4694.673011230195 8006.94701809765 -8952.708267845308 440.04866553029933 -3159.398376164373 800.7872779709887 -4613.168105395198 8940.933031169308 -955.5046983029006
9069.201530481198 -7836.711565995957 -4067.7225400493053 -3273.9849696665615 1032.8590978995453 2720.7779572095405 2540.861826643726 -1239.4356815729934 -9110.982506137098 -9539.014008505432 -6978.534580637084 533.6125234717092 -2759.236477901499 1586.1024216579317 -3220.2737509967674 8533.306358960337 6210.167072436003 -1416.011824515659 -5994.406365103342 1203.9450087938549 -1015.4818615128843 1733.704952805041 7472.276336343155 -7163.437388577902 -5016.184499694694 1662.748755791803 5118.03064425742 -9647.359175288644 -7754.140681379758 2796.444020331701
-3358.065595259296 5718.720685514498 8277.230600280596 441.67169663427376 -5102.390200243772 8177.619851094456 2448.494264207693 6851.530898608336 51.85805798737783 -3340.6000812566554 2749.4784801130572 2974.3813906008436 5783.6622431753785 -3470.039023041929 -975.3886183325503 7296.45462368269 -6003.785354702768 -3028.217805509481 -7495.906678591706 9639.200672352137 -7099.404482433416 -2586.1948783299395 7661.489493258527 3837.716770970528 3205.272075635661 4359.570633301644 -1910.2849739017101 6300.112520620767 -2719.632814649278 5206.732513573523
1 30
6215.602195502563 -1709.7180701476282 -898.0220459146276 -4860.634876025325 -8262.213816791926 -3988.98342473093 4313.719845703752 -5449.1485230638355 -9658.657504106888 -9742.345700482749 4345.047605915779 -2518.7754787768135 -2074.3136291527644 -8409.634663817313 -6780.579734725301 -4464.058659706927 -999.2609975917294 -5176.395896543467 7963.963330605857 8607.73713713115 9993.661247012067 2894.5062219104784 8012.561169156434 5686.089213490617 -9444.537802556948 4502.697732942233 -1456.4517789699876 -830.0978893913871 5592.355416549328 5411.300055551905
