40 30
4144.6137115288875 5447.55693037494 -1791.3932102829385 -4453.643563281859 -5593.50458962315 1748.1432817546265 1784.1501608718736 -4466.7757341378465 732.1525783421148 8378.718686818465 9480.240044089074 -7367.179987171199 -9038.512572450594 9984.94878401018 4770.254131385105 259.0608039522849 -9815.082702138365 -3567.391362148278 4414.460004398572 9620.269183544551 8558.536603306598 -2917.9676458467393 2594.1580995594322 -1937.9125567962465 -4655.6931466648075 -5948.772480633015 4894.576049225794 9719.873020305786 -5730.301602089734 -992.2543456108142
6790.77331038304 -4809.106896340904 3913.6431437436167 -9076.632038408461 4184.560984112151 -1545.1307628355826 4168.874571688528 8728.569442885808 11.916219033873858 2252.139603789443 -4760.918916263388 51.3151381961743 -4924.40022293899 8113.269493176747 983.0938930160155 -2468.3827939986822 8467.740790250744 -589.7931810262417 -6347.357932347992 -906.8653328931941 1326.4990260371305 -8457.284905488763 1310.9684055896469 -9465.731787705192 7530.854181558367 9248.10362130568 -9548.351339494253 -6377.8052367672735 2729.5221891636447 -9544.96042273645
1341.8270054273362 -1574.653757679438 2191.654733348667 -8605.139064167977 -6672.583046447849 -4670.395071745079 -848.6279112234715 -7491.748075904525 9538.556174445945 291.6979901340783 -7500.790648958893 8866.66807772572 -2777.0399070103276 8300.40613014067 -2241.4715814180245 1389.4317590014398 8444.439405942736 -5224.122438443339 6232.728705020856 -8344.769133683212 1592.2880502172902 -3145.2786524295925 -7516.992870990187 -6661.873469611199 -8849.445205091799 8252.423481428868 3221.8436033028247 -7551.575657884615 -1095.896606987586 -8031.381991546403
-7768.11376910109 -9221.591679947112 -2400.226412852857 2594.3340521257687 -6855.5243439831065 -3018.449356165862 -502.29884237378064 318.95039572367205 7749.674481833848 5123.142183221456 -1246.4056969496978 -6553.892747896779 8726.205261906329 -9179.9760960755 -1758.0193674070397 -4109.310099413943 -8277.766228307988 -5391.56772446348 -9102.231959415183 559.5913035472713 3363.905633326325 -2257.8356876523458 3807.2606504078285 6031.222414160715 4253.8216257022705 3657.035529134593 -3677.978235658794 -3547.6228511376285 -2525.8775527343014 8824.24956279403
335.78946272175017 -6992.10987393305 -5545.999433301283 9553.466284703052 2572.5375867242765 -5815.395948632747 -3944.313881963175 -3291.8462268680405 9075.518079712358 5514.704437553233 7027.353856195623 -2691.1831817575703 4404.180537375825 -7990.849013142951 2425.335004760025 7401.53745133986 -4822.792685619841 3721.5610608826337 -2887.788060502492 8018.64239266689 -665.6892860281896 -47.97261612901093 -4645.240553444594 7764.324516518063 4673.92502495099 -1778.1797053528426 -4038.9127715115665 8050.279989951287 -8363.978735802775 4988.907939413119
2675.7842651627434 4113.524123333902 8851.859549670866 -7662.772000543317 -6240.190198770357 -1355.7850249173116 9526.546497547431 -2973.2283984278765 -885.3387613880259 -1476.692916465523 -6560.954523059258 -5245.545375361982 4330.782590663646 7337.74435717308 -219.91775094773766 8361.512380109325 6225.294018885879 -4694.527562349147 7206.804907063084 310.9457662543027 -497.2207521470318 2885.1665431890015 7076.6526543745495 6794.783383178885 -5341.1437906811025 -5241.990659061759 9080.145377408207 3032.486195701087 -4987.613666245343 -606.6842963551335
-3458.7586196712364 9949.828532013667 675.5832545560825 4184.150601866144 -8419.179894609782 -6536.829621902613 -1499.1508857064364 -3147.208362440061 -4718.669356515675 -5424.263849722805 -8503.80147488987 9570.072304412039 -8295.496254787227 -4253.856768762023 -5122.543181072708 -3527.3940082889885 8249.902233922327 -7590.037518833359 -3464.2644851189134 8744.89232308029 2876.168318893595 2633.523688717887 -3785.265382210914 3817.4386834459146 -7849.53511870609 -1429.4293683810174 9481.616391801443 4904.610462201434 1725.4256625281287 4275.254876473782
8827.527057619576 -5418.410372020945 -3103.4011387162864 -7564.792066283908 3530.3330027459488 5583.780894242902 2819.7976653171627 1962.348813541048 8007.710027014735 8405.764445584635 -7391.573636229785 -1043.9380094779008 -6627.313327419226 5255.582585030577 -5669.684362293355 8996.799626146189 6938.21142444346 8107.745364622828 -6067.774154045284 8629.97658052354 -3289.7317785473333 4029.0353897491914 1229.1806883456866 9087.970700005491 -4627.870388591773 3477.471351113956 -8280.508805719664 4227.689029112491 -9005.256505729236 -4804.171770543438
4210.922188445329 3462.555715551256 9176.258712026167 3121.122062160801 2855.759055372624 -8777.183730723977 -206.5705624844977 -1422.3613368344304 -7590.404082385018 3467.1907801180405 6807.292788929764 -3000.841647289006 1449.3954742152018 -2367.42666294415 -2295.1426663968123 -5439.788861137827 -3959.9254940333094 -7067.112171677905 -1436.0408554929763 3641.5362194640456 9472.877961779384 -8084.880131205218 3126.942603400321 8121.07021584273 2506.773257210436 7538.968417275388 -6743.05944522879 -1469.3564023403178 -8077.8709977805365 3217.3598079286985
424.7391171836789 -8133.693109243465 -9234.005230003679 -7314.902456870355 -5177.419741910443 -579.3256334124744 2242.7897646130114 -1493.9906427306232 6172.700242465107 -151.68348965114637 -5694.441534198049 -5926.793535749992 -2429.767906611597 -5306.077606641884 -4145.267392098984 4644.956513614456 4394.338635584778 9480.974943616293 8224.68691229327 3646.904842358439 719.8428124183156 -9110.440581580535 -10.93982716865139 -8610.739545757091 -2838.3383111846942 593.9859460390071 -9271.249557872858 820.7938658703843 -6228.006955053757 9183.500638062658
3383.0771286760573 1337.9112416499756 2772.326245644357 -1961.1094503072654 -160.90425472716743 6144.511955546961 -287.39096737416185 -2817.906987881999 -2258.4775861940807 -1598.829709534668 2217.167058077781 -8371.373687498171 5426.139744340415 -8405.614639490712 -2899.883974127657 7659.87440767077 -6059.221938980204 519.8706467914399 6494.445037146641 -8749.784803108234 2580.455082416158 -4387.872047675425 7735.449471527048 -6779.893335053126 -5937.527667071723 -2836.068764566806 1962.899640163052 8236.202703952535 -7008.056916442214 -6253.975026615679
-2479.5534221793678 -7542.920698643944 -5819.503123376672 -7171.106374625085 1988.0884956429381 829.5033866086342 -1334.259817839289 -6758.587797455262 -9285.378459701476 2517.990989840895 -7505.545354783528 2130.094956080955 9314.859266868276 3287.647232897454 6526.094031089615 -4672.908732164285 8240.274558335153 4642.392208065699 -2029.277654661807 1021.7859812928746 8515.504619523708 -5563.914120310223 -9175.538838557546 1288.0026197331463 -5480.631878727207 9735.195808345812 -9218.627208491374 8079.38308752326 -5416.9680203133885 -7229.60314335244
4396.780395858501 4856.159802440567 -3349.3698139332873 7611.142424421105 -2024.248338104584 5829.1877131732745 2561.499470067676 3689.267890938674 2920.0726959025997 6087.786064645961 3546.296245805059 -6349.088292797371 5779.383138684123 794.3884646746228 1060.7010482722453 -1477.631397104742 517.6771342515767 -583.0592172773977 -8708.2415908043 -3936.805418860449 -6101.120327379887 -8841.338869254709 9348.445551189718 5162.207921271873 -594.6083775954212 617.092873026495 4061.1615950172636 -6973.573036337304 -7152.602262137831 3961.1392459996423
-7303.1493007893205 3367.879020285718 -7455.568542204803 -8395.616124695905 521.9357759068025 6574.211610636277 -4700.745993745585 257.41137370388606 2690.3140772101724 -2375.935066389954 -4609.667787767384 4293.749235641508 -7790.540944596955 4589.349885442629 9498.059973087064 5302.146314301133 -7055.342016992008 9757.50718962479 -9184.318673240905 1266.1590242006278 1549.294597871818 9301.246811327768 -5832.414221313306 -832.4334989931594 8671.012010350369 8452.581999219994 -3544.732169981333 -1032.5633100873692 -7092.547985017816 -4696.804406278896
-5647.235435079643 2815.29469409147 3449.370527003277 8056.405143530854 1809.460173282312 -5756.231421665563 1681.4739198981297 -1236.4521427603086 -8840.638191669063 8216.133208805222 -8378.093776053462 7016.770404228242 -6031.512916714597 -8414.222549927126 -4288.429070316751 -1942.2457326670892 -997.1640493313789 4801.872876288831 -5970.633703927173 -8171.32346908956 -8002.004454970342 9670.188966892878 -7499.070529481495 -4441.511248524328 -7970.682249564891 -5259.312329304277 -9427.935527840045 -4502.4535416081935 8431.892925115066 -1832.2348519455309
-7212.351322963684 9896.104410613647 2568.361373642796 -9315.731302304419 3981.211327841973 3740.0015660868376 4039.9787335749024 -4558.533146485522 -9428.59284519915 -8993.235834804063 5556.920190144543 -3183.9583916456513 4673.202516180347 -2613.6818047758807 6289.241149886171 -7599.623355329601 6262.287406914464 -7093.160092031996 585.7709799226122 9808.443678121552 -5617.374918573321 -5709.7392178672335 -1182.0383925042279 7437.231844328675 6189.180865539809 -9655.582248791592 -1477.1286912167598 -3711.7236614046824 8960.264866105863 3274.355835023147
4891.643627414744 -8436.718843409792 1532.6602042735776 -4587.194308344698 7958.076588950484 -7586.425243515881 -2727.8362707093675 575.4157981687385 -6801.431554287412 7627.003875286329 3000.303199529526 7912.417380025505 -6609.363811790099 7105.602489491073 307.44251494951277 7697.228694961959 -5410.211512472729 -9038.818908788315 3597.9945474539163 -9201.517666696933 -9399.281882889587 -1961.1256248162845 8270.698652494197 -9399.594540638447 -5657.3861356318985 7216.980930156176 7671.455996644592 8794.464891574451 322.8568627807108 8225.90016810942
2441.1977693735917 2926.1357111880025 -5113.2670093718625 1750.0502748861563 -5189.050785665474 7344.566520427128 -1580.0279137245998 -8841.23884856652 -147.3933478166964 -4554.142732620563 -1343.737077465763 9755.670373903798 1681.781487891465 5224.6840349680915 2923.0531302734416 6003.878940950142 -5498.529928525919 -2808.2779840704134 -3152.412099652588 -978.8534454014771 -9707.688405777379 2909.703975093289 1716.7689362334077 9447.613593229496 4354.205116459225 -5069.393650268666 213.6022328008603 -7752.667682088446 2519.676048501671 -3373.918466173269
8474.670242622287 4380.171778362772 -3331.3576198221726 6555.721107901092 9525.199019777625 -3064.816241665467 7413.245437613263 -3781.383623380115 -6371.053157787861 8453.27988385694 -9140.85065025141 -132.06213361948176 -8591.949908394978 -3668.798757733969 1216.8707660686669 -252.11732474504424 9320.253923426615 -867.7416133093793 -153.09830842691372 -8565.767338107717 -2190.434142884479 1520.4903284432075 2432.1142080999816 -7054.958408786391 4178.435997315573 -7917.020030476006 3549.296330715446 3803.752160138816 8816.01946743449 -6433.34172778405
8745.147897777511 2692.951093123367 9521.614651935812 4583.874607536456 4629.401055839802 -3848.48237972681 -3078.890494889046 -1528.7147257210581 -734.7352227486554 -2918.773158288168 -2349.8950328963965 -1707.039923422084 -7776.796321697044 2671.512101821614 -4637.259465945429 -4480.211618879351 4021.9376424318525 8272.629553215374 -1869.7089905720586 282.67085890848284 -2941.669996613845 7891.237070493007 -3750.926264820302 250.0203329096148 9198.663832078371 -6791.67379955304 -3732.8207652340707 -121.61565459208214 -9759.176206940483 4431.346603586524
5425.7509369934505 -7578.361405205665 363.6244135179695 -8314.65260625804 2927.212625441636 8461.06992673752 7455.243772111724 -4169.796671807664 -6304.687816357426 -7309.120494111792 -297.495666616187 -4242.266403094112 2089.0804136611423 -8584.19470049534 3170.2165853029837 4486.9468107757475 -8856.42495846719 -1280.463888248285 -3491.159842595348 3737.955076162956 -9073.429845095989 2968.014044242458 7183.920181649704 -4507.047071697918 -4763.587724111384 8400.86609443622 73.75082736977674 6891.535958161909 -8756.51109581338 9404.984548665903
7601.5116797254705 893.8513237826064 -87.98478339601206 2299.806117711434 -2871.6741162109647 2468.115578433748 -9958.499779513244 6923.199392815521 -6981.1992353901915 2143.269566489589 1743.537108319355 7545.766074765561 9473.756002026323 6665.210486344091 -4015.829805437814 2273.0082981379182 -9934.040100956154 7683.568215431696 561.7182868270993 -9438.783339590884 -7953.8396895395235 3431.339128853333 -8179.299515042801 9508.609442096022 2524.1477991892916 -9116.68231094224 562.7011887813915 -4019.2209594974956 -7606.634562125611 5367.347571391092
622.2644597110393 3132.8633833384483 -2971.3382210079135 -5654.706747508824 -3927.2647437310916 8654.556266423413 -5122.3663376831955 9067.147726556777 2088.3137103091813 2356.010965140513 6232.877116954094 -2230.973506509972 -6900.446895441594 -8185.434127587123 -4022.1253926443005 -2315.402205481052 969.0008343734498 -1863.3962670324781 5864.751436412504 -7796.009033504228 -2428.2447089917805 -6922.801392862757 8131.772869765238 -9828.285908573842 -2464.4396321248796 -8284.518610800882 -9437.70851951036 1333.9914829052486 -2731.9980215432697 252.49705834946144
-3384.0194058892093 -2722.5410514441073 6328.535659312045 -9511.191270109452 3994.326281690388 -9165.107535122388 -4034.7973062668507 -6297.158627415314 -7658.006087867881 5294.012232365554 -8795.597730420886 2865.4419848862035 7638.246178921403 9899.740955038731 -6306.593766362072 9532.08829498431 -1830.264269256103 7717.044067154169 -7800.086995391004 -4644.129374464636 -9092.992005278853 9814.051257494564 4138.416071649326 -7368.710740487725 6186.136574034956 8921.060864897237 -4864.697924698688 -1391.639321286124 5952.822861376691 6867.239597265041
7069.536231584971 8392.455130839135 -5021.959926462995 -165.21356542087415 -4212.1781562571605 5167.083413533734 -6789.033357233542 -4347.619608408766 3920.6056331211894 8728.475710377512 -9964.591503614392 5192.77211765633 4612.565387409202 -9783.21725907918 4034.8144821891037 8262.86398766546 -8578.689621860041 3740.657281609423 693.2918618191452 4374.768531140855 6981.378845274565 7677.195438170926 8150.068265985232 -347.57236413154715 -4974.8118902873875 9973.182158295196 -9199.655705023439 -274.89469875917894 8203.34080315334 -7871.341178838811
-3268.784979386548 5543.73213933198 630.0986531904691 -5640.287889996281 -2024.386892300181 3004.960453453881 -3525.761865245656 -9444.72034593935 -16.891292026302835 -795.0426574573212 1448.5360896070197 3302.6176564397174 2684.0813853675536 8170.246347227658 9.940718630725314 -3563.907676879796 3106.742528036515 -7548.354023134112 -8145.87479431983 -7898.917371224352 -3496.1139827174147 8016.292825988479 -9095.508640951619 -4928.893240450485 -5301.313554013818 -1539.4710745323518 7833.577774860136 6412.277122131545 -6949.6717872905565 2013.359586124272
5750.72659293542 595.4140325967637 5876.598399789231 -6510.863952547217 1064.8170281526563 7156.275307031792 3500.142538746184 -8671.134643806821 -6507.438224306663 -5815.064845366001 9417.879199460316 -8334.18768824996 -2295.5376133693626 -8100.245429536728 99.68133861625392 -2859.6239751091225 9150.319406816863 -9580.0950551643 -4449.092192270663 -4811.2568195785025 -1931.6295558062584 330.1225117641152 -3254.219736880864 -4948.095481896424 7903.335150477982 6342.812574170353 -2146.3122711087544 9357.902796228074 6962.809542833842 9119.168060370364
-242.2650768672229 8367.073889172698 -2633.4252081483146 8724.72322351544 1900.592844590965 -6839.717893785078 5891.342107716788 4091.7536773392985 6759.424915856158 7880.7318752199135 624.9648827428882 3122.139847271699 4496.812132032061 -3870.3379243771033 -1077.3180750479823 957.3390824810231 -2751.5750179824636 5475.218908914345 -5435.888466495325 -1392.8499264872917 -1682.3228807513806 -6794.766112041792 8975.950762449305 2020.658039254111 1603.7669564648913 7041.562102800748 -8923.484454076483 -584.7265340674567 -5750.197233456977 958.7204712133862
5525.126881728727 6813.0596471498975 -4790.825180681318 -4438.900503617735 7354.7484841143705 692.3329486298389 9616.347053844172 5281.820497830893 -9281.350155778779 -1082.0339740343734 -9492.541350005567 -5969.474317151431 -2301.3430030037325 8636.540017252759 1786.9517627099467 -9503.163465587817 7495.75958474696 6328.173290548975 -8856.896474195988 7036.132959319515 504.7978541206048 2853.8683696980734 -3678.4169265979854 -6982.7559495769465 3174.3275685988574 704.8954087899092 -7757.816243294106 8708.911953602259 -627.229571685175 -6890.570491485098
-5848.033013587684 4939.400635131959 9156.1847336668 -7023.018191958721 8674.608651877006 6355.880396651402 7151.413344568955 785.2609040384777 -3551.614932500378 5539.852911162254 -1964.3489366945714 7482.4303383402475 5186.510649747073 -8020.747221447413 1452.6302868335424 -6407.739289757806 -9131.05608693737 3671.2014332754843 -7507.2273967839155 486.89248389336717 -4277.741380067119 3799.4732741688204 2486.9726274825825 9895.037246523847 1889.9091055597964 -3258.558712594495 847.20552582255 -6207.125607270958 -60.384497650302364 4714.256231400073
9450.076390123824 -4000.887912050135 7764.7169964730565 7834.525100967276 2039.7675227667933 -2190.404363264538 -1185.7408114446225 8525.064937999712 3095.497048195677 117.17458638745666 6495.090383612842 1030.3755947743502 -6702.616648046931 3421.88742112008 3733.534869918687 3641.2698651713617 -9874.191024160675 6690.064408374208 6176.222846728599 -8238.11350300726 1280.8068366438201 -7681.203132271432 7174.372431811029 2586.6929459125968 38.77804764162829 6655.842850479632 -3607.498934716724 -5954.149038329768 -2530.129357552315 3226.0512969795436
-480.25388628604014 5138.906050126527 5722.059395270722 2922.2638751578143 -1274.3546711574636 8694.63243623466 8230.180837988253 6759.1899181165245 9701.417268976518 -7630.725208033416 -708.506714677038 5765.719982388766 -1231.5933665755274 8641.057773828888 4226.0574502411455 -5584.184843146187 4844.276078141127 9720.923220023047 -8035.973654927504 -2427.2741211127923 682.9884749814792 -9659.223105256577 7749.885956511949 -4214.748483197417 -2530.470868908945 5543.592847766315 5213.5675125544185 -2535.4246973610016 6915.254884366812 -6798.182788621718
-9641.551293658267 -226.2799150484534 -1102.9004381361701 7602.940449954935 -3487.1284766617537 4592.40648316706 -9832.184862366636 2128.125173434446 -6534.586221007637 7780.019093717827 6960.978578826929 662.1214018037408 3349.94299627675 -7567.219597356392 2306.5562459019166 -4453.69293515987 8454.712734636596 5883.068424482686 354.29221207336195 -1456.9526503046563 628.189066981864 -5166.977807168516 5568.515045471035 -3008.778939653067 9558.974257031 9834.488920368392 8770.585092315323 9140.445328293761 3915.5809738410844 -6449.9896867456055
716.1501905012574 258.81239654904493 -2708.630602440736 -1802.151724403875 -6042.768585730742 1048.5914195269033 -317.88919180755875 -9089.34815027312 9471.39219318363 8132.705335228162 6183.6961134120975 4032.3626651969334 1064.5147355176396 3905.013054582023 8520.222356193346 3351.7768786616034 9109.574826889235 -3815.92556318312 3158.2253755748006 4179.41470980054 -9287.478533187199 -7560.925719748661 2811.508513974595 -5168.033236629739 1917.4011447536122 -2376.232382093377 -4760.227379129292 -7554.344827872488 1317.9448362286603 6287.219234429049
7275.201331024706 -8991.175169228389 -9113.568929182919 6580.007786052156 1958.840595455351 2457.947265780709 -5890.433084954536 -8635.178045089939 -1375.7845764981357 3080.667847626619 -6756.42384302338 -4850.117514319046 1461.829178388225 -4076.614059309729 291.33523833239815 -8711.766535042956 -981.7925024230753 -2512.5155092657133 2936.081274808799 8517.63209119891 -6748.416857511858 7916.799459270202 8812.589135267808 898.4220553150808 -3162.0143023843593 -4936.031489826562 9480.217618162267 5800.92403012738 -2195.698562903408 5047.491794607837
-7831.11964866791 8489.703183148904 8000.68830645641 4689.763071736821 602.3681111107289 -9014.642861744584 -7527.469930642274 -9721.932865209048 4843.130181431921 4897.150865726126 -6337.574710130753 -4315.000901134809 2451.427118154372 -7997.253188303186 -8958.393425983424 3005.2616229153955 -7537.489413742884 -4650.1216750733 3936.250202611036 2950.275657605789 -7037.262364804981 -9565.885542970824 9726.863277900662 -9098.431166382665 -7430.2129109245125 -4994.62490567693 -727.6481257208652 -6030.745433138043 981.7878415008636 8468.79017685875
-376.68157634603995 -1221.3602477276927 1212.5431726954903 -1279.827267859875 -1703.5082240456395 -759.0516425683418 -633.7287299660384 -841.0288028615105 -5374.748075538631 -3354.7787663800264 7659.849229919677 5340.618136475381 -7359.261405999009 -5075.441619024706 -152.6855067111992 -2421.457135866036 -6361.702261927143 -9840.685619479169 9656.403363848909 -7419.590985076121 -8853.311320455376 5838.73099708989 6254.334779580977 6391.184867382075 -7948.341207318188 -9900.482348798645 1428.9146683129675 8364.439725411019 -1934.7673175709315 -4356.198467181298
-2705.179213439211 9929.120419888292 9247.58375861468 9591.586428551669 1986.6254906329978 3140.714642678018 2749.6409090392463 -4310.718438760499 7109.5558128719495 5621.3941914327115 -5095.8083593842375 639.1063321421934 -2758.69204613693 -4278.205254372938 5932.047757996146 6421.467217601174 -4823.3704101803805 -8014.511843295649 -6510.382953580262 5165.119780643654 4425.061239323501 -4706.587675582694 3437.236477552724 -9730.904459426263 8488.434047528026 -2273.7560880563005 3146.2324666829772 5581.504439270206 -7457.413128606651 -7267.932233390182
4971.935515130721 433.748610485527 8959.910200257058 -741.207318194889 -6137.18339666683 1441.0588744169436 -450.43809176806826 3558.6238544969474 7809.495581441512 5859.678049413626 8360.417558207733 5773.8744479506895 -6614.720505154492 8924.855615043009 -8431.91672635396 -9849.403180614176 -1505.0272979588499 3448.6492020145924 -7880.650859904141 846.5430158842482 -4804.0581103313925 9631.883568989433 8311.478798474385 1579.0026902032678 -1373.2877443738726 8383.389062128164 4634.227126030575 -4174.8779880921875 7564.260105093697 2151.195636846707
6654.75058815724 -127.2407637363558 5894.150986449698 -5233.346249930682 -3269.5059390226324 7563.624768177142 208.39950769881398 -6644.993994557381 -9179.810247558793 -7333.2840893529155 -8542.428584356909 5047.095862963686 -6443.26707330315 7449.072347986956 2061.1766844349004 -309.2525484509042 -9991.919961814749 -9452.472142010585 -1778.7383477137591 2445.596367069731 -6072.850086985045 -393.06849539110954 993.4985750865562 -484.19052241835925 406.32886098233394 -2870.487110693285 -2725.314136875374 3469.929325364654 8116.268698845193 7355.216051195195
1 30
4675.847725333411 -5057.7175830664655 -6059.288508869771 -942.9833103725596 4348.782361381456 -5253.883562708461 7042.165359976538 -7822.546797999095 -3828.103633511255 7693.260990925915 -2306.6163147223915 4678.096724456693 3706.5217698233173 1428.0513975983395 9554.055965139803 5557.20228248483 -5042.871104877618 2124.037842065505 -550.9809812700223 -1312.5976199606648 7572.464450486932 -750.8607502276955 -9031.114465346107 -685.3240183255748 -3199.3679300575504 4480.139990480531 -1370.1116686839505 6475.356631301016 -1852.561553073133 6571.953682330539
