23 25
3619.3699678008525 -990.5345489503234 -8809.337349785957 -6692.297872858168 7550.900419107955 -6130.878170998421 2875.7358761556443 9284.7719023922 -7970.873355252807 -8036.956951892722 -7317.908277445129 -5962.733644482252 4759.512114914243 3356.60750417035 -2646.8575039461402 4841.455491242483 2162.53192572276 -6380.872716566293 -6688.756523489945 -4758.147690947607 2058.3500460100277 -287.22772951633306 7720.138704986686 -8864.50755441236 2709.00564203051
-3927.1236827771163 -533.4595377766509 2928.1092508536785 -342.94434222749624 -2410.877754319674 355.85575966129 -6761.061688314678 6444.560632924411 1404.652921205654 7501.282813625094 8365.523168323136 5002.5937859442565 -1830.6239168728753 5494.890226483529 -8580.215295071312 9299.671467700038 -6977.5351119191755 2915.5089096524753 -4863.080606324142 -7109.296297728284 8479.429524201423 4122.324687819215 5020.808660202258 -6047.203669685717 9972.70987971708
9659.950112975512 -678.2122539864613 -5012.737259277651 3342.0535045070083 520.4067024029864 -9222.541370135781 -7154.872719188323 757.623151257465 -9975.145078663094 -9812.909856866085 8986.373467565805 -6389.174173972061 -8806.951700725615 1722.3719407638255 9516.544159055706 2957.990941308424 9021.874132963661 1798.5632774858477 -6811.802374406575 1784.5989631392895 -8323.057204099687 -5909.53044499712 2463.7340011273627 -4374.44381905296 3900.6941748040954
-9571.794365390897 4784.591610424883 4987.744506248586 8129.760830937637 -5649.885087821278 5540.1949305270955 5439.025003082312 7567.787235526081 -5120.169806165913 -6485.80190825032 -6647.962575121406 9459.607312999953 -912.4865541212948 -1500.3213506581178 -9317.830586364056 1686.7543316310948 -3741.4889821745855 -6414.163437955107 -5844.304225038503 -3733.57824855151 -2151.4856649933154 3843.3573747267947 -6624.635684554458 -8163.476744715841 -1862.0218071014397
-4193.877150496348 -3017.797070712154 -2142.7836444886016 7694.637927747906 -7046.478936300513 6607.106286757811 -9994.831276491224 5506.821409851575 9793.753157953237 1728.8612831716455 -9352.652597163951 2947.882906528792 -2951.100848719081 167.4906114968453 -8259.770519552618 -1859.2120091312017 -8852.167672125895 4592.845122149252 6128.921723742602 -6194.587575306143 -5841.018461933918 8586.053371406662 6877.872602523712 9600.98530980817 4874.130552254768
9751.19876179945 1426.6638972141482 9855.140597603164 -4205.818036528284 4933.447120567969 8328.620649215318 -5574.683385756532 -4134.4473464575285 -2555.155946940188 -9143.396969600537 6341.708644356873 -997.8234424821567 557.663616964297 7444.490520301988 -5424.955359231271 6227.696523786335 -6064.160378467558 321.7371389933596 1829.420577092329 2489.3300623945215 -7874.354274119403 7349.489545287186 3277.767205814822 -617.6631606409519 -2875.3168142797667
9499.193544941347 -2268.456112509938 4765.166005743156 -2916.2883092821576 -5079.369135025131 8232.58427504231 -6693.964479395998 -67.60590706079893 7145.03063293087 -5004.162312334981 4351.576752363819 -8975.691004776678 2417.1228218136002 1591.9633606630578 -3455.9229428698936 3509.243368561585 1941.3091955637465 -5405.01230665156 3792.835929281686 2277.1023208097413 -8993.81378243353 2156.590978212107 -6932.385233634797 -3889.953194315918 5514.546689231947
9916.161323452605 -1993.153200696369 -5824.275788949478 -9521.788697900209 -9858.337257010617 6619.321109922308 -8775.798898689167 3208.4255789765994 4506.606950701711 1615.519352192594 -9571.545682948672 -1116.9498358479977 -9991.630771838973 -2444.264214871637 -1982.102881364398 -568.1434720785437 -5028.910057752782 7812.87697723278 -9183.913203358765 -2418.674359896835 6260.737462589535 -4880.1900103223115 7159.740178525764 -9776.962014283592 2262.2904470814647
4093.6635221111974 -6871.9221559156285 3372.5740005054504 8438.307700071251 -9250.565234834223 9964.728265555386 -5083.999056081425 -4579.4623817088495 6456.029206155981 5191.85014780325 5863.297076857996 -5256.174832870186 9588.634791721845 -447.12956810848664 -7713.348519713958 -5024.955628925581 8555.580641776898 2543.957462795308 5684.053533378819 -8184.475109197418 -6291.074984726155 8968.066966689046 7333.056395239717 -1075.1583572742402 -3121.983188242767
-5563.126429387088 -7176.96513856475 4586.423702343263 -5653.552924472836 -305.02232940943213 2867.1279999572544 1614.8661560510754 4705.089486236991 -6163.718763011197 2520.0635511234323 9999.628068396476 -7003.3450133268625 -4810.497672590816 4673.0499534405935 1341.854699725498 4867.994272678647 257.8821885223733 -5503.867121857782 1442.7509473816954 -5563.2768848135975 9416.67604327272 -3866.945508829105 8998.206252394764 4173.856430869504 -5131.18057460763
-5839.008904330927 -6504.562887044529 -704.927192313562 1401.7334296443205 -2537.3887584816694 1523.424180826616 -7764.703460943474 5704.296112441785 -9459.97117293309 -7366.171817046432 -640.1657553681089 8181.707950225398 8099.765472303312 9067.034037307221 -3403.311988036142 7401.925952391222 4988.4181131052865 3581.7603757208235 -9684.428461999636 7803.98085918781 -9057.078704075411 -2788.268410915999 -3541.730926451334 2212.4526772089066 -2353.395548199999
-2482.8753343515327 6875.728908943318 -51.494760473598944 -2093.178455232747 7845.834739419064 7128.840841467267 -8169.962757915292 -5401.906823427756 -4843.329717014777 -1704.1634795960836 -7596.610023337465 2246.8791148379914 -9948.225259039922 9846.022080028433 -2176.080539775753 -3840.770738838597 5469.135596803881 8976.985214363496 5118.797429000917 -7111.877708252839 -7243.884190444234 -4519.771491816134 8496.677810928646 -9855.59402561447 9399.138366398252
-9312.513490861082 -7947.020965990947 7673.511220446555 -5159.019271606464 -137.0068132533088 8715.999905208984 -4324.766985528848 -8448.706320078029 -3519.214545978888 -886.1697459265088 4406.458732228659 -5892.972920692477 -6776.970445531411 3711.424687322271 -2616.470941366105 9120.070493972973 4392.110932768281 4497.4707536689875 -5022.5414480845275 7886.313616000989 6019.0954218424395 -4151.556943131412 2368.6774248497095 -4503.075918567936 7577.398600585118
-1930.9753081757617 -4564.327360449054 -1708.8423835669128 -1588.657725539717 -6449.814051972984 -8828.498545438797 3195.9360057761915 -9533.194220215091 4156.9078031768895 7642.279029983747 -4087.5586994196374 7702.003420122521 441.16549067801316 6063.645861315163 -5872.093645143555 -8589.385541746029 -2588.2416149133023 4802.790185306078 2699.903424815313 2212.0263319721 -8294.459068612749 6394.375892520788 2247.2120588009184 4589.161013516559 1410.5849541259086
7956.932934872202 -6443.702725161966 2743.7090731317676 341.6910616880268 9721.981214847005 9841.765960460722 -1781.8239772257912 8611.991247350885 282.8109618097078 1744.5223400043287 8216.805134664297 4126.710708070608 -6159.85152503361 1396.7687728866822 7684.457384762263 510.02852282186177 -9918.957578154912 -6668.405358814655 9972.249883011322 6627.983031567859 3319.387375493692 -8915.484641256273 8198.088539460998 2279.290309850654 9355.615820951887
1622.7756221022555 -4633.085385446953 -2966.719321422597 -6158.827191725612 8649.992758858803 6674.04445163126 2923.3058542297986 6374.600183636172 5504.188908966056 2434.448003229294 -7093.166537683833 2383.7080287168174 6381.428076656031 -2322.878409299352 -335.0157926392967 3681.8612890947425 -1008.0431194107932 9485.144840409557 -1337.4640090574612 9051.892882082488 -1828.0451125142563 -368.0329643140976 -7453.438396459593 6701.29736402912 -6325.061627941333
-5699.380631179462 -2484.6760404042143 -1892.5671097571776 7631.533805543848 4146.544019668914 3276.2058477887877 -2390.9346596643963 8054.0669891235375 -2818.280395660573 -5962.320791782708 2365.284969429189 -6204.266917741028 -1695.8680469600367 6796.879176017588 -1918.7361798208613 -3056.954271006509 -5629.803015084949 5399.917607418938 7472.655979678762 -4313.501900914019 9236.612965359618 2420.917116450186 -855.6930839658653 -3709.1667645208327 -4909.643617954438
5808.1164326229755 -6926.298861444122 7186.010804789792 -2596.986815686233 1040.6780414225777 4994.2620415622205 -9986.046864165637 -4343.3805160368875 9836.51418218717 4637.609679442239 9355.207949257201 -5040.743090351807 -4627.666130647647 -2414.8390552750598 -7217.004546563805 5754.772081644805 -9628.219023573496 1582.7674415151578 -7643.426957502437 -2669.0585950334425 6099.93935355497 4215.0950031213215 4294.432373389076 4032.37490658977 -8769.250289733058
-9037.133419733178 -9816.966908680424 -4842.083605429572 487.9472741961581 2871.695481292809 3875.1059028246054 -9861.864897953415 -5912.9549614007665 -7268.330655337627 -2472.610996507651 2217.694884243627 -2431.8000644643535 137.23037620991636 -3384.6781404172634 -1466.9417873039183 -5348.687181172023 2228.5896765673006 8774.467655813998 -2546.3135339301316 8020.3857370615515 697.982499486101 660.8298802941717 -1049.3653693215 1118.701271649994 -4327.549777119917
9605.51715003901 -5331.1419359286165 -1521.4960471231807 -2625.9026049789136 2796.2194267430805 3007.3062321322905 -7984.621031326175 -7742.150691358998 7977.575020290813 5135.192557574128 8082.56859747081 9239.907528343741 -5459.397927036484 -8575.27999324899 -7715.059983173249 -4998.07806525502 -9907.575232819532 -405.3684356962931 -8422.634728367555 6455.4476443067215 9695.322400271976 7526.15851583398 1400.3326193277771 5930.557821623692 -5924.827596897318
4248.039627093467 -3463.3140422201914 9338.45445093124 3428.594093502983 -3127.330452640318 -6778.5761140949035 5871.169582054352 -7570.695672257255 -3405.8077304843046 9254.67020780106 2065.615659593046 5848.471626400267 -5995.33166999308 -8912.556599707907 6700.708494118717 -221.34982721321467 -1661.4973462308772 1282.4035571142504 -532.3327157180283 -9057.431096950184 -6866.088179320868 9854.149300180205 -7523.704720130014 2660.0533313880223 8904.468036965889
-9155.881842732548 -4267.747953801561 -3080.1677988870388 827.2077536706038 1980.5167957678968 -1076.2445805731622 -1298.281737394469 -6888.755449555381 4371.350707283256 9470.771712148726 -4764.484042350905 -4417.9025655688765 -9595.646802473779 -9860.490227394937 2206.8296904984218 3748.3766400697386 540.1979337404537 5726.585696993343 9617.832282693165 4253.968539932166 8253.70090479877 8808.610992051297 8694.202432851602 -1397.1240159238514 -3821.1923617263374
8798.457269576898 2956.821992346826 -6257.461528292565 -4641.524114724449 -9498.674291853757 -2495.571399204244 -1415.5074387474815 934.6612161333815 -5263.063609670877 3351.596654874731 -6982.86004636929 -489.71942244526326 3618.834009625516 -7486.681951930441 3140.5786875938775 5966.185921678054 6736.75217283098 -6885.280292440257 -8804.553813151802 -7540.350371610362 -2620.5347526624246 4138.109885076576 2242.541394894826 -4499.85727599703 5494.40245475084
1 25
-5256.205721633333 3485.812448289711 8197.226544608842 5249.48441576298 8462.71093287324 3203.368805539487 -5939.527785583223 -3339.3320900131566 2220.686200955104 -6745.211208273187 6685.522184012341 -7766.118742115266 1500.7225240247317 9039.51565932222 -6651.018964537412 4653.7370128431685 -604.9092285041843 6819.156628298082 -4570.101215587157 -2875.889638884126 -9814.414216442485 -7561.410838095168 9607.578505919151 -2191.9876216248495 8760.638964958602
