80 18
7128.625706063867 -5647.162937808641 1574.75821352399 -9725.975126333999 156.8388097318566 2723.174771917056 -9281.980235114464 9914.582835617679 -3359.803722469288 506.17019934172276 8053.829975935518 -6546.6126951926035 5371.666816137611 6102.073054444099 -7215.257862400484 -7680.56715477537 584.6529750651771 -96.92725030224938
-8157.7420973311155 -2875.8552652996495 -7199.396545274186 863.2950771805808 4971.305218154219 -596.2873785963202 -3281.352329602705 -1562.9488981743762 -9378.30866586446 7459.391789209578 7989.6340412106365 5875.501522024157 6750.881984975014 -8291.777126322057 -1593.6902728897294 8912.815620319336 4232.37468563487 5517.235540675554
-1348.2721274464857 -6253.834037887085 -4437.823207026395 5380.493059716726 202.64311811940388 -829.8973555596185 1965.3486397197612 8140.896294429935 8952.894643389176 -984.2759205572329 6164.877648006926 707.5304769236718 -3922.5064718353524 -2357.6308460055025 7534.67713407398 -5702.457758874007 -6443.536339954628 -3523.858246299241
2128.7662760469866 4594.258076808679 -6177.558716461979 -5988.178735779855 -7295.397340869689 -5310.328837335236 -237.02165047156268 -4203.162308669182 -516.8011268140926 8859.99665086022 -6142.872278818092 -4458.137083951521 -9531.594465662585 808.6177534613307 9907.879869857868 6078.722637145218 2607.8944989873926 202.7472682734733
7305.03703668559 -8156.08641027359 2659.1733020354623 1495.9645320317923 -6175.664312591531 4047.240415257993 2887.9976116950784 1758.431276805626 7804.689202685771 -106.41128787045454 -5674.525440135089 -8307.523326843322 -3687.168049384659 -2901.3583344181025 8091.642026528465 -2836.7845941373052 325.3468071536263 -9807.30888872641
-6199.92956335736 2007.0487053678626 -7089.318935682778 5803.748415614125 -5772.377363094094 6902.318813611251 -5624.071738276662 -5699.914205888949 -8834.310254823675 -9488.932360013156 -180.9760230326592 9412.522343725926 1999.4780527091189 -2119.8154638434726 -8055.221744964427 -9771.422299632966 -2906.751277974624 5198.091222981269
-6591.551419781319 819.0555089201116 -396.0949521784114 -3196.759567440781 9686.023427659376 -2780.8434222303194 -2960.6746376535884 355.61270314327703 -7839.277456035441 6195.969730401201 -1186.722528707358 -3058.229443758005 7621.883121574763 6342.384961505462 -2731.8626053764247 -1629.866636498191 -9780.768393183684 -8938.056055479004
-8700.34500325365 7776.538658370024 5109.600835877192 1772.2756269585552 -1596.0316387312887 8652.644927905447 -9095.139112229153 -503.47958347089116 4558.571771112922 5407.228078511122 1965.3600109568906 2587.124218605304 -3433.9516993728057 -4897.389642036838 1192.6994139903582 610.5873874468525 -1892.2285258341344 -3718.8623339115165
4955.366397044114 6138.212625365009 7924.66771085959 4171.824914086679 4568.870424705579 -5046.9853692160505 -3270.83659564321 128.04943861826905 4831.303157745735 4814.691826774571 -9951.84465162359 2389.2156542257417 5426.369788583579 3383.197006532042 7524.018912607709 -2656.631486485985 5868.149707799315 6407.557308944222
3993.205843874288 -2624.6542760648326 -3877.4226431295465 7018.578973659267 606.5203500355692 7223.633796684331 7562.907887188507 501.32309924680703 5235.772707740205 4447.016394380013 6575.67280454046 -551.7393502253781 7999.844516295445 -4052.5406932917067 -3984.6545345544573 8610.236194250763 6373.214363261608 -6516.411801451464
2952.2178207937504 -5311.620789165381 5838.169962504211 -8291.54505947706 -6569.9340199327 -8968.211523470763 8071.015929391964 2237.518320173369 6886.904059086803 5797.748843578838 2439.6044430826805 -7765.263836415335 5487.04031215107 7286.380711860991 -9136.560684935374 9556.456856032608 595.5300204669875 -8758.761012643543
9226.985658907346 -8852.80920945173 -821.0086899922189 -1968.1814835519363 3076.077777533703 -1571.9935332764107 6494.813439377733 3625.681440784356 -2148.269139158261 -6353.860877074398 -5893.662799045449 8601.695682795373 -8071.638150580751 -4092.1106469082843 3402.7623771031576 -3023.3128829667958 19.81082862855328 -8833.15405936963
-8926.024993229203 8872.87044378875 -4377.5077279141915 -3724.4798189606263 -3532.2000808210996 -1112.8159501295668 3135.6311126786986 5845.882579599851 5073.534704130951 6857.953538593971 -3245.523637925201 1646.1874751550913 -1491.519853495076 -6461.6849839424885 2183.75030720784 -4007.4361141723493 6952.775344805814 -379.5975289046946
3759.1463014064393 6065.349918648717 -9005.330937355897 4450.30384841303 -9487.071964417637 -2522.708441620136 2921.653965812993 -952.5926898315774 823.0651129196704 2353.9530914673396 -5165.872998933196 5287.98938571508 6169.866699630873 -8422.282164173845 543.7756538851427 -341.0694664346847 531.851229182299 4433.671706383719
-6356.212850703986 45.4421541268639 7611.913307296611 3734.018475271312 9460.93964052435 -798.693927824248 3770.588744448296 61.853484338984345 5812.0989515240635 5395.457645696082 -2077.332170168331 7420.201431170051 339.0749935518925 3264.6385886672397 -5750.517892464437 -727.438594128078 -5924.519916614326 -401.3424132513592
-2895.5342201793874 -4702.430553708885 -7669.118255982299 1603.9952126974385 -2480.9634202059397 4892.95087431687 -4488.023711140783 -1107.919180678502 -9241.284251620233 -5359.618061965194 9704.555868520234 9073.467392138213 -9722.663384237288 -9718.916662964923 -6783.251701313198 -4494.097651917157 -2269.2927134920656 3670.6706366071703
7006.729168857422 -8332.159289900515 -9555.885530029658 9783.696605507706 -3438.4486875442935 2970.4612960753493 7224.237852729948 3999.188760127552 16.349867799934145 1365.8042943068212 715.4705447367523 -4049.7010853159018 -7845.752432970543 -5373.600896477575 4169.408388906957 6461.11200866344 4122.427479586577 6223.007944058967
9656.336161470055 -9432.87668326879 6395.9323844762 302.47344334282025 4806.951588124837 7414.77189369444 3595.57338195398 -2184.1910884153413 -4881.6574439560645 7603.619829596468 -4795.351358762594 -7586.045727813171 -4260.09217535682 9015.503905153193 -6346.413335791885 -4065.4649829538394 3689.8851354203853 1359.267465039573
9024.865369312189 5771.219543501065 4960.967452352685 5053.162012142106 -1027.3356745516467 -9742.643208231624 2052.4170405793793 2651.1936736289445 6056.924332697554 1579.784713850302 5088.269918355472 -8756.113655855845 -7017.953076065096 -8028.427112055326 -8785.258057372514 6448.695690254794 7557.3376280617995 1775.6347789793454
4704.692143201199 -5901.97193435847 -4244.404935145505 -8239.723210009217 7000.667536696714 -27.022589006634007 3620.554755517618 -5437.980867414174 -8759.668485545437 1118.7592102162544 -4108.199504243852 1478.5607403883387 5225.015569086492 -9962.37068706536 -8562.116090098909 -9884.508321760328 -575.610821525117 -802.8608179553139
-6899.389552078792 6117.336443379971 2456.278070707247 7391.608779439812 5348.660387854694 2032.2307778454888 3111.2008793605546 -964.1580335778162 -7035.96441654772 -1602.5589800889302 2790.638410830734 -4463.00578476184 -3394.6585331780943 -8119.844221946016 -4962.685187874087 4070.2396595516493 6929.324554788294 2100.5053757666283
8522.480596613612 -6746.853505510031 -1969.6870386889923 -5872.34038719374 5666.977148866545 -201.80769722290825 -3956.971115954433 131.5557710906396 6760.97090348287 -4870.253653400254 -7189.0505142703205 3932.740682245827 2401.801739728726 3313.027493624517 -7135.002787879245 -6417.645195699382 -5296.717691332428 -5855.581881328995
8395.75179240822 -2596.5692929703873 7373.826276540731 -2347.1126486713456 47.97828687944275 5712.469185051656 -2656.772524272724 3232.2543699293765 -3056.7117741921575 -5897.375251122033 -8859.271365535415 -7798.572977710532 -5834.399351070077 6495.327654737328 2854.2901200222714 1427.9761098453419 1031.6550413887198 6869.985952531064
-346.17346776967315 -979.5466293171739 9021.585389470103 9070.227794017912 8902.545934390713 -4631.681868354416 -9712.093010845854 -2061.5617907257274 -3829.914360108888 -5626.566317511235 2504.5823095994183 1961.6653845713608 462.91762495145485 -6871.951980623369 8600.654193983864 5194.4545812666 -5932.296390846954 2410.965898786777
8911.037942922023 -7856.470038242964 3790.8902485789295 -2247.8588405100245 -7400.397031119308 4758.870672575098 -9893.388258653242 6203.791838518622 2708.7950685695723 8270.388530110864 4996.993031250948 3747.63830751161 -2209.9125707647163 -7415.12085809718 4009.9803025448928 -2594.802398672078 -9693.623465730103 -6292.65352374899
-1237.1355787354369 -650.3909476300869 -1313.7013233753605 4397.934555981585 4539.369816798864 4968.003197997747 -912.3702872002086 -5482.533548701857 -1634.8813809288458 -6082.272988936507 -4014.5782305475923 -3601.104222939016 2523.863172094323 6340.528423856278 1037.3852934348834 -7775.018746372595 -6168.910053576302 -1784.542535215889
-857.8956532163193 -4953.730682302873 -6491.039225797619 -5553.3231008585535 9436.273057353905 -1082.5651955179746 1544.4167794926125 -6214.896667831554 6146.064199569762 3183.3924753219853 -1499.6989502441556 4918.9031264449895 -9223.250691823729 2544.9020579798944 -9221.216738799545 5835.351358383354 -2343.7923568777187 2053.5479609940194
3329.807461936418 -8252.168722106111 -2125.9816288841503 4372.675597058955 6606.7530378277115 2073.107227414106 -8026.43939945133 5836.608686202961 4673.675620912332 -7374.102080584579 -465.0059847739012 -7555.981311345278 2571.1290854418094 4069.6097479382806 186.59509664347206 -8221.021061777561 -302.86339906961985 -4331.17155210994
-8212.199983201763 6349.714102297916 854.990516924323 389.7519843289774 -2619.6099669787445 1114.9209222685386 -173.83072443841957 9617.817152378677 9564.947292456683 -1263.6375650141108 8024.867375777689 3417.4958842197448 9614.51041040988 8217.10488755917 -7726.257778364461 1013.8089346042852 2115.076633059196 7157.7480142466375
3831.9729543934536 1173.417259145337 -1441.4304485014854 -5496.789758745224 4520.0136450883965 2537.3112131861544 7993.6233643746855 -8178.3070248761105 -252.62716605263995 5543.357343962003 5907.989343947565 5209.58456259631 4642.822270272478 -8548.858652718556 -9679.723832444994 3849.3123630527607 -4865.732041181792 3865.0090678036195
-6553.226103544479 9364.445801519269 373.39769728630563 -2964.892946496234 -6928.932387485152 3456.193214341394 240.4918070652111 -6296.875789478493 -4281.896222244605 2086.9649752349032 -1152.9704504537094 -2100.024215069383 9133.153994681139 -5709.718633713892 2747.1583918970173 -2093.0052496556973 927.4493247975497 5381.795562850544
5094.769659347014 -6854.416943264483 -2439.6937921444287 885.0112374294531 4202.92331532577 3972.790383548745 1882.7488538049183 7230.3443321160485 4813.510335969078 9261.37027708573 1262.0811844821874 -9691.697513091198 1788.2846072332322 3832.0463899863717 8704.391100016815 -3516.8229136491673 -8913.694261118137 -3062.807835608972
4465.885574128995 -1821.58090475065 3678.290438987462 634.6589316477421 7070.223722531198 1501.6741651954762 -1487.1120487630724 213.24297219963046 9669.073384391977 -8532.98843658056 -679.9673721376766 2425.012799890168 1776.1715013834219 7808.114824882312 1093.6146092367308 1016.3473777293293 -3103.0950373638834 -2858.296424070052
-8930.434546052893 7413.023617619692 -9426.255777697663 6691.926664233011 -2675.6012539276417 9234.619219009503 -1731.9426188026264 7245.358734518475 -1399.8918361262731 -1616.0468481315565 -3088.255373504944 9819.454859146139 3054.2435744513423 -6855.879670536 5732.852420479228 5917.609318131132 5409.318406173448 -1038.415275545898
-2208.1236190830377 4525.209693132543 9245.844672789146 6095.134751872161 -1142.908925963835 -7419.112639893224 -5411.730728698068 2324.709128243696 5498.758394923607 6700.120930266541 -3159.1985241129914 -7902.672325457558 3029.4467807723977 -5200.963633464362 -2564.8927881262407 7944.650552731775 7577.7467248811045 2951.008422792769
5057.122623898096 -3133.548389598742 -9318.98522128493 7661.963552282505 -9143.160321890755 6694.441165706703 -9751.338353892643 2585.8813007142035 -7312.761892463944 898.1308332091321 -5850.767668730221 -8080.133618629992 -8477.20548138837 -6720.471403486714 3882.888295211191 8976.488764072092 -1089.7093099946887 946.9279766996224
8916.208161869148 6083.842970500149 -5961.711367913713 2508.255008172315 4034.075280113271 7561.260730107366 7769.45947184338 -7721.023062055681 9692.546016254379 7056.889508128366 -3089.1812645629298 213.794223605164 4144.391380994974 -7590.101677260972 -9571.357229093044 1328.526776708246 8808.6561211347 7092.207280858871
-7627.275618622951 8312.46777079569 2318.150803644614 -6797.770305106789 1138.553274421507 -5300.774868684961 -6179.030053174614 5460.744361446805 3512.615533768989 -4592.65317520422 2531.3788674619464 -4567.028065536522 -5514.438826547543 7647.150271585426 -2533.2190077984933 -7266.637440470871 -812.3649553088017 -2194.8978332733304
-2660.6511743157334 -1195.236958180405 -104.2883462306836 -9648.560957069518 1535.532170823437 -1614.783507804228 2794.1396905492693 3318.4221502039363 8485.755047726423 4944.286394537663 -2909.020325966758 -8180.91520682917 4718.97715515603 4772.8359214203665 -5143.3116470709365 8408.049103418402 -8379.584982015833 -3578.013402102176
-638.4897493711451 -2085.0003839143264 -6899.297341981302 9348.37355288193 6332.081399195964 -333.198928483047 -3703.2426405335527 -9652.47340208276 3829.3666400978836 -2210.4298324680703 -1444.104520911933 -9344.970303295297 -6502.02264381406 -2161.18571225502 -4600.8616562088855 8661.127446125342 -9532.712360572095 78.92134820391766
-2484.063052786587 -6932.549191953063 -1346.8471375318786 -4181.596710594175 -414.96481529139237 2728.4040093142867 6261.804896355743 -8562.947571096809 9074.228646439475 450.73085824479494 3203.9417648332565 1473.8071750120143 5560.159257605148 9158.092390293492 -230.1359235026939 526.7785943350027 -2395.2979279020874 7111.208268220915
4393.441105759313 8865.961229603829 6980.829754287246 8404.134622974958 -7017.778871140168 -5122.394727432334 3157.347194659729 -7263.374866585661 8175.906812944537 4410.0682430301 9686.852564704943 3593.569178827498 4986.960685418824 1737.8378122456816 301.5793292299131 2954.3030582889896 2980.329489485801 132.7759983871838
-9182.423468880981 9210.85613039173 4493.764289851448 2293.7172711945404 240.11601635028273 -7808.894490071989 8675.273254160857 9601.1370410427 2854.5725261881707 4163.506535071778 5775.60989097938 -1343.6635660070333 -5513.31668941423 7179.148305334002 1605.409219870382 3402.3748075401872 6375.143854264625 -9883.299423669907
-8139.105602136451 7149.697153326542 -7142.2236852509395 4109.543009671472 3225.4730728163886 9350.204984810298 6471.559927006318 -3674.7219805603117 1353.1386741862552 -1246.7898856948432 8413.718839381283 3820.0112978986926 -7593.657759870116 -383.74120063559894 -3365.6470588670227 8750.686441733134 -5832.316133425704 8905.863522520038
-9827.305281613528 -8398.388146767544 -4372.889470251908 -1670.7209152672494 -1557.1787545249863 -723.7845586518197 -9733.24385562638 6265.20910758846 -6564.021163683773 -9454.230454617338 5693.263036742164 -1361.818724593093 -7095.348009535412 915.9004935369467 130.5018383138813 -3451.028012622459 -4848.583996848306 -1786.4054979165685
1355.9587099036926 -6153.114957483604 1292.466089589905 5305.179066305667 9817.788497107646 3095.2525322237143 -9804.838319944998 -8445.591721207169 8337.015801740556 -4865.332862980078 6707.187604712046 4285.69681019243 -7527.584635177886 -9269.188300037245 4858.362351573065 7026.832899838406 -3150.9107720537586 -9093.846144433173
-3226.988934770221 -6528.6371087756615 1444.4201470440767 1308.5134785803712 685.399507224216 6212.040376692899 -7783.334308408261 8030.006076759026 130.9300294237837 5891.767040626328 928.6791670807961 2642.775422458486 -3974.7089477535155 3733.7173401810705 7002.168217761489 7731.083534343088 -8398.898644452413 2091.0043901884237
-3410.477466304418 3151.29266676553 7156.720725957071 -2460.3605004695337 4258.163633770846 2152.057269164674 5711.018181746136 -8538.304895506177 4407.595369408025 9119.917719067173 -2919.703153907636 53.335970211210224 -8710.47277504128 -9578.167290168842 -1003.1167367538546 -4537.798560893165 -4187.752637515878 -1599.6729731683645
-3560.7936860056006 -6498.564770589808 9731.799295587603 8426.598499985452 -5856.947929939093 -713.2123815556442 -3569.8865154023833 5575.508169395418 -8891.671780717134 6466.359207768062 -8852.911597295708 -2387.043244044582 8472.745856250804 -8821.630492323655 7342.220143340641 -1638.455239393661 -6461.947528316421 -1790.82962849668
8766.636195208375 -9045.35106678698 -3231.779540341082 -4477.243866122336 -2200.007552443044 6979.169000483242 -3273.7906355394507 -3857.837361716014 5535.457806952356 5573.6785676313375 -7511.306728552001 -6663.026972083612 -4863.3780356895695 6705.132353097015 -933.547459978985 -2524.8864096339285 -9319.786187248059 878.1478494469975
3149.321164898536 -8707.877648148304 -8551.185724393516 -8922.176622513285 -1926.5941627413176 -4512.126845394886 -8058.389474879817 2041.0748094925038 4000.144342983069 -7138.155601622915 658.6420091230411 1693.8284263547848 9184.594825214728 2947.824008222786 -6622.8913798721405 2562.7355047981764 8509.96525342124 5992.381211454087
-811.2193634592641 -3799.180492495895 9342.312295400709 -4836.962154107587 3967.5927423198973 7762.879791015603 -9553.757472297244 -7785.519179131075 -712.1436432556984 1900.3720849341407 -8488.040289323002 7488.802449159633 8229.800429188817 -416.4218285316929 3888.1897014646274 1224.4924692111454 -768.5077158038039 8367.449376013828
-7589.571532644095 9289.160778834277 8946.07984044537 -1136.8963884628665 9267.225327540622 -4756.588904081455 4174.761313786023 -5538.278147898385 3028.969864869703 1408.9380016519353 663.6232669231995 1477.0368479140016 -6839.526501373723 -6998.005771817526 6031.657641664471 -5115.722570791446 838.1443517047192 1799.815860443363
-6917.28588712696 -6880.384352787183 5965.369646642481 8114.68322147843 -1638.3265784912255 -261.1971333921392 9541.756685251054 -6877.772497659029 3684.202487871966 4870.096572506374 -1607.2230247142834 3032.3721435610114 722.249399162094 2165.8023767754657 -9368.786875691818 -1099.0132290250804 -1377.6606805664796 8820.739625536375
8548.767993941503 2452.6585650356265 -3464.0763714781106 778.2481351759161 9665.914634997389 -8231.606006130909 5057.539926674475 -3126.4781716432435 2442.4398997616354 869.2535147713224 -9733.20526350616 454.92852306604254 -6246.917838699359 -8951.879369366825 -5285.609344288047 -3313.7008157548917 -4639.492947149942 -5876.641062345973
-5703.039535656804 -7256.387621053728 -7789.770943628562 -3772.9723552633686 -9767.185115659171 4227.530079219692 -5571.6084675794145 3930.4719329597337 6399.001889885116 -9689.178952016078 4991.82995562342 8169.296367935585 -2116.558932828825 0.618167143116807 7438.134160765945 -1724.9561630245626 4146.766770100592 -795.5793584244366
-8951.279262821996 7328.1540609422955 -7427.487220133473 8285.643999687181 -8440.737971671777 -243.27957274017535 -4376.9661474393515 -7354.911619568822 4117.972043525082 8521.472781871227 3424.066104781865 9211.74431437956 -3388.497970611351 -5259.601749682867 -1542.6327265562431 -8405.646961322867 6851.440528094867 4744.167012935621
5031.666894958675 3463.69769973264 7931.604852155262 2205.5874481480423 7388.31124330177 8954.835856796177 -7551.5172367995965 -2802.2373055227927 2693.1109478068374 -5746.973993682806 -3712.034076711823 1486.4502807708832 -9478.454861182423 -9866.294213700416 -7878.961190374706 558.1790082175412 7761.502536168984 3053.8002105697815
-6285.150085685718 -3494.185951858147 -9674.845675043554 342.1313788599018 -9388.84952217212 -1842.8068376824358 -7482.117662764527 8238.382498868312 -4142.541174241336 -4837.484012251425 5227.579493230649 4300.484877383526 -4175.856809009008 -3688.503800363612 1867.6523300272966 5501.316124274546 3115.822094912157 -669.2133496073802
4307.948436837627 -6045.023069220964 3096.374502536999 -4588.241657310328 -7651.298861346405 -8932.326434273671 7272.847913916437 8465.962716704682 1431.4923188747525 2035.1984859024415 -9569.946366714974 -2989.422395190515 2899.1913068647937 5684.945903335836 6580.541725629024 3184.8154297214187 -887.2496909548499 -3344.2718597653
5888.658577788297 2251.944733751807 6968.09031989066 -8154.992007137791 8838.013073815106 1754.4453169293338 -5630.036477159252 -4199.556127080928 -1611.5639147476668 5501.212612830104 -2421.2745593368927 -5242.431478245415 159.32182230673243 -5527.231993370818 -4903.000991212414 -9629.727266183363 6409.441930894609 7431.389370640114
3208.031621622644 -6580.028695896174 -4612.39582498636 5276.886338796714 5598.182516354067 9823.734186437923 -5194.386293150575 7660.913255626663 -7515.938839238972 -371.70291774954603 -4842.9648718934 -728.3841265859301 3367.0936454413386 8022.870763725587 -3967.4680810794816 8774.550021729545 -7983.1879013154385 -426.91820665140403
-9760.77194999968 109.76753601050586 9674.672223411872 -7642.54273859899 -5159.090745809855 7822.823146111994 3888.768708886364 -5087.997285919126 1896.3911498924735 -743.524157881413 2449.323443279456 -6924.423027605744 9734.763320632363 6427.5856097814685 456.6135698099879 -2051.49815732125 -2841.64869143358 9197.670171506717
-2029.4335889670492 -7971.713192848296 -7481.261415515832 6892.414792870928 -6343.497757791145 8947.258763621776 -4666.245296771012 -138.57021301744317 -2070.187513036787 -1994.5901615215207 -8358.062696044748 1186.997724678471 6090.757155803152 1379.100216282628 6339.679745836682 -9514.017328604396 1722.5527893859453 8813.010896016112
-2973.5944565195687 8217.734922840595 -4577.384379170706 8574.247338834051 -8078.216877586666 1095.390161808391 -6917.06708281151 -952.258071169792 -51.767628890362175 -7126.246314140554 -8615.74290906831 7967.096049303189 -3921.429053976426 -3099.4262160565468 -3015.072487263884 -6359.406915751922 -8376.198004038988 -6293.889059998406
-7965.09524421948 9423.70187202541 -3858.0845013361804 7265.767149085506 6874.3228608619975 -5152.586887325206 -9427.216620834412 6861.325485397108 7300.371560476706 -5680.744172088715 2124.6171287572943 4295.174479635401 -388.7090657586232 3604.248713879055 1513.0588328907143 -6840.497112997233 -6919.365542763733 -7375.606746841603
-3281.974696664778 -9452.518746208518 -2374.2554753487275 9925.835252322413 7197.698630193205 2912.6029323221155 -7605.169563389402 1755.7746712971966 -4383.986468187591 -9588.219270640971 6968.353415354555 6430.483033240442 -7542.8880352697615 2425.5569194841737 2205.991053501528 -4693.666661547278 -8397.198881977212 660.8173261616048
-647.4911288788735 9369.235715537954 4882.90741224386 -7150.772938273509 7152.370260117612 -1869.5500600260593 6930.436943458575 7599.668884056544 -9574.833671662504 -4915.259508751051 -3076.214504640293 -1605.0771143527 4276.616877392027 -9303.75731282962 8212.458737729721 5468.200362723765 -790.3351251152617 5234.970732060909
4529.944328234376 -5164.96122319807 5768.199717630263 -409.8257077573344 1813.7311295274067 4786.0877235484 -6520.655067828265 -1121.2977613090152 9118.552783663974 -7228.58955169372 -5633.449181260015 1446.3260788860825 -5433.043502460781 -6470.356314147314 6433.432235739088 -304.2229551681594 7610.310893589482 4359.622134422034
902.1514080443612 -4817.590878580871 -4221.750588681001 4510.822720616008 -4259.25617872793 -6783.144721148003 -4978.100003239416 2939.058832431385 4364.890832220097 4223.400654640023 5201.571664871488 -4635.71696879969 595.8238886350191 680.669889881252 -6724.51026280973 6119.982787922132 2482.5677108508735 6632.758813105596
-1523.6830808143404 -8486.138576821584 801.8684953443026 1683.199759849409 8760.408217885575 2292.3696393123264 1021.6702040470664 3583.405675678763 -6965.7454979183985 1290.1769293633097 1143.9656972349148 4241.117434834647 -6370.03844911868 -7334.339337172794 525.6771128134023 9654.424080113404 6731.385181017202 -7313.028860630371
3414.5860293879177 -2578.10451831475 1686.1716296627 -4025.79467629401 -33.76766543852136 4419.852619614623 5839.465431926714 -9605.113809372133 -8503.765467139156 -5262.9013788049115 9272.16891578438 546.9160035549976 9510.42970323404 7969.809466139199 2684.8875555862287 2951.394441070841 6673.266851580545 -133.75521789188133
-9674.070792370232 -4392.212101779846 -7731.276367404913 -4482.484882678626 3260.13791242924 5963.313332292091 -5147.749337033385 921.5647448206419 1582.6174999816158 9815.248089472381 -4330.569132835713 -3060.6885834411514 7539.0293379884715 -8122.057996956211 7334.356211890339 -4872.453156289937 3365.047933825703 -2474.867210988481
-8576.103339337358 -4415.137514099028 2769.856842792835 5004.085542092676 -1277.3310411151779 -6935.130580447526 -9706.068360593948 -8009.715827348167 -4311.192622274196 -4258.53307827784 -9742.28892106741 -4670.084005676369 -946.8222506753682 -2449.1830465358034 7977.517949812111 916.667327760706 4514.833761702774 763.9231132159402
8130.854879249793 8752.593534020121 -5172.88950588793 1946.5700744242167 6301.054650002221 6086.960273629582 -9606.505856402187 492.9843894491023 -1891.4802649468302 4490.922750687008 -9109.732478933884 -8815.19127850839 5624.29570912163 7217.6458085677 7528.8911665011765 6906.389770473652 9342.662314970283 -187.2610415436211
2787.5918860808088 -7746.440062338073 -5794.687715254012 -8895.527528452065 2584.7380319447584 2748.6246404614794 -8796.440292872507 483.1766092584621 -6746.985825193906 5728.486126218735 -8233.00009391449 -667.6039781480595 5899.761769468309 -703.8587992222965 -4817.239335344723 -2407.3258146882863 -4652.19631419858 4679.847305230032
-9690.963877355094 -4787.207106702527 -9833.810664163593 -7461.1892273497315 -6590.749267114328 3124.129990367426 -5461.032918605959 -9026.039656056462 7398.4328257374655 1648.4217472952569 -3730.0763681855287 837.1268340349652 3020.8955331998804 -1035.580256411753 8235.40521602313 4625.432013645141 -9659.487469815362 3163.074423079268
-1557.8557094523221 1587.0907093623282 -7593.150500275685 4757.76633238158 8297.830769701886 3581.630579121349 1292.8274810295698 2508.2367683259636 2585.437010889389 -8446.629501039284 9450.867114008674 6896.661484882439 -4550.339807802781 3913.9284006949147 -7569.80019270131 1958.791556477161 -4852.621833178851 -5164.795441832799
891.2713431659395 -1197.4206480951416 6463.494187245513 -9361.016234351384 7114.530211684072 -4691.743840029361 -7322.853520416575 2809.6526802052085 -3194.267448431876 4351.000973396902 1239.8039505627366 -4405.101473691979 3532.7285451374028 -6915.896583353103 -1883.5415272435575 1719.9551436057518 -6363.626307466028 6396.33561349515
-6334.599595088539 -2762.44220846573 1217.2441569148941 -1711.0498452413703 1202.1690722994208 -7120.958077326601 -6500.3334100656375 -8669.414644517004 -3475.506887874276 -750.092692498747 4333.425852912609 4179.422027453153 629.5835965770584 -36.50085710468011 5763.22216944399 -5660.205950886112 114.21984311587948 2943.515274146519
1 18
-6868.936415709372 3794.121513905857 -1229.4637240185166 4100.057844363753 -1421.9481099394889 -7346.556262108495 -6007.8306747310235 1195.9850516585484 1772.0198489013783 4321.285583668741 9488.536031254946 2360.452494110168 -5343.078599995497 -909.3644929598013 6599.000933935447 4387.792459491062 1995.2572936661563 -628.4088343562908
