23 32
9570.887462922336 562.9676288617538 -6500.499329897806 -3854.132338666085 1893.5094087924917 8387.86544994239 4737.608841230751 3720.269432028561 -1016.1706380981723 -9359.143920019173 -644.5787763151802 -1449.4301722958298 1542.563260514402 6250.7075567741595 -1345.8156163144977 5235.952142322005 -3096.2269341907204 -9199.705553760352 1047.9575900463824 8856.511116875878 -4055.298249995174 -7647.472535722688 -6694.887457814853 -2340.017311613902 2653.6169004235635 5515.398691506067 9174.48660155958 -7497.547122111591 -6692.788612216469 -5062.769232824616 -4652.200507946871 748.9898143339451
5746.292774743535 -7539.133567858778 -1025.931316378519 -1279.3288854669554 -3796.881550702975 -3752.9643352424055 -1862.136783781687 3502.0107773081927 6182.5053669773315 -3900.1227382851876 -8110.765659033583 -4193.903702629851 -5831.756731555988 -3918.408750362576 6793.459420176034 -1059.9098205500031 -9123.041180681186 3719.426474153159 -5037.414297104694 5565.552842472294 -6434.423127204989 -666.4888058748311 3279.4703792860855 -2315.5282204225177 -1003.5835080940797 -9077.54333820197 9285.705754602961 2638.8721538024092 2379.2303804825096 -6837.630473490506 8334.23235204567 -6986.964812883285
195.24503075413486 5790.763583275737 -5497.218617742969 1537.3760447764507 -1231.3585274593115 -6977.110216110629 -1928.325634068795 4158.8555300457665 -1507.6154065005267 -4845.4807914309895 -8248.316087198806 1893.2573500278395 -7163.170426466637 -1736.2430145380022 -2085.5387653183825 -1574.9668484799167 4044.0761626685835 -6257.988752362873 -1943.0413925626854 1704.1369043601699 -1276.4037583502723 6519.286145257112 4948.816806118444 -327.4693726469686 1173.7025578763696 -6715.379360997171 -293.09066933315444 3458.7045053833663 3279.1770927528214 -6889.897547245229 -3825.798607327635 -5838.66667775042
7081.207812000328 334.92727069796456 5982.221386634643 -748.4727742137711 -8923.357889471805 -4271.250677676015 3366.2445468288424 -3011.40388703967 6852.727076434028 -7772.283281754149 3309.6296012608 -6332.8750604725265 -7447.443806574931 8384.398386087752 2032.1453220212388 -1003.5431775935558 2293.9221642391767 6531.838044797874 8133.634146682583 -6342.115453441197 -1196.6061728728564 3162.404817691453 -663.4987297259777 2786.834137674856 -6665.178500683991 -8786.367698996955 -7285.183373916356 -7809.610708790884 -2759.6826067784823 -6611.466115246678 2277.9640617877467 7753.782218463188
-7686.085313176072 -5590.99073200966 -2180.3638871206995 3322.0788682338516 5635.526892885951 2858.7032992704753 7118.959410376181 -8878.729736330877 -5095.9966914446995 -1196.6424655843039 502.17225750690704 8963.047943960137 8340.648947297504 -9876.384920527753 2799.5043898074982 2879.9273273362833 3825.289484369745 -374.2962822043719 -4093.0938711296694 -6680.249609030091 -7012.476463995236 -4661.891503755979 -2367.2053753184755 7993.238383312932 544.1532806770938 1511.7244803543144 -100.58920325908912 2113.420592706596 -2459.7676885627907 -6126.004852095801 -6849.369386188116 8992.940937699586
4868.07954484706 2753.445535379049 -9716.897086133247 -4777.916453920275 -5293.787733692987 -6565.781716011605 4806.465571068989 8233.537234465784 -8343.258617942236 1884.567170795388 -7553.4033006387035 -743.6689198530639 3458.4302938795663 1994.0423628675671 -498.206832624428 -2929.54000364879 5024.5800508539705 8493.979020842507 -8361.761834711515 8575.872402016965 8387.740300099533 590.1430034790865 4845.042909372243 -1350.596195234917 2116.250929270278 9479.529368604959 -3219.9388134654037 -5301.744330768408 -4734.5411983040985 7368.6038852649 3134.484444944859 -9360.999066102031
8255.896873859903 9309.244711158099 2455.306864677572 -5259.915986574404 -1397.230959285278 -6631.164348335275 8883.064711782732 -6887.336290074711 6212.022117650591 -4195.725346191896 5944.895951047234 -8513.374134700683 -4227.145487023622 -3434.442119224479 -8915.974936565708 -1460.0110147943233 7560.0795243223365 7836.003845092986 -4694.510771052085 -7707.673188222674 -3663.417378960534 8200.946206069613 -9557.14380017884 -9402.375767485983 2137.2893779229926 -7682.896948056059 -5752.399359086801 -6524.838262520756 -5940.649284236663 2201.514705814234 -5103.790920600648 7789.100605267191
-8352.630642871178 -2056.3802832249985 5112.876766023928 -9892.089622166204 -3702.0017094022232 -9416.294250699462 2426.3649834169773 -8735.51932215916 1433.9010940475237 -761.7835129610958 -9828.730944012845 6808.528837433994 4593.049622905723 -1049.541775941907 -8092.181912206902 5421.366452036504 -1360.8662080561244 7202.816871535102 786.4615149957972 422.2531267055947 8874.048027928482 9460.611279668334 -6455.713771810097 6881.2285191845585 -2056.5694141570966 6727.618734027452 -3741.9327237764646 6260.407974700092 -9940.075976950222 7346.770669005695 -8558.028414313962 -3756.93577800039
4479.965352782263 -6859.095858073268 6669.275108683414 2969.1351954328966 8417.528727785986 5125.459145295625 9452.435077070084 8478.177228824119 5954.171394655865 -5722.180686733594 -6957.880531650693 -2341.807333476547 921.9764851840409 -4691.209066564111 -7786.915076297491 -2520.771018822794 6088.98924520264 8214.89718478806 1175.7814899217792 -4905.33793217546 -5504.713632646621 -4710.342613200242 4755.2107451704105 -2949.219194045938 -7152.950424708253 -9759.318872128213 6537.637889629674 8590.268261945712 -2500.565213156229 6868.987292019039 2872.025155136329 -966.1079275256343
2888.473962083608 -2361.7399710221125 -4945.325275691685 8780.328562401293 -6223.369897354525 -1133.446036507983 153.41868199464625 -4408.6259935147145 -4037.451152891472 6956.99748351286 -2587.5041055449847 -5115.8585323435445 8409.567750654685 -2591.4799938001433 -3961.2707849576354 -2090.4001888821203 5452.7490395395325 5730.113057699782 -2058.137369282491 -4942.209699792724 -8535.183387610903 -3339.9726638582797 875.9091423690261 5651.2448920443785 4844.282311724126 767.245502131489 -5311.446547109917 -1926.8427196909624 -8971.680145979286 -9300.385976291462 -1883.2413412272645 -3607.4399511658385
4709.295135202572 -4179.085758643475 -1579.6392648317596 -4979.348530441541 7736.45947011988 -2116.49824163237 -1678.4806114379244 7158.009854145348 -2816.105258716794 3208.0510862098236 5058.81211794127 -3859.3135968147662 -4023.541420649881 -6020.057908924669 -111.79185296282594 -8189.934273635157 -7244.111272093845 2609.971186071585 2433.20368610709 -4516.3706787090005 -6777.376033079412 -1397.8780204990708 8271.682162423367 6895.498023047119 2243.8729308990387 -6946.0496780796 -9521.960242277039 6959.616200642202 1823.4225574612665 2096.28433528574 7740.883947575832 5044.016139520569
9643.746440791205 6791.365484687194 6618.887478274537 4175.209746509159 5270.879376410216 2573.00187037915 -4992.017152988653 -46.817806801418556 -6068.259472334387 1619.4014306094414 3525.1741547358106 2398.959426827654 7484.128559316287 7335.533771647388 3527.552404566044 8085.209011647381 6746.8424736349225 8486.529604087526 -4989.115169272775 -1904.3149791562364 -4292.113634697248 -6288.967224937616 -3173.9632440795895 2737.362042830291 2589.0173834750058 8361.186601530473 1146.6060452433976 6374.482932367893 4611.822082411292 7648.5683568837885 -3431.9514887935475 1631.056697264099
-6001.572506057005 9997.881777053914 -6234.217980213269 -4682.442997516696 337.0248324177228 7048.183806467121 4936.104893399128 8989.081801450855 5095.718964704849 -1884.733068507232 4501.62071229976 7800.467698942695 543.6615509138173 4738.377481260901 8439.725471380923 3774.5558354319674 9936.942734217831 -1863.3390134182373 -5863.854386822227 -9280.319501553733 -1621.7308670799976 7082.902952924389 -1021.2064063035832 -4421.269327853778 6694.737180017997 -6821.481677087795 -6207.482356028793 -7273.2274443842 776.1790577427982 6432.020289685701 -852.4456914704078 -5481.0957871238215
7505.215913623379 -9828.145490880808 8043.655685761347 5496.696407863914 -7379.013220595538 -9365.176219903226 9628.401386506339 -6875.959995824294 4181.73500569257 8506.920717908582 7216.1719515855875 -232.2673650052293 -3433.3616846988325 -4278.154629370965 4190.7670235716305 -2940.8412432678624 8304.18375418225 -3587.4676365277883 -3431.9806905211835 -2095.345715167363 9936.736614455149 2488.7978733491327 -1719.9436935995454 2104.178936348617 -2683.3627854839406 -7929.805044727625 4561.5277421173105 -1460.3406413851208 7320.493768690798 -7464.794267035535 -8773.547383545081 7914.21881005507
6994.227908119206 -5977.200137269738 2537.407249455806 -7376.768215603948 -9793.853490666675 -1365.2724144382846 -9228.409700266559 4216.178910570212 -4670.423822884224 2261.490964813991 -6232.738860199225 7650.853889408994 -5392.120716909319 262.69165617053113 -2311.5038910884623 9616.878491202795 5169.988796106261 7147.809100220689 4906.411681709404 -8574.695902885576 9112.683403520205 1996.4511016458455 2953.080759020002 3088.032588364289 -1520.2411145268798 -1584.8106664591705 1547.1513776633874 -7244.346872804066 2539.6954131319944 -5365.548472316668 9562.825823001109 -2309.6069231710726
96.80834122330634 -4094.3766468129943 -7362.693932543698 9178.908785425152 7790.958783427039 6124.743691604044 -7870.529297044466 -540.0088357747827 -1362.7536971689278 -7509.304630098672 -4752.9971844699385 -3967.6974024098736 6009.590521817347 8481.35825102355 -5622.174075289817 6095.815270643645 -6455.965572205524 5390.861826124932 9724.452666428268 -7288.775583296368 961.8777812135486 4353.94992690101 9124.35786402211 8012.940976072528 -7585.814303694218 2047.265771779881 -4521.541357673291 -9863.695943529297 8311.599394889872 3117.114326060795 -2896.4942615659047 -9594.134580121667
5717.4667725412855 -7868.411019783069 -49.44296808557374 9561.099184857605 -2129.2906772801116 6845.968833120962 7258.872019661532 1472.6036019693474 -42.43821339855822 -5635.664776159612 -4002.401401912157 -4510.122424219964 -1093.6904429728256 640.5812850233215 327.9211808999571 -9509.452346956461 -8456.125602464435 465.15422686364036 -319.6365562872743 -140.03343657241385 339.026555527862 8379.029011094786 4510.2502553071245 -2974.0048464447245 8069.597384503988 2189.656295888726 -1387.3623625249838 2678.0753051042902 -3265.029507097969 -8051.041055122332 -3479.4679224516003 2601.2234208170885
9073.839081364385 9053.592966573957 -180.13362055049583 -1111.346397529198 -5880.590295788206 7841.317967254552 7349.527519483669 -3722.8226958450587 9588.78796552114 -6873.176614669225 7725.178773297517 4519.606235379744 -4362.739408623022 -5969.851957440253 5692.899932386317 4512.6509691363135 -7014.43329026512 -3148.429360855598 -2409.653148897246 4506.8260075091275 3258.7388798875727 1124.841293036112 -1123.681185581203 -6551.0520639004535 -7536.028169193096 1324.7125697397441 6399.484168989278 -1954.766592379633 -1122.7558696780452 3776.0319581104723 4115.225210345703 7291.361839437101
7559.593043285702 1532.7304142200064 -1543.4713077314173 9060.37532404011 3430.62822110247 4592.034317106634 1965.3280200246954 4351.50598742924 2043.4584421576656 8225.611732503054 -8292.549778466266 -7737.237547141331 3783.293393320877 -9298.127802216744 7238.441606244451 -6786.737165919723 1843.8271861486282 5582.414823696463 970.3274269277354 3429.5044713715088 -9476.021127957123 -8960.988835304363 1201.3424529531276 6582.45133085921 -5210.880906644899 -1455.6745867530863 8601.871646125364 -1360.0385177578319 7257.957174594016 -5731.150835307654 2948.80280860076 4388.832468081926
-9048.10024867787 1511.5460838072486 9100.384619158824 3177.2348892671907 4831.298816116203 8444.542588299206 -5937.784644838515 -4047.2895596068174 -395.31336507083324 -8348.886223042786 -2204.252136329618 -6526.421956044767 -1575.1310396292392 -275.3054771873776 1101.3028391396929 1100.541145602956 -9720.641795674954 -8447.068500655432 -4176.437204668935 -4470.888234822796 8463.159028710994 4859.224217010582 -6963.9321535548415 -2148.9023086799343 4611.967637744641 8301.60721897268 -6298.335898933503 9817.633901346868 -4631.569403048066 -9205.317529968264 9103.595562019465 504.95272241039856
4765.774895857934 -8944.156540340058 6224.355793071916 -7896.618546016705 4670.606454251101 -5539.693533741377 5556.975297165036 2663.751559294582 -7645.84874516681 -7424.991312770595 6059.861457862498 -5151.89171511089 -4317.846356376293 1750.6573755578156 6444.797178539611 8622.026981948158 -4248.432088698293 -4954.0166565731415 -1181.9257827575912 -2573.972905572986 8528.9692995962 3599.0575330353677 5222.644755294901 -3649.299099307792 -3427.060246386819 -9036.66279651377 1918.5482977250176 -3541.880515333911 6371.896037820634 8733.464432878449 6210.63647276793 4607.309320983446
5091.890511711052 4532.0752700672165 -4150.72767303309 -3619.782259284625 -9153.452766965034 4908.323467795215 2816.88913436869 -9447.325615353973 -2906.2148404094132 -2853.620748633197 -4567.032700532576 -7444.7743925888335 -4651.407359693938 6702.21420450943 5979.408795936291 -7748.048348565779 9332.754660671875 -2547.4463471110003 -8570.007025811896 5028.0378406266755 9944.282697361927 2932.4685261195154 -1216.3336118543702 9197.494632440095 -8557.576715568943 -6449.082446834329 9461.40622117685 5195.905477015705 -4904.172146192595 -566.2220652263895 3711.4207398587223 -7506.5413363385105
3458.214905337958 -3133.668833816463 5914.089364212508 -7421.150589272276 -5102.284542794128 5271.486852163873 -4411.271259393048 7228.565865768596 -9812.496406581959 -4675.679831775068 4344.561759338616 8868.990978055997 3119.8574187116046 -2358.616092254868 -6877.661098714358 5802.031819090376 9922.306024900685 9003.536930471371 -109.27544242036674 7560.754563489147 9734.25233565559 -9554.671675418955 6707.996407732553 9041.42646272204 4877.082059991928 7622.1481236279105 -2371.4784191757853 4219.113142483504 -494.95122887057187 -1425.7199136918607 -994.2455245525398 -5668.370469042643
1 32
-828.8524719029738 -3640.379473035271 -3550.6667691710954 -5412.540617892201 -8265.201782581944 -2222.6424529106525 -4301.497539941545 -5108.072884613984 -1644.418060205473 1936.464572224695 6426.179975998064 -6643.170957782565 -8225.735795755121 2316.6629731960347 -1438.8494174623793 -5376.73996673407 6563.202512740681 -2006.3001638561782 5720.838162423954 9193.181827863704 -4681.6905132294705 -5766.837733335555 -3691.3187547477146 -1625.6931362040123 -3877.514337382677 -7263.783454081474 -6442.298762828628 -5637.699275890209 -3797.2501102496526 1172.4635404237488 -5068.410397075391 152.46864359604479
