41 29
-6264.448495919898 5214.415135118183 -2362.2656955249076 -1373.7453991930633 -7183.654226862513 -4778.226733493969 3145.8878107894725 -2045.5389541714112 6302.194590720332 -5033.832121438382 -3339.0191705950565 9550.414395609143 6256.896108719078 -6168.5655519864995 3248.694595106994 -5629.842611849705 -4092.2897656695923 -1534.26641368944 8367.996917865079 2477.8128080985625 9229.934978268368 -5110.837301701736 -6499.745506988884 -6103.197492972805 -8357.439873620537 -5884.933011576399 2753.1349994896354 -1038.411066743538 3718.183621854354
735.2530132297834 -3133.0217485931234 -7431.536257136784 5844.765651308584 -1003.4968179344178 -1459.1914188373867 5457.327895299957 -4631.76642350061 -1655.2185751717134 4169.612044652404 -869.8188969577186 -1259.9275188613192 388.83365047568805 -994.0533524240363 3230.6942680006814 -4194.665349939562 -6488.576138623186 -4840.645043918607 7210.825152561974 -5844.842170965751 -7371.08743859272 4971.522625892025 -3558.3608307695204 6762.017667072578 2456.6536779407033 -812.6533417278188 -5259.093643386328 2326.9619151284132 7425.245649927256
9250.401019121538 -5072.573533095432 -5875.867667276669 -9790.985449937834 6028.184896556546 -9008.375137424833 4444.481806866168 3381.724785225417 8551.68465818345 1417.97656008597 5142.115807804019 -8895.267234481067 4958.606954724784 97.0196776224202 -283.8350461298214 345.21724543556047 3850.730904003467 315.00064785425275 -416.5938615260711 -6840.754848834565 5912.371775085403 9963.550976462178 1844.5832565121436 3979.8865337460393 -1019.3063237237275 6047.864004264149 8304.661906180558 2239.246694146519 5802.687791503198
8258.748395707946 -1380.6343112843824 8522.781056650652 -9760.03807656999 2060.957742352475 8155.129217009668 1111.5739135743825 -5372.04067131843 3225.290758066012 6129.399139727502 4216.737002246118 7188.414186380429 -706.3764803347585 -5476.345731685561 -5022.11549213641 -694.4709585476085 1805.8981255501421 9171.409466293331 -5486.236624954848 997.1762423429227 5291.372186482726 7773.028493482627 3616.3923968584986 -9025.033876927608 -6770.698753815956 4383.74176328835 8241.628857053896 7489.156491771737 -480.6618021747727
-3186.1985345519943 8695.898416300111 -4947.535973579235 -620.3659274211423 -8699.628656812292 2182.762704471297 -8039.736964995758 -8462.31735148925 908.1518135246533 457.50731911408366 3652.617994375021 -6524.97814132055 3178.4548251118886 779.7175293757409 2407.8678356989476 -742.4413625158195 259.96590097266926 -7523.011868507954 -8939.818612943596 8880.093349888492 8051.310806153957 -1165.691796853167 4536.644020826545 2049.4603028904676 1514.2840232325434 3932.1717781329335 -9413.566933614618 9926.42328889309 9884.964226619359
-3063.792262545784 -2708.5329431813607 -8864.09505708878 8803.020062001815 -5002.923353993771 6149.311445571226 -5301.889243101614 -9533.79722533403 1495.4084426046284 4371.264472833507 9499.147872320522 -4018.0676602737385 1441.750446449545 -3518.2850989585295 4217.78307561246 -7561.824999156428 -3011.9554029513693 -7377.682235071379 2202.6166686433844 7337.97365831416 1148.1608191774521 -5668.710531766692 8326.140688296215 -7147.57219202709 -759.7174200165973 -2341.961069367544 2912.367337425696 -5837.475067424875 -4491.344633197594
2469.7694625328313 -475.2355899858012 -124.04054525761967 -3660.2121856944423 -9864.205449061792 -6721.318285713396 -6044.443979597904 -8416.112712788312 7759.1978823715435 -2945.0302688053443 -2969.0395147243207 8653.9441222413 4876.463844506519 2268.008484614482 2225.219351983782 7239.220589439061 1188.5630489808282 5836.086227208078 9188.295787241037 5866.866881190452 -5165.029415817233 8089.07810738459 2568.202704799007 -206.14983061508974 7373.001369445974 856.7542484547612 3506.4647183616744 -1536.3839662943392 925.7712831412373
-8239.12598538339 -273.91428099147197 -7286.151121903456 -3876.5907685186085 7428.64939046355 -9932.214028101545 -1529.4522614166435 -4973.114296607686 2136.8182347452985 1500.921328694456 6166.514050301808 -7228.518549297365 -9253.423750211181 8573.940912841907 -6029.1178783589585 1643.0141112601632 -3208.747124928531 -1897.0604832302724 -3091.977775673129 -1771.2583529671974 5367.025782176879 -9184.434433004652 -1984.6990428018116 4534.9453497362265 1744.469811066001 324.7766444761928 -3719.941385813494 -576.387061681964 -3683.8163768758795
-4876.548821678794 988.047409360528 -2713.9368168313613 1109.1984060163668 7541.861867055955 5733.754442264186 7675.057925473837 4913.041787582053 -503.6855849831045 -5574.1225866273435 5186.413403620367 9520.706174359584 4266.4579319101085 -4875.440717318951 -5521.32329125738 -8528.598394109558 -1267.8185024463 -5760.300624310575 -1682.7317109481428 -8187.026507272659 -8092.984324028905 946.363844233716 4196.239704252188 -1577.9109646752167 1507.2448261260615 -8376.669387926479 4716.151737842736 -5497.496235599084 -8811.840249551427
8932.892236820659 -9876.145220666924 3042.5636271528365 7229.764973967995 9623.468238419653 7230.166217316488 4254.071442341265 -7564.991857618697 1303.9840306883307 138.5844485595626 9975.767403877133 8051.262052750702 -6119.40055679656 4380.867597234686 1119.5949401364487 1980.308051226626 -6268.289518392738 3529.156045841679 -6602.308605742799 -6159.625890714624 640.2053981192876 -6951.847351305185 -5972.15774082114 -6521.463636399873 2361.2467545190248 -1915.6283638742334 -7446.610375214163 4938.6428314328205 704.7249643149844
2879.5879964927626 -2627.7878023084877 -8457.33558389954 -9175.546771774232 -7494.5318770071535 -4665.271464071363 5119.691589247497 5672.999670616922 -3036.050768659753 9026.336088125223 1489.05087745733 4744.904663779886 -6493.2331802153985 -1291.1823823485684 9943.662195217425 6346.60983609896 7679.505105811368 -9896.527550613217 -3501.878989587459 -9612.54012028933 6327.495679360256 -361.6856932915962 4722.134578737505 -5086.873669090155 -430.4790290129622 -9653.747830453727 9500.794653479858 9064.131686696142 7405.485348824332
-2044.3776141702565 6336.233018106161 -8614.867603938601 4149.364777915456 4552.951152737391 -1108.0952550932998 1314.2813397886985 -4488.23564169355 -5023.770453607881 6079.417808531387 1370.6914632097669 3242.7605069298697 -8015.595232927595 -1771.9438744380695 4711.144752340817 5763.368419225895 -9837.509438500727 -1743.4234031563665 7605.56232711747 -4659.107354803884 -5882.158967130311 5101.937720323995 1190.6748398530635 4800.893969759265 3260.5023320669006 -9255.474619196111 -3771.4047315576527 -2822.9504176161454 2475.603634733863
1076.3221699205606 4020.4591550305886 3124.8537130782333 -1565.205325203755 5385.427756289442 -676.9077568161592 -1783.3806495867611 -9328.621953191307 -5581.034695286684 -579.5690944055586 -9742.342548525872 8921.52973606863 2238.876092301165 2617.4982057050092 4856.0609776822275 4815.881759575448 2303.0789320357453 1052.4469510775962 6282.890776699898 9853.008828432201 -2192.4918490841683 -3683.749856944023 -116.16596799911349 585.3291725526378 -7257.984658973221 4171.309473885318 2707.5748300149826 -2560.7848122501673 -5265.1875014189445
661.7455627646777 -3935.864928521709 -355.13251305601625 -8327.920101349564 -6960.571993048075 -7687.959009335847 -825.2816032455121 2407.7558046637496 -5792.553605048949 -7459.671437509567 4027.8914923988505 8649.248085736257 -2206.8447631368745 9693.537715561983 -3611.389598696004 -2792.7424832862635 6154.971595373518 3502.401919221582 -2543.1498113087473 3019.9415380565406 1135.4892171542197 -7265.089706098651 9166.077552047183 9551.581337020292 3962.987120028516 8643.65606721865 -5738.7048744756285 -2679.8258309430275 -3183.601164487238
-4085.3409069371046 -2908.635338963406 -9647.307305905875 9568.466063515578 8618.73655871335 -9614.289755831933 6856.438680312789 -8703.861729251392 5905.129406592421 -1306.1448139489257 -3929.8304566207553 4033.6951623652494 -459.39391838577285 3769.184684371299 -6363.977796582145 -959.3026097809034 -610.6830530036023 8074.25553535224 8541.988241744355 9388.94952535634 -3245.8669607452557 7536.0587349780035 -2958.4759368351006 -1831.090860848406 7220.751519522852 5636.260953115438 1697.8466419639299 2376.7262037461023 3933.3065244796962
3247.834916218111 4214.013981402202 1856.571707558005 2753.2650384778226 1491.8838491230745 5764.757134863008 1454.0338008235485 1233.5364325898263 3895.0464674859923 4270.961197122146 -4851.64011698114 -2111.822376285335 -8557.412203952372 4685.110229471946 -9726.851362186237 1146.0489789699513 -2993.7645452595425 -297.95916641865006 5483.474874768044 -7800.359660491514 -6.3535766123477515 -1584.8169785470745 -1386.2587379729903 5702.752612027403 1951.8672054481322 -6814.537758323629 6253.087354105615 -9906.452786429234 5559.478109643656
7284.392275124523 -4923.235536528688 -5523.663500925169 8728.898356185691 8601.455781268709 5814.131075736132 -5112.211607222111 3001.9171547447004 -8254.48960722781 4699.847304133613 -3381.4231885309455 -6538.233621532281 9010.201982090686 6729.872986603088 -7138.782963550653 -943.4249537805208 8504.713030448853 77.09335627715518 2396.753855439709 5973.203470605618 8254.765179986734 -9161.08129360998 -5907.493859453234 2131.010013704061 8774.944186679346 5372.8209762068 9659.499348361132 8300.233837351141 1132.377371200011
1099.956433073461 7837.576126998876 -5474.821956654665 8435.27286036167 -7535.760003921936 2734.127625415371 -6952.313487202324 2991.848982413345 3566.4835996086513 -5897.9095404065565 -3713.0351805419214 5954.796268476088 110.38987410487061 8445.949785441175 3958.432437134694 -6909.994723132002 1907.1929843371454 -2561.1824290964605 8762.684265648684 -6799.026766854495 8579.547833485878 -4768.851293607734 7427.540417563694 -848.3414999129545 -9149.346488395915 7696.65433004915 -427.7884617048785 515.5379742690311 -8569.504936656751
3691.0738480569653 -8121.984672645317 -9003.470868322716 -7848.135616248819 -4937.954799880471 -2642.1734695147707 2360.7216856374216 3609.11485333374 -9557.77275862717 7188.201776366113 5741.982367539131 6863.815786765561 -6957.1607224107465 -9841.520688732042 3762.00208771946 -1305.4015370375255 2850.043718014271 -9637.74513541098 8533.664658719426 2261.985333151142 9945.287056321722 -9872.251300820471 -4473.282261691531 4941.993541004698 -5686.985251997292 2719.310440504598 9544.041795653004 9936.089211664217 8281.51223934706
4902.155633998782 -5389.117395699456 -7234.55981506572 4473.902139807857 -8731.299632844191 -2770.264422581008 8604.740234276938 -3745.9217822565315 -8883.31586239174 -4235.437188797872 4908.594530072729 -7034.519177986771 -1420.3361235493794 5605.522993488803 7877.155306967128 433.7184431477399 7293.043531190731 9456.391505534804 1656.5467738872903 2467.837608146643 1378.492159805708 3813.986238519643 -4484.361161994581 4192.028319364164 4994.2256786610815 4828.693894286287 -3917.17339789359 5921.003188257873 7150.367113499713
-9416.118758190156 -7361.857163489407 8536.345846633729 -7864.494309042351 -5516.9385580196595 2987.5845552739993 -872.5249654744712 -461.7747049439513 -9835.15406235607 -4534.346725335703 -4133.760972153084 -9251.182465327018 -3146.736032768009 -9278.12057848125 -6348.780429171375 5592.905538238338 -626.448729545371 7846.303608275852 -6292.315878355377 -6631.446106708192 5811.109157131345 6148.51673616056 7679.316758235753 6535.633950676725 -6462.118860239408 114.05652179588651 584.0740193948241 1329.533696241886 -9134.19624404489
3795.899054316813 9617.236718247994 4114.614968297041 4264.38339054383 -6702.366879125916 4009.37791914216 -3596.9957306981205 -5267.372425877184 3195.661676359454 -8367.39365089491 -5468.589107426976 -6861.40707545674 720.0529133081181 5247.087294462584 -611.8992614705567 -1646.2671377532297 -4573.2521191911155 -567.5621983760611 1051.390663277898 3263.938984536271 787.3755981401719 -1916.2790261788377 7428.290974743239 886.191388399171 -1348.9445513527044 5031.562338019376 -1593.085580834082 -6914.840508627458 -2412.934840208336
6047.537137239735 -8532.759848074058 2924.3900448862096 -9048.522300469469 -3103.9071746132295 9138.006167503467 -1587.0361352984273 -774.4423154587857 -8258.522896336886 -1715.6186536897967 -440.97009737852204 1239.580516710097 9401.463357419605 -6963.1275722838 2536.457850589273 -7162.530012854342 -739.7190492582376 5629.310552601375 3750.6864226935213 4086.097776300281 473.7173549339386 -2345.9531087767728 -750.3109770621377 8828.608786173285 5351.524481145834 1015.2307768336359 -5632.587238510514 6005.257694445247 2591.4059817593698
1816.212129763042 3396.321159114501 153.44307960573678 8478.094748948883 4194.407620858023 5438.00986384307 9802.83866138402 -7278.5346963024895 -6399.026660496194 -8104.186636010641 -5586.421829536916 -6080.005641078082 -8923.00354356148 3856.3012381282406 9221.838487791007 5471.8204546152065 9028.784549587908 3042.233323435583 -6270.760597595464 -1012.0384041067828 1003.068813182892 2958.539171379238 4064.09408109367 -1930.3338216390412 -1536.0606024457538 2393.5989729436606 6429.79330762992 -3106.881097047183 -8034.490157854463
2739.6795701583105 6221.236641835754 4093.7714507134733 -5245.7369069040105 1338.944316595118 4407.054647894056 -6318.380624354795 -3359.6642893281014 -5338.585122262028 4410.378152696298 1835.9454881394904 -8232.503628080834 5996.844845664404 514.601314041558 -2482.73455737114 6847.089339720027 -6223.322989838116 690.6557066911719 -1382.3597613344882 6545.666985425483 -2046.2599934689133 -701.7058034651654 -2820.142587483192 -3918.7447473037882 5162.126442105322 -2422.8865599807596 -6922.884616907674 -4817.32846008373 4190.233198962402
-7794.708820465783 9521.381672521293 3420.727276061978 7854.182568579123 6112.647739984623 4385.657083799719 3813.891077725906 -1887.5535513576506 -8209.028051693955 -7799.098544482647 8604.745675169208 -9471.116169777955 -4007.3046589656024 2780.7431798092566 1660.7008314711911 -8168.742646392881 8167.863084709443 -5911.439763757111 -5777.975963631148 9907.075084205178 7439.853474660824 -3895.0257279501566 6993.767758450613 1710.682563850607 3431.946077706216 5091.8400130060345 -2283.191979201264 8459.47239674208 609.1279061401983
-7368.417222371834 -9810.466244344962 -3906.6080495259303 -5632.384950838258 -1592.0420812814373 1000.5847493033834 -2875.173079549938 -5070.75971441199 4692.868796159415 1544.1176891126124 -267.78678165860947 -5154.559259818167 -242.702816410585 5735.196606708609 -3800.272256041426 -2131.515058891154 -6390.122455660825 312.8611017950079 8659.73491369994 6315.192750075064 7568.315641378049 -9079.833225297542 -9179.329750034824 -1653.7290303284317 9078.750618469 -8510.28014425457 -4833.449744366003 6520.1574056449135 -1168.464885720381
6125.655802871834 -9854.535263725758 -9457.281000757144 -7749.063351512422 -3164.7156630322024 559.0627807169658 -2793.9125925476 -6888.426064444038 8004.250299478394 8427.57150861937 8549.382996545228 9971.651578678557 -6219.276809044063 -8232.750782306635 3354.716857978232 -3217.4569559095835 -7836.259148190945 9465.204890562592 5411.2332951122735 2690.1034568799823 -6218.350443212524 1962.5464401228037 -2233.6332567932795 -2916.918188489437 -2355.335717489901 -7642.474090690943 -1811.495352426833 3476.400264779375 -9854.590685931442
8304.102109947547 5815.03346527575 -5072.41293611165 -6416.173233627514 -2848.740853063905 4717.43202541858 -6638.265237788936 639.9246882321368 2179.4207334288894 -1958.728223039161 8311.250809470152 3099.087274240017 9372.309336964157 5100.809226708961 9470.494553002278 3327.6645054151686 5623.567075621775 -7284.424959649731 -3472.493583585505 -9873.144677871474 -2339.38077415726 3953.8534144800087 -8761.791497963191 -4851.345355226122 4091.232823857219 6172.482264134269 7913.292653120428 3047.523284608522 -5931.824698188068
4335.417028096808 9371.798217363103 -9562.083575901868 -546.3021717001157 2664.5601423433636 -7514.985044835685 4156.393982553374 1874.9240547620484 -622.0920645325641 7851.111072939959 -4855.9242970665255 6265.759246162743 -2655.334598025758 -9637.093497496067 -5429.576651977257 7982.711311510964 6104.470171042623 4438.596378146385 7257.081696607165 -1838.753276594276 -3187.583933700921 5417.937016502685 4625.2431297114035 -2119.014222712656 -396.01817936885345 -9398.329072427678 -7753.265231671796 -6055.432501579777 -8152.174363963684
-1756.585383493095 5652.027766111629 -5236.1374073773195 6648.283516048599 -2403.3543203378667 -1467.014589467355 -7270.590188760273 -2171.2162374090994 -5224.8820282037705 221.33714933314513 -3216.757675596791 5467.534912784973 -7601.361801652249 7085.72032542072 -9612.14195717229 -3234.5370895782908 -9141.271660611146 9599.492921868696 -1885.6950078946056 6490.557395247233 4630.313602706536 -109.25484318727467 9645.805619157283 6758.604958214972 3987.0156513702186 3701.435454162911 4.549525932048709 404.08282646867156 -1639.4887253983597
7624.388581801057 -4149.470690780948 1683.3042517276172 -1734.5187948915336 -2825.272059232778 8090.6444802352125 -7043.828513398956 -8640.511475692274 1961.7573060094328 -7124.48895295749 2988.034508439432 9633.82864395305 7136.377410955683 8979.195753471871 6659.104746022913 -4161.785918668385 -8547.776629992775 1177.7615346797593 -1274.5650517028535 5570.2070326920075 -3274.3329694934764 -9477.902347005129 -4192.5048810367025 2.2514645404953626 -6609.154537611357 8773.786676337728 4313.008548935481 -1783.1943213206505 -2577.9575216905614
7645.635722649138 1175.7995894687429 1007.7539354467699 3740.8403542050437 1583.9677943827191 -1034.7454482209778 7087.443127776707 2553.3243657837575 2705.9744030805887 9753.84934991314 -3898.4460839729927 -3116.02213942821 -998.2195333195177 3224.0277860288716 -6746.345426987137 -5709.096029042793 -9986.778532177756 -21.27646721421661 -4707.183227901379 -1228.851716234154 7405.692059881072 7115.960065404201 -7048.794527381703 478.6985432275742 4694.199150241995 359.5953496224138 6619.045244331548 -5175.310062309515 -6144.371149413426
1606.6370802226193 8973.72093974863 6859.410061012844 8702.903955346857 2760.3915113828316 6622.778274375007 -9428.829302001906 -4638.2303871963695 -5062.41343091272 8340.084635407551 7830.400371775766 -7839.223939825406 -4697.87186698841 1816.589054942695 -435.83068140659634 -5676.800846300846 344.19660595335154 -7804.011212607267 7283.997486554334 -2018.938878461916 3014.871376302408 -8689.31551415045 -9393.601271577261 4563.524642442662 5642.549209233035 -6027.065014531465 -9683.672015618584 -2280.263046496895 -998.3375373123763
-6527.421798184985 7619.930204755547 976.4769221703355 -2992.304060345312 -2968.385129427793 -1842.966251680722 4463.483073832471 9692.632774843849 -230.10712255098406 4375.069141997585 -9644.620453261412 -390.1492995944991 -4508.474300647463 1343.8264677825919 210.74799535854436 -6346.246211162192 8118.168335203358 9355.105632834147 7229.329811746047 1964.984774902563 2428.381263563271 -6262.772369804466 -2300.482581920646 -4275.530606275046 -8800.02642451946 5922.915267381977 -5063.451237973571 -8550.502546730599 -9040.883615533361
-2629.091042012841 2138.1127347093625 6187.391736318834 -2671.103808220474 -8203.376580913007 3112.477580737099 20.439066662742334 195.09998983704645 8218.60502007373 2850.511513848918 3791.74110976852 -853.070841343937 6470.070851074477 5481.183038155754 -5692.486043228701 9537.397081959713 -1780.7625434271777 2463.075193292396 -2990.9647128319602 -1000.8309507888316 -1756.4553692010504 570.4454867747318 1032.7369221781628 -8763.76611839911 -9542.54516243668 589.7798703512835 -7827.9649956043595 5512.89393394909 9368.735057943122
-4529.018633115414 610.3157439052484 -5732.970651989573 -888.2915255744156 -6384.849646950086 -4050.3634435822833 -3334.361793143159 8872.529617750337 2314.806502155032 -1800.943338228546 -6080.159059781001 2711.163071292187 6170.5058657342 4574.157564527461 -4491.423954286067 -1241.8797102263325 9001.573462283133 2227.803655849266 3162.9550784145995 8073.961391743334 7277.160777137764 -6800.10354368449 1413.045518627412 -8280.552466146986 -1392.4570755637815 5294.22948232528 -9827.975378272706 -8306.461567107395 -173.01839706379906
-8186.732318594123 -1421.4143900111994 -3771.4106134361173 -1026.3032627583725 -4768.719601416742 -7519.832174745576 -3309.266622591147 4751.4272331635075 4950.925216277235 -5141.7676028341375 -7925.632853692188 -8113.151978299178 -5460.05426087006 1214.2257420600472 1919.4518043727985 7939.145731515717 4347.347299313531 -9032.440226453096 7353.91150957641 5932.257184075346 -3019.4779012496474 3116.6121492575658 8361.769532927708 -4080.2070430309104 -9493.738689965758 1717.9592495538982 9394.602444831398 -869.4552305997076 -1072.961782948485
-3970.6305509844888 1067.6622970531407 7327.286545294017 -1270.3137836218502 9623.617125083416 -4181.102977419866 -6755.523551904254 7812.016958080167 -7942.523850362946 6699.3484392471255 -685.2739917637446 -8015.089972454388 -2974.7824206514006 -6257.160852836336 -8626.746827381994 9279.5921522354 -3565.830090466131 -7605.446489232119 -6041.99159536928 3127.3327877229713 9741.263620064521 4619.23180571141 -5910.489428301993 2650.3575392634975 -5144.994872241758 6659.954464472899 6112.64204752556 1621.410376381551 -1963.0836557438006
-5590.867583956429 -7099.976766815148 -973.14076837627 8633.63385305972 -8227.119849712857 4242.673339448806 9948.716027831353 -1999.5917489171352 9378.89786101106 -2074.2903226242124 6821.292819869541 -2640.626253147262 6768.75068571786 6617.885396862672 -6006.323276262559 -3430.6106781090275 540.7364272011982 5498.162143657071 5510.151764430875 7484.428798051729 -9209.987472511108 3828.4585224894217 -5278.695838062633 8380.71826237953 5037.749709346537 -9785.250635307739 7602.406040678146 2248.673915232668 5561.605433978699
5145.166869082208 -3391.408145349408 6359.373316086827 -4513.1348039729155 -3028.005220284682 -2064.9783601806666 -8550.631803151582 9068.928699321808 -6400.319768213343 2098.5757917043375 6470.782346515163 -6569.301120668365 928.8900534208951 -4492.055459776392 -6136.991592349341 -7077.595883438697 -6834.552618542473 -3507.221694809732 -1566.5750426941013 4017.082425969007 -8258.444212962044 -9199.103411813867 -4502.0714302072865 9730.132679657145 5394.888247211358 -8152.78724190039 -6335.069271193405 -2759.386873781944 964.1019166779424
1 29
-4578.561297271444 -1104.4857247998843 -6034.3366377234015 8168.701178619234 2358.092151804387 4607.592084526817 7673.353621389266 5359.591909494422 1574.9182507839723 49.54102956880524 1674.2905918535616 129.94908773975658 -9646.82244711649 2601.155316153965 8404.161049298444 2485.070588556435 5975.9533933118655 8869.796249653089 -8568.626095939353 5341.950608580497 -8662.521930418285 4678.948966671736 -2769.968545905792 -6829.553291963653 7263.44948231415 580.4624044594057 2028.700370530145 8130.0726427892005 1746.3520682763483
