9 21
8151.879318935469 -301.24128208267393 2983.460122387969 7857.489476044149 -2712.5165076621124 -5726.144283666062 6532.772068303086 -6657.49241764793 7566.883218424959 2068.4185409486927 -4213.076654139425 6711.602489088316 -3983.5529072919962 -3826.8967268255483 -7667.858316822409 -4710.716832798381 -6321.466085791095 4575.790790636549 -5680.7398111798 -2616.6204178766984 -3923.78580707689
-5350.35283337091 -1126.064930697028 -1177.2849686024092 8083.7089229967205 4477.601549561903 3539.855988580439 -9483.329737906823 5607.1513274674435 -450.38369926430823 5560.731618212036 -7260.858954201565 -7518.241051477447 -6355.035672258964 6170.576351023303 8096.29207804492 -5195.542935756145 -6020.7447059043 5610.661735590735 -4823.42608495329 1741.01176008525 -7929.352512919212
3511.4387195126965 -5394.695379044363 7148.314991445692 9940.893511404825 -5423.668547548086 -1333.524930541811 3554.167075958847 -3362.0689261287007 -4079.480270066624 1993.4671055938907 5876.913568720171 3573.31653904182 -4275.9840022129 -4443.555677078805 1606.5596506627644 -2044.865885918297 1188.0674535100661 1249.86115613314 -8190.629815079742 6257.171518519954 -1956.0650881917627
-5395.688347756176 171.93890122665107 -7463.839982447948 -2948.1523966079885 2220.0932389640802 -5890.38561371803 4672.717738107238 7109.16093239875 7272.579325630697 7865.600405037803 1631.0176457500056 1579.64289620186 6955.557455130478 -6605.796395173846 -8369.302885640733 -2520.654032556613 -5793.8425503085655 -9772.266969321197 -3394.7652339795286 336.1327081942454 9718.12476872035
-9627.309332537361 -5532.465120867058 -506.4853294314653 -4176.219495836062 4625.117692998017 -8156.763129642168 -6483.150367867638 5987.029287675094 8355.101293175496 2317.412425718676 -204.69318889655187 -7240.400075559095 2265.5913516920755 4741.993251478698 -4746.662319595543 -4389.4060327677 2791.8322546918444 8669.699743370471 4865.043632951138 -2661.2550554482996 -2290.4061979993503
3375.765322427971 -5049.4803796793585 -8673.47222850738 7136.958342588041 9476.33082907987 -9514.156135926049 -4556.633131396102 -2120.2096414595735 3239.4436288900433 9250.745088182786 2555.6765175683904 -3381.677258087175 7172.8791106508725 -9698.685563833891 5782.918499210577 9934.702739625722 -6020.327493246394 7282.620524873033 9552.043136906104 -2311.6260299919422 9292.602691901197
5598.657218189524 -4340.941169088222 -6110.6441213683065 4218.5539256619395 5866.188704855142 -8932.662447361545 -1633.7046010066297 -3510.5528165588203 -1821.8880122396167 4868.425577623981 -5872.280025350165 554.6383422410036 -516.9819675770468 2627.916364504883 8732.49931630286 8315.41483397863 5791.186551408175 4165.133700526165 9306.258135696273 851.4302682519501 -4034.2142619291853
72.61794164170169 -7491.9539731221075 -9348.750938663095 9227.134606562704 4476.194653964536 -1635.0544973938904 -5496.048663831088 -6615.991859917894 1551.221266012839 -7206.456993016055 1641.910797917406 2833.2284318708225 -7311.279615696886 -5162.705611050355 4541.873728785185 1295.9694258323216 -8578.355202913957 -3327.775749056809 -4604.317610785002 -7555.619076141349 -6864.2679137324
8090.065554285691 4459.799021293844 3033.7564593459447 -9489.310500989784 2075.641486835233 1285.9746392285997 -4454.2838709575335 5553.964107929749 -5466.884261377514 -8555.726922638882 -3600.1297763415077 -637.7071141352862 -2705.7747620270666 5460.793537145104 944.6792602098467 -2224.8443114238144 1841.2795765390965 3107.7579513041273 -1473.173329969939 -9390.776204442522 8020.261122080294
1 21
-566.030570981844 5207.448144718388 9224.664150124245 -4779.336518165458 4133.418884505547 7520.624767799291 -321.53114027117226 4413.830978403701 -9105.528827724762 4767.025866509068 -2524.8114400127197 2825.7692209515844 -2104.3375547859177 7151.916705689531 -8978.936140664648 -5569.622280548916 7834.713509883473 4487.984407062275 -4897.967440889144 3262.176235099694 7928.919704653807
