35 23
804.5113628340077 -8372.442300161598 8263.138149617978 9519.846667471687 -7704.826965211672 -622.9194696741142 -2611.9821143831086 -5836.013958993401 979.856052359044 -1362.2303386047624 1708.1548518869986 8705.220556119795 9085.42182731198 -9726.21635154738 5348.417656731359 -2661.8883971592795 4814.854762065792 -1185.4714176540292 430.7224323540777 6763.825510323273 2533.507276733195 -4599.390666717682 8692.424403988702
4421.908500685226 -9915.990313335002 -338.5355636195527 46.66040593577236 -9992.99553350155 2060.041384709555 -4080.929539109974 -1963.3738185376678 -6991.247024451133 3989.452526370318 -9593.051987527013 8393.591951996277 191.56050958098967 -5973.613648626866 2965.361750010825 3733.2409680395376 -7410.0410691264315 -5332.755121606876 1608.3640022526452 5657.172857578913 -4672.591959085515 3114.04547159468 -4019.053920973388
-1522.5060585903848 -8997.324250571868 -5808.8160932613155 2068.7087428106915 -2912.163450476206 4068.154625975505 2504.669180029163 8563.076830536043 1753.510113939874 6876.305567580886 4103.4070289259325 -8070.568627171244 -6468.269766732373 3263.4499728479313 -7089.785387818554 -7118.998875856651 -2687.579506275173 -7887.234061744122 -5559.140856002316 8461.350337034612 9747.336458037204 9767.924441851654 -5640.177043779835
-5088.549722178999 8666.526942794993 6605.823906031746 575.5146884850201 -4176.000403595699 -1057.0092289381882 1345.257923160074 -9123.093006752368 -9326.64652548251 -3714.885663087497 -8927.73264239858 -6354.123008334484 8060.745789771998 -9323.768206093298 -6979.324005620487 2629.2508693695254 2034.9643202658372 -9109.754675530761 -8326.28277505451 4005.1259289632762 -4629.989006904851 3587.0795291430677 5173.782701642054
7399.881718320885 8218.150044880367 8574.416649799557 2281.6961117687333 1482.4286778080113 -5124.868276378483 -9268.258379333374 -8810.989690384928 -8429.375554692553 -7099.892594735753 -4685.589756642956 811.340093743207 -8488.570375453486 -821.6234263071474 5651.692293221024 -6976.331635608095 9887.243756619304 -1086.8918889389206 2002.1461812883354 2460.352413779383 9304.249847632604 6419.652472484577 1309.3139052106726
-4419.250920391529 6322.935314674976 9847.041048144198 -8916.517601759315 8575.481796381886 -7964.943502254254 -2145.5448663085954 3940.245995703628 7864.220908234638 6605.209141216332 4249.112244170135 4725.943969580785 6535.110759110168 -1211.8422894225969 889.6126280275985 -6445.509402969687 2042.5264592950116 6306.279331862392 1045.2634634370697 -5671.739230940593 2617.840897786171 -4453.554212344952 9427.120090112712
6358.331726336675 -7316.815652388613 -5099.298482642034 -7414.991222598355 4317.023283674724 9799.080622053862 9725.667606870677 -3901.1186459340697 -2007.3093049588533 9632.149938470353 -3518.9613862533124 -2824.4455058619724 -41.53728005734956 -8683.779765181107 -3002.923721063291 -248.49059221182142 -7822.654090872543 3539.519155023778 -869.9354784017996 -2428.6692139709085 -2405.7453172214573 1200.9783986432685 1394.6520243537125
-5076.8764044311765 -3976.3254252829583 3472.8421282750114 8123.302019322193 2890.7749169582876 3461.992720199498 -130.35420355998212 -3846.4437560515253 1757.671906390051 70.38498976437404 -7304.418381585951 3156.5858996014103 7806.245610823487 -9236.702979985701 -3354.685853885828 -7301.285646001214 6566.201309119009 225.2046162700317 -3017.7254214622208 -6101.700529254479 7719.020211800613 8390.371948836564 -3403.952737124212
-2909.878282846985 -7108.161138586979 -8383.813085698259 -2947.15697421644 9137.782964591112 7880.890228255797 -3578.3880444697315 2129.8711218170756 -1001.4931236993943 -5064.947471839907 -9685.799936271158 2459.171364446249 5760.13522775817 -1261.1342679007994 -1190.557377333358 -2149.817933477718 -3107.3411946407714 -8514.24972130384 9195.956350872624 -2968.416448565994 8396.16384716989 656.6568959725137 5098.707016628232
200.0467620156378 2105.3628021281456 -1498.2787845960738 -5975.265892938155 -5417.9259489628785 9813.694671497193 -5696.96212179825 -7105.537396147168 8506.373979518146 -4086.8697901237438 9653.432289921147 -3081.370213311503 -8644.509817740593 -3131.452886262271 -8105.784974677268 -6893.420202396614 9582.718320304077 -6620.342769159984 -8004.839917658881 2917.0364552143565 242.9447494541746 3506.2562594283627 -1737.3906873158376
1933.3275866712302 6646.25438919408 4963.013887920533 -7119.571266543326 -416.0634413974767 6673.756983464555 -8165.10362794784 -2623.7226438556154 2702.941158441112 -6886.3311564873 6385.143579216136 9049.411520829508 -3820.2110395405216 -1993.038603402335 7629.308119895621 -5163.676916885837 336.01216654662676 -4221.4462273981335 4745.804548552238 4077.530393208168 -134.55187410112558 3756.930481800471 7044.447517944089
2338.5855850071275 8097.661113565224 -9619.750983865253 5158.293369404648 8213.472938288949 2847.2538021787077 7349.826351227352 -4750.358184341962 -6292.3898821328585 8784.121176599154 6999.545598508554 -2765.056056242972 5923.102817983912 6114.504890399383 -8276.029848354217 -3344.919007217226 5372.192084970076 4494.961161680452 -9816.653958719484 -7017.084930578548 -4456.23177612275 8356.835278037703 7017.58032550908
7938.398400992042 -3151.636618227584 2012.6119575949233 9515.385519114487 -5797.388926369862 -6332.3692659659155 1638.1472614723389 -1895.4608511065162 -7795.072246907948 -314.7770545814783 7597.129952027804 -171.927125758868 6145.018110819858 -7334.395543951077 -251.65059748402018 9260.120646622792 9069.026093798857 -7696.309016311165 219.25890650520705 -4459.455257360157 8458.48111894005 -5556.996633979685 -3972.395880635553
2691.397847440692 -5569.76717775948 6331.486433086182 9227.232531212561 3358.2062360652635 2863.805827142396 -1497.487947867632 -110.77927508519315 -2068.646727070225 9534.90902553263 5927.862034137252 988.9055838421464 5527.454329293541 -4663.4824727689165 -9928.391106740042 -9287.75650273601 -3605.069074686371 8647.044315539639 -5027.2985354888915 8956.989128554225 -1496.4854864104836 4181.699606494769 -5309.490046179204
3762.6170588731256 6171.293599023007 628.7294096869191 3948.999779808086 4157.543948737275 6698.662289701639 6502.623754411499 8595.877694853989 -9745.07568150124 -9725.852681168042 7950.720527083111 -7670.543554729566 -5425.093888697312 284.5292820894665 8194.229353162911 -2766.7224844832463 2602.3614044705428 7456.501429980784 5484.6967122198585 6024.8956772719175 -8172.97833601232 3344.1897933696127 -3547.2744277367283
-2042.1144911808333 -7613.405516407487 -3998.109360090527 -1087.3807812167088 -3712.963919183794 6908.52806531754 7821.516250814679 6902.830057481846 9428.988784346991 9508.053079222129 -6121.690187625816 -6317.141516938352 -6528.965994428216 6527.261643043999 -6832.310480606693 -1711.5108911064362 -6264.085339338526 3045.667548902298 5165.973257375195 1604.862799153936 -5183.347837611245 -6948.706796574109 -6078.544145621905
-4.670647288379769 -1312.7372176865101 -6647.4688908803055 1564.057342603497 -3432.551581164911 -7019.165784122941 5553.453353726341 -7393.349667366183 -744.491219963702 170.45496569588067 2698.580031779873 -7345.217875711858 919.4625378202963 2060.7281249673924 1052.389845790074 9169.12505785661 1268.1328767938285 -562.2430566686035 -6120.821240542471 -1592.0209075626663 -2184.224915615032 8469.341271399855 9111.597816243771
-8206.375238197083 -9651.088353224824 3259.306900806947 4561.461629603757 5732.8738148914945 -7009.933591217947 -7178.856379866825 -8825.988857750566 -7977.068351565308 -485.88817101218046 201.58613849309222 -2032.124375411142 -1444.2969640572483 -785.4119407618673 -8850.464560913666 6610.363807178495 936.4056854811879 -9983.337401714256 2426.9341993423077 9355.338803664712 8566.428939420257 6187.859502170157 -5143.960954077053
-3506.9489417952136 1267.4045016502532 -1350.262325916714 -4634.821211948123 -4253.780326322407 6652.637963275687 -8523.282975522558 3201.25151096646 -53.449088517234486 3504.345972066403 5643.011299363159 1683.315115946507 -593.8026846345456 9694.496326970577 -6692.209976939028 6727.875044737259 -7049.009089151574 7124.973823231172 5135.417240630015 -7511.270011353328 8431.260349537235 6697.932884604339 9349.313069572818
7251.621546811784 -1668.72659383903 -2287.955319119541 48.84387814587353 -2191.664418399386 -9170.969045942862 2425.5605901896724 -4583.889524607081 717.4272015645038 -1407.6039956012628 -8123.641426910675 7355.205427839541 -7146.483372257792 6562.2734422688845 6493.685062501834 6897.485752995199 -8829.055644820664 -354.30034555914244 -8204.16294485013 -3535.9473668379705 -2573.8819731307894 6740.108698271884 -9789.331877974078
7136.294533809189 5521.424156030565 -9984.316027517702 -7647.837675680708 -4484.402869320909 9347.929332551466 876.2329493675188 3954.8701873248865 -6870.874976856067 -4039.4956892723876 5282.175903187897 1297.36918183343 5877.479632897059 4723.134941180268 -5456.122972209705 -7163.2650296492775 270.82861685762145 -4073.446640036802 -9606.053093648088 5052.843671988427 2322.9358981246332 3022.6773474500933 -4825.827285927949
4411.997401038323 6040.0439101488355 -3060.0951655065155 628.3983605931517 5912.767422574516 -2710.066503664263 -2509.5872641799997 -9862.402868201578 -5331.50063062006 1636.0622270455242 -4971.350428534198 -9310.532518201402 -5211.54957182643 8151.544691013536 -9342.792651189675 7314.916446633422 342.6093215597466 -7599.409578328174 5860.4086017417885 -3175.823312816362 568.1630718296965 -8623.56506490749 -4848.783032882933
5309.701560880969 5911.673347423472 1308.9499857657556 9162.796754127572 7988.770606540304 -2091.5173507826075 5691.160223376637 3058.7227115998794 8084.029819922998 585.2461971210814 -25.93732818483477 9291.260346553023 -3379.667664727848 9822.053806409654 -8177.93950850285 -7067.025901667607 664.201917686074 4423.785569910484 4992.52900887207 -9407.401443731911 -263.7221752791411 6683.317386134608 2814.147683347386
-1832.3574277442976 1271.36957921899 369.1354359143297 4430.491242926488 -1601.9969987964141 -679.678004195257 -1994.0320372197993 -2083.823803380984 -6487.337667041171 444.63818939723205 3141.3482325867863 -7843.28368952663 -5364.024034262149 -1115.4742112247786 -4084.014985149566 9606.278113122218 3605.294222695162 7281.94983739849 9423.775241115214 -6574.19687329744 -130.18728149949857 9571.204506572074 8236.985804186537
8278.875580309134 -927.5054825328261 -9783.814881144883 843.4204717170505 -859.2127553675164 8552.569275612237 7186.97197449598 -4130.320912275094 2897.279664963604 -8239.453889620661 8064.228862111748 3073.541103071313 -1136.60165177196 -145.17285751683266 235.49346373061962 2521.0482552909216 -2934.1016269640404 -5370.646925524125 2172.0223814353812 -7092.387829702875 7109.931577628475 -4795.069738804794 3416.452393409236
226.3642524547522 -3785.450577509495 7925.246846732312 6038.433038898982 -9591.767200879502 -9492.599031007945 -462.5543025100833 -7030.901929921356 -1204.1423578216582 -9048.384803577686 -8156.697666868517 5800.360876765293 -4199.362071217692 1676.9290665633234 3203.0375548502907 -1563.5858645995431 -7933.446851319126 9720.64997818457 -5300.224606153103 6578.820527869477 2493.4084714575383 -8965.809934600726 -5765.663421534624
6729.73480823711 -1504.0671728033813 316.14894118967095 -6577.0739253200845 8035.659097040792 -3806.309591143622 -1908.6633964148978 -6796.25730447583 2394.090119304623 -5527.695875469421 9655.226999220355 -1148.9515275958966 9900.007304622246 -8057.572028837659 -1620.3277309033347 7485.44190225477 -2985.991027450954 6797.028615412884 396.33832942657136 3673.2200238835158 -8515.819185463883 5565.897239963193 210.5317542253979
2394.6045196620908 -966.8241886746237 1302.931396421398 3379.7861241882783 1303.4773207240833 -5955.8774653868 7646.345600125085 -2660.43593575267 9068.756798702401 2835.4181363650623 1166.7157464509273 4916.737608683186 -9922.352943750438 7376.237977922643 -33.87149332078479 1981.6012837225117 -3775.535441331228 7723.120286156791 -1489.8501847169046 -608.8080794436319 1831.7559736947005 -7180.521606068864 -9736.999864463585
7895.287358810649 -7688.847310724161 -2376.909273574077 1625.094047310742 5594.769910286044 2104.9082800887045 3087.9780488674787 8870.340484618326 579.4881397927165 -3752.6950903001307 -5902.678280453051 -1832.315964718212 -8989.61348135577 -1472.828653974393 -345.53006287492826 7794.810231594161 -4168.128917380385 -6971.4384311552585 7668.068191530001 360.92502054535 6960.158184110282 -8053.445318902577 6874.34289298339
9396.30564573629 -2385.5358698028813 2963.988789200537 6528.366985700995 -4979.732014406484 4155.489937714752 9576.384834424374 2696.6722360584445 -2923.678588107994 3139.514097548039 -4377.284911720259 3826.988275441161 -2570.5579510598445 2814.5909963533722 5998.550194139027 -1121.326473879797 -8348.622951280664 -5766.912645912843 -6645.41184503751 -359.03167467958156 3566.3851347337804 -6297.623531252297 -3278.463309193434
1861.889579538125 -6923.349171480373 4886.617548038599 -8203.650416849334 5087.8729093572365 -9827.75410842486 -5881.907322263082 7709.420349290453 -6074.666669323344 8761.080575395557 1357.9765474808592 -7564.115920075003 -4588.365869205948 -345.71297334065093 4345.500753289452 -2717.588417668344 -1019.5632716842501 4845.809391889707 -1567.445828545864 4397.150996441504 7245.019776552093 9662.76272243169 5673.710124114872
-4172.417288138595 9952.694717193423 9740.440160108607 4665.199357319441 4746.699977922062 -4139.173483413206 -3102.7915604156406 5567.835417386354 -7115.292462866815 7172.456073919686 5461.533195306834 -8995.818906224324 5593.338758707354 -8012.029469296833 4468.569752248488 2212.024344127238 -2034.941789998381 260.44995833627763 -2804.8741470732684 9396.401148945744 8090.878918270115 3735.0660234020397 -5657.312721637624
5848.790217483951 2825.5466796184737 -4009.258856849043 -499.78474723508407 -2336.7174708192497 574.7726485901367 649.8644628880029 93.76016278325005 241.81204729478668 2895.4942849821855 -3194.872357966161 -2211.473584322829 -7119.359553630154 7659.5561880038695 -1669.9298857663925 -578.4849880305737 -3883.8642961836968 9542.139261828197 5129.702070090312 -3821.9253867754333 -2454.5667855891115 1896.643293652618 -176.86418990352286
8098.063171900525 -3517.61879120456 6130.689685185434 -6801.5413174740825 8719.455386473011 -5068.2297129512135 2085.768113900058 3129.264889297676 -1610.4264398595842 9394.07330667803 8359.261633153412 -5842.0202044075095 8248.096195696799 1097.2409021654348 -2454.921939753179 -3699.2520824917556 2533.1155881194572 3935.3636213973623 7654.822778240865 -4528.237954112424 5932.136332724198 -6473.77325155823 -75.41942238846786
3027.0192160243514 6848.1623977895215 3824.169719968164 52.111869174201274 131.3098150848109 9771.885232897512 -5713.8323162275365 -787.7492820295756 -964.7661552456557 262.31010160777805 5222.863360380428 -2183.1067972365954 -7297.985548934392 3272.8643193376556 -632.1577577145708 5582.886126962199 -8066.1897961838895 8161.547302280163 3796.450704632929 2513.349621304782 8789.19170250445 -7031.1891535401155 -1826.5647675846221
1 690
5916.199308371859 -2688.9718462860437 537.4614800454492 1634.9723443502535 -7845.548638342361 4908.304757496062 4790.535530664871 -357.72554722872883 7317.84270518081 197.56140125153615 -0.7603249248713837 -1079.4763369033171 2347.711614028254 9274.18048649353 -7753.358374841353 -1954.807436347126 6926.660365609878 8390.119645095627 7017.804642692652 -7471.206476690906 -2251.2024826207935 -5073.481084780551 1273.5528582128445 2893.005454825412 -9524.346010895959 3825.2252460422224 6368.42778531518 4216.147416467786 -6320.03926970315 4676.281478008235 2193.513235511178 5536.383723753754 6155.070556150855 5446.823758933779 -7297.614775390782 5851.589991309325 3732.6229629413847 6635.467811987688 8186.70398210637 7212.519771542655 4833.557243132487 8454.910849481897 8578.977946873729 9983.21349302214 -318.09825705820003 -9070.136393319332 9211.97873437254 -747.4552244852857 7972.203181278212 6554.348440016991 -4897.523819410519 -2595.9294493621264 -4058.3256343568382 -503.3300755580003 -35.21935207496426 8478.386862321302 8822.429686654894 9448.27762833237 -4109.616008157251 -6070.834160140173 -4040.6331589002157 3400.560414261785 3749.015730525578 -9995.94035217141 -4774.654244571859 8731.713439946368 -7033.692157055609 -3671.877416694547 4971.422565128634 -2114.8119977008673 3961.3659009915827 7338.972767899984 6938.778559611892 2030.4903397921753 -5423.172051903888 8197.871353271348 -6884.680113476175 -4782.646709797919 -7599.166097226084 -9236.346181325021 9523.101145666904 -3041.884246093192 -6883.761731286748 -840.6572707897485 -877.6580603917791 -5875.2769423097925 -7259.870001400508 5389.054931480583 8695.986120651884 -4975.052606648141 3516.954772449699 2499.339876926637 -5810.692974797443 3103.1273023520425 3486.74000799671 -4171.32176784382 9948.839685982359 9605.257723299615 2344.5133749520774 -1005.7586841866305 9841.578957235546 -8295.763164642396 -7193.106522854216 -6690.958647268461 3746.5368893779214 1141.0035509394584 -8746.281372253088 9046.138665873368 -6211.403236762895 8424.515497885102 516.6057341430878 -9308.592238643894 -3651.4775139007807 -7331.084408391551 -1389.499635611175 -5211.772615300106 5190.74857931875 5137.133592248207 927.0837758488069 -6019.118682220966 -5432.978237263984 -4813.860702211503 -7726.659975820429 2236.4490033901857 -1808.2598937187267 4863.46986789537 5735.820520144425 3415.3888389656986 2331.041354295876 -3192.7060196188113 -1692.4456526210834 6624.936580278918 3531.1165657663096 4760.011622333655 -7412.083086264763 -4656.539034443376 2702.9926853745237 -5608.276839286854 8795.360680051665 -8741.732139598773 -4696.5421174331605 2762.587350415819 8812.508351560631 7601.876020375948 9677.405510744618 -2416.17884918903 -156.0457278110007 -7406.363347538379 -5937.128181830511 1476.2684786771533 1542.150679313827 -2844.9959337189166 -3451.826454999369 -9109.307805785438 -7672.6897636723315 7053.3617779864035 2682.279170830412 -7648.141091263929 -7166.157250617864 -4360.360071674516 3310.696220903601 -898.1456523236448 -7998.1344260760025 5805.838722467144 2211.821903951961 4190.321731435439 6628.249031957595 6365.952647955799 8771.109021709566 -4849.906029788444 3321.332264797931 -8504.828695597897 3149.2224082029643 7063.800036886689 7644.441068744545 -3943.8823853163776 4891.353055216785 -1494.9782383675756 107.05170964234458 4399.26202795073 -3709.1666103273965 -4583.077646737339 -5675.1531770440015 -3908.408840447437 -4549.665310228803 6937.912274212293 -1928.6988429896492 -7435.293997624446 -6751.981126968829 -888.0782105836734 1077.5225168479046 -271.56553967129 -7009.312762533388 -8651.665839169316 8462.359794471387 9350.52875133901 9633.876048530496 4174.503373096064 -8185.190888346486 -5187.069335500587 6952.5081807803435 -6430.929813833981 8790.231780214708 -7484.8664785642295 -4205.959871622354 2260.590330301975 -8294.905655659826 3766.280788988277 -3585.257748174926 158.93657079100922 -450.8858565190749 1948.4721739880242 -664.028170934218 815.8628714008919 -6401.799122647091 -1021.7846142282287 -8308.5542450137 -1479.0228385255123 -4455.888471751268 7416.643415590901 -8490.134413244588 -204.17252994675619 -1741.0177384185354 2423.5350507522 -930.6486714408584 -2457.5560655952877 3499.0185139913574 -5505.033035314044 1196.1455140716007 -86.35248078741097 -7781.836269074076 -402.49063810970074 -4648.604549753836 5506.621261800818 893.3981512517348 1902.4787111542446 -3148.5142922958876 4001.736278200622 1852.6972188969503 5827.794028468301 -1167.7646359359933 -7444.748191649342 -2374.3424444700877 1158.0425181653573 7005.83716779327 5452.203335001332 7561.41396735315 157.73730907763638 -1380.6119910376747 3165.994351993162 7387.233813680086 8850.467067721758 -9897.605786304637 3627.653643490339 -5780.300199088421 6086.101665283995 7320.314701071464 -4565.143495156633 134.580832469901 -7505.433398702928 9991.257127965098 8037.622394884118 4529.629100635908 1022.7174731780051 8784.710175681004 7061.199553022914 3410.2811804409866 -6929.119493612277 1313.117177395632 -4720.77819965413 -8991.379921162923 9450.034143862398 -1689.7829955399902 -5880.669503668683 -3684.4570030884042 7274.083975069603 4498.288412177404 -822.7464241971738 1144.0801878907278 -1726.293031900048 -1731.8760577766807 -9179.016210355036 3508.6586787038414 9999.635602645732 8277.905812012406 -2596.839435281053 -4054.4440740537093 -6508.419503591885 -7787.0451907521265 -3223.6410678909015 -9677.495595316614 -7569.86920420101 -6681.425761979501 8537.26276756599 3990.9964264884784 -6217.602892176017 930.0445570001084 -1319.410281017961 -3718.9954989574962 -5442.402389181929 -7183.196214105545 4968.580930739932 -7962.078091586136 -2223.102176454261 4179.320901203046 6867.613489142666 -8648.8144264521 -9930.272730230905 -9023.12596637527 3954.7295463518585 7005.795445168231 5735.537014060197 -1921.0216092843502 9035.778815292662 7995.963095029438 -6727.834162486048 -4123.125322773418 3517.540380515362 -8932.502120828154 8372.665015102008 8125.827524775046 -4229.332539320181 -6374.335818422765 -3961.3151114003813 -246.0729552119392 5867.4561870948655 305.0271932742926 4366.265814127779 8946.970143173785 -3499.5240242684677 -3478.710691942837 -8612.187435175007 -755.2320891665513 -7610.995060612087 2614.543435035068 6200.336522846523 -5256.1339291584245 248.17156276984497 5526.592961746077 1179.7630419322195 9581.395713662605 7678.438672962948 6078.183888896523 -5265.677479570015 -1408.570906993691 4364.991199307271 9907.595388503189 -7341.596275832442 -6878.018670230787 -9351.828334724194 4123.744146720002 -4799.118744848077 7870.611920825762 -8368.419932594912 -2120.7819398321235 -9640.822166676578 9904.637915436033 5849.673155825394 -6160.860031860553 -3141.8499094346735 8841.830828271359 -2286.2810740464674 -5627.579983972477 3514.762315374848 6582.874908314603 -1295.8283697750667 4693.442265623282 -9904.449164072255 6233.000848688822 -5810.036576274211 -4783.288021382661 3780.9604439208815 -6988.675241267651 -9906.120723743155 9377.804864879432 -6992.221891957946 5876.707674222984 -9784.682940294908 5800.995228938744 8864.940756568845 -5580.7089490476055 -671.1386854373886 2629.2859225110205 9045.791059292664 859.9210141143849 4902.086073427969 6815.711804992243 6679.882414448188 2433.003695085128 706.4539435428469 -2133.7827425447786 4057.319356265103 6301.017137890845 -4288.358647142662 9593.762344572191 4740.596150538642 -301.4258295758573 4128.156196986953 371.97697365261047 -7327.9993787883195 -8909.699955839647 -8190.734709031788 -1696.5160249527235 1393.1795723808718 4658.2207955390095 9390.99983229427 -7581.579080999825 5048.632092917713 -7020.398418327105 -9469.674570037576 -9497.257185065924 3941.648884232085 1194.598827982405 2326.4418643275603 2285.720326947294 5469.959823269355 7165.724794389815 -2348.9834155010294 6.427043978077563 -1701.6646772436688 3194.715218747542 3191.611272548098 -9211.567898628882 -4909.565361881143 4099.561706250715 -6666.356455256095 -9568.044003801497 9465.214123726768 -4917.460763697716 -594.54521161919 5990.263315110196 -1557.326141291538 -7447.588002112952 -8785.316814207961 2524.6371879561575 9895.024453882103 -3718.8331736427635 2266.8593966656044 1213.474487978603 -5407.518253997257 1248.3493133165703 2738.004251971426 -8214.549911609703 -329.10456776920546 -3597.113763065491 4499.189676766155 2361.7861169808402 -4679.488047292828 -6598.712437442189 -3308.1680796424416 -9051.296224910771 547.777734233403 -3328.6870977967856 8360.337210539568 -477.58212810796795 1953.1166298141143 -187.39748851000877 6486.604290378335 -2588.798220582933 1377.1402517919087 3905.403835160685 -506.6642655600681 5610.792717206901 4646.203061288019 -7099.878465513442 -851.195373539369 -7865.749899905426 -5321.010843799354 -7897.406559573372 1714.6940985629917 -4365.855916137267 3954.059877431957 2279.598010224563 7270.221014582497 7840.360646475518 -4733.716643367654 1913.9868864932305 1257.2939223535905 5142.188973971011 1535.2926937395769 8657.144544424089 7139.23994779478 -9721.055465552206 -625.4900200700904 5843.473937700806 8196.811204255857 3490.1446164713507 3746.176242191892 1037.8603862992586 -8235.373103878092 656.4453159888762 9146.958700464103 -8783.004229513646 -1189.3601062831767 -4551.03905279344 6505.725466504035 6766.080990096056 -6967.886524149444 7376.293773173635 -7239.463960514588 -2168.1068738824915 -9322.268951143424 -6928.933572441136 -1925.9842144438162 -6091.309632647923 5413.1626724538 2524.2145969277935 3082.5522103490075 -6081.9717426271745 1768.69237412644 3177.376964378749 -8171.05699509052 5113.238962351248 -4965.006196156527 -6027.013899343936 -6272.594275607647 4694.0729096178475 -1458.979357455537 3842.55423193611 4061.950995118821 -358.2347175969371 4908.662330338813 -1361.3763645442104 2619.015964971937 -8937.9437694175 -5689.095312152564 3832.5666525736924 -5756.7373220181635 -7887.934359010205 -4063.113407367451 -2716.3624927802157 -5912.292212655572 2142.5149209231968 2240.880524177659 -4921.154582111051 -6837.917102919899 -8066.1016927565815 -9791.853346404758 -967.8550722234868 -9088.190954002413 -6169.512484522053 -7182.634764608489 -25.369594688387224 4225.346407316634 -3641.769371812 -9708.46840614486 -5704.562514994757 -6975.6537245409845 4032.7619987260496 8700.247842192868 5605.290251797105 2163.981555547216 6737.83313407977 5654.994622218628 353.32978451348026 -4431.831655411042 1364.8451168532465 -5087.494149832317 -2836.9332498068297 -6347.607172721366 -8108.0229381274685 157.97138170735343 -2682.3078396225246 7352.372427689377 -6550.560101598361 7919.098712815183 -1928.3059457035015 -1138.354077266864 1626.1613450727527 -4687.45899019571 -7932.150547413102 3109.5146653675783 7380.497338772253 6047.855763850823 2123.6734990036293 -39.01559171522604 552.9404957591487 -8626.344999286324 -2828.828530656817 -8226.823723534968 2883.5270015373117 -2961.5015788493038 -3843.1869847798807 -1358.910756709991 465.9568005768033 195.45165409857145 -6147.092485744341 7843.028510848744 -4707.388737376461 -4389.502036986077 5426.126700716539 -9878.092008402627 2202.83092277978 9325.86484336355 8127.898444420294 -3096.129400877847 -1350.5574409832443 -2701.367833830972 -6410.350585694217 -4308.220843174719 9192.868748132427 552.9258848131922 -4169.461792960525 -3452.593093472209 1223.3716321054617 -2511.576261596824 -8178.5720730506855 -1737.5501631056104 786.4872257327534 4825.560209310244 8647.485477843089 3350.7149091183855 -9274.980952693119 4720.009780326833 4036.419224538322 -9926.429451833292 -6926.254638329243 5284.992077790917 -8278.057892504745 -9015.86675532612 -7273.491658697467 8627.688735063392 3015.1551911244696 -1075.0970525564298 -9718.349361375873 -3852.051173445255 3646.529472735283 -6545.764117141571 1684.5783446285204 6220.341393720426 -9927.925321507715 -5602.267052545455 3473.4797905403175 5685.399771754208 -2806.6026211308445 9812.573164535548 7594.9420659281095 -5433.109422910176 -7543.2278265851 -1403.6968521490908 3522.550670351913 -3778.599261084052 4825.790663918253 -8701.221305015513 -6318.16907822471 -3363.3794722109815 921.5234014472844 6824.971154067447 -2680.9267511777816 1179.2698878009978 3814.2899428255787 8443.062034586612 -297.3339901341369 -9881.886022152235 8824.959554307756 -9271.815488448849 -7683.025967953076 -5886.117502996446 -9655.855435872238 -2613.770806277529 -3616.6893826079786 4016.0833380768527 -5270.526525046806 5281.062909413222 2631.5435953423967 781.0154604616419 -6220.686519476771 1806.082106878228 -5462.357226680799 6594.794469227276 -8918.697908479771 -1882.2540230557051 7590.475837326267 -586.6970595103012 -5872.120214113213 -136.6799587930509 -5879.60357139357 -9007.306125368448 -3469.773927966915 -1235.238081997075 8998.775524590466 9660.745608921185 7947.810264754731 8209.65897955732 582.4970652157172 5622.715244271614 -7460.107656637327 4374.295168734541 -9702.580590420626 9585.739925906015
