98 14
3004.941385260694 -1543.8942757655532 -1878.2617809376134 -3760.488920125653 468.68533689630203 -5628.130573591537 -8930.766830018629 -4095.3008786808014 802.5960360586887 -7862.874026110118 5659.174795040453 -5076.778090530267 949.4367546497033 6840.8923433693235
1094.80323989908 9978.324602881174 4219.266455856083 -565.3893255163075 -2269.3677946249927 5078.53263325057 8391.419966753096 963.1489403022315 3843.5135443576146 -3449.4490576369953 -2217.857656377196 5056.501991081255 -7609.232387371874 -9463.432411893844
31.241090202982377 8335.120726457786 4392.446539605402 -9442.740367210481 8878.234096631866 4932.954051873994 9650.810150046967 7753.080215558621 -1042.68039477224 7467.166734304628 -3635.9385387135744 -1989.090929751882 4045.9052161369727 -7811.700411191505
5764.73431394517 -5149.419204763985 -9245.376603734974 8806.76990563536 3644.914727010928 7542.544691835421 -6242.850972609107 -1868.5476189447554 1163.984594550342 6521.2683565818625 5492.142740113775 2599.7195102674577 -6480.38905518806 -4780.436481493628
9868.744563235265 -5190.782738735986 8440.064064256883 -7772.5001653349545 -2239.686725597445 9626.088021739153 5900.863005546878 -4679.209611601247 -253.6972374080633 9099.648815508757 -6101.40707477738 -8302.490484712653 -9088.141345817508 -9486.41087327526
443.280174427935 5616.126934874381 -6979.782343370689 -5980.883621740564 -786.8518114564667 8335.206369240026 -9573.941543843586 -9320.956920553857 -3549.562130038824 9429.95216858228 -2659.7452367173146 -4700.900225460554 2341.400774207783 -7734.095968289572
4387.3616045652525 -4009.6837743051883 9659.091554358441 -8015.878403340892 7813.225375187547 4953.6732947600085 3600.6160447508973 -3499.741998445298 9225.88432910189 6125.132051849047 1739.7688447944383 8607.488883524638 -2050.0753662856177 365.5740700302649
4913.4279855775185 -7710.167877265221 -1537.9851071094345 -8668.21208425285 2132.017453999015 -783.1713158862749 6395.146129745775 -5081.714888835893 -542.1371970888013 7720.588532576734 -1033.3087013271906 2713.7397639392093 -6478.5536821641945 961.5499383793558
5624.228986582133 4954.900363222645 -6179.6270942791125 -8988.037768545673 9276.431402002429 1314.25042466782 -4101.941538185581 3832.805317334889 -6451.944421552338 2713.7421191192025 1990.2144327152491 -2062.819352131173 -4146.659954223579 5041.0021421531
-4647.115632022207 2880.7411729259165 1674.7544565418975 1775.5427289248346 -7666.856195794804 9779.849101522763 2145.3846370066894 -8130.436940089334 -8474.167806525717 709.826908770403 2730.4349227735074 -7961.564167570447 -8464.32944113797 -581.1244742039198
9894.56099247526 -8100.6829070180465 -4062.221832889685 5329.867113245335 -8416.992755086249 -6507.082816601961 -2943.3422053609456 -6259.871583463177 3614.712099256558 4558.612246354052 1267.2799417698152 5371.333100394786 761.4424875854929 -8282.24882885945
8005.665462296238 -5851.572164772651 -203.61214553218997 6445.073060637733 -4107.891483617636 5124.710902396662 -4198.550372201015 8034.15572654453 9608.913853500584 -4857.37792801127 4815.681508130099 6908.169842709878 -7809.410896344481 -3584.5440201668152
-3680.2426370648036 5643.209933313357 307.61567440631916 2252.8533284481164 2456.9165304959424 -7948.237340844402 7516.188010399972 9013.371390205237 -7995.875806332142 -1612.051721757167 -1128.8623262698911 1909.6640903139578 -8748.400403292411 -9098.864539516844
9309.128580984045 -4997.076995573518 6029.860581976365 4206.382417754872 -7607.5408477801075 -8466.117755962787 -7785.290561854692 -4207.748219216432 -941.4442592230025 7426.9810181507855 -5329.213550728471 8510.209641306596 -1148.8642257650645 -5592.179521734371
6619.131908542127 -63.35822316763915 -1985.3372217910346 9933.070827370593 -3243.1161249418337 -1865.3200446455285 -2393.686148508714 231.65026818717706 4780.721074170147 5594.272347867485 6580.310979733276 -141.0762381655877 7336.722463990245 -4165.982260248873
-6573.92777655067 5715.57667626589 -8065.9503337792285 -3394.8164837459663 -5852.825841582389 -7453.321518777331 1749.7199779158254 8109.854270958338 -4125.557132793029 -3674.742344265849 -8856.880032865278 -988.2999143648412 -9870.441288242506 709.0869894971311
-9058.578138275796 -6113.41327256345 1586.578935619942 -5318.5803073361185 -6557.1326279508485 -3597.375095795117 -8017.163712443482 986.813350016233 1538.330624342212 -4743.682918003647 -3823.0131276015354 -2427.1072589686237 3902.1950930143757 -5818.714541298846
3994.0531500064862 -3697.34299586002 -432.9833140493283 7385.462487917623 -1523.6514989585048 -260.07138862437387 -3505.574196477277 1962.2040195107402 9216.41552269358 -5970.016689669699 -4351.922456854911 -4842.955256443995 -7935.667614201838 -4217.274618133227
7741.801594022869 -8728.494630427213 392.60930643913343 3390.6801488037854 2804.8817441910032 -5137.403053661888 -7300.113994109299 1283.2031187539633 9198.880638796454 2463.5001381385355 171.19250128091517 5543.119526494038 4785.610727375273 153.68383455908042
3762.0766344359563 6816.490802222175 -8842.11142875416 -345.9084007497586 -6634.030782601794 -5950.91776090034 -8497.895303753006 5000.554331074529 4674.326130255917 -186.62654572964493 7685.437182903137 -8021.512472275487 -1080.2758349214218 826.6342786346704
-4487.292630808331 -5797.885918004002 -6575.946595365079 7475.429778492111 2951.3496472042116 -2791.958075164629 6972.736142080834 -5386.237360206003 -657.2064846832163 -9143.495549022591 6614.666981494454 2901.3896417653796 1340.2739053546302 395.314318476625
9968.743635375431 -7628.248720776308 -3310.4074818218487 369.1531836460654 -2670.6628376547624 6074.419769086862 -9788.889837194085 6806.375283617512 2034.7969901446013 -2215.535356404661 3830.7047384729467 3547.474225868131 6820.7692814925285 -8301.499770768034
-9090.5015943533 -5216.5185919295955 -2307.2346192397154 1156.5746605861768 -2952.0003455564156 -4621.042297193106 -6981.413703089092 -9719.21171949731 6787.023987112676 -9059.535692684538 2468.5613938773204 -8101.048812487934 7492.273937692975 -812.392642225439
5307.433449772867 -3334.8839621953894 -4941.937578499749 9373.721251973217 -8470.04563765355 -7620.096243025824 1756.8144558165568 -558.0735426077226 -6383.633701210487 -8352.500078100034 5582.732805190399 -2986.809062417148 6178.497517467418 -1658.1852488503264
3476.925303431588 8217.83357453105 -9895.55838061895 9718.301486452536 -7824.354273810779 -3532.996560236994 9277.96415869784 -3291.2701766842974 -8514.886916015088 -3973.4830848825677 7172.35003708096 -1228.1572042008502 9739.549487422224 5108.190416676443
9396.032772679388 -6652.844065588785 8269.770541363829 7784.261830425865 3680.9400206566024 7391.320530556448 -4586.467039957298 -2962.6244744614396 6376.092829168258 885.4472502761655 2726.6288715552946 9888.415255871438 -7010.691761249222 5681.842723636068
8816.764319338996 492.0470478673815 4198.713072287952 9240.970811433726 2537.7162851119065 -8500.821702306279 -8454.731944966492 -280.93795000893624 6752.28284166678 -4176.1681731325 -9240.754747978612 -5941.197696734584 -9588.968436533323 7685.176949742243
-5243.148732136436 4056.870117486753 680.6402991989798 -8996.109273444335 4149.951481735159 -1985.759700288907 1433.7678874957219 -7580.058090796991 3553.772049149109 -5163.021641458161 7693.7536784062395 -6249.8817767104865 -8994.083707881062 -9589.28851665985
1110.0534384849961 7876.906320595997 9982.959185959859 5074.63608510266 -8361.31029646649 2726.3340359900303 5144.095449152197 -3894.348641476935 -6663.543914416861 8926.726423845725 8851.76089387609 -3752.8732615960307 7499.112134755509 -9396.67088678684
-8143.378284797007 -7485.329228429915 4817.769402593232 3150.5832005794928 3511.306745846032 3252.027088045981 8871.171936704093 -4681.647310202341 -8294.902529281935 -5136.0412020497015 5753.792081694222 -156.03016511329042 2031.3858822088405 -6318.762552709539
-2233.208823358659 2294.2544749557946 4198.177081000984 -9337.697420003453 3906.4452857946544 4028.80832084728 -6740.522867696528 -753.3130369018436 -4727.870851718822 9699.416782172804 -7015.880273238841 9347.16860913692 -3257.279130273376 512.375517763583
3584.900065526921 -2330.876909640596 9709.168234003395 -4700.172534337117 -2674.792777969641 -8046.815913615653 -5964.640346722463 5752.3427821990845 -4749.272741670776 -5540.13737992761 2089.8190286323043 536.3514816274965 -9033.707569409895 -8677.031203455805
-3310.4666257077815 -4559.877398941308 6292.733525256877 4415.021844015286 -4795.027484060654 -6410.849306592525 1742.6144084700281 701.483609945959 5577.1092641159175 3062.88862668563 -40.613948627827995 57.10130828999354 -6410.978370263898 9926.176716402362
3141.041150869378 -8527.290306952895 -2286.867175253009 -9058.03230267012 -9819.837738573973 8281.266984643244 2691.801351668906 -6267.090007195952 -2703.3696082189617 2596.56584656395 -7927.845298099619 1321.1732840846162 8290.479097147912 -7010.882733589395
-1514.527448828363 -2403.9781540229633 1441.7023810357005 8187.181409666555 -5327.202175963863 -3474.9976446856226 -6696.447155551977 5124.003099978647 -1676.040378250851 7169.217239536454 1661.703816867932 -4918.307689111192 -9259.376139048767 2972.987943521286
-1027.1407998132872 -7968.058548377217 -4831.7530151997535 300.6431344634839 -3458.8130460992897 9996.839196978843 9959.053954789048 -1513.0083742962215 6786.495922705868 8887.980092541166 -3563.794185388474 2678.0699610752963 4444.432555532918 9611.435180472472
4721.617354600421 -1589.30557495024 3847.8418333066493 -1098.1492247117458 -8220.786610003155 -8280.457999733442 8550.349000331462 732.9431495651788 -7432.621948664391 6918.063239124582 -5664.401940131336 699.14197722666 6661.272092157895 9421.666425338139
-3761.226860503173 -7535.840564294407 -4374.780032786402 6876.975399473187 -3680.732583511097 -2958.390094849339 -1751.7442603188993 -1548.1630525447945 7622.683405421729 -1078.0491516952861 -8080.86620955764 2130.955918814736 -6857.973546883005 -7407.618638293971
-664.5872957277861 9497.454965394387 7565.567126524838 -5083.147179864795 -5411.251084818305 5196.764874936634 844.1977633922452 7388.158018170259 2894.9544415259898 -4910.200603045427 7739.654339159362 -9155.206719654892 2549.068375236042 3559.8407158168866
-8897.51431911118 8731.876967177628 -6688.26171579439 -6860.514144948469 879.7350994956996 -896.9698518351979 9656.319190221355 -7934.505593397794 4337.9790384049065 9801.363391385603 -1834.272500613767 -5742.425500120474 2398.3272192611275 -8936.630131953314
6115.982316304429 690.2727194318923 8155.4843244185795 -1223.4257344774815 -8561.31341701428 -2983.9790328228255 5950.628008248354 6651.203471123648 -3824.727652814504 -9414.037845957124 6854.8288540207905 6610.217509899521 2876.05850950232 6899.311397787889
-1682.9460573984998 7000.124637754972 2378.2162473628923 -1742.7399238081434 7778.970256431829 6077.730283596897 7800.489799918163 5787.806563818805 9607.502402545477 -7868.053855124077 5542.712283818037 4967.463095741354 6064.374419605521 -3441.8304441449754
-3370.86938393542 -3710.7225770521436 632.7428552283782 5655.356942164968 3883.706933288915 2562.5189387759838 6076.513235735445 -1724.3997559779145 -7088.80987541803 9346.671047927513 448.71835681740777 -8331.407318973932 7097.218451089746 7498.5383170108325
4516.971181487597 -7107.6815121980835 7280.083801269542 -1562.2454115014625 7922.186909695793 1734.490235588768 -5405.08532488289 8269.140689411706 3226.2624593657256 -4366.504410381995 7104.8267105205305 8885.043870076079 -4668.811374336874 5780.11643181404
5070.592734985448 9341.428671525686 -3475.2223507866065 -1797.0786563740876 2975.610027827406 7534.896661208131 8807.393280729499 -2738.5684661192645 -4691.2697797144665 -9478.663523405778 2876.4033388237876 4239.947231613929 -9150.384323328031 -7047.047669750453
-9575.29182996789 4307.924201297934 -9759.132467860612 9966.386787244373 3679.4855886799596 18.02639333200932 -4330.376829096241 9075.799138849085 9813.110366141846 -2868.637505157454 1809.7801195027769 6128.854107024486 9226.173181612514 -8048.4254641772095
116.1958878289388 -7290.2640294397725 -2342.2967237914745 -6402.708164668789 3407.5928430940075 -1067.2878736200928 6475.249320835279 -8198.672417226317 4702.267418990072 9089.14018238508 -67.50081984060853 -7262.594856006339 3269.2872994891695 -5905.944490374364
-6230.732816999392 -9321.35700078868 3810.166189464684 -7042.204382567032 -3604.8970538894728 -4648.023061923305 1855.2359108696437 2442.2093683179337 4316.730357336717 709.0855004739733 -5473.5638119058485 -5857.568864964835 -4561.385744710764 7819.734105927575
9328.180530300368 7175.661753081695 3150.421578385838 6219.652834741113 -5534.718957231968 -4058.780819274055 -4253.201842809458 3986.4889273984736 -9140.146636301333 8392.313209485226 3287.7564163753796 5016.2996888977505 2.776176855461017 8278.578769816479
4806.766747136284 2544.740135576083 -2489.538822344266 -2044.4189972093382 -1655.322372053237 3275.274216496713 3833.765078234166 -8560.58339232453 8014.440917278309 8269.512804733182 9683.132849569633 3299.9505258643985 6495.92559401238 -493.5278599733592
3979.3797259162675 7137.547786572333 4954.99994251922 5596.060473277155 -3516.8695839915927 -3646.443375235067 9100.316173456085 2206.2158313904292 8738.433699014644 9251.206726436474 6916.92438506709 -2260.7425439263443 -5121.081883591998 8015.841947424706
6931.085236713818 -7744.095313192385 2511.4464563922647 -4108.148956867112 -3134.6742940245067 1046.4406843902798 -6211.252231135968 5576.178401323659 -2038.4723407702695 8951.800294174354 467.8604704631398 -6724.238032840591 -8527.248657391974 2284.9781530519376
-5309.138519404928 -8530.49206594316 -5800.465000665009 4015.9169637958294 2176.908437809783 -1986.0398935527537 -6470.118456697455 -9142.689962447903 -5854.082446185378 -3013.7622518085427 -7033.192593188058 -2418.638722191109 9502.239967095506 5753.62743405135
-7876.884913108049 -6296.301739760744 -4243.43755637516 2953.6183363994587 -3966.8317104202597 1863.412486918296 6728.120147892176 -6081.267488203801 7600.766597345464 -4478.5286664009645 1462.9578512553471 -4964.783898326504 -955.9449710322115 2008.4606000688018
8314.62948961735 9053.68487928334 -1487.862194196583 9859.08190097264 -2283.229471237398 2403.5158173289547 -907.3739071394994 9796.011034439663 3310.4692544743357 6067.412822907903 4628.751831502856 -1381.7540235002325 -6561.769697628004 4177.3227891844035
-2248.4216069866325 3798.670905963034 -5455.8070615788565 4014.8829826823367 -892.4656782214588 7415.8739349758 -5732.873504307557 5246.202778158213 1598.5958347514588 810.9187522474112 -5195.774484992308 -8986.347326621988 5432.430366505561 705.4354555501759
3569.875277564832 -9387.670990613726 285.6004687339282 7900.5440350769495 -8289.742716405784 1401.7975331071557 4746.7003350660125 -9791.578041704523 -4552.116004769177 -9931.914916298721 218.1063168894234 -4748.348479997204 8709.849605182153 7988.788003704307
-6439.444351062287 -2238.262412948555 2589.344599324284 -6687.095210761522 -5112.046846836613 3076.384446941962 -3978.5550068571984 3560.2990732696744 8401.409028283793 -6510.035259075966 -7199.852335968735 -5189.6294488564945 4649.221034095523 3440.5564795174632
-5701.956899848028 -773.2259796768067 2480.85694074652 1089.8515240700108 -979.1907882379928 -9080.295796732627 2020.4958297338326 -6824.756249032482 -6127.044122177982 -5422.855702828 -2233.0951334693073 -4743.878943449758 4925.327674187654 -4888.026754855632
7335.309872800681 -4963.896801228815 2192.424894277203 -8232.260102382954 -2671.6691479155634 7827.76979103329 -19.469161972552683 -9099.126144221267 2867.880270507465 5117.567881391773 -3630.504858109245 -923.0277284637941 8342.087046034208 -6556.6575671976925
-2381.548665577029 -5104.2501420171375 9946.716115180963 4327.817030240954 2874.923916389913 5926.32324623645 6720.462961354289 6996.177219066103 2116.206723684134 912.9945738018632 1444.9199240423368 1291.7275188818185 9803.828743919901 -1471.6938657541232
8748.324443222282 -3391.5895390054593 382.28644066646666 -3109.564341345661 -3883.0657894320584 89.87457904642724 4011.800909881833 8370.231121761295 -664.2558195168149 -7131.595375161961 8466.790733902577 4718.404731112991 9133.093732814377 -3899.915038844064
-9950.101650768847 -5189.247112112698 -4552.176754675241 -3046.339160555067 7273.19898787254 -5267.461473387622 4405.8398219423325 2443.117919487857 -2393.7278340480025 -5051.7143244230265 2393.4429199567276 8400.697757751503 -8515.608867255458 -9298.706869156627
-778.2738913561716 2772.563576376755 501.2517739371924 4456.476152729996 -6754.031278879302 6049.263028626983 -2393.1376642838704 7893.261168744644 -1419.5754167435807 -8006.131133234715 -7629.3508960058625 7585.348486470288 -3554.7675079936544 -7529.850513068184
-2862.667333285456 -7852.176189380358 2678.0435974019074 -378.4889670141856 8434.037910342082 5822.467120987967 -6856.348727407019 -601.254607239618 4899.702415299822 9538.688069324093 207.82237437395997 4452.929892265671 3053.28101322395 137.97367162572846
5923.208854483046 -5220.269626233809 -8256.854993969402 782.9211431106651 -7656.3360164321475 5361.887968151166 3982.2098133322997 -1661.9884109650702 -5536.301862203925 4353.995739257962 -5353.9172739112155 8275.484319474035 -8718.988877354923 1621.3232370436144
-3680.3730490285916 -4470.6370112233835 -2777.4586604524075 -2491.131146963281 2335.0618294544147 2189.046012072866 9656.986424910174 348.9025678086182 8572.773043338355 6229.03066072738 9685.580175523359 -4121.145500014305 -3364.4512369823888 7497.020914448254
-2795.8786663188757 2679.116980071276 4275.123308692226 6248.008914000722 -6269.388700518783 4160.28788165898 -9439.215644588712 1621.8547540648779 6357.095531116291 -1532.1422161429746 -7789.354535535546 4336.90853097302 2821.30902378501 6196.101597518833
1339.0806768975563 6247.585699988747 6250.024759737509 -4805.282614522744 136.9556698008637 2726.852625793621 -1733.6464962237478 -9148.333246583412 7961.284581336753 7443.395908420964 -4780.030343019616 4418.229352451288 -2483.418496190584 5517.810084946046
2873.9653915481686 -2934.784835924731 5628.157526728859 -6473.214871720778 -332.6598058108084 -2294.4687879295598 -5373.024088337601 -6854.774951412092 7294.587334936026 -1777.997363402843 5746.620190997484 -7093.051586906171 -2959.9277335671204 1772.7883123208685
6887.668894273898 5807.095369803932 888.0057030962289 -7765.382635447031 2556.1858580293865 6076.563430654054 9173.113773103352 8233.745344231033 4736.810947792059 -2973.6533342606526 -2845.891676953778 -5903.025949704918 -3823.4100394045936 8570.361837775814
1762.7540086299632 998.4235322696913 3322.6714161716845 -6548.010382651623 -7826.788022915414 4060.1016808686854 -7412.89362855146 6488.55613908435 -1952.1880708841181 9486.38628487715 8580.015767358545 8106.970627314822 6958.809273527029 6880.590549214106
5521.123576545522 3766.92241350143 -4821.833577015506 3055.6965905113957 7933.144813097682 3771.7032134792225 -8849.636414353256 670.6329616927578 -9655.507071865415 1524.9377042501437 -3219.139655432473 -4265.281375444622 -5140.54256052548 8927.88819250785
2518.8808850213554 3617.9436167562053 -3168.164017122359 989.2592692822946 2435.2131778985313 2065.525203793488 -2547.045897078561 7832.117186252559 -2527.199309849968 -3373.827624712826 -8885.962087954336 499.27194403485737 5945.05657486639 -6634.662463661938
-6880.086672346934 2454.6138807537536 1061.5681303882811 -7245.456819343015 -7911.091212194122 1433.5972922485125 5920.80976907064 -1988.0799575144256 -7703.903864516917 290.20440667584444 2723.954954588755 -4420.913668223401 8252.554476692843 5990.695731447962
-3204.3582214408707 523.416798460099 -6954.119363541442 4643.584915760992 3781.994921433763 6516.498984497466 4056.399633277384 -7108.875458956478 -5469.072019055375 -8387.154499016327 -3814.7005670514964 1344.9608653278592 -2436.574665826907 -9079.567512834701
-9657.600641827612 -6143.555157137776 -497.82999755621677 7970.191524031499 3459.4482053675765 3397.035537620419 4438.685063854806 -2066.4394999992046 -4452.4172914510855 2786.7407233090053 8395.92458998696 -3378.40176345926 -9761.30035760424 -3383.239026821032
-8523.643263835045 -2212.650119977311 9095.280999335922 7462.749575153874 5621.2619901522685 3185.1274154032835 9267.411437113373 5702.585927143333 -5471.636581933956 2657.408091798785 -6163.759686115173 7700.706008470806 3501.0763076375715 -6107.694742725685
-2570.464714874661 403.71081161845905 -1155.6641449130202 1692.028283825266 7352.076466127452 3544.491154112515 5100.1849824586825 -4873.077751550305 -2626.4258897471436 9398.966752512079 1605.6789898019888 -7264.064525723122 4928.253759423722 -7727.069769245665
3016.4197808312456 -9198.456748103476 2550.364133054107 -8887.242407719434 1907.133690149465 4921.102511589428 -3229.3246436340214 -5405.058874433502 1914.811116718547 -7916.20725110125 -1663.8136665737238 1407.8226810558754 9527.167958910137 -2964.4533226691938
-6458.888058139288 9991.20922555089 9903.578191034474 5215.749671552114 -3665.782421792749 7121.070051452723 -226.32290138627832 6616.526801632794 -6321.586860383177 -2490.956574735048 -6533.52040607794 -2619.9590766604006 -4007.030688568627 7948.245373016107
-738.1964904832566 -668.967169844509 2192.6954308023123 9128.07332738459 -5513.05225501674 -3425.20670736963 2607.822779543447 6839.708611115406 4358.505994069357 4494.347576650214 1093.5388991487634 9436.174092289966 6257.723228311546 -9700.049880458013
-4910.574455379106 -456.29036551737045 -8691.807392850234 1573.6872687071245 -333.8221471684774 -8449.050803660199 5973.219020133189 -1191.1313270993705 -1949.9501328162141 8853.97975628257 6712.848735966589 -2383.1252712713467 6528.076199897147 8219.663232684252
-9693.773172347665 8643.995507437416 -7511.1094225509805 -2975.2670625418577 -4144.133759471884 2300.9069457128553 -2870.4973624126824 -165.14239637556784 -6114.5202706460495 4032.0013997321294 2685.372482397159 -6016.099760251242 -6122.585746222398 -4210.446229461775
5751.619912341983 4733.427594631274 710.0552377439562 685.6406810218505 6268.878214994345 -9677.42047254331 8438.087782852199 8320.311407886114 7745.96527129563 3792.764760951395 -587.1632785798502 -4527.315607159654 -6908.20198571698 695.475852266245
8645.813900401066 6744.145780809886 5578.240979018654 7351.761871721239 746.7582980309471 541.0130143693077 -7544.485895078008 -6174.012450939781 -2980.373442453534 -42.015791610519955 -619.0995619033602 -4148.217304590405 -7895.3040138128745 -5531.062463899257
-9513.882530622577 8177.5387156952565 -2536.5308250460394 912.7197050628674 874.007370459818 -5760.691338076802 -5138.060425214166 -5183.440555935168 -5185.095344409343 -7409.095881106448 -2228.042538626849 -5149.404989414718 -1710.2714807868233 6971.4681019913005
-7552.034480812981 8849.6514639118 9553.090921401115 -4207.429927039717 -1194.08290664985 -3875.6502297447823 -2406.3394189837563 -8381.07575704477 8495.949444369257 -3856.2859393721974 -8712.032061944903 7285.457052844267 821.0146064676446 9768.78898803013
5008.067725952564 2536.4104601688814 -3405.60477907746 8898.18096630387 7541.2045062702055 -3803.3804331433903 7367.146663165593 -9481.61740062536 -5987.371044281999 5511.300502800525 9737.483727861367 4905.3740115862365 8835.433027651481 4146.171775727216
-5811.664852021914 -6320.717139729552 4279.136796893779 2998.151767809559 -6574.275799670048 -1376.6198247602715 3720.334628044402 9746.726672061093 9416.685762219542 3874.8135725236352 4165.616431099823 -5150.9272400789705 3323.468655628125 -213.65720867950768
2416.4353358032913 -9447.462647984774 -229.15405204211675 -5215.798423245444 -9080.375024781944 -7424.707901596113 -4872.368400451217 -7885.559253585019 -3475.5255640128335 -9538.3082681695 -6667.301688137932 -3570.910454125882 4037.1737195879596 5898.7623596231915
4850.405284256647 -654.2652710909388 -9579.948750468584 -2881.4485747206045 3822.784817999065 -9123.05140935038 4730.547607150449 7954.519831091857 2963.0181164286823 6853.791054468838 -4078.9803713210813 -9753.192694558431 590.5952179111209 970.024294528881
-6386.570527612712 4591.262040755086 9876.25883691067 6039.158216257894 8571.398070530064 -5833.084864794722 3114.508863576313 -9771.198212652029 -7099.370905430897 628.4263020912458 -9667.806737182076 -8992.481926352506 4823.490612861457 -8307.913472166914
-8684.884702499765 -6072.440006346922 8579.1031253689 -1647.729598328613 -7940.502069229967 1884.4599768027329 895.3539360682444 -7215.25082662607 6279.56560065285 2963.372861125894 -2926.276346281571 -8643.114352157581 -4622.226139254144 -8800.406441692625
9360.962703195924 -4196.374999839145 4852.245798016471 -1392.310936498685 -3312.12076368979 -8252.884726004932 -5302.008622614869 1607.6527160236947 9288.883174424926 2395.3799415158846 -2818.7839490948654 5873.315713546695 9551.496723921064 -3683.720177054419
-8700.683534055233 9372.861927815233 -5309.227137928978 -6862.379683946949 8514.846410968155 -3490.1661655739117 4542.835581171748 -6286.834174499105 -8329.367120518178 8467.855139630567 -4871.623600481383 -7887.78176123716 3633.4622314324897 -7141.6679228517205
-7747.231071182912 -4426.054583278598 7253.086958408254 2589.228543082916 -6485.10293936827 5638.958775274554 5022.568015751609 -1762.4119198005756 7683.664696020722 -6010.69638284927 -8453.39505860413 -3773.2124698714233 449.6770986685078 1085.8131381621079
-6446.467615447711 -4188.367361215719 -7002.9437627033285 4534.688697746857 -3934.9092809717704 -821.9605573004628 -2937.776836671166 -707.058062357446 4853.709682195142 -8749.406754373786 -5102.567578783017 8153.050567468705 2267.2581794915604 6497.996828294577
1 14
-8698.12275329715 6743.689571395422 4298.179525422267 6137.522623313125 -2271.9244959934604 1082.355078802353 6862.49909640029 -1281.307016328179 9953.59614155133 7851.134420921182 -3594.307053593928 -8586.581483308291 -5273.093346764028 -5858.972817463428
