47 3
-6286.365151625868 -5517.420164652492 -2094.120809862563
7561.881612459572 7045.210201916612 -9451.48417850139
-2291.4640794234247 -6276.57665213087 9278.802399346372
-344.26364533299784 -9088.546837420934 -5245.473006290779
-9770.709789757208 -837.8523339278581 -9737.463808427327
3613.161111251311 4723.719157102309 8525.981382897251
-9732.624473091291 -2254.610026632473 50.75044283901116
-1610.5323851822322 -408.3297527299346 -6744.332534089719
9837.876412166639 -8739.265408208661 -4931.667358018477
620.964501708595 8789.538577163828 -308.1724159030582
-6757.093235389671 6591.755624305639 -2939.699465891219
-3261.0595576877686 -5212.521565720623 1781.3748583699398
6015.662071250656 -1640.0206589726367 158.59393049535174
-9327.85746312362 8200.038523859439 5414.075844438828
7305.6825895216425 -3921.121886112044 -820.6147339894578
6181.778673061632 9625.801160092607 9195.453849820278
-6845.585704742174 5977.5887068056145 -3019.3652259122764
-4693.492624071958 4062.422182835877 476.56343353207194
-1228.1340395688894 5454.599567301226 3095.5103021183695
-9767.614464905395 1012.1957964991161 -3048.9800863009323
-277.3796178879056 4104.922404687677 4521.653638786418
1993.8855209575013 8666.479130458934 3291.6437296502027
-8223.676239718301 -2990.707410383806 -8727.718931350806
3317.212971241268 8914.464869662832 -5750.086056167421
-6631.963217060559 4050.3192936366595 4560.971669807679
-5325.9152871784045 -9042.206756748179 -6283.485783784535
2345.71579984026 6378.8574221377385 -1363.7594829752234
9868.029995438174 6329.330980913985 5311.883625644354
8293.51960167542 1667.3476520462846 -1177.032081420146
1310.287110491432 -434.7939429809667 -530.3240100125968
2926.8468776586615 -9541.221145678164 4922.1937433250605
-6524.239423041183 8664.345221573567 -5744.693136885082
-6694.8296704252025 -5766.5604361640035 -2209.765571148283
4257.807888993781 -8533.89624037772 4869.398346802065
4331.934389088845 -6867.58562165595 -4555.259228637984
-5925.407049181837 2617.5865777956515 -6963.67344337262
6598.336490912348 6280.220930462636 1626.7592205440942
-9904.622419209918 9087.14719914876 987.7989393085372
-747.3360870646229 -724.0649309971395 -7625.7375969925215
-2342.5367829763873 9003.15615345196 802.5614044150698
-1749.229583294209 -8151.045308118203 5803.174294903263
4220.457787553069 -5353.550450942952 -5746.705286618751
-3921.6615694771926 -9064.14858502473 -2074.6460434105975
5091.294187369238 -9208.134533777818 6422.858819083198
-619.6004950646075 9068.343376318368 -2223.364472252387
-4164.127350511577 -640.7742460654445 -3644.332560988608
402.0779754425985 -8342.360398943538 600.9283398047064
1 726
-1316.0763771705897 5783.436994468175 -4001.58658117495 3030.131896277151 -370.53972638458254 -5621.653430385884 3005.366013744553 3415.80751545119 4527.242002658724 2143.7028788571297 2283.14576234778 4911.343143725906 -8220.319194341873 485.1672136911038 -941.110288013695 -8344.162896900569 6659.270963324623 -7800.227613849235 -341.0591841908936 -5393.267379198217 2943.2306900178955 -1720.6625246148014 -1264.8236413706818 7524.455743243227 4673.878579501517 6804.696915466924 -8135.912056802492 7841.008925701586 -4649.679418844277 -2703.980093244085 323.2568829314314 -485.4636931967234 9252.31428451497 -5048.935893423371 7288.747636347569 8772.213307368387 -450.47223050543835 3434.7227154208394 1166.3305747140348 9744.176499314031 6534.9173119647385 -7013.822680224118 9310.498780267822 2029.444280779553 -8888.862292955357 -2124.2272709611652 -542.2688309390087 7435.284605376783 -8079.648815975739 -8286.557646143692 3833.1352663704893 -415.95986552425165 8718.770279936169 2537.2731649890393 -7654.3519087458135 4448.417483368046 9788.67817225778 -433.0513424402234 1118.9667283401886 -6093.174740846758 3191.2578345333877 1749.2100430153168 5203.914200578276 -3142.8657377836507 -2747.2312607415715 -7632.232782852259 -961.1085039744776 -5716.155272931001 -5131.111728152742 4524.914277782234 2890.489802908238 -138.14914971033795 674.9117737417528 -6064.573368493704 -4712.646176843409 5499.852940027869 -5775.336778788507 -2910.436186446681 5820.87130222101 -952.3033910739323 -1816.9438703981086 365.54447862696907 3794.0508559838 -9138.283616006338 -2642.573512714328 1848.4850651911493 -4201.248674469298 9664.176894932436 439.9095061133539 -4433.620954050104 5706.256007777349 -428.6918933074485 1545.7072626273693 -9896.30031234804 -7717.3318574411605 -2495.228308129931 -9461.565979006267 -359.36731012755445 78.25554117962565 -7783.9764791319085 -8447.08129584138 2774.4299089452707 4694.505163896021 -7520.839835386506 647.0484474919576 6410.0869290859955 9396.737059110706 5821.2535045746645 -1173.045690897612 5006.543598858996 2708.8368551166623 -8516.717835145222 -1584.543558544996 3214.629017314457 1373.2266805907384 -4209.043546116335 -5202.922387807746 -6693.632121340957 7326.719941280597 5868.247666419493 5895.285111750354 6661.58639688338 7827.231621801289 -7437.347258170375 -4479.83241385173 4257.176652381835 -3239.5299007600497 5125.608433813182 3088.9693824742953 4428.009140641299 4721.27297754404 5236.2555676244665 3659.765996317641 6325.063660866821 6718.272950003262 -5279.88136601685 9609.540635409907 4153.560364809839 3158.0681848791573 4295.550100578017 9960.347503853212 4485.385391846976 -5229.616860233555 1594.417511147576 5114.3425055068365 4472.277527451539 7062.463540108682 -2462.302244579293 3637.9947627820693 -9758.09713045188 2015.147527469133 -2773.514268360922 81.95800465083084 3858.5583484927083 9674.09921643673 -3541.944982858431 -3880.879377246504 1740.1807303724217 -674.5164822744337 3601.4639411616317 7895.5200978909015 -6228.28080082569 -6065.76379555608 -4703.773173717518 345.5376184424658 6252.729640802283 -4741.928926272542 4548.232715078944 -2614.4788031775797 -3933.097801019816 -8561.561206435585 2838.3237751718843 2381.6821182298972 1685.7557152574373 -7401.568568057688 -4866.778693822273 -527.8518967556374 2025.6328782070923 8926.440068482727 8786.293963265187 1817.0486024330203 -1486.8779688495579 -4822.000879432944 -305.78823904213095 193.80964222210423 -631.8856579021322 4715.239681086336 6455.7535855305105 -5716.341055463791 -123.11236008066408 5404.072618327402 5056.845364192584 -2100.3386352500784 7863.630986047439 9011.550548598421 7431.854317802645 7013.199715496001 -2034.5497990932063 -900.9625790978607 6662.78203641636 218.76167390686714 -193.80812356582828 2921.774115582226 721.462037915564 9206.076875695922 -617.7144415626626 834.2664449065414 3.9637309580321016 9296.288235542379 -2494.2232758442206 9363.511795316736 4840.045608767276 -1812.4999358632413 6291.242335185381 -4193.558656371961 -2476.696772002325 -783.7929379089001 -6873.00260667025 -7563.267709521417 1553.6753496595466 1109.8668753762995 -4742.272350115797 -8355.484225669341 5739.175732257179 1157.9266982907739 1734.9248306818135 -8473.171157925468 -7081.572851641074 5311.553342403689 4509.1912612506785 -6632.199681074213 -1202.8296202799083 9007.697141349956 6209.441569102417 325.70220794545276 3799.8009749616504 -4909.470599317936 7853.375003598045 7179.75668261695 -5507.442862492607 -2231.2044215623737 -4742.621657352841 5459.826847679458 -3661.241256378549 9806.36308908226 -5962.475910304912 2694.833643281938 5474.35502274797 -7453.876651000824 4020.3388476539512 1811.1046077993942 5591.606961203321 -9118.800792604134 -8145.12858762742 -8915.105715300248 5519.7177962183505 6235.978265990698 -3608.1113520763156 3621.8687066751645 3028.824452152534 -2022.6398963856918 3027.696251100393 6157.641496533057 -6382.333855129436 4194.2913124353945 -6930.667891735978 8884.058180906755 -8073.320376522408 630.2598245914705 -9065.333362013596 4910.104155338993 -6474.589957345347 -1091.229937759832 9307.302092102163 -5913.304406241243 1072.9512121746357 5129.4291684615055 -7000.998262691512 -7134.6104505009735 3399.88095094289 -6083.612478791003 5772.874409654527 -4632.65533654386 -9951.209621943233 -3986.349680446988 6457.824417212923 6782.696318607865 6335.207745675989 1975.1133930305314 -847.6804708193231 -1329.0362056138674 -9365.900702648993 6202.923727237176 6566.2353164453925 -4081.20481313492 2447.8890599882416 6088.229418156916 -2132.495522432385 -8954.958094561893 9569.962914528976 -5272.756647603996 1320.7139870125939 -3385.9882070989534 -1231.1751478327424 -5201.999548480436 -162.4171230398424 8693.25748294629 4263.147772622471 8354.649617497209 4790.638208161512 -9332.59688721013 -1347.0004152100537 -5247.858235189105 9410.970333799203 5671.004268319317 -9953.563782921206 2182.6020769752486 5866.532943329135 -4490.060578191646 -8334.449392937828 3817.2697443310935 -7353.99297166746 -8378.647056330457 7197.146098748879 -3627.1350186096997 -9457.85250746974 -8640.837928643397 -3556.700362346217 6702.625468160604 -3331.7570632819106 7236.493631081979 -2426.208095707616 -7303.872440089341 5118.29202179242 -2922.8141144146384 -545.8006768360192 -4788.906306793956 -4090.09488892027 9601.596982023453 1111.5753131331676 5490.231973391859 -2418.296868789722 -5631.9901196513465 -5286.188744775147 -6410.782444687184 3744.8166195393587 -2623.772356259761 -6911.523396355342 -2759.9369338675706 -9164.080191269446 -8085.495339595938 -3531.8317801173826 -5726.89585303261 -7044.67275530553 4371.653280615743 2491.8875710007196 -8508.325986730077 -9400.755456739831 6917.508418415651 4785.173940930848 3510.0271911548516 -8487.150816552132 -2681.651259289939 -2669.0083445261916 6770.589703959729 578.0540052733049 -5109.603471267312 -6182.638340693187 2529.3729283122393 -1832.0040779199662 5140.587677301459 5159.429017905932 -1113.8162972817754 5704.577097529884 -1716.1737607904688 5961.450682958672 9902.516704007703 8525.567745987079 -604.5879951781244 -2436.0814439854676 9816.461389276974 -7156.240895725974 -2575.412900747913 7165.530521451554 9819.912179133858 1492.1448060592575 -8554.717380602453 -9704.187432724562 2687.3394590985426 2833.090615675086 4719.489025700312 8261.837888835053 4631.989850460954 -1381.3066698917028 7943.561690620663 -1698.187608952292 2317.6547186936114 -3634.409787593043 -4767.949599671227 -5359.523454457593 -9009.007617839517 2985.3592663770087 -6281.283585265965 -4682.243778513719 -4006.1989849088977 -3238.6347506236525 -4990.898080957671 4592.512713026426 6800.25578821632 4371.351987238901 9447.044791065073 6547.165942151783 -666.4892882087952 -4960.16004885685 -5176.7338597095595 3454.17584390529 -1031.078222083368 2880.109158775849 2713.572616787147 9685.684336451806 -1330.0426909668022 -4508.729976503232 9915.603589235237 -6710.733493414691 4249.502081156588 7273.577432760798 5616.4403127239875 -705.7103717363079 -9427.629493377775 -2406.5971796142494 5062.896028455632 -5509.713235756837 -9251.385078558023 -6287.523729889895 9544.812539017716 -4813.7969368243375 7387.677409878797 3578.2810434922703 -7863.949704645051 2060.016577742441 -1597.3049558897728 8538.944703277793 -3292.5827632082364 7598.37611751206 -4623.3965775160705 -3813.961721451744 -1688.9776267465968 -2685.8380538943 -7345.599461872907 4868.381818021409 4120.425559037643 -9107.83107976457 -6141.8299695332125 9856.352451867202 6032.81697652478 9526.391828091935 7235.847007617755 -140.65401495059996 -4065.780649988109 -3647.6820989761836 -2344.7741430166725 -3232.339506176678 -8536.694101033248 2907.6145663446077 -6493.506209509927 375.603643374121 -7439.157340812301 -1083.6614735922685 -1622.2386611127367 8184.940570209492 755.0713211243801 -6908.445355943184 -3574.448909793906 -6632.317504621695 4963.3759354658 6808.996913586994 7589.279355902854 9058.174600917453 -2314.962252314769 -213.16554090379032 3252.1520622209573 -9552.135499537191 -6281.111748133097 -8923.358403737166 8976.492288457022 -7793.480896287501 -2411.0916843929854 -4008.964004185478 9460.47267664739 6739.110934855216 4632.913418378299 -6541.949031710928 9317.544700752565 -745.6929266212992 7756.513898552719 8306.1181783041 -2489.670268101864 -3300.889329976613 2093.457351732648 -4093.8765822201194 6067.845694251522 2762.335419881114 -9222.686484849593 -6484.1228470085225 -7322.551615306264 -480.8426005244255 -4536.216642584265 -3058.714193502772 3551.537456246857 7068.931068502865 2950.5589051814513 -8052.430496777567 7820.9926273839665 -4225.946082468424 1242.2492885696502 618.279109474699 -7293.929814153069 -7833.464117289 -239.3505501559648 -8853.00612997955 6965.605420604294 -3235.3011494448356 -9425.611364271352 -2167.5194188615833 -7039.358121890977 -1110.2690078691594 3496.38734722124 4719.296980661929 -2178.281239044888 -5417.73597431348 -7093.5836839759395 578.9557755694004 5541.106703855972 6993.891563565925 1383.7651956501431 -8904.480845843163 -2164.173861736991 4249.645095820453 7389.230720079795 -7922.081390308735 -8452.600553598664 -2799.2563734232644 -9412.970982930712 -6700.390186140119 -4623.874933369254 -1084.7049314498618 -9811.989262062618 4360.12947073227 -8705.12996710773 2538.9370778664106 4267.487928218332 -2180.575993911025 -5837.801735925088 -1286.078062435261 -1021.1032048644101 -9080.34717669662 -4324.6941259267605 9497.773096691424 -994.0996350574169 -2304.145034005358 -206.14724603136347 -1595.0844074444794 -9531.867196654273 -2539.3775376085623 6255.287361650871 -1683.6012488535762 -4463.048127224088 6841.2550865338635 -5991.088791853012 2148.65093701126 4568.772117981531 5584.569228482331 1854.7685916786813 -8973.385726927689 8184.145468344144 -4362.2118133052145 1843.45799038736 3566.674966069899 -4434.036370294654 -794.1402247049937 -3062.3598652845185 -1825.2882011671682 -8415.008543938457 3672.3503526474506 4618.398885360779 -4885.650057292434 8011.8891919921225 -9559.330900803252 9443.38113671551 -4942.738059597365 554.9698134229475 7255.734710395816 50.41976085569695 423.40927077353444 5129.129229608858 -2888.936878446575 -5574.240814034761 907.8861105406868 -8038.213838470722 -7476.45305903412 -7794.666878921402 9469.76641026029 7224.855139329167 7669.808790574214 -7585.814042502712 -9303.01259930193 7813.3408959540575 -1488.581589207417 3718.5728048018827 9454.430589219817 -7534.746101777822 7535.016914514024 2794.9464780191374 8888.71260821975 -5213.142521279304 8230.78548624216 -4560.783568452755 214.42779509007778 618.5650127172466 772.8266341128619 1816.810407839268 -7716.961200926358 -9224.3143159494 3612.042100482413 2753.1128638616283 -4158.765130753446 362.10234618729373 -8772.009418408137 -4318.1016693724805 7788.674357510896 6196.590628507514 -6172.98213756156 6801.167417807064 -2849.2605866963668 -1911.5114028374292 7320.532358607186 318.9057911583386 -7678.622711503527 -7254.937750646551 7895.6245970255295 365.7236687671266 4032.401331105424 -4593.560109088748 -1039.0981137891104 -5963.41934622649 -6869.447903859909 -9913.658977195317 -8740.501093040362 8908.097409701943 2250.594716743839 8016.030448026377 6819.208489076293 4034.6405095451846 3822.6752625143363 8452.968844968967 2323.1630619987427 -3344.742378798209 -8280.235143979018 4964.232527039201 -2461.3459264609273 -7669.990339639036 -2471.1115508974553 1065.1814249259733 -134.30188189777982 8886.969978603236 1404.2596368463091 6555.1082808115025 2594.0524265907006 4017.6044871003887 -4023.5615413700043 3946.6082364427366 -6155.4944026189705 -804.1206450435911 -1808.386939608642 -8989.438749405863 -1546.670862655148 -8625.988041595363 -8672.896524258762 7488.774242035535 535.2542886049578 -6445.521087092164 -2981.324289522693 -2607.335616036581 9466.3762133348 -9715.529749348523 -7302.192666777753 6584.470363495446 6876.640672496109 -4889.5480186159675 8115.902057724652 9900.795452981358 -8560.607516709906 9816.374512530369 7527.935237788406 -3440.37372913321 -7302.683291790002 -8060.0292494151545 -3575.9965999625365 5239.940273373315 -5432.3853713475855 -9300.414677040704 -3555.392143223413 7917.900313134378 -5622.586377197301 3349.8768115860003 6312.024053529834 -1916.2512888873607 -9933.194886213705 -1571.3345238644088 -4761.04222612084 3485.6146962730436 -4546.806957718363 -5984.726706500161 -5943.570100325417 -4882.299501371408 -1002.7182729274082 3831.061687913185 8252.807476161572 -6801.0784262366105 -7275.128624358218 2500.899447820533 4636.564067633055 2223.180662868808 9037.730469457598 -4976.53749187045 8926.58383953461
