79 34
-1490.9705775176935 -9690.681551937834 -4910.868638931851 -1905.1384330047867 4833.370217532467 -2327.6483966898368 84.16123402889752 -1198.7211014217828 7593.704786154369 3934.204590205087 8318.367470693847 4614.184216422163 7008.500560608194 1163.3251448819465 9251.264266075646 203.22354607738816 8664.752243802988 -618.3107974011782 -4253.289940802778 -3142.8137648507645 6605.193630158232 -8625.966482976946 1813.2667292951282 8202.207101240725 5701.076913716202 8988.05621580733 -5010.077274873064 6167.649348118313 7975.594484224621 -4776.766567157167 -1421.8961513569102 8570.97912159163 -7495.915682259369 -6025.537513693211
-7892.593883372705 -9654.73864609538 -7154.56146093916 -7059.47034683444 6293.454584359499 -1283.3876849279532 -1242.855221133319 9413.316446740424 6322.471422865838 -7125.938937825802 8760.204582087412 -6997.843000571602 -5559.949907984136 -16.66020852186557 4780.481597105521 5440.9239310344765 5935.6785728405375 -7331.294364953266 3239.921050222649 -3417.0838678638056 -7549.458023139128 -4722.6605889738685 1314.0856252153844 8513.660666072228 8790.76367239967 4130.54688023113 9172.664546966775 1871.134775278324 4657.974451337845 9141.105715479975 3131.1881510598687 -5145.673956154875 -5164.23899566691 -2158.345743086871
124.3008447688826 -9749.346948222003 -6195.709560680773 -9115.041881899115 -6141.672287121378 -3127.0947915791103 -298.4946607739239 5319.4416170958175 6041.733069509266 9368.515265772261 8037.954992387622 -4015.4799685504195 7965.220904077847 -462.9414124287596 871.5094327838433 4226.006314646416 7728.025954853103 -8048.615565632531 8551.482762411739 1191.546753055436 -856.0840270056051 6929.002770120427 6929.369166989403 5498.183747263736 -2628.325341510201 4934.237343919704 -1153.3043351097767 2619.4558437064225 1866.972847903242 7660.6812203065965 -8148.212903500951 -1438.0716077605011 -7653.44197329981 -7099.614132150329
2649.4977118998613 2559.4951056919654 -449.2476852340951 2357.1556934899127 2229.174762249775 -6938.814541423111 -995.3454486903811 1965.463449910494 -7389.591538167837 4212.2443005954465 -2525.180755653989 -3267.333296529433 2825.3492240920823 6856.307592359051 1952.9288407068561 -3603.845347303163 -6381.206679508869 9042.375401461119 7536.378786021782 9463.336450294126 3126.955359434547 226.90080921667686 -3660.1984828023833 -6467.688184020297 1758.1300909249803 -1714.2472756781954 5430.838592026319 -5849.677360999719 2249.6367250618296 -5221.654314856301 -9960.57998552738 2472.620671546327 1153.3789939837898 1035.8852812127443
-7329.410286709652 1033.0156678193944 -3078.5595545048427 -8422.21147841741 9311.423647895033 -2282.1007459719485 -7271.960294245081 -3862.651621525175 -759.6604051120576 6383.162408291069 -3039.0404711869933 7796.506603237001 -1176.9674275047619 3945.763965602753 3112.95424750852 -3059.404997771122 -7066.131658910995 -5289.124125082829 2232.7669261530573 6701.589743722976 1725.6972940716805 -7700.693379481634 -8393.609161815593 -8319.601650519318 -1594.9037284962706 6349.253811598537 -6126.3372106886945 -8866.654809101743 582.7043756775038 2603.6268743203145 -974.0879527250454 9480.463288264582 463.3760774960265 1930.0627939171118
-9360.442947570387 -2514.66105471851 -807.9935109935795 6369.743240949605 47.24933821892955 8229.390511029847 4049.66625826525 4222.5468629886545 -303.5469127830329 -705.6944179296697 5803.677018027753 2977.1218947905527 5116.365453512428 6376.7773446588235 4216.486434349314 1292.2441714718698 -5562.376325864034 2437.904946298253 5720.0960385218605 7953.657146997481 -3941.627492469961 -3990.058448881846 -7847.713535642555 2011.5455806009704 -537.7297655984039 3285.0077833796604 -591.7325036177153 4649.2973264852335 7923.603642823364 9324.046141036015 5903.972891326166 5090.697568071277 1591.4042864977346 384.1504571609785
6337.926067632927 5242.6174954291455 5770.864020181563 7024.956162774251 2109.827920958498 -4856.068384801635 3721.6776347298637 1911.3541649952222 2074.726919327104 3015.402566435838 -9589.307049407527 -3075.8897325501903 -9019.533961061552 2883.0701473454337 -4184.36622587014 -4331.969104417426 9324.559048264236 2173.3643984412047 681.4107687800788 4319.743630908508 2255.147001731255 4465.456279876447 133.9455390496223 6018.780110968542 -2649.894591344497 -5270.450568194263 636.4117309789381 2544.227939852064 -8629.229436638552 8976.714520304959 8016.551887823305 5913.590581201257 -7321.614357680339 -4992.89488480052
4475.0685648003 8646.264684417049 2527.1908169247017 1203.2046221681103 -4729.855550612782 -9713.119850218594 -8645.776353715262 6384.943820152788 7419.885038315413 2542.661201703413 1550.260226896573 -549.7486021709356 -417.9750267682866 3973.2518736946586 -8632.723825416344 7939.559494283116 -9579.686761461408 6653.535967407912 -7362.027836803678 4362.473419325499 2365.877247863067 342.09744995605615 -2022.1223931742434 7217.438592440525 -116.06613299323362 -9524.310766305462 -1501.3224260176048 -6754.910285204601 -9831.288951496186 -6140.897457539433 -5705.844542157155 -6744.613000829882 -6473.542999897663 -9136.941058081085
151.4422687771148 -2229.82754515787 8876.207994927729 8600.73911847802 -9569.388700734513 -6164.213821072908 8187.366177535641 -9930.722546827576 -1468.5699418903114 3900.1474638577365 -703.1520563912527 -9897.171527933144 -8855.711638079216 8434.88743974574 -3563.498444722817 -6055.990246702212 6106.539719335529 -4806.135430612841 -6493.572032093906 -9706.934016611674 -4069.183514411603 7276.009339072323 628.0212152809545 -5887.743996101196 240.04076839690606 -6151.084137188607 -2954.971004453737 5763.247345670081 1564.5568452273365 -5880.791206927616 6628.740458637734 2666.986203798044 7094.970509827672 -690.5623426602087
3765.025772243178 -3498.207678761727 3738.114394901346 -2000.0044555045915 -8732.694069021889 325.34038635960496 -553.3749392171921 4062.9833915867584 7090.481665247873 -6010.996812289906 -2989.1354458510477 1272.156862652373 -1037.0492935463772 582.7603586845889 -8844.154969798548 -3065.258283185608 -7867.440669002586 4840.780076870609 -7532.300565097014 7643.439630809207 5346.986007557529 3631.134734903617 -2745.792057763215 6994.332551903652 -8582.442963823496 3103.820075084119 -5939.667008824732 -4776.55135965755 3394.069681092322 -4289.083168280141 2184.7427831113127 -4566.693133750708 -6012.271056454794 5564.234238801995
-3712.099040427488 8059.101593108353 -433.0162314728732 -7134.336939550834 -7104.9138674605165 4058.26405953217 -3860.2950543194356 8401.236984145984 -7307.4814401626045 -3917.2171326401512 1198.2145568604483 -1031.5572394052415 -7810.640587750179 1472.4532341594386 1745.9563202245135 -3152.094023006708 1570.5232952365895 9551.189491813635 -5361.947256488406 -4224.406664353389 7333.906894811244 -1755.4876256031457 -9231.789817970057 2787.73991382854 1020.3097032205624 7438.705845021108 3486.538915848707 3333.4541558663004 4459.363207556953 -9237.243949924889 -1809.2874155316995 -1740.9345301274207 -3953.128153188186 4217.358640863413
6813.957740719692 -4877.445448138158 -3694.2587986756844 7659.947713550544 -1463.2775856584267 4425.196452721631 1586.7987064444987 -3329.0380694849773 6854.23536438667 -199.26853957340245 -1464.0964051683477 -8715.581360946426 -6811.507421510112 -7580.510189688055 9495.976473388204 -2301.2404700141296 3901.287113028093 497.06794123408145 6383.073481787251 -2788.9447736592983 -1101.651508544719 9482.788257985929 8261.620522435518 7982.149292479458 7502.915238059137 -5718.331037064615 -661.2215824320501 -8940.4923305116 3861.011235456346 -3412.024084563308 292.89083178942565 -5702.0068680677305 2439.92519118746 -5690.820799107819
9789.158362678128 -7620.028353175221 6118.988933534296 -7835.904266170357 3103.5766259891934 8318.15819837886 3729.726320679145 -9804.642138817031 -2516.405583107855 8485.310162465557 -4812.224440975643 -1334.025983809488 8080.621136564201 -9955.214462526139 -1853.508214841133 4864.705278395171 -886.2884573075389 9850.77743830271 4681.095261627886 7204.286053838954 2640.2160978545744 8394.106118367283 -9805.584033459354 4050.4445532139525 -9575.291813788292 -1100.841314986381 -8631.154994727269 -4739.539107447963 4260.788591710074 9529.928212655013 -4217.7473300626025 6785.021111938742 -5054.18128133436 3491.500253784923
6434.688566568118 9815.036450815503 -3540.486454196869 -6691.352417992113 -7663.940205775363 7874.0142406300765 -5839.928243122623 -9866.743816588374 1632.7953779053787 7066.347298869641 -6010.853076741858 4804.186376345882 -4098.102154384791 -8419.460023928325 -2776.6352064779558 -1049.87192259318 7966.514151161653 4512.578577385235 -7358.857224697422 5886.194632820103 8152.457394094101 1712.011822179873 -7715.977205017662 -1236.7958217571922 -3256.2173179992014 6634.64843594209 -3062.290354260531 -8344.971146039019 -6220.013200454484 -4846.326858402672 -5542.196479793686 -5123.803355738032 -918.9733049515617 -2598.39475874279
2517.8530870557806 2380.0156764696494 3061.59588070485 -1225.196044033788 -3122.9573558288057 -4997.4432046752645 3544.7930942779276 7241.667260667527 776.4207067454226 -1176.9204789274281 -633.2271485966648 2809.8503709997167 -7791.019621519373 8247.814900067522 -1578.7000710573684 8812.440636595831 842.3719052811048 7399.916909864216 -8877.357511064707 -5956.69557870834 -4836.320351389927 -8493.983407533739 -1887.17893367536 425.4308383450716 1192.2032020189072 -1950.5440200541261 -157.66212485340657 5106.998748578826 4581.165348462315 -9587.15393659594 -7019.126497364458 -313.52471342063654 -5712.3270541203165 -847.0937766652223
-1198.0208908083332 -4433.505080707973 -4516.245940759238 5582.889895591203 6481.320860282456 4290.177273802336 -4667.91005266759 5165.211393957139 -2888.5658681997484 5909.5905518712025 2864.8182644188782 3622.5536843390546 3871.9378065800975 -8751.990741334284 3891.0029873096228 -7380.064942859992 6323.754495496274 3666.7315215150447 7601.573981964622 -529.6730135521448 5807.079721705806 5691.733329303577 -4326.594644506625 -370.48855988573996 -9727.02712864618 -1351.3969033279463 -6109.968307984006 -4120.684244869053 -5041.85829462019 -3909.599646286617 -2125.5984566843035 8012.670902494119 -6941.029437261725 7195.279489181485
-4887.060874977438 -4440.296382984181 -4112.802126054864 -8001.508055415543 -711.23018143431 693.693882170528 783.8557463882717 -4590.866840326864 6943.330967117941 -4967.938685787516 -5155.211259866231 4620.265943694041 1540.5931298636006 -8574.552666540309 9831.382971787592 8192.367423264568 4627.519901747217 -3174.4963859001455 1965.866492992589 -2795.901568227863 1710.3201894270878 -5077.461139950868 3182.493233204963 2940.803181681682 4123.3247838262305 3427.2755996222822 -4333.693954817981 -1340.950409198269 3697.4929441710065 8194.223409773134 9130.235970970407 5867.177044211163 -5768.022553543244 -8453.768528425722
-7981.196561231696 3168.654369310527 -5259.717958061143 -4761.166883013752 -6231.560821154844 -7368.321524582749 582.4932409053217 -5195.964075070221 6114.137998678447 6220.182742755147 -4945.905747083563 5488.781450661727 -7305.482766334279 -5767.087997031786 9033.915125056148 2472.3443685716666 4199.665731539328 1283.0340923280146 -860.6929684378083 -3652.9560082506605 -7914.076373705908 -8935.869658404743 919.100904530811 5624.653467811875 1611.668058599298 -8592.099409660117 -9807.803430090366 3243.921334346156 -5446.894491362559 4162.085692805473 -9088.972272275463 2503.7868114398498 -9526.711190291577 -3502.3485323933046
5568.858877482726 1116.6811415784832 334.2506075367619 -8190.505972795459 -4571.849292328183 6453.556797546022 -5981.030745118143 8069.863304186092 2592.7074441955883 7633.036954407722 2789.963526417525 -8371.323794589289 6340.746673794489 5295.814055083125 9964.784753290762 -8733.683252853192 -7390.247614803833 7592.00498892965 -2815.6456365379045 3144.0664450082313 8989.40302329828 9254.002004074035 4874.198883842775 4521.947278681544 3417.281904539748 4896.92711096739 6615.3108256388805 -4918.276837530451 -6756.9113278887235 -2901.588440187935 -8310.437315641055 -9954.200389772157 3965.757946312502 -3162.5728031584495
-43.09845844100164 712.134060765211 3357.9802430745967 5528.922197315387 416.0855729033483 -8615.925013583965 -4654.555548430586 -6465.659020348619 2575.095493965953 -9324.484814698055 -3992.987410616922 5600.850705731329 8806.596636425755 -8477.471916184193 7664.805126769865 6208.830493559866 4733.792580683887 5505.234584780921 -1947.0335251946835 -6078.791284500938 1740.2162552693007 -6987.692232771989 6814.72578216028 4666.362823452126 -4761.01754792682 3272.738130535021 3160.0284697158877 2209.2057247078883 2277.26279902253 -5701.644318870353 -1977.5202350099044 1770.5297807230709 -3140.392978726685 -3700.0008763690585
8081.637002912928 -9693.089322318721 7058.898997822504 -2585.1490272395686 9007.930200791823 4095.4990958886356 1328.3276904366576 -9543.326989269328 -3604.5271348215756 -4561.109162353026 5298.616536094718 7487.529991688232 -9163.647753491821 -2301.5926147309365 -8916.041154775467 8790.952714427774 4162.827044419981 4523.176041864659 -8004.164101794289 1678.259537652888 690.707332397451 6777.940669486561 -7618.905812372774 6132.075420447105 -4375.307585924526 -1832.3747245357727 -1911.1233454269368 1640.8582404828303 -9947.972894789384 8744.43666549441 -721.3268311595093 -291.85562362629753 -9268.15690285826 4036.4527652278557
-6146.255311811866 9614.003210458992 1668.0279744634481 2543.233896388836 144.37296536309805 -7905.63108999764 -6106.16712917051 -1748.7149623141086 4594.28109050455 -5370.092814749952 -7023.603792833621 -5433.962304658126 -2360.150245869685 -1062.0791515125056 6129.217929878083 7410.389858921855 2542.314375060414 7076.819972154444 -4516.742998771814 2286.8070824935367 -5288.13132018033 9997.17340111146 -8154.045150932847 7818.443606350833 5383.105590483463 6655.767350956445 997.8348579389713 4033.3253004535563 8282.397282121248 2867.7741511757504 2863.710826055705 -8680.372367030375 -1609.7887282993306 478.9445028530845
-5467.7047543310155 -4735.50586694347 -298.52411757369373 3150.619927018599 7759.477503039136 9195.718500930423 1732.96510675044 6498.952317081417 -4967.76712982387 -1022.937153801995 -3831.7088941788597 9019.728504799652 7594.142652029881 8136.32045775911 3900.8610436143917 -7653.464142687037 -738.9494961998971 -4649.262948249769 -786.4609518064608 4159.253048314984 -6719.43497274929 -9840.002648900349 -8032.259448445462 -2411.862386756745 5468.18743094576 -9580.753601062206 1207.571419415548 4857.920915837036 7560.091815200409 9511.981801143702 2908.0897105935874 8396.764528795295 -5333.825885055583 4175.458001383113
-7483.585842611625 2059.3329790705448 1714.184990779666 -9945.184910696486 5130.252348531727 -3739.0819267541838 -9308.647771064258 9687.28712348524 6413.315602168339 -7311.390325670362 833.4549439949715 9096.158741197647 8188.643309903142 910.496842278455 9219.419642258486 3253.728255303444 8399.516477182242 -2605.145436734031 3153.238442453836 -2729.401478025464 9314.70259909199 5790.395293080564 8176.659523886814 -2748.577150501419 6938.426010276689 2884.9640721386404 9634.244870827079 3869.5664498180886 -7813.163153117326 -2315.0178139487944 -762.1973184804829 -1483.8413220992152 -4122.731763483962 -5487.99725440946
2146.3742592900035 -8945.613960670737 8895.439416483048 -8999.958549629675 -6043.277709057722 9195.38344311808 -3148.112815114717 -3157.829732145463 -6084.613217064392 -208.1733517455359 4429.931499062746 571.6373309615701 6956.356096000065 3375.6032206429263 -6972.382949954272 8837.885024812455 -5416.720205927641 -1430.4838384608556 -1998.3081337199992 2938.0493176408145 -9435.045979073477 -6300.995592242874 6739.741213342029 8076.3966759468785 -4401.985990162003 3822.7543459853914 1910.015148438728 -5893.776725143747 6757.2702798271785 -5340.652940695841 -1785.6426799837882 -9443.037539586043 -5857.916740862114 -4386.93774519852
5153.389978633186 5587.426417529528 -4531.525291812164 1269.095151522375 3700.5450834386647 -295.1812092824748 -7151.795053000256 -6795.948564228744 4598.636300935366 -2699.204826624231 7493.3067992902725 -6237.841041305121 -9469.994682754319 2241.2066654764676 -6453.773606027364 -7963.581124218262 1235.7990132591149 7685.130109091217 6465.191333122784 8483.343114019659 -7137.990916897072 -9784.250854851323 9292.73710267583 -9304.572985371084 -648.3238924942343 7085.7185877434895 -3361.5030837124423 -3045.6415091239996 -2781.063241814186 4651.191599187867 -8636.815527723895 4590.195736809008 4993.5343669046415 9055.049337909892
3213.753849594781 4637.387465136113 9342.990751301353 2447.892866424605 8441.82220386979 -6189.499401832774 6377.635693017923 4891.062695169418 -4987.627994404515 -7929.155752445731 5956.761272298196 2475.0988745498034 8362.941814859896 -6344.001644379722 5876.5362682343075 2157.383484322836 2488.6318146267367 -9037.082397139566 -9114.888077791278 2561.194340918002 9149.37106711897 -5951.085031154482 2313.79286173983 -792.9508237522969 -3862.700130497494 4471.9255227214035 6582.924501893245 9646.47994484505 -6752.208308148697 -3597.497258540885 1057.5418221215132 -4719.648081037315 8126.023284980856 9119.948666596432
9342.026106026424 -9794.325496543372 1677.737676434992 -7086.752435088688 -7439.69225870756 -2447.1903530114214 8356.611657973153 -3598.3288381320917 -6197.622936240541 -6219.444337033337 -6008.987394588563 -7188.230211163531 9430.466115462608 778.1416732851612 6552.898841433962 2450.865975861021 6691.748805763978 -8111.949773559383 -5660.897380607501 2055.9646700706144 6942.859482431202 4765.240303852197 -5207.322536391696 -5078.802752307501 1355.9318198308447 1944.6124393209793 6485.7505759665655 -4344.998100400996 -955.1770888069041 -5162.699320604857 8544.976050850983 -9454.833694841998 9930.351577027497 -9756.04158941694
-4053.058836906951 -5189.258983085945 -5755.933879172075 -4848.029568241066 -3095.8780183909585 -3124.648720334447 7639.452432947102 -6457.699063278166 4775.488004163248 5208.528397114307 4715.578348740259 -905.0460102988873 9852.060922478693 417.2774611943223 -4794.271485722903 -463.52092583481317 4669.720677156687 -2516.985819514867 237.89518135765866 7926.25047317383 -3937.63359024665 8634.997493855357 5879.137990627682 1184.8546291859166 4072.339333967426 -1586.9727364603768 681.4300534979084 -3351.464013438066 -1229.273225971645 615.1386631205405 5903.882704805277 -5531.727412464314 1777.2749099728899 538.9352721316063
8394.588087653661 -3360.7437897231175 -1864.0148418742037 -7684.616077856914 -5681.320030749229 -9039.00092331856 -5366.260160827943 9361.584443966283 540.0907357654432 -2629.6706104064933 -5999.363932088107 8061.651040376142 -5758.475396792038 -8054.230383381813 -3987.7885841971092 -6307.744239413743 -293.18483670595015 5256.65560352753 -1344.0102605519041 2896.810702277191 7385.19350648631 -1569.2528300070298 8333.363429369536 -7551.945895994995 -6605.793385546784 4625.641021850675 1890.1694461853785 -5683.971265827609 -431.46584991379495 4171.784952107138 -6789.258950433104 -838.9741204843031 -379.779267091144 6710.487778770392
-5153.500277980652 -8776.0723585819 -5498.220329123533 -5959.914326004206 -1123.1676903356893 9337.89769436363 -4769.211936024493 3632.038799748305 2528.9947114565402 -3489.074348708996 -5555.320171583966 2157.1580121600673 4193.612280331303 -1095.9538897416169 8573.352868395847 -2129.7824710828017 6617.425211804981 9582.753612790304 -5437.783162572976 7211.396225241366 7824.36425569572 2686.5577540894465 -1308.7974320495905 -7197.959091281574 7687.705896778782 -5935.467508963099 3639.675068323453 -3757.0847104169225 9682.671450342445 9842.599153427 -2772.3136767182277 2359.0233519960275 7712.200899842646 4832.367792040415
-6869.401810459841 -2545.1538877006287 1155.1015007225724 -8570.189697467256 -9523.230988622367 -9462.71482531207 6737.616264820241 -8570.796416795143 744.5200720437442 -4271.724088392408 -2857.182673409977 -2726.688826044119 2315.5459599181795 -6731.878049377271 -7384.211499170703 3602.552748735561 -9003.024458320004 -8987.81737638305 -8497.990125610515 2473.5974568559996 1361.8288313713874 -8244.186089248138 9115.330692966032 -7241.190998075146 -7350.123682680068 -7070.465900521271 306.6059887455049 6864.278588549689 -8722.103448743983 -7037.923470209091 6162.96259737362 8576.78089739909 -5548.14685534434 -2403.6477620154237
-3206.915012827347 1722.6695302564112 -2568.2663115987016 3741.299414334213 -9441.761216200182 224.12011963412078 -2789.866374430705 -1620.457413202541 -3469.210084517076 5831.957561545627 -9172.878724555174 6427.802394775539 3596.6836545745555 -1445.376119056904 497.5019579718464 -5273.397792555014 -4681.983026895396 -2920.842271575879 -6936.81707224911 9600.47475961535 5237.723886781865 -6596.389085614675 7811.5119687208935 -563.6717344937642 -5047.539204141344 -1722.938941988421 -9650.72393857253 -4285.1099423258 3161.94121501422 7715.7770069159305 5006.446349691403 5422.5711202906 -9158.782301709569 6116.139360218667
-1665.9481355801981 -48.39233093999246 5139.098299092395 1659.5960542614503 -7164.213557426487 -1982.735335397947 -4919.062603001572 -949.9402478994853 610.8622139311628 -2580.9055621526604 9899.606109695764 4545.672801764455 -3684.864164794785 -136.22185255272234 3737.423145575249 -1942.3176678036261 -1173.264177875215 1113.2626790517115 9980.641272713226 6767.191982447519 4641.177521627218 -6979.762602620163 -8250.090986427771 8249.453933471017 -9843.625861105698 -500.57554283126956 -3733.7809432045296 492.41418857748795 7964.6258131361465 -6665.427208575039 -1464.8809451189863 761.7020437390674 849.2606885740606 4246.521743278367
8851.107939344714 -79.6528489434877 1039.4227179126192 2673.839796320579 6702.419125748242 -3391.7012638279666 -5155.150904158543 -7384.595968501855 -9394.771958296491 -9758.657296458265 -2.1139094694426603 -5255.305129367245 -5590.030306234606 4808.992665955713 8633.033419234369 3014.1044964551547 146.17577049005558 -6358.6039973716815 1756.013759423755 3412.892822918975 6483.476081906261 6906.457274553701 6061.31167875587 -2205.6162397493154 -5326.090343355423 -5422.776752576606 -953.2613345912978 -8914.579058802492 -7387.433979795639 3163.99760361854 4084.494302073894 -7012.498017481199 -7753.159907871141 -8962.967476806172
8597.984478340833 1918.2371832484696 9251.502279788856 7117.189565057164 2002.1624960838726 8345.117072421905 -5449.71122920264 -793.4519150144861 4855.666237881665 -9974.682835552381 -1889.5753370248576 4805.41134039053 -9239.204959576948 -1994.412323669605 -7033.554058460738 -5085.137487308873 -9091.820873155346 4849.2124981243105 -4230.681538892711 903.6898719737474 3297.906898843643 3196.721389870374 9067.332679169842 -957.8485803349704 3011.1449117751563 -3087.872976705068 9612.701765178084 2415.0263171084353 4081.316812616167 -9411.931179089379 -4069.1998594584347 9449.576906385391 -7568.83920518165 6532.289230488688
-8872.176569300516 -7000.82625748337 4396.847277326002 2392.3008736987977 -336.8565462331153 9574.687692056712 -2483.5573363518824 7356.904552761087 9537.226483814069 2328.795748158236 -3554.927784734081 9944.326028732583 5944.362534803229 5809.635639240023 14.450012944056652 3622.288064520353 2462.9031767736706 756.2342035706588 -4551.649409620811 9689.753414441995 9924.57375384121 4791.5275859872945 2262.3019207313464 4322.5777873400275 -2005.3745238902202 6240.68488965297 -4671.459585713107 -1826.346287273488 5086.78966034041 -496.64648415074043 9817.239362383007 -6310.974244814139 798.1261730429233 6536.429217598117
7220.748528716984 -6502.1122477363115 -5708.069790180215 -9203.239992599514 9943.132267036875 -7989.308945138602 -6123.51246701383 -8013.789413012258 -7830.052808879395 -9562.093428596652 6723.457503520865 6480.204900045686 -4455.546010677273 -555.4463966386502 4645.339441344955 683.484256152753 -8017.4913982696935 5052.517020099394 -4962.841166142187 -5559.095449467204 8505.459810648146 221.31638871599534 1040.595057985658 -1600.921422210782 5752.391693177096 5904.850084738999 7369.929586471651 1299.9084981684337 7959.552272711902 -4517.9705954751425 861.5448026114809 -1815.4128417206912 1277.6011639032222 4097.638857339203
4128.850247828592 -9100.647141531183 1986.264779469895 6691.492744585503 3710.885599363137 123.00041741187852 -3226.82678008484 -7329.697047600123 -2811.5877718058837 -41.663031387992305 487.03186721248676 -3808.2517693053887 -3510.284798794496 -7797.658232775557 -4896.380770297248 5279.81233909965 -9665.760310489588 -5145.095639610031 -353.7851150428469 -2613.5099231033964 -5115.31844408394 -630.3671791377856 4893.375138401752 -1303.7462478419784 -1549.5455104383855 1308.301940995043 2522.7969546228196 5484.827080467878 9104.39567568684 -7492.48780402689 -6621.000312089378 -4554.1796876617655 2713.957125086683 6821.202520680232
2480.2847602180573 3681.930227468285 7642.832488634562 -4891.9229367657135 9924.771115727268 -2160.7148329335523 9985.113614238784 9074.585408665382 -8326.15819567646 1250.2261229784617 4335.9175990411495 7503.9372184005915 6151.9961628292385 66.81004743545054 -1184.2696812307113 -8535.222534865743 -1775.8980070004582 9707.142406968134 -2248.73426551959 -4094.830017184052 -8447.551258491829 -618.7820969093045 -6809.819340487777 -3603.340809997393 -7705.517669067083 -4268.809400467906 -6897.10178928509 8430.424392572226 -8121.514384361168 -5663.60095841232 -4932.895587113899 -9403.400846018762 2564.299816924975 -9250.990657536877
4023.596778050289 -6066.014026566068 8518.274912789453 2706.9034209224283 8145.694590172741 8250.576889430537 -1288.6701917297141 -5787.642444817298 -3158.61855997116 8820.077769294421 5498.662832987915 -7664.7618966566515 8367.284356353415 7481.20172570716 -832.1348481623409 6448.549522542238 6597.655734517597 -998.0844023512091 8007.7892749397615 -6449.4960749294705 -2968.341117655238 2281.9882699015106 -3377.19799620944 -2002.9524568751604 2632.2494255117545 -1014.6905302075465 9145.783943190523 -6678.707119383802 -5164.782561037145 -6526.357402426699 7067.2046191760055 5955.954369140694 8225.997967335781 6070.594097941339
7527.5152619629225 7689.86279080524 7692.107560955916 1607.5509983473403 4949.908426993683 -1919.5106591185058 -8360.492609604633 6495.01177904227 -8698.949726913219 -3899.09881628123 3879.9297693902554 -4807.894651187224 12.746722571899227 7983.282154553359 7794.764645469284 7569.292578967652 -7830.180682519934 2711.476176684904 6286.339434371554 4899.842157734456 4608.016960507173 8873.007927802104 2923.297906490783 -4751.666956473408 -947.8787731734938 9198.614479577573 444.4730521635993 -4565.466348354066 3591.106021552694 -1241.5823120806763 3310.680405797644 816.2240003861116 -8350.75080202455 -5238.200556993999
4678.974887630309 -8335.39527469931 8552.348200264201 -3087.5685878941313 -9144.620313131583 3987.476044220077 93.6089305805981 9436.754033871905 668.876301039003 7813.643043387543 1159.6559598408003 7437.0091572897545 -2946.976293316492 -7081.409391685742 -7476.392761554061 4636.065445094606 5767.536030065665 -1793.2519482114021 -178.4112692163344 -5529.497197918747 3744.9536094303967 -5783.91211940412 7357.500502144856 -6557.732151143175 4315.0613247483925 4210.413263891092 357.8569184853768 6675.652599128836 9771.795804738482 -9987.914811011433 -1591.9672419572453 480.8259027272088 3986.0070053582403 1677.4611878845008
6271.657282756949 1807.289086316654 -1005.9683127827793 6301.701285793257 370.7377670871174 3990.1525966310055 -1488.1555696900941 -1661.1154060879744 -5230.243327156699 2748.4626398796427 9480.441860626077 -8610.747736148513 1433.9507655186208 -6075.342424597497 4729.256003114293 -9267.67053594657 6396.081246039961 975.1212682428832 -7254.941739429138 -6040.041815078228 3417.009658981762 5642.33676759829 -1804.5469710442194 2596.4389876940986 -5115.040233990946 2906.0786102048405 -1694.2765443335047 6182.446512674342 6473.750414282018 -1794.9826806948658 -9813.649213536515 -4774.053759027574 -2308.8011425013356 -9926.583977725653
-6886.043578481329 -6543.82285074036 5714.822823792785 -731.0078539089845 6427.895404676179 -3052.729244131411 9224.176682846304 9650.438433523253 3548.667187369423 -9296.452791888705 9822.034118281277 -6825.778288607625 2448.811594961797 -1034.764687482726 -1110.3117581146253 -1792.5639800978952 -6957.779614344769 -3909.247427492226 6328.0110429007655 -6714.381129271065 4495.559202216362 3585.572549348999 4179.449459764259 -5984.826310503277 -4317.689573931698 7801.398253751955 -9257.959888735733 -3061.3377155982043 2122.668420512433 892.7688294663385 2644.7407196337826 1121.739313589289 -113.55237027964358 1755.6051992816956
2832.5851475575473 7198.8456873383875 -8759.731346281977 -8195.495827909734 -3454.3081633973707 -6802.755981338589 -949.0274094343622 8048.4302388763135 -4883.910257576203 2165.8241358620817 9730.772966790097 8247.797742116156 3006.8873067251625 194.44083412082728 6280.9206285781165 -4494.252487366546 -6449.6232179641 6404.697747563747 -8194.75038414016 -4291.019310508109 5609.031962043573 3329.6159962119036 5727.249198617155 -2218.250248554161 -8419.810735605637 -6764.054116690759 4131.067972704524 -7692.415052054169 -565.719604717804 -875.7750678519915 -2077.321838670834 1290.6272915501522 -6394.232795705068 4402.708472159713
-9002.55452284922 -5352.133409190252 8744.701263961833 4923.996564030294 -7662.344935860366 4132.713873943852 -9349.332987696593 -3396.443763842307 -7883.048009371634 1301.1196484223983 -4830.150105771338 -9626.498640826174 -3973.701949412798 -7074.536958313802 -6406.373911487968 1325.6727797688472 -5911.969688367028 -9488.74197043654 -8272.92064028972 -615.4184920934913 4095.929428045132 8476.468234356416 6793.261139020007 9139.251758486967 -8339.855180069486 9503.400753560876 8235.14159997696 7599.9924923642575 8870.28357346425 -9982.778301284725 -6365.306326300082 96.32488511013253 8420.37495391909 2466.623158390097
-988.1866707069912 6570.192959180662 -7048.134504567441 -4462.9830357272685 -7495.695756961843 9383.397694821124 -2723.139425134191 7221.326555319472 -240.88019305348098 -7613.314867869356 -5816.085448661536 -5454.634339349007 4129.004128494809 -2549.814063511053 9509.177978367115 -9785.146294347942 4100.813723657719 -3726.137307028299 1473.2635610204834 -2333.9493672108965 8908.608531781687 5479.940114430723 -417.58635875179425 7429.200905922848 4163.602957024086 -3606.0534578893485 -4054.004151849049 435.1241377537135 9248.533212091232 -7570.897560992045 -467.83484021363074 3869.8034483426254 -5038.056043622097 -2596.70315176685
5815.028499305825 -9951.716296524759 -6224.54861401843 -5178.913730769541 -3185.7101909266694 2766.240939324156 -7066.097879813833 5400.518525878699 -5448.370806650269 -2328.1640949684743 8538.352752900468 -2454.7773210520218 6227.318524033459 3388.3888791910213 -8299.9207342775 -1779.7124901224397 1244.823273111273 -2513.28288722825 -9674.52312800164 7057.174165324304 -5228.669993441988 7106.319631272334 -7397.833928415487 3690.5432908571674 -9370.359824580033 3913.511614937288 -3734.5453110162107 -7114.320040666979 2594.0923707609127 -7774.418933065752 -840.7086826092709 1633.7459340217374 9175.560044878323 2062.18889210033
-8656.22358642653 4340.184603752878 2924.4709409866246 -8184.490559196855 8394.577267553155 -2987.463439358302 -4212.414302100736 5650.472171937097 2511.756289180432 -168.42758805696758 -7774.749420537217 -1768.9609229323196 3724.813731945167 -2614.6952079802513 3172.0719497151913 -958.3888562238226 -1243.5011101825276 7319.800878553888 6808.60308995776 4988.081179503442 -2962.528659847181 4958.4847338707605 5626.198162304792 -3763.0790293123973 4486.079634742186 -1702.9044981376865 -3311.397199891726 2993.591980892048 -8863.622871376798 -2706.703983149121 -3000.4592467651255 -2661.8620764083034 2409.113770717977 -485.8682333033066
-5745.895525094827 -699.8790089593258 9113.359007813506 5406.557390351652 -8403.773969169959 8864.195499767433 8313.096875871772 2767.6598374071964 -3834.158529981147 103.97240295008851 2308.2417557806875 8006.7494605638385 -1275.754475419726 -9119.07221780028 -5462.253344968566 7824.043787029987 86.28635987290181 -512.9100500768182 -8620.230163654212 6621.187815470228 -2427.60712817484 5181.167834726244 -6394.961803181379 1070.0445299650128 -6677.46445399177 -5724.726772027089 -6492.494615395894 3209.289549420888 -5292.155071845119 -7579.608068715186 -7274.536363890827 1609.8735586488274 1121.114262704008 4363.369897058707
-2244.3475643071124 -1717.870675166214 3223.0842225111464 285.4126964683019 -35.52107861440709 -825.4471447035576 -3274.486862994703 -340.1908104984068 3149.2901307852408 -1805.0196646644508 -6733.444304156186 5266.870171112989 -7364.301620415224 -5924.632115098414 9146.351446952314 -9404.981901755205 -8636.734572823016 -2603.6203608351707 -7618.609735839812 -8989.844316147226 -4930.362788854574 6467.30357899674 -6880.954864676938 -1722.9719845541913 6396.510141373674 -5867.798084120477 6672.062986312958 2781.2571777941193 34.75940007156714 -9145.504212620996 6526.37681514518 -4349.912531501381 -2997.302113548383 -8979.59519363969
1017.7213218190736 -8866.159669311957 4327.928675926725 7147.253254973843 3362.029321958331 -7346.006728354221 -1455.842759753843 -5227.333262280847 9073.688475291558 -5334.33364365675 -7003.399749919432 6079.273227867212 1362.0656971852222 -4302.2907275709895 1650.8729622805295 4657.424590811981 -4814.5560087982385 -5265.190709935428 1646.4228923340943 -1367.225771534977 4451.850894413668 5344.724197385627 -2335.610627826719 -1328.2407242937315 -7555.099387588196 9725.530976477417 1457.853962961939 -9484.809070829147 -8310.573386778442 8799.25387798547 8092.797633272308 -7541.639670532801 1338.8873430835738 -1103.4563102225056
8643.306391616912 -9218.845814724475 6389.892509545385 5077.944025328654 5454.285583090757 -3258.249961634876 3617.507939459796 7696.346087882048 -9098.082056215144 7570.826628145438 -4133.060826374939 9988.279774657603 6133.247008925111 1360.873840402588 -144.0780476411055 8223.732155934587 5821.149317754189 -5516.712712615171 5993.133339299307 -5590.213947967155 -2003.434189654121 4548.086455115012 -7546.069581629436 2219.8132254711036 3152.1869100369368 -1850.9898948306054 5509.500089874202 -6292.738491338938 -2681.1138236584966 6105.612509164563 5360.962342060251 50.50501825923857 3464.382584753088 4149.962872574371
2252.849073595782 6271.240514708446 8142.033695653106 8509.836820138495 -9450.322400844305 -3908.9946577044702 3658.5998169728446 -3970.111110764785 5417.9041820763305 -2647.6182415075637 -7322.983751220016 6275.0996789635155 -7812.324500384991 6646.481576874052 6552.530288942598 -1039.8786882695003 -5187.940427750097 6520.755894067177 556.9614989531947 1689.797931446552 5362.221509613473 9321.436001311882 -8789.61061605937 534.5686259144895 1733.9552437658458 8156.46117449713 2555.134049862074 1715.1545705261087 7911.274493455672 -3289.6978723940683 3647.27951247238 3668.0887315282853 1110.7652674495057 2396.0853730323524
-1210.2580628551386 -5626.926364049638 2368.497987487981 -9540.331443440877 -6956.715172744756 -3035.534830904061 -1783.0382955808436 -4216.601578405046 -7584.43116313527 -9831.787914866558 2244.9593390745176 9046.812166594966 -6203.555807620102 3679.696626639692 1915.7047075014816 -8521.565001958996 9461.612332283006 6709.832345879826 727.7601331277328 -5409.778297394499 -6160.370456601531 8776.004680721671 -7431.8523104047945 -774.4388103296715 8123.6541434430765 8206.365309019715 -6480.430121805718 718.40624997144 1972.827241132345 -3801.0011066409133 -2818.408670398966 -3941.721218198287 -4287.9897836088185 -1188.8707149548682
-3575.996327268361 8390.411095972468 -270.3441042016784 4291.0975678187515 -3164.9223168793797 888.521168146568 -600.2664693300412 -4404.210751641377 -4058.2261080065555 -3268.1644805085416 -7181.917174855091 5307.082069075219 -5589.945585793712 4532.1117414410255 -2670.197879145553 -4490.86075252672 -3607.307475063106 6773.7191686477345 2226.9050163198644 99.49150196394476 -7255.768017856172 -4339.474153982807 1805.5949887912993 -833.957764994253 -9291.959237693318 7379.3260237357135 -241.1724447085944 -7137.676431270516 7126.086531816793 7114.408145789348 -9200.924948999485 1199.219925219135 7095.856723681849 4744.889207183554
3060.7594534110194 4065.4558788419963 4058.589113241911 426.73886200573907 -9587.829918706706 1302.459252825689 -5081.131780663244 -2042.014016254696 4511.321603124663 9002.262863673288 4494.120201570913 2461.8816584691176 -4434.264429949834 -2637.5430500521625 4059.1442230078064 -2350.4119829768324 -8742.475621065038 -7007.3041472040495 -7558.274761829587 4152.015092804995 3035.9991729405683 -9098.979691423956 3463.2182084217275 -828.2373440537394 -387.23769854285274 7773.717842531059 6410.3952691664745 6219.724607392445 9824.477021904539 -3462.774264817812 -5872.6197594670175 -2374.733659481485 8144.5019649425085 1680.689568682028
3130.7503954877975 4414.813034750443 -6836.523849141822 -5403.8727327512515 937.2873006943919 3349.9377007439634 -2611.449295593684 -1595.4206383405526 6812.00600182619 5811.904733140749 -5816.365459095181 -9855.933459330929 -2344.123592502596 -533.5755638500923 9602.33437477133 3694.9136508293905 4337.561811995376 9491.874883257671 648.0181874111167 9134.70475571906 8164.63864987839 -6675.429080024209 -9855.915125669599 -2176.1086264964624 -860.5026743042381 494.56564672633976 -6494.28472065644 3557.1119443590305 -4230.484809338426 9863.71773034005 -5417.375752717572 7292.4478101793575 6002.400710355876 -1917.9708363462014
-3672.461533798135 -7760.354125535941 4579.377402153319 -3254.228667339902 9042.324269671044 -5345.645041971748 7064.04024292147 7792.6824671956565 4822.069946447005 -3645.157423535872 98.0542869267847 23.287479790929865 8242.405270711399 9821.400397617119 9358.11305402586 5005.8737778134655 -8199.264910564223 2508.932498710714 1593.1029902284408 -8555.967534286661 -39.50777405882036 -4138.712610049515 5381.947280243283 -996.8873604761156 -5214.671289505868 9905.791654622164 -4365.654616659888 8496.355049766913 -2491.7904393957933 1046.3756057167975 8874.44745876027 1623.0006882218113 -162.52625258903754 9865.086427995233
-4626.899670695819 1515.757046173012 -7083.364902202611 6753.8686068518655 9398.954848136978 -6225.869029340101 -7223.994819531303 7304.8603446037305 680.6928836877341 -8051.861558489646 -4305.029976123978 -3514.8574555394353 5978.251705661691 -8644.82418028781 -7295.036991758259 -7982.859065429835 9965.058794646717 8033.319164839013 -558.1057285307343 9375.055175471047 8593.91495098281 0.20386448228055087 7720.462419550335 -5059.583023523846 1964.1748206431675 7751.4845954617485 -8058.171782516457 -4241.591379741054 6802.461937282591 -8642.85121351385 -8190.429692601245 576.3717747692717 3843.6530190829562 7592.141126664417
9693.411277786938 -2028.0529918719385 9222.503494886321 -9651.153503551568 4457.721766848277 1327.8993075392063 -2538.8585467342973 -1493.565266663485 5295.1323014791815 1578.793555249058 -9690.106767570653 -6465.070444635141 5279.44839420115 7192.438471903282 -3466.987306725442 1936.5841328894421 1132.4353127502745 990.6203636479295 -3321.722720573128 -4765.195311401869 -4332.509900898025 7603.219012106652 8244.092466435719 5963.787086497363 -2086.272423202 -6294.289599092517 578.1531302737039 4942.382483944621 1707.9946464025707 4164.193518693204 -8491.903602679731 8317.441220584424 -9297.099337737154 -8826.791944961318
3695.0120823016823 2764.831297040586 -8835.097460141795 -5268.141483788709 3180.495090395074 3296.1638992404896 5125.232322584659 2699.143229859772 -1221.6478237167867 -881.2581258128121 -4689.211730434051 -5275.431319464526 -3251.6985836084687 1896.0710693803303 -1495.3413925491586 -4522.381864378195 9751.645055466386 1180.1776052963778 -9215.065374890295 5933.469165917279 -1608.710047604518 5843.976890306172 -3672.3000068001484 -7997.384946081969 557.3246980339045 5119.292866831418 -8460.120983288878 -9470.973915542114 -4161.759091055333 -2293.1853450310746 4334.248211036798 3240.050573986933 8665.55159614576 6537.756259607693
7335.221678252816 3098.9108639936603 -8619.895019813108 -2891.467070246823 -8087.119394534175 34.411701366299894 -2208.42454407528 -7638.855795778212 859.0508177053598 -811.6157596015619 3798.8674390710803 2495.8663628223258 -9834.047402954464 -9742.929974176095 9222.537800652786 -1804.4731274289115 -3905.195583857595 4129.890177370929 -6804.953551251551 7862.727877861897 -3647.5870928351515 8558.965630161038 5813.229737198628 8845.250660901933 -5150.2741024612915 8843.205926619092 7163.029231218992 -9777.334838572691 -4054.590603149828 8802.282808798987 -8605.816121230575 -1738.7737358049235 9498.097927592804 -1355.9186353606729
-9073.217683737777 5939.191160404023 -999.3244159408005 3365.1696336617624 -8852.167224103856 1157.5427424191857 -2120.772574622636 4684.138326663959 680.8851205215706 -9703.37591747798 6948.906690821597 -4868.411599735605 -5627.938743297885 2157.2981109001958 182.5906417264523 -1457.8587190302696 4255.099083247491 -7860.963337253644 -6091.907384257444 -687.1192648011765 7374.403361628269 5012.145544123456 -8792.924873170898 -1349.4038530406233 3296.5019603054498 -2978.2242168591692 -7222.916703231778 -8194.564232352632 7326.518431896162 6207.788121120144 -1163.4288039108797 2580.6226653944523 1827.40044016295 -6958.17438548172
-1969.150862303859 -2790.8400225425776 -2261.825888864464 5630.975660300208 9252.801406123599 -8901.37493517563 3278.3163236108267 3699.0899059859676 1778.7077169103777 -5630.883822417265 -2684.672777352799 -2983.08774868425 -9046.77597071505 63.09705518829287 5428.140888540585 -1509.9974091984204 2522.8962847433704 -1180.8032691546377 -7237.256639700365 -4222.794842628683 -5807.803880460962 -9267.437320440793 -4145.004300916391 4852.146111194192 -2365.669795928209 3731.946886163996 -7318.481249997825 -8966.160322482248 -5678.804618315956 1747.6949155311231 9714.087525559004 -9454.66431655325 338.9062447926153 -8094.91808112841
9821.250180138712 6073.041095796269 1024.671168296656 6622.4002832341685 7074.240967188958 -6015.846827467546 -467.43550751337716 872.0813770075601 -7552.374882282957 -3072.3445849937916 2033.2802915327356 -1498.4028195160918 -3725.2895786096897 -4939.465688555695 -2725.2901183213016 8750.581143825228 6683.921030494665 8937.220836602413 -5555.885214307972 -9958.788632487844 8026.314432542898 -1388.4039898945575 -6870.019407984678 -8070.076354940061 -3458.649141120318 -9610.435250137389 -5264.610948811163 -3789.031923041177 7319.77754184611 2371.795794181926 -6394.9361792962445 -2662.538992435466 -5429.422327407987 3928.3360917964255
-2808.050396939346 -6314.087543998672 -3994.413344962666 5065.0166477848325 -5892.1819675142715 6566.799204226587 -2237.969669492696 -3251.9631967179375 -2386.2386363977257 8690.365234360168 1070.315854574883 3403.24182687539 -9815.981712603576 -537.796943092113 7955.95351143814 -611.9124605616526 1408.6112105168504 -3555.0675117997525 -3402.9375784534113 6064.53998094577 -7594.193233066821 -6744.480125077718 -5840.118015133166 -2957.266617589922 -845.2859797475539 7227.03888412565 7767.52342212775 -2550.3583953662965 -8292.293901866897 -4049.476073881364 -3945.9174263765244 -8908.780940022425 2029.2106028842973 -6137.3722229006235
-3707.7101160041175 1140.01534001865 -9740.855140249472 3167.972096808182 -8860.709879799615 8404.509744021212 3883.5630698666664 -8352.600634526867 9317.598498981304 -2988.007300174784 730.9837593547381 8191.308851594422 8349.937384825302 -8626.076457326497 3015.2711328005626 9878.923997872665 6514.7112835683365 4673.932645455867 -1432.768087371045 1534.384599496485 8367.152286926626 -529.5057432267167 -1270.5242189573873 1573.0747807160224 -8511.254100519254 -1830.0201541157394 535.5849162766099 -7825.765471416906 -2170.037888823186 2742.4218403598807 6477.456576962111 -6438.176748129634 -9533.924601912926 5913.749642777622
4764.642722470877 -4322.735451684712 1604.6338384465053 8095.303125986931 5004.6984562231955 -5949.035096214663 6779.15089934495 6229.34416199507 8802.87625627167 2289.5114726854517 -730.255657458898 -3861.0439125255743 -5294.318959959619 -1172.99977054991 2411.9475331087197 -4784.545322938585 -1164.1598511247084 -1595.6252327471047 -8381.230210303012 4674.315742212841 6795.329067178274 1623.8187300623722 6564.854996291804 956.0382857160748 -9600.385530910242 3984.151572262759 6169.891108427046 -4066.7735988661843 1444.2801092798636 -2867.4522909868074 8700.422638815042 -2651.040378404253 -7956.040033819303 -1185.8090294981776
7859.78407712371 -4002.0684786751517 -213.98676517943204 7417.056411831931 6439.667391859177 -8322.274752277688 1243.6900635994134 -6057.232272031459 1187.5369168226207 -336.75665132342147 6804.192084291732 -7955.915423897353 2170.9654323315935 -1688.5448170469172 -4051.3460710255367 7532.037092475319 -6406.540344909193 -7849.82307807856 -4388.5239668282375 -8338.526376870268 6182.661462258871 -2249.6203698998916 -553.4861731706569 -7479.028677809105 -1402.3026319361034 2404.2965322154687 -5957.617591147577 6386.934208568928 -2633.8235057259144 -5406.71800489084 5084.769428283746 614.6872188662492 -1990.5622292993194 -1889.2891163007516
2142.458063297943 1579.0400484615293 -8120.254531121118 1723.8939759969398 -3524.8092857719503 5240.993696676416 -5238.071545760037 -637.8599225910457 5942.137956157172 -9544.286317123519 -6992.746628469171 -6597.813564874858 -9987.418082683924 -5540.813914774356 -4048.48061849822 -1030.77814009336 6658.621438815622 8850.766514911167 368.8497532042875 -3203.812147076588 -543.4961107978161 1149.6517620188315 5782.895759815707 2026.7744594712076 5761.801073580053 7002.02101691081 -288.66387229709653 3648.898453682865 2638.471663142318 -8366.599444168529 -938.67407610398 2171.317205248499 -4749.941564066793 -6156.7460771798305
5633.627017558152 3586.878749717802 1539.05222135873 -1093.773614267604 -2400.1512070769686 -8393.67750922963 -169.96016611398045 -1135.6774686763201 -9084.876071475268 3205.823416322446 5952.756452487216 1692.1288016988601 -6615.887615050324 -4569.587852919419 -1595.566760064652 6077.242755655643 8976.137146993733 2701.4457123088723 1266.0708751371894 6978.549142148509 -614.3338195895758 1380.310852512337 -3439.0729897794345 -5819.438378892101 -255.7023106266006 -4400.607075505407 3372.7987398415826 -4044.1923001391624 -9312.807591919489 6499.918527415659 -2857.7161176020245 -6712.7949316661325 -9696.716144861919 -8285.105888914735
-1780.930844104907 -3777.462271981928 6296.502120686864 6143.067532907513 -7729.238131444987 -9669.772284934108 -7922.568100262535 6997.411611879103 -5395.691974305485 7494.600468456265 7923.83935046232 4827.877515530696 4435.245141060785 -2247.405953146468 -3676.3675838215977 -6087.683442708265 -870.2813499846034 1056.3571070790622 5393.195964795783 4247.502810304311 -9836.376606324544 389.0675493735125 1257.0024924512472 9529.616367225382 -5079.802928700139 -7991.931450606602 -1205.2087015216111 -2943.862502302143 9291.979327072499 -909.5163041714277 7226.210726127883 -8779.558306458506 -3111.912908197017 -5144.26198181936
-1170.6999056398708 5530.911989432127 4343.305321976419 -385.650726338341 1277.1002111673606 -7725.163843329692 -733.9674559102423 6479.661302766599 514.8121718144539 9915.765374003025 -2512.839585128634 -507.57230955232444 9413.665142058791 2207.358009518748 -1850.2238911085042 737.6977213890659 4297.084457068899 3050.750690195924 -6649.946191921645 7381.94080688975 4430.079661422176 -4029.3484629417553 2406.43576094988 5230.2830867670855 1579.2017937331002 9424.313121212701 161.1340137463194 -9862.365492988467 -2117.217028228415 1889.4121468075991 -5319.551608619717 5116.796732182827 -4214.49492178458 6215.951717544383
-772.6482239751113 4276.232262634363 6616.919197813073 -7728.435380050698 5250.511040396697 -5740.823359961598 -7271.3800732274485 -3255.537922317395 -5459.591207750196 -7457.284823336395 -8186.885156247379 6231.233493018957 -7925.5835106107315 -3014.8291867962953 -39.8316668078387 -2363.33439563128 7429.514716686543 -3678.0878992346697 2963.3875819465593 8489.286084298288 -359.15845164831626 9212.964622750336 -4978.254025805524 -8570.453383546033 -3489.647833503511 7724.390026386645 -5000.968820291613 1653.9937930841825 -7446.474522065793 4746.000030752679 -4658.239822482553 3999.1168086135003 -1568.4058894268674 7956.29010372789
-3788.4552239682343 112.9658096402436 -876.5441913738032 -2688.837092012999 -7076.3541505068515 -7124.330710053055 -1991.9651831449346 5996.091539744377 -5143.666800369438 -6601.595703775671 -2695.9157942087277 1403.535074738631 9081.844901160952 4606.34482351742 8162.834325934658 -4843.436210206258 398.6393235259238 -4474.1753060892515 7600.939348158794 -5488.418034703091 8096.001693168175 4346.14037241529 -5762.526072510701 -9891.002799865902 -166.2769677887918 7437.451215973004 2376.145065042856 5389.963726705086 3514.7341938764966 6352.937747849945 -6350.367590173835 2356.7766797021086 -7298.236626936754 4750.570203693591
8890.747408781328 -1797.2180914008513 -1256.9409698368454 -777.5323240437683 -7680.84738652699 9174.762785287563 5875.660061148932 1830.4449789693172 424.07300920756825 8892.897613105895 7998.302505316318 -9156.166839202195 -3048.0869128200848 -4132.152020061794 -7691.382965573617 -6702.75429204807 5493.743030108741 -5716.559615659927 -385.56326625111797 -9055.144813420677 3498.0799236768853 9272.067421213189 5593.756327340885 5944.629832033517 -7503.085613815386 -5826.803808666563 -8603.980455039195 32.6398267161876 9413.297561469979 -2320.2102637165844 -4593.388518950989 -8374.564601749584 2525.75275243969 -2713.9949483843084
-2301.9281288481834 -6667.540346893288 6976.611669549253 7685.447891348802 -2635.5301069204825 8583.533180474908 -8791.602287079852 9931.140145148885 -5546.656029400175 -9985.545153851579 -6375.609918927936 5637.382206791532 2340.602890437547 -8994.926355802238 -1995.6118809989403 4420.909183130645 -9454.2673748021 -5979.672661896651 -7477.576936243368 3797.7107252185015 9425.678707390965 182.52286367225133 -9582.907161220446 5312.727910868669 -1201.1873103330672 9599.383248189279 2665.527938828978 -704.4641111431265 -6794.985112765217 -4208.570164702379 -1264.1050261687124 -543.6331662335833 6519.698778723421 674.8761198092179
1 34
5277.706819405816 9633.019493915974 441.4138449730726 8083.412794565815 -6141.140047732938 4660.128930200948 2363.3131812400825 -7637.153003976462 -4995.848700415187 -2366.168546016367 -1801.1155942804744 -1855.3708140969902 1202.2214639946887 -7846.431284786737 -7559.257018634597 7466.995744111457 3135.4087971070057 -187.158303660799 6548.509251090774 519.8556988091641 -9566.095956768417 -5856.317419679147 9348.976369412005 -7012.2454704865595 94.95517314699828 4038.211219361572 42.58427649187979 6356.0140195054755 -4907.647472952012 -2447.6084893327734 -4236.925634466195 -1514.21399037648 -5871.97777391649 123.42936664116496
