86 9
1437.4973472568072 8700.492915088398 9511.631562601837 -6657.430275953882 -5603.40551761307 -940.7015835060847 -8766.153920637189 -5819.177771434734 -5221.238579331056
-9721.367167345003 4302.323938596537 9242.213762969379 4721.169347682926 7780.815946353017 5823.959998999393 2521.140049581587 -6417.294154161082 -4325.236368911598
-8332.576100206988 5829.363746169076 3769.636846939249 6084.458973167273 -8448.97372839437 240.77311353950972 2437.4280608508725 2997.5027611088717 -9150.343323187544
-5117.102440150238 6713.961511524198 -6063.623808591838 -9313.201122771636 -5814.587306165897 5962.251639331307 8078.435935562604 -2298.321009510518 -6415.672251891032
2226.6141933195977 -9184.69476786465 -1160.8046035524894 35.533361849851644 3087.6982765501107 -3380.8773436053134 9842.900611815985 2238.8237993253188 8247.208631332916
-7310.72606692559 2822.941626130054 -711.5386093950201 -2611.562322871461 9181.510014053692 -2145.9551419711206 -9857.93357259575 -1570.5867804004774 2089.4062455830735
8710.89254656325 7751.532965956176 -24.142036304698195 5797.803240715164 -1881.0933977264476 7140.048613309871 167.46513468197918 -6191.899613071757 -4441.093110996319
-8114.934799524752 7610.702946902831 -3648.2820143074914 -7890.4375302899 -628.5099122521478 4840.30144020511 -4345.828932373043 6721.5388271331685 7853.29790213066
3075.617337746995 -2410.4883819618553 1698.7936644917536 -2817.7345128301367 158.97993642051188 9127.371086091327 -1516.4275998833382 -4028.9495021043995 8779.682813105457
2613.1821266760344 -3157.035421948076 -4185.094931488875 -3822.7923304318874 -8665.190830016027 5731.624812241698 2706.8320406671264 3399.927065121423 8191.574875271428
-2615.503985320169 -8559.168477207633 1851.9810965601628 9290.775681094936 8821.054299267227 -6751.323303326591 -3601.0305331746713 8991.363047717587 -2819.661419017354
-3030.317477818234 -3191.1693487565108 -825.4415466170467 -4299.072481321095 7878.170673887071 -6582.701192513036 1689.6062053526912 108.94782144720193 5360.451100542663
453.00604023341657 -6741.138282143944 -2221.092401106761 -157.3224774957289 7147.233606288435 5016.96164020494 -9446.482521284515 -2013.6350638860504 -8763.796931985513
335.0845160800782 8311.55705514783 968.8312015900174 -4824.2871152213465 9244.873091002632 -2993.566089213662 7971.09663950653 -8662.67578159315 4119.37995355929
6875.32468769695 -2249.069592343786 5960.62045761604 -4895.211987365979 8603.027168253764 -3765.0567823677793 -9830.043654510173 -816.5996642831724 8715.48376903131
-9098.983461809034 8263.251973590937 3341.93606521688 -120.92404607838034 6545.818079916469 -9522.558150312343 8015.347426775981 -7976.695354989116 -7843.3303012050765
2763.3494661162367 -2375.308518536792 -1331.4515005675294 -2924.588300616324 883.3191651248526 9406.996187830784 -9261.385988404385 5732.697593384948 -7430.7654502831565
-2042.715630712839 9483.876436114817 -8034.766853668076 2370.652368701678 -8045.660768658094 3468.5554913154556 891.5407133676254 7613.034705933955 6395.067237231979
-2778.8685335745477 9546.229691359978 2567.0993990431543 133.15811425490028 7055.744350150751 -8026.2915260463205 -469.21701415075586 -5429.106601064635 -1495.1089090571568
3151.1188063769478 -1263.9080322816862 -1778.5107314452562 -5753.01997962337 -7452.509642068897 7437.095851648588 808.7223099617786 0.6258636056627438 -4675.701640297459
-8633.522513140071 -5321.711717611912 4688.995776662992 -679.3204518960592 7529.837747990976 -6388.236319861424 -9579.011536579412 -5549.871825238548 4342.566090935072
-938.5313879414043 -3892.0398532868594 -9792.268498845715 285.46067443943684 -1596.0915241564253 -6474.074512652191 -7032.544683646469 5046.181710324825 1428.907474055808
-3884.320372903773 -8417.35457538535 -3830.722705698977 3721.7603240536646 -2870.374394150581 -9796.362675954946 3875.233435274102 1360.8370242109995 8193.996795179974
7611.17616478484 -8436.321979646174 8378.248327294179 8254.401307700027 -7907.59509381737 -115.55456455776402 2225.4464561450823 -1510.6498794550062 1170.7236151021625
2769.664297237283 3500.4467739734755 -3253.8722447486834 -6959.529972285474 -4289.476354708133 -7189.227823887177 -2107.2051942562894 -6285.592693085924 -5997.188463493264
9691.77659718415 4505.168894717668 -5791.79710773567 -266.4967248693938 9758.651490779746 1471.2116711089748 -9456.857928669235 1086.9779473096678 -9249.44475278546
-9805.735691006445 -2762.8584296088056 1346.9469958167156 -4534.157619592281 838.6363353332054 590.6481444740366 -3283.804540688615 -5055.904898389076 -6353.733733737184
2725.2659905085166 6008.434217662027 -3607.112044651757 4027.6887238746076 7209.774766276445 5320.979161197383 -1445.214739672403 -3183.9265289885207 -8719.562699567909
-2449.4543095386543 3249.2126325998197 8610.065971146396 -3915.3400522234124 -3516.9349781829014 -1598.3709407001134 -597.0092746046139 -987.9167510354582 18.883230930721766
-2200.47118581659 -8580.161552916334 2485.9288552053767 2627.3190219164426 2348.8501265940668 5618.001185453826 -7220.223303387008 9054.215778386828 3229.9460376177776
-2313.581735890102 -6946.704651346281 4952.280191836842 -3706.0613296029032 -2529.2427769672513 -1012.8235401311922 5751.865414074982 -3870.3833398855813 -6350.63524478169
-2190.2325029617423 550.7247487298846 -6812.788079749781 -8176.168535989978 -8197.311844127777 5107.897206631922 8427.342470506002 -9674.336321281895 6189.899780209755
-2789.1535917681676 3537.910045750319 2920.75830803956 -4474.306680477258 9152.915561542963 942.3574818356356 4933.473793565341 3977.482009997555 7992.097843664629
-3640.9867740869913 -2697.5623161956673 7599.610908871382 3212.2260571077986 -9390.321904349585 -7813.6629931820025 4716.100086660839 -4264.868770590453 7120.965916469693
5537.743601373704 -9881.17651957765 7499.400263981795 -8418.151056911887 -2210.290979865741 -9297.094579619235 -3424.9345367508104 -9105.161000369966 8920.031533436737
-4343.504477026357 -8713.990938743635 -9945.897464313031 3674.849556398689 -4527.976745960871 -8506.241438428593 -9987.970410149073 119.19103672665369 -4175.574798200947
-421.50089405648214 4022.7337693568807 -7067.580292406699 3132.9439210458004 8196.035243458016 -2397.8302889167444 9317.717895452432 -2958.516765873538 2305.0698352728723
9457.960196344753 7963.445304288529 -9766.675516634257 3333.1310125790005 5270.183341708151 7845.6792872298865 5941.017222654296 -8846.770027279319 3766.9289451942186
579.7980793682891 2677.413906487105 -1985.109400014373 3970.9882539238297 6285.292082542765 -5062.319934412747 503.9194324828786 -3806.4142520068754 -5046.466444632148
9980.958871890656 -8258.630573830033 8104.346019279466 -4789.302512408955 7275.635118799506 2109.2512529613814 4998.592045687026 -6480.551425023908 7517.102190496062
5644.483490824645 5504.705918885091 366.9457202839221 -7969.886158230411 -5399.3816486967235 7912.162901980533 -3039.1469820990787 -2479.1648523259037 -1020.2353453934829
-1391.8526077921815 -6438.009239927718 -942.3990447531123 -7173.918254529617 -3447.619807259932 1862.2504380814062 7695.140664521317 -6922.63504759221 -3551.3679500145654
2189.4166104325814 -8680.157845091582 -6306.371486691365 2152.0454029167468 1564.3506905056875 4795.573393968671 468.7650076533828 3745.743408371525 678.0765908631565
7866.995877399302 -1584.7169909547683 -8237.120291636867 5090.620186052147 -2715.9387494746998 -993.6500308806535 3685.5553048410075 -5025.135523775608 6769.348156521741
8447.66947419348 -9532.14797959093 -1605.1256983787807 6317.821320003957 208.4532460626251 -7365.944054022564 1362.7510273748867 8786.40728855197 -9507.48385524167
7804.13242918703 9587.200982885497 1230.1435217566977 -9926.240402829464 4394.102793485687 2176.991507662011 -2809.4734811321123 -777.5038089611953 1692.5348146347933
-3080.883757763764 2558.8801895784454 -7858.969919365511 -1040.0684762693272 9203.576584627259 5590.061216685595 2737.543959171244 2460.4841690120174 8194.971230720865
-5066.4046845131215 2045.574177786215 408.4885908931865 -602.0281748222696 6621.788780383147 7007.584963177731 4451.568472962124 -9734.222312375678 4424.6752770517505
-5930.499196493871 9514.685181399778 -1541.9115743954226 -9178.437116126235 9226.524321042867 1196.7590571096207 -1635.5385476139818 4298.706584167223 -3466.013398702523
-7241.370312254449 -7170.089342607131 9526.234537746303 3884.5599338042484 4713.304220713755 2872.2704821582684 5725.681188801385 -5652.319291344914 -1388.1449163290345
-1306.964161492806 2597.3624139771637 -2012.8849776104744 -2471.3954915998283 -4994.868703612452 3369.0873207458717 -4768.2685408973575 2886.979543076699 -3478.2230788667202
5996.61047866439 5656.0304431416225 5324.4648894775055 -4068.1849362812454 -3594.4388540725677 -6859.22826434379 -7780.154508192772 9455.329969991562 -9881.695281550474
-1705.5929705972121 4855.232346730183 643.0193848795079 392.6409604455057 -3716.9716393577664 -252.64097618540472 4576.769863317262 -473.98660375629333 -493.4587827593168
-7530.288861784775 -6868.451345651925 -9861.63968402106 3037.129177701243 8040.735931304989 9309.19257510409 9451.733500361152 -8782.011733570485 -5967.188888897097
5752.738081829579 5850.2288812115985 -3139.5607824907447 1753.8119175553784 -8710.994119800369 -1260.885006003131 8851.245680812524 -1253.4247961538385 8713.11170989756
-9472.762994738889 329.14485340860665 -2573.036036767835 4404.016571561742 -3321.887530377554 -7788.35850973806 -8840.630807587735 -8223.783887555555 -9716.341351645293
883.8881592345515 5978.407333078458 -4464.906095492985 -5767.849314750098 -2082.4768896793785 681.0619710829633 -3992.194063878629 -4020.0949335861023 -2107.405706335837
2050.069399395996 5655.926212956854 2442.8010450419642 3923.4919055610826 -3628.8123932261215 497.963578573057 -488.98547650214095 3744.3178176090205 2462.2261548185325
4608.1819156559795 -6903.069093819232 -9202.849347163638 3034.8704565829594 -2446.144624580995 230.80022992728846 -5463.660979962373 5993.543994158701 7317.274861849408
3099.6989232160595 2898.1031634032843 -8419.067446649631 1426.6300889159502 -1637.3831045852003 -4716.01888188321 -9246.55896234343 2417.7570718180305 -4298.9034388090495
-9015.162826864702 8951.856428279123 -9619.423761804332 -9824.619890198823 6912.706646765451 -5971.945619313603 7.190262507130683 1711.064397766033 -9378.470792399545
-7242.494107067552 -4515.928229739241 2224.0968928018574 -3492.238277387223 6918.771409767669 5637.222329933738 -3882.958981592219 -6075.663363694401 9114.097825591303
5773.394427262985 -1873.297117109074 338.74925546959275 -5049.251487303805 -9762.228552250299 -4554.110239094922 4882.858978598968 5919.377481275544 -8472.936171979229
-72.4858784898297 -8044.249235252474 -2437.4630026260456 -5021.936510831943 -8875.518994699503 7842.747614433738 8136.752960324382 6125.766933722583 2259.4551279422376
897.8792816912082 8032.550745468856 -6978.081771647302 -456.50393101015106 3430.5957735723423 -3946.7616493093738 -9883.781140422681 -1361.5960538167783 7462.947482794607
-8883.132763714671 9608.248556252398 -1292.220222985523 6252.678206253284 -448.4688031544156 9124.27840884576 -4339.265905134495 -1280.6299983316349 -9115.6014459407
1216.6477588902872 5505.768943743093 5762.6893175546375 6194.087354697347 -9704.490354255837 5666.030518164949 9381.67494998925 -5517.243449887926 -9455.525905331608
1843.1860036305698 7441.505343369652 -8551.707734275045 6656.225608912377 120.66513026343273 -1969.0130457704781 4275.733872124461 -6697.970319042263 737.0122013230412
8778.757221457057 -7139.058693544155 4879.5378665721655 2166.36913378377 6309.059929178729 4558.948389210018 9508.07695993413 4853.447985317789 9343.193152677912
-7829.854849246167 -5591.222538277223 -3253.973775983074 -5576.736347271316 4944.109964482948 -1788.2103574283774 553.8794221032094 -5414.843517866774 5231.902825895142
-8316.264519394914 -2051.7057065961544 -2668.11117768444 -3714.2151973167565 2044.3014004881625 -8901.228372294565 3892.2311380079445 -2342.5848665686535 -2117.872949665755
1559.7796875659624 2068.9695699322183 2637.119364007689 -915.2557369423794 -1818.6417303130866 1950.961730669822 3502.6150779498093 8257.213192791576 5597.7787825529795
5512.962173733695 -4798.294098986234 3129.979773372588 -9108.552107139161 5372.759941786751 -2424.709840977228 -2220.6579079020794 5361.7487136523305 2849.481205188089
4700.434768454166 7173.410283737016 5593.442495747879 9059.380687819666 7339.657263845074 -4434.338676981253 3217.8806160380846 4556.938922181411 8695.311287210377
-984.0708074812846 -2393.1558148635386 -4069.378195893769 -1788.8639658982138 -7076.729049476409 4867.550166023082 5514.659055174956 -7807.778339905211 -2110.3802171674442
-8468.902146806835 6615.253749162734 -760.6008098886341 -3029.638156689938 9792.777388973409 -7081.619112928474 9693.059952976771 2059.0655887737466 495.301161644702
-2932.299096346016 -8796.65626326093 4146.68907008377 -8142.803544050503 -3443.3549522591966 -2538.4789667414843 4340.777446625596 9225.359589406864 -890.799336122871
-9662.900377654536 5803.731718849336 -5287.156650073821 -2350.0568331800605 -3376.8415168033125 365.217535516098 -5640.610721537607 9430.61023691453 3234.053202472958
-2996.84333930075 1566.6087677006053 6737.271769249452 4577.806909051069 6237.601291440196 7095.592297792802 -5411.308134693125 -4539.507404326319 4282.707852427797
1297.164713397009 -1951.6321953624429 -2305.596330758455 7713.410314430428 1088.4190274093526 3132.8431854753217 -4319.643446957333 -6669.895886808548 3848.6562971869207
1183.4774568619268 1234.1079574707492 -2702.889736131202 -6918.601006885807 -6688.009945134907 8959.775799701009 -3377.9886385173795 -4843.243890789599 -5354.39289864541
7626.092061310719 3337.5902387340666 3220.4055657145564 6611.6311256260415 551.7559039676016 -5546.5699222480835 -8730.647199360348 -8898.394604482763 4826.776343778276
2522.8009929851705 1350.7838806678192 730.4902619837976 9839.344753881465 -5585.554379857683 -6375.616178550825 8538.229473281306 7749.360927273057 -9593.641630969238
-2558.1815402309994 9072.390510830424 5750.351430025636 -1532.8156549375344 2677.082537675038 -781.845429157007 2560.993797182691 -1668.1440739271366 -2539.276169889573
-7695.229881127485 2272.0513524569233 -4327.799447971488 -244.38966927476577 -8297.321964656247 5977.143855943572 6609.113789258787 -6013.715614242949 579.5715769446306
9843.491687170517 -3107.793724777508 -1182.5649665550427 -7165.069962262362 -2903.4971650662865 -7255.9867071746885 -7764.742178661058 -3906.0766046858507 -3587.115455045134
1 9
2775.4173560367053 1029.585842303948 -2448.87958923705 5459.74784499427 9241.803020970798 -6877.921963853996 -2640.3706143622685 2954.2946168882936 2097.689608690851
