90 29
1862.5000601116753 9155.00399028491 -1149.2127390405876 5031.592305146512 7232.993028004581 -8417.08305631731 1586.993687614904 -5840.925844795855 -15.850128434409271 9821.274573190629 1132.5925303794993 8669.370527562434 6528.758304516119 3740.588116436489 -7566.845686954933 -9579.986647045316 -3508.204593740472 -2447.3967868128875 -3114.664523028361 4627.2649870972145 5471.493708749258 -6378.852040987773 -1625.4915345106929 1562.7742112375345 -2516.8263841919816 7394.50634826201 -1955.975392822489 -6413.748487736111 -3009.983657604138
5513.0579854388325 654.8357805629366 -8448.808126945356 -5329.548791278536 -1718.158079818255 -7783.448232726598 -4377.14837359509 4806.973771686095 -3486.8245440903856 9869.927086341137 -923.649898991398 -3078.092351599249 2682.0535055030487 -30.369720976714234 3748.6167649207673 -480.4928926933044 -2477.7292309007935 -8236.656358039592 -6510.2040857831535 -3635.832489716655 -1132.1394268198455 8812.163133289756 -8505.221228507493 7611.582244059657 -6591.668742551135 3091.0921718134396 6488.372409686814 4876.840332710008 -7649.672395101737
8197.480964417926 -9211.282753741472 -1047.9710835111819 8357.262998104958 4754.0939283128755 7729.430558743308 -1178.4706335578558 802.9762759387031 2649.5560784590234 9438.75394153289 -8657.434793623685 -3530.115969160499 -9293.950580580442 -7346.408126832409 -304.2080088888979 -8460.155672391484 -5952.613662902535 -6235.300647842221 407.19042624698886 -1821.342124842733 2993.3975127147587 8123.794827972826 -8506.698732525194 -1756.8022619559706 -5693.383120289772 3644.8881847498815 8764.414115996242 -5784.543721592603 4811.801603281181
4380.628026509103 -5798.544097484104 -1767.9271315444985 7247.000267033694 1782.9052040220413 6251.885684431858 -2799.4316174297555 5175.200296271119 6931.538338062488 -6676.052558841036 -6587.973928350814 -8065.292022411033 2660.1654279417417 4993.056262405931 -9279.21239386258 -5439.685317942455 -4470.037697434437 1639.436477227502 5872.356826605994 1236.2605421574099 2650.797911948992 -5428.024449505029 8505.346620496566 547.0296830239058 2473.350300908365 -49.94996689165964 242.63862996626813 -1890.9410925311795 -1738.1103369959055
6374.129185800459 4473.723422721729 9030.12677443591 -5814.029681700781 6819.327956094203 -1822.739794813293 5682.19532062538 4685.817625749965 -2780.220702491203 -5369.282026467242 7678.107646509274 3813.851044922674 -4220.09572924593 -8018.668492996699 -4637.160654623629 2457.19129795598 -8486.737678325077 7240.324678216646 -1913.1084756380324 1796.8022617566367 8655.097743039685 5320.6778333238 803.3089877548136 -8514.608617557995 5996.1852656565225 5806.441298517435 2521.0498954905706 5994.681238416586 8177.050326841174
5605.326563895969 1574.3002767178568 -9058.59350968512 3085.7338196131495 1791.3163221713658 2470.2961905138145 -9496.833972670449 -4016.047221285792 4365.457647482595 9535.056378498368 1412.8721901018198 -9589.462485960395 -8313.354495915988 -6619.888613433158 -2866.881261204863 -4791.75980462355 841.8801168124392 7040.607053841311 -8908.190518296762 1459.6003807175202 3528.0334873492084 -8136.334228308748 2471.636108618586 7284.152890028305 -2720.204904581138 5728.838834878667 -1930.048764231955 4580.776977436994 -722.9814121627242
1476.8056223727745 4064.0790376289515 6728.631591176807 9986.96081486703 3665.1035011434433 -688.5864148774635 6925.2734302240315 -6673.905038972989 883.482678674196 -4681.28582497505 8083.425016027028 -9250.304880842448 -2920.78320875184 9069.567395988292 -7362.1626226346 7737.545088340801 -1578.6273201005679 3560.1286982585116 7421.410288403578 9059.348169380079 -6986.38284527052 -4198.972742602982 8794.332849854665 -3158.64442444181 -6907.206934064525 -3637.97777729231 -9228.796294158048 -7159.397522493867 8188.582166958273
2198.8959430160266 -6930.003035969694 2045.1265843860438 -362.60158553535985 4178.314423348265 7325.367916474679 5169.141470559467 7356.00752039273 -712.332170458576 524.8777417105484 -973.4496643326602 9328.292332776073 -27.619157892604562 -7494.207047678736 -9975.919354242262 -365.56350481263144 2352.8848554851465 3091.32690588723 -2104.745058914242 5561.59893406099 7739.29127834654 -365.32379310528086 -8462.404437805511 -4914.185724232973 -5831.8665878405 810.9917781661097 9010.901384800178 -2868.132998087336 -4626.385420535133
-6093.3830532648935 4498.70079675025 3745.0901444698575 1663.8029040812035 -851.912707659516 -7289.250079745538 -9153.308126582733 3249.1495818098974 -4958.141454624579 6415.166260330185 4680.0275550249335 -5779.655485224908 3019.862525996872 -397.0801911839608 -5334.606303631293 6786.392923345196 5421.42236428911 4926.172944372689 -866.242583681651 6531.036280280612 119.08438278301765 -3329.097007283204 2667.0518701398487 4873.415816477971 -9672.628431411282 4952.380672120202 3200.3457495817183 -9347.152883579061 2871.476302199966
-1293.50704854365 5154.241595083027 -1581.9766112849884 7831.114848762438 1008.9339420675606 -1917.4024003164523 -8415.071248419652 5706.714142456065 -2215.9282938573724 6721.994420594587 -1515.7399103228508 181.32622791687572 -9216.807687399676 -1186.8709856704954 5536.601968629051 9773.936554232147 -5473.581443659301 5643.970827105104 -2969.204248587569 -9484.457473190487 7772.619389861229 2621.5366410211846 4564.257929002113 -8022.245764475817 6267.675755061804 205.64266143292298 2224.039707678554 8078.131788584691 -8107.558473945036
-9409.64376132507 1801.4141328358583 7599.108056329365 6932.909282562501 7557.204613493843 8795.15971529093 -1770.9450364846143 6503.056568550881 1416.6898814350425 9524.207031356167 6215.243129241126 -2801.512736461418 6362.125829070323 166.93463294450157 2476.204962342981 2693.937565530243 5342.321806210219 7158.437989292681 1050.0730013637676 -7616.240274249255 2270.9232564585745 9146.399160566678 -9959.842195927393 -4155.173045635108 -4835.007217215261 -4839.221477234998 -2239.626368937599 -5749.228730995728 -4433.303031261808
-3163.290183640168 -7397.947010032948 -1602.9083267030146 -5707.561772237009 -7697.429853112554 -3789.3880739096767 -4480.041441064426 9302.452796561269 -556.7685529305836 -4594.699140556355 -699.7373102448055 5004.5035889004575 46.23118130153307 -8432.70083430534 -3376.856495338551 9999.651297659679 -1801.6137994563232 4664.916458609598 -3108.7081515012424 -9038.311742947019 3474.05056987848 -2647.1842601588387 259.10865512367127 -7115.755071314702 -6781.774469990314 2413.6135473267714 3756.1852537055 -8771.93695747103 7447.034463017415
-5107.536191083939 -1913.4406506651194 -27.3788614856403 -5085.948339795596 2497.2018614103054 -4950.937055120028 8251.317185483196 -7310.792701225595 4028.237606122906 -6870.485380078224 2297.8669763091602 -1001.1642611505958 -3847.4785144138023 -5035.037523525545 5729.4552004753405 8438.295291177983 3949.98538101544 -8761.085084516006 -4197.462386903497 757.8039595434602 -9757.769583479314 1218.006497326276 9401.822320777675 -6304.126638551821 -1537.365688986054 7268.162046042729 9403.238179532553 -5502.437551274451 -7405.324020155424
833.332733994157 -904.9640406591025 -5316.443756034443 -9969.274365885025 -8283.720853106655 9369.955587961842 1889.8003884150712 -6544.355259930979 8800.076429900648 7422.953291232545 -76.89464991614295 -3687.2094822048402 -4206.220742168005 2583.561362378514 -9480.012740862223 -2290.829660820268 4504.136371545266 -3831.868139183105 -9569.730938602654 3245.7673225832277 -2180.7115165989053 -595.2291586647825 82.54555880685984 -322.96161912071875 1798.348219871763 8952.789212751508 -2832.535306665529 8893.432781221363 2257.108916987603
-3907.378604278427 8386.752098546938 9100.869020473197 -9456.85366915544 -396.85059193870256 -4348.3491280371745 2781.0879939510796 2275.815272512582 -7467.246659225704 -5874.967646093918 7418.307768991344 -1180.525267748395 8885.841499308222 3710.565783122265 3870.9901319524943 -7892.453891796092 3913.5155782702186 -6353.4950865530045 1870.8797711509342 2231.849914442995 8828.638650041703 -1423.7050674988786 -6319.248372672333 6194.0479980047785 5649.379967986064 5486.426491041986 64.96440085488393 -1968.8456082217144 9261.554066357807
-6319.977048382472 3060.185003395529 -445.9052500137259 4108.97835222779 -9272.694686914909 -649.7022655816709 1457.401391522737 -2006.180137857492 -9145.944160026282 -3673.7814430770222 4970.530397516724 -4178.158232195894 -8320.39335905424 7881.933592930785 277.2120291135798 -5385.7061958799 9172.7205964706 5647.966826941609 2182.2560883870337 -4402.638225562266 2085.137630027544 -4376.713993362833 -6873.29529573151 -595.8172492708818 -1698.8995367267999 6011.601416951793 -3402.814177719102 6827.744752638253 -6376.0570262491865
-9290.308974709742 2659.5395426700034 5056.41508840725 4583.228286554324 4268.712992143759 -931.354810263012 -204.12522233371055 531.8999029652914 -164.53952498976105 4337.530233241017 9404.649777590203 -2629.159208906224 -2418.879373090628 2656.5776376503436 8348.384741310827 -5302.007568100254 9258.561878835964 66.13233487873731 7856.8266162069485 -3678.5696565042535 -8413.874900712102 -4865.208925131937 5316.885640450988 2575.0085124869456 -916.3958266891623 -4770.547970599204 1510.0762968436993 -5606.818301432936 5762.8626308368475
2770.4182266894077 -2287.3071785701286 -6336.9629526161225 1657.6836375513176 -5237.473219579878 8116.217961814542 -7458.258023503695 7219.288286070336 -2447.0128542160974 -6706.9655828442355 6494.147069517079 -5557.6469657176485 4916.803325504861 -3934.3187918226795 -4308.224701963861 8278.374019925555 -4187.30120782397 2218.694901234352 -3491.7695539612414 2530.9964791399907 -9960.42398134874 -9477.594036472297 -9953.80250729559 8209.559620533506 -2554.9585169649517 5322.64958542239 -5362.869057815418 -2589.5764889930615 628.0613505052552
978.0635307073007 -9304.908631342321 -7815.859505974508 -9787.705765002054 3817.34368814303 7393.596319781656 -3760.926246130738 9504.118082643901 64.38974233067711 -702.7992947572366 -2829.3560066472346 3809.3782185332366 1218.8591089874099 7773.956410498391 9209.797351732497 5811.599077569263 -6284.265255912269 5059.921406394509 6132.21420996959 9809.687504752368 -8786.988125343429 3439.077333211677 -828.9150562811337 -1601.9805113700477 -9931.91188664602 5285.78643172858 2345.20060181633 -5551.4197691571935 1719.8826783815657
5344.1808822669955 9919.003506964007 -9195.614360978008 -5131.15503044268 6835.64415332086 9302.123968497643 -1800.1585348849349 -8394.412275360488 8178.614127776218 -4662.063019465397 -5049.693745627484 9883.068974222777 -4738.703569981759 8813.822821719976 4984.871530467559 -5891.330436452942 -8965.373738439866 2052.264999422123 8644.190056715957 -6351.242989877852 -7478.033020437191 2662.8183780083145 5544.048064803439 5793.096031152041 3796.2517890553117 5042.933569221139 -9864.963308581004 -8580.027470968558 -9757.819125989174
811.960485760048 1248.714231211945 -8086.915826939882 9080.590209123973 -9665.316468782294 -35.604432984526284 1993.0675078818458 5306.6350014202635 -3951.1797623762823 -3585.596788235841 -1221.5081305918175 -1256.5545376110695 3898.3784715252696 525.0011048624056 -9202.028176893957 -9249.727029570637 -1826.2610605700602 -6462.177051890297 7632.442741775096 -8917.418577123075 -9906.713586167229 5417.669787281275 -3088.9517225721684 4092.801122714671 -4013.8999080293815 406.4706357687737 9714.826776419417 5485.083334073777 8620.27566841327
1636.7122201615675 1564.7720465603306 8360.795481414414 -9300.010137986787 8341.492751016882 5684.763435274144 -8132.086097263072 8839.875269519278 -6545.440461891308 -9223.098089334035 4293.194116608596 -5899.182841661099 -2307.7637159615088 -8523.055090341266 1212.88586504048 -8640.389724303552 -1506.4642357093126 -1584.8070789276098 -1602.1843349657865 5630.018109445451 7454.595824444008 2442.5138820759003 -6051.5069041519555 -2961.1225960860347 9259.776996391935 1560.9125460118903 9178.43151504489 7446.874243362843 6048.5946538359185
7695.888464421427 1265.7446926497269 297.593197280823 4842.387093690066 3778.7477139595976 9869.746282961878 -1766.1915800348506 577.0338693393696 -3660.0388092491467 -585.9740336367468 557.6929445237092 -4092.320763221127 9125.341165087892 -9013.459625047846 2026.9860724874852 -8298.679615772702 6354.5449298437015 -3350.950448636265 4654.467253788394 4127.180807504763 3073.148978859086 8592.493889909132 1476.2187378954186 6897.01207914067 -5220.291500068577 441.4085235148814 7788.013057094602 9558.660908896167 -2321.429872176539
6551.5159329446 6037.8232531665435 8893.848123548953 1072.5356677123164 -9466.763690880456 7051.81910763176 9965.913439491178 5695.519780991886 7229.524264307762 7527.576571847258 3450.489481298833 -2310.0824744011406 -671.5401131696381 -6708.90081024746 -2404.765097683592 -4209.369114078448 -4609.178042231308 2069.0888509002198 -8566.757070237332 4014.0848295217693 6992.589887011796 1973.6691419208692 -3835.4995588861793 6820.8770278161355 -5158.153416197586 1320.247573761786 -7741.66710793528 -3551.8006264996257 -171.62753775214333
-4145.778958934643 -5197.883614329795 7424.818654496343 -9067.981187729674 7338.811122054973 -3832.248298262957 6639.75822140864 6429.731673024056 513.9948565249433 -4360.743161042944 1420.030003720376 4642.559183553398 760.0237015661969 8803.32126615541 -4257.274055103779 2739.82545029456 -9213.300703340283 6247.242763598006 -987.3267227229771 -5273.605577199447 -5556.731820044612 2112.859050213283 -5344.208396451242 7550.309074629455 8269.322670725804 397.86426574723555 149.16606632666117 -5895.457175723973 6731.671929301854
-2455.7177440891164 1049.9053246140957 5006.159234260183 -6427.054484045835 -8489.153718757663 6906.29330420469 -2366.3548839487958 5680.896118038363 -5574.356952821977 -4861.837899813544 -1019.9231409768126 5327.90599862242 -1488.742229746269 -3411.6198539436373 -5177.531907085709 -3438.7329739550723 -7355.367054934135 -353.9257326573279 -3851.5182054516454 -4899.980453683385 8159.369438413636 -1259.0947660273905 -5618.345709849979 -1263.0325426376676 -7706.483922276073 9598.32673594755 -4005.0424079848244 2356.0338322425123 6481.053436437593
-6716.062238425489 1967.83665313024 -9524.482364285113 -8427.172564038345 3591.4951236661927 -7144.76052848084 5189.4985090321625 -5975.544566013648 1950.2053388713448 -2282.8553395808713 990.0674305851062 -1997.8747945976675 -2582.4229753230647 3073.3240799232917 7136.87692137331 4454.132159510002 -2956.1629139494808 7632.286617233902 8602.108703952665 -3369.5494394400002 -7096.43774062066 -4631.604881920821 -8598.350666913188 -6165.89913619992 8821.472485878578 2468.7205333161546 6202.317678035462 -1805.4764905996617 -5695.023947450599
668.0111728187676 865.4463103229555 -1033.246062631788 8399.529116122685 4150.343014855342 192.70195865124515 1541.4318320572947 -7100.069073434661 7535.940532331497 4147.771915208261 5714.092589630953 5761.815808703439 -8485.888564072033 9400.23791176045 -9547.044316820095 -6373.835318729774 7072.006186240411 -7262.951565393374 -1772.127137246749 4702.492069296795 -730.9335689177569 1508.5436861925918 -8238.281069895438 -980.9718923337368 -1632.3347569953366 -5738.875806668236 -385.1960143121396 8593.541822463809 -2131.4708158851818
-7398.42409767322 -2764.1073298721967 -5467.900579662512 2792.5783875161796 701.8234661524803 -9791.001222296867 -6728.322277357032 3351.201437151114 -5234.202150621896 -5417.844214645848 -7924.444680168261 -9726.261948970907 -7417.993850962981 -1508.2201990594494 -7329.728713421486 3524.528446950273 507.691757844259 716.5854986453505 9373.68493687177 -11.766838492267198 9837.095501251959 8453.864340957822 1281.0280156138433 -2843.4362479896545 -51.17043772935176 -457.0211270211894 -3149.529531979063 -9786.036577322706 -1460.2900306487227
9644.641778373552 8210.074446936298 860.9736597349984 5163.736138764638 -8994.199078339927 7893.589067811074 267.49845530711536 -959.1902923154794 5333.970806352252 -5423.182254496841 -7193.848431762921 7348.107627883215 8435.510732206105 2368.7055646276385 8701.85120425791 -7048.857560117645 3427.3659642484035 8890.577501635937 -1773.785066853241 -4314.300938647171 6694.505204120804 481.35707952417033 -1576.5935976257751 -8408.60261429037 -8662.281884032247 2998.5350917794312 7285.96948841952 6626.114920054086 -8159.268601459391
-3433.9190315356464 3093.596872075441 9609.770941888812 -8863.130627927134 9811.214174598983 4793.382175453644 -4268.934640414705 -7821.868821299449 5188.938348229991 6361.900547448688 -7483.114782963303 236.50186700207087 9571.353086805415 -6816.118868550067 -7627.017279491311 -3074.891514207802 -7607.2497074469575 9377.965788484446 224.34397894339781 -3281.0569182335803 815.5443985481943 -3503.2290530829478 2692.402597869226 4731.873992495868 -5070.207981771917 -4865.25469814232 -9090.36044495731 -4808.214403356858 6630.0600034585805
-4052.784949539252 7032.944024894972 -4962.033792276335 3914.65019255665 -6675.833683244341 -1207.0647751001034 2517.3060817398455 -4011.6362592358537 4639.907973598318 4244.8534580003925 9.809723685644713 3891.341460492573 -9322.505236018873 5496.2325593436035 -1533.7373398104683 5772.764581272131 -11.5646753393994 -8062.083979704234 -8814.831485585513 1570.0796021469596 -5990.8544794230065 -723.8749261559897 2990.5952434554856 -717.9524211592852 3588.5520599065585 -6513.738808342405 9631.26553850199 6364.433457365585 -9534.239603663656
6872.406432192274 8207.355761289182 -2340.254388392933 -7043.821753293425 -3892.54127828577 2729.2517800491296 3008.7311007593453 7478.282786762407 -8848.46249087427 -2566.2477354817192 5298.52580038763 -7506.3758705815035 5997.700008453559 -7545.391027357382 -6459.175548880325 4690.489191687435 551.0138506412131 -929.1673333435665 4599.409767659206 1238.9408958529984 2947.2421725405457 9110.7553139568 -3154.4779676432763 7085.8792541191615 7783.25818047197 -1121.0443166046716 -6699.034465766962 -8393.570649875568 -3662.1736172250994
7911.450574642917 -5760.88940225935 1621.0395237737666 -4846.1401802262835 -689.6235132482161 7047.873166446698 -1213.1527399741099 -3878.1128193596533 -3879.9278352350357 -2847.8106936097956 2276.362479965812 218.46537826772692 3899.377720142458 -7456.630538757556 -5860.661288984914 4893.265969567858 4151.329691266397 5162.276012053555 -6865.631630136464 -7914.954341238828 -822.1943662978356 -8103.9637330494415 6788.091382725466 568.1417194472506 9353.586668880336 2527.8949700323956 -6363.285667526066 8944.926154016932 -59.66992110169849
-6194.173160754699 3654.6912213644628 1867.4631709269343 1112.5559535082557 3967.3585403824527 -3618.1453709588077 1494.1833587692545 2965.4470168532844 9705.065509121116 -5097.219893764449 -5142.835628647326 9754.691699368828 7631.109368707737 1915.2575155897575 -7896.469002236097 428.7513403142839 -7846.3172980887275 2622.1309863765237 7928.570257320636 -9032.126804858422 -1139.0013321876286 -31.995541257123477 -3897.4388271674525 -5348.528357638451 3405.1962628323836 -9555.894172137983 -1768.3882590356734 6671.71853121453 7392.635344716935
4131.765311844962 -7668.810740675851 9632.697905661826 -646.9580636172377 966.6721424611405 3838.625043331329 1721.6890292457047 -5747.703513220053 2093.379846650376 3309.780316693481 -1712.8823254286526 7997.913433918042 9572.74119851206 -561.3626290401826 -6621.971610798624 -162.93739023968556 2876.3188428987487 4930.221209377762 -797.7515483207826 6739.749170465522 -6944.618750838714 -6770.691304403919 -9770.228859018469 3511.7482482712676 -9006.331604507855 -932.4091287411757 -1400.586469960659 8771.134432200946 8924.6769400995
847.5921947096995 -3919.040059540155 -2008.4400027763486 -8064.877300582638 -6344.588848285828 5026.458877425604 -9816.811930227392 -5813.531958100557 -91.63322668428737 5226.4128766047 3447.1304851845434 -6421.046916888402 2718.283393631229 3772.415303662494 -1074.795353257141 -8521.905466212098 -2113.7979910010254 -3251.993395627699 -8928.181117235914 -6285.600515697803 9534.063406192778 -2714.137637175738 -4398.804391412048 4955.12428791851 -8410.06204447909 -3366.73572292038 5386.457944410393 3170.286656870303 3670.249614481665
7578.0973708541605 2604.544830594792 8902.073690896395 -8583.97050577381 -9327.902152375587 8700.386485527815 3125.46380214511 -6718.069010460684 2544.835236488594 944.823899858111 -2379.5624155848836 -274.4191553473993 -7835.600927591615 -332.2417660817009 5418.212582294676 3309.8598712411804 -1322.4497645248339 -5863.7684091324745 -7754.1164192576 9346.954941600361 8903.833057207 -1113.8343682696413 6004.74122061922 3559.436979453545 -4798.313133494409 4719.589884641502 2512.28163145301 -4702.820632431101 3255.1176109673415
9564.71414375534 -9068.523234387929 685.2236237722573 87.15199483887227 -2226.0043673865694 -8124.6635027043085 499.0689332953116 666.4657858754017 1011.7961740844257 3797.1896575252067 648.475149474838 2182.1538471726144 -7700.135580869412 -4844.073227989931 -3973.8741010839385 -5415.913173005982 8120.418392238622 271.3050755542754 -601.9210022284733 -726.4771605273963 -6396.658387340178 -4707.270642190238 -9268.033407334131 9366.244578940907 -2370.2803685674253 -9479.124985985392 738.4835076476011 2643.287421255345 2665.0865975522884
-8814.225661969898 9775.756159210247 -3217.648439327634 4650.272253502324 -2421.335082060885 3280.2655554417233 -8611.68525638063 -6095.168226615806 8116.940655329239 1121.4852443998661 -8265.057162468658 746.1029754807405 6676.942299802879 -1725.657720271587 -1414.8530948900607 4178.915929455001 6667.738003509734 8119.042372484135 8227.287251999758 1423.4850751862377 5580.588395744147 -1129.8164776452231 7357.585670302866 -6380.794467757858 -2375.8406128408024 -964.6589396151994 6319.545415992725 -5109.7431870354185 -1846.216543529029
-7310.929490813358 -6645.629344560544 -6641.174221351805 -1217.8732584962945 493.03491340897926 4729.338469607637 -3434.590790977594 2055.7939045086496 -8029.517039944383 976.0117694580458 -7161.639488127152 9985.551372207286 9429.372232507787 -5670.386666963578 -9143.795730830536 -2988.726922178468 9895.160662016457 9634.337493512026 -9909.169197336096 8836.034715712627 1744.585717610369 -7693.912189395409 -2673.087580029239 -5329.206656012709 5396.8509772472335 4993.128469267142 -5765.025556088183 5530.194548551977 966.8867310988189
8188.171334103739 843.6937399751805 6235.575169562488 201.7602478896024 4163.572907463562 7728.074811345879 3925.7679081730057 -9597.431163796322 5117.362707046554 -8920.858293203946 142.94469227377886 -3752.6954572561435 -1589.0762170524504 4221.010891398717 1662.5285636638528 6113.831550241608 902.0130149388788 -1452.29428337217 7292.2071481655585 -689.4202357166669 -2288.161212388438 -7383.381521917809 -6843.524152094598 -9882.719180720485 -8823.029722845844 4824.089298538112 -1135.713398127773 -3279.2712803204595 2175.025338813699
4266.203757576344 7035.017543368875 -4182.467982330062 -8196.708452661314 -591.9932278864108 -4296.874106076356 5837.793502170565 -995.8110062842079 -3495.306720513083 -2661.417568307267 -4416.752667200017 -75.07182318112245 3301.321041042558 -4328.746478861216 -5116.86021440694 -4432.841916478025 434.7718493182256 -4391.040545980162 4949.887831622544 9585.760072214867 -3211.414776421744 6860.367932832731 -882.5097570082089 -7064.688128239886 -3742.695023187199 -3246.8443172198595 -7147.324504622064 -7286.935600886343 -2253.527629606522
440.6547037513956 -5328.002462150916 6518.680907491624 -3221.351500988796 1310.0220160369263 3562.7842369713944 1607.5788110584926 -8608.750067846753 6281.6800208862605 -291.4291023475962 -7546.408923219738 -9291.507224744746 7989.265133488821 8250.440535257188 -9227.571252089694 -3125.3386913372915 -3482.8111498524986 2835.613521746631 9877.319701228593 -3674.082155664256 7339.620346453288 9859.328987660821 9822.51926406538 3010.6586304727334 41.77433791314252 -4268.61682614867 5930.979122898612 -853.8425751437499 4396.197344255617
-8597.977056917425 -7403.183055194431 -6522.484415908411 4942.156366443327 -3412.559564520714 5999.247307811425 8907.182636915564 4311.146037289976 7892.280192750084 -1515.0230881065818 -3968.816618323798 -615.3465582952358 -2294.176794129101 -5006.03933659465 -6195.74487893599 -3635.205490057434 -3270.548029084255 4806.091226793324 -1481.9165778567276 -6617.229563819425 -2142.129052000554 -1404.834148802218 8000.3610735081675 -6392.287237187391 5878.701279385588 -2698.393072893972 -1496.908294262461 1116.4701501982636 -2545.7458499498034
4356.395299487029 -8253.99189022446 2187.716136602434 6027.367554082952 2163.068933291095 -2174.7854588300706 -6634.870186332604 -7913.540375894494 5827.492277253223 4897.622191390021 3868.614213426754 -631.4572283514735 -7034.725796675317 9574.76231991369 3117.476513522319 5352.858139589485 36.81831890760259 7107.487336397204 872.5398516016194 -4484.0580900248715 6127.670981233425 8038.735099086785 -4281.599938001455 3193.8076779268304 3643.324610880147 -9813.475825210524 2996.9073164573183 -9337.677164554332 -6780.257480187206
5809.339415240673 -8326.45816973962 -3112.0597801432104 -9776.107360899154 1167.8019690215406 5876.090098247076 3052.2764264588714 -9427.111338848843 -6988.058383146107 -1158.8165530893566 6117.16210498888 -3177.3542205671947 -4685.567909931203 6069.04522943813 -3770.8636951717735 4310.2523335475 -9731.30474961536 9313.664685712447 -6997.267198769474 589.9427974543505 -2915.064743258302 4530.886191046069 -9111.687307352136 1747.6784530943587 6249.258877163744 -8692.075950678503 -4939.0315100166645 8083.930868476025 -4826.494018482966
205.5910526429252 7073.1207709679875 3423.2310596167626 -7147.865047960416 4391.575240633545 -9790.502694770968 2500.45893901598 -4350.485354644035 -747.6485515495897 8095.468022050452 3986.9038896868587 -1823.583983732271 4810.779321773291 4324.390643175233 -3189.183704610783 -5689.590151213189 7853.5199322814115 -8314.050356467882 2453.520037276383 -6553.712733470995 2942.983020628939 278.69114171329784 4170.841113516546 -1276.4030537021863 -8592.967296936971 1545.377261758089 7991.177106567771 -6176.639703899918 3531.911305279884
7480.348260640225 -9829.150614920407 1374.9665695378317 -4671.409982866273 -1469.0674885298777 -3886.972811357501 3908.069228609669 -5372.092100778316 7179.288215410354 -5123.420004493149 -6537.858762977924 -9418.114201217624 7179.329628374708 4650.638726557483 6860.674441798397 1983.5824696875134 1289.6641888718605 777.2370531513625 -6128.391387905179 -5533.189422225666 -9466.411880707628 5641.045002805664 -8408.778245860423 5186.637225824206 -902.7898301871828 -8715.368454927026 -4409.90877290099 6457.623955111067 9112.612487791754
-9303.229440082643 7895.6859497472615 9407.174350610214 -1404.4294370351308 -6133.2802331447465 7488.890914785068 847.0499964029641 2120.6355295754493 -9060.397845495945 -2396.7172973798597 2075.556911039839 -6197.819907002427 -1869.7770669037727 5348.1780631629135 -6896.961444052911 9110.693958490567 -5011.504503946025 -473.5991544302651 -8552.861992501872 6247.697167118678 -7653.405043656445 -3192.242922944597 5883.091650328137 -8757.43956514682 -1493.7327598405263 3981.167656289619 -8332.350345811617 815.8988407481611 1573.3867156787346
-2676.8130023639687 5141.21636795708 -2929.9935301463356 3795.116305009007 -1273.248832749934 1505.7558279628884 1031.9553771094106 -5636.945418174524 -5235.402865347935 5244.339931860233 -7025.711910715607 -4828.882437918241 -7097.797512516125 9106.947331493204 -1579.0405919756886 -2994.873821990145 -4013.225678652985 7006.2174012379655 1686.4521747947128 -5710.645887671617 2383.0103553397366 -2423.5940133981785 2061.1153917667325 -5338.852922074478 -9199.203118188132 7444.611698841782 -904.1227541265198 -6467.154494624723 213.60511885638516
8814.572969893863 -4092.4934234858283 3193.3823958297144 2791.3619988338014 496.8475391372467 5458.744569628414 1033.229175593815 6698.857722619508 -8679.718527232451 7434.223209252192 -4744.0994189515795 -1799.4794376869013 -2115.4549651502493 4363.908720266818 -2723.3259602733215 1213.8242197134023 -4283.248167112685 3109.035673165141 5635.385565792956 7859.295422175819 -5147.345127605616 -1323.5189908768516 -8518.328306056937 -7978.323495174107 5010.161210636506 -7317.877307904248 -2284.9743907099373 -3540.499096372442 -9096.82097754763
6629.590875229409 3504.560204396623 86.65711660835223 7283.848946087295 8238.228779216952 3169.7955778422365 -6109.3674326914725 4925.191887892475 -8679.894922847296 9879.240880725989 -3755.330969689132 8613.012287583017 -7916.05567251888 7781.519705081089 -4796.644862419253 7575.045280126709 -6182.428480285824 -173.68911490496066 -7486.28469249437 2831.396436881394 3932.182139329465 4327.306174991561 6780.769671523351 5049.379585606484 -5336.395605180919 4628.747429980613 1845.308533688727 -1668.999613655611 -2293.540506067602
-6437.466549567656 7652.0242932496985 -598.9425918941797 6228.5446612205615 2802.945755088338 6597.962132752524 -4516.428054324735 -7676.649667867539 2477.045506717519 1473.7592232129864 -7490.473062968522 7832.89142498784 -769.037688797247 7178.246230008186 -9682.305520418387 893.5835277026799 1872.8809463069792 -7364.443256330486 -3902.010489988532 8986.350325707866 -6665.37190647074 -8606.48403863612 558.2190113375909 4734.616370978487 -1250.5572326676483 1264.4000788778612 -3529.468415898409 9946.21876061288 -4747.1109365048815
-9765.69858243629 -5685.272613963117 -1621.35526848697 3265.360575430006 3229.9128256576787 8464.687777738134 -6901.1092387831095 -2630.891803119677 -7507.285004054971 8845.069352091403 -5693.883126339499 1225.7082876603527 -919.5462448731778 -2360.5351719069904 -2868.9062709522714 -1121.4882358906907 -4379.931275496072 -8485.853196394064 -1254.4567966180748 2951.078279937845 -8630.008352517227 -3791.410488393223 -9198.834753648625 2810.194558998919 4627.664746602251 -9653.255919335967 -8305.110345999336 9205.945412231617 4408.0146016345425
-6234.369481013897 9572.01890909968 6218.736059900855 -8005.636108045893 -911.5312182857397 -1687.0576273854804 8214.025254129963 3710.324455670754 -3881.9351650819553 4925.423180191783 8954.074255934309 -2277.6390941163236 8057.1273969035465 5914.611151006493 4080.5071840910205 5821.74843314238 -7.847735848628872 9665.27950944233 -3831.571675219019 -9252.295979099592 2676.1461287233087 -3721.6715654470427 -2787.142826285536 -3124.716860952124 8714.416769921354 -1862.06937191846 -4938.237223097912 -204.59832867680234 -1524.877454931091
-1005.5208953500623 -1527.291966077315 -3135.9263349020503 -8364.28800790684 -601.8151163588864 5665.882053333644 9367.469621675562 1450.9624500922273 659.188639372378 7638.575956351902 6669.105752313411 2433.4677389488606 7540.271693646686 -3510.978224078327 1218.896187016191 -4148.00278269543 2574.7791401581835 2001.0172572684478 -7066.1697676495905 -207.68463246636202 -8588.850686452288 -7662.434571416099 -1623.9886424791148 -3853.603789129461 2748.185359055684 5082.818730475226 -2875.7701428606388 6418.149745257171 6758.886108414441
-3168.4208038411743 4428.41525949736 -79.08434123629559 -9724.872169927277 7053.807687057852 -2546.4630649369965 5337.207695585314 -4183.446999448101 -3018.6291119106354 -1745.654526425311 9443.297736355922 7760.09191630163 2035.9570691246918 -5516.00831399065 2763.794314665298 8895.260451167294 -1373.8727935305233 7743.198378345918 6642.27742077551 -4039.407094337719 -9668.015889725773 -577.0626981597034 -9472.854715179867 4055.7167281825077 4408.053952166672 2201.849229708643 -1860.7663502676796 9920.844466779676 -7732.901498623006
2097.4898081828505 5957.2519701422825 -2151.8271223259026 -4102.896240490932 2631.9700841522044 -8336.274426774109 3439.445152530796 7078.993806714021 6989.465882875331 -1551.1526606275347 7403.322231116537 1550.4479674375543 8840.52505995892 4976.672453510802 -1025.710538901778 7088.8804721425 -1662.7911214110227 -8613.602624575642 7307.545976068297 -5757.888036791556 5884.240042721449 -604.0134296326214 6666.402016610569 -9994.44943671039 1418.292473810081 -5967.245557648326 -4000.281796206231 4367.3582936878265 3450.942771526632
-7361.627050690496 -4196.64955756154 -9075.926160376526 -6012.236932836126 9174.464336327972 764.8188766760486 5534.619738127154 9771.943209330191 1791.330714964446 1806.0708287713715 8387.825177788196 5670.042224864244 -1498.7531369595363 4900.456018943794 1848.896225532866 1921.6395996037954 7405.138325457447 4848.54605423338 -6090.899110968915 4420.709046445398 6986.143602849159 9859.776194539976 -4948.538627750594 -2301.590401560261 1096.9398555707794 -6261.583974994318 553.5008927448343 3325.5214639186743 6989.85381799638
6433.216073413871 9236.00487979778 -1074.31966828224 1816.2308321518176 2093.1593764254994 -7513.771604678781 9193.967002049372 2268.872725796353 -3686.562825091557 -297.1319824177972 -9612.435739076043 -5370.072154322929 2863.2466074259646 -2818.571454484937 1823.2781914432508 -1122.1858952547282 4252.164079058439 -9175.242305318889 7574.739916631064 -4922.150684499776 5829.14816800928 7913.204290904636 1505.519875720027 -4832.566604974422 -9203.568715013813 1374.381726992273 5286.02638433585 4697.311188332378 1244.689383080382
6129.038505874245 7702.20369061235 -321.12873992287496 -4855.429787781236 9924.456191939225 -746.8708082848334 -1006.7645714229675 3001.8609702248214 9870.601527280203 4538.80690969295 2858.5087453091946 -4720.507761242286 1868.3827225768491 1302.5145375051034 -1422.6793376613077 4996.641790457776 7727.5776221407905 3843.5787241475755 4988.485501535379 9032.611894141188 -2036.832918374258 -2377.6504292595346 8063.930703973318 -9681.650019997858 8637.881233973625 5529.601419075891 8304.295299460991 -3107.0404939950677 -8563.155473326644
6918.988346348495 -840.0091649194947 -1480.5114082742348 8674.68506804571 -3880.686482874312 4466.947850561968 888.3062324263701 -9456.286466376007 -4150.34591078743 -6608.136403205922 -9474.922967218537 -5854.384955330372 -6406.462003536777 -2609.788722084061 3805.2897009551743 8659.86259410359 -3161.1914617263537 7993.751017068753 -1496.7971147585486 3101.77865593764 7408.512302216757 839.9718497997746 6541.976863686654 4263.213837661191 -9406.232147679819 -9523.546931261551 -8044.703561178377 2106.128556664229 -300.83526345130485
-2554.551449668954 -6424.722717142637 -9395.112805957762 -814.6713309205516 3299.972333232552 -7486.315470483649 -6013.974675670257 9756.574599559692 -99.76103905434502 -2673.616841285265 275.966996728308 2540.6603688626856 6582.467367404184 -3730.2672663071653 -2158.727392434521 -2300.017085463717 3236.2589142375637 -8387.89661551242 4075.649590723453 -3664.9170642122454 7346.459943751834 526.6510780020271 310.6232934361524 9392.388969447904 -4988.173886854035 5017.592025107242 7571.457654763293 -2361.2205573295687 9281.244176244985
-2453.499480235564 -3887.9921951131882 -4765.723984796495 3587.3312295406395 6405.469163253769 1192.5916143478844 -6164.214342152003 1223.1143922989268 2733.9373311172203 3886.9158450252744 -7505.730331630944 -9618.518988777287 5084.88208667431 7878.673679884036 6358.860591227711 -8306.730471846455 -8964.620533464242 631.2217471468211 -2749.957432856556 4994.635619649174 -2467.8877137081854 2717.8177368804772 -1293.8146126826541 -3207.712278157893 5114.271827938368 2434.1268755852143 -3082.9550550324902 -4936.186087112322 360.0250999971304
428.8269506489014 -4652.876969025923 -320.16775328907534 1421.3399268108678 7386.414032633336 -6930.26651003742 -4113.4247998807205 -7657.902610481029 -9946.608403160577 -1198.2961568955761 -9159.022192515436 2041.582246313259 382.30661139163567 -8785.920916904708 8223.197219335983 -3582.7634923854794 -3331.890659646324 -1043.9236606109534 9161.296389923591 1501.0894819728019 -4320.939275294411 -2755.030911970546 3506.403051184947 481.8785170017163 9948.024318200605 -5188.854166296271 -1388.9584046381715 -3113.7994230106215 -1624.3908632203002
-619.3731316252743 6223.929023272667 -1935.379680447615 -1792.0161358393361 -1177.7347261517916 3553.855076161024 -5156.291263230662 -512.9406797181382 1698.8230375364928 902.9564199413526 -2530.7338308740127 -9098.394765996405 -9255.620536094073 -7297.477059108605 -8815.361427742335 4556.502912640377 1325.4033501720314 -8214.858753638538 -1473.910908153639 1728.2425815343722 8181.097863935767 3779.1879705392166 -7018.662842421608 9034.954101571839 2896.4833675335885 -3559.9938535319816 -2694.335333371798 746.8508138847792 3643.0042093391403
5869.509300168671 -1528.6667942134864 7570.210770223588 4231.883583977933 -8549.610985320502 5109.0771686946955 9351.198661394035 -2610.0489389526138 8496.486690940394 1577.4917812333952 -2875.3188929354365 -4607.071647742889 7505.006115595261 -2228.6613923140285 8030.5705647663635 -193.94904543313532 2747.887581512392 -4075.2967008438554 7773.818582030173 -5330.437808220982 300.38062852942494 -3546.9033996125045 171.9328891306668 4205.298615773487 -6382.878127204291 1687.3305394941344 4671.336984930962 -7527.37093354904 -1491.1320215892047
8044.470537361933 -8368.10918310972 -352.23808850779824 467.50019720768796 -1800.4378941840569 -9622.101975023721 -9241.341154017082 2300.7787359038193 -1619.5733955438245 999.0401286020297 -946.0066349924891 -4184.125926232476 3189.6758940268955 4612.839726751241 -4019.2785271161083 -588.8771540554808 8101.564555108704 -8734.73233065761 6164.351538714363 5502.41717046938 5090.920833178563 -7056.2790295788045 2784.325766339087 -8395.082750419106 -144.40580972252246 5395.469089668148 -8079.143430137139 9732.667788206552 1134.195160042862
-2459.3443870460233 3638.0506089725495 -7549.622698720109 2441.201213462964 -9826.194094643064 -5995.449426007027 6482.584269084709 644.5410212693514 9681.806136170242 2997.0307769028223 2421.271289147173 2622.9636344913124 8199.760303683743 -9903.982253057544 6855.451337059159 6341.693213061599 6717.917194319161 -5034.654324963841 -7855.238779622989 -9102.109443523907 967.8906844724879 8995.955347383504 -3426.248450992751 -2567.681847779284 -9207.789243221587 2710.8559690261445 1165.324640820847 1122.1270462043485 -6635.323606749404
-5398.232635355229 -5286.48149279326 -1853.7020169573188 -4908.154150441229 -1128.4464312004475 -2604.353180112893 8236.549755419474 1269.7361318735748 -8533.97608499225 5954.8446554044785 1641.9619087293922 -9568.384809138943 8256.21719849433 -4853.788368719914 4916.661403553471 -3798.6883120528446 -7552.0161217426285 -5837.326679878376 -3561.9349857191955 -1521.057465169537 -8951.330730179385 -592.1229057188557 4330.437872257964 -6409.380370834574 -3187.3326080162797 8009.470317532545 -1250.376805429869 -7744.0590835296425 2022.4145731612844
-8682.031299485589 -9216.024527705877 -8095.722884507022 5177.548554401459 4032.185768352325 3426.821218444562 -4095.081598695884 9849.050823835129 -760.1111511964627 5708.4627947117115 4374.155605426684 4895.234521432272 4499.760958261866 -806.5728617363984 -535.7372202433671 -4177.475354040174 8549.678031206735 3964.8875715345494 -3227.0173706938012 5228.3949390316775 -6764.231517484803 -8653.293539455699 -3154.6292687409623 -9170.601488116183 -4192.546666201278 2679.6201349016665 -9035.165773653629 -8163.713311271102 7748.196019622694
8362.183291873665 -7238.201852889104 -4370.680199873726 -1500.783677220743 3460.0729131080207 -2753.820023891065 -5466.976903287775 4594.001649515581 -2056.8711681954046 8098.565681498014 -5828.195656538298 -2836.016471426983 -1519.2406381290239 -2493.019186775693 -6699.698925585613 -5332.40138874866 -2652.7083986621756 3203.4970949478684 -486.2490103495402 -960.6103466934528 -1606.7118747878212 6215.210881128269 -2997.5739619947326 -1154.3230987449497 9332.964218120309 -1179.1261438888614 6440.410505171691 -8658.465048975067 -8634.120217696998
-1670.468185277079 7280.323491556363 7114.052897955258 -3251.8982587389282 1927.721658539791 2030.4278614508548 -2045.9275756388151 -6499.003486330117 -1648.3444509862875 -5446.098281928095 -4137.68420331786 -2620.246260126917 7117.146967982804 1635.0753730101642 4621.698811057404 593.2326363439479 5411.926756798288 -3982.2942337350933 268.56534305145215 -9423.931339230456 8165.179740162959 9245.343412917802 3430.1651884135827 2422.8773320033215 -429.9775925409067 -1262.1574690556645 -2985.657726483273 -6418.077636978976 4318.21566515003
-978.9966395395713 -4680.235732041089 -5877.908263106908 538.5604213663373 -3720.08109050697 -3692.1702297677703 4907.362853465389 -2840.6621710143963 -2927.7024528960665 2342.621194839332 -4331.937300019579 -6908.2573967592125 6722.6306837889315 -9132.725568233067 -1868.2520711110255 5112.620201764914 4015.2515588434617 -9252.51934802417 8853.17761267495 626.4268752910248 8819.75894322931 -86.36599193545953 -3846.1772916306654 -3380.3197520935173 -2795.603970573382 -2598.041724415063 7593.248915331977 -3296.4837323845322 3363.420389644778
7933.486553706058 -6186.4520039730705 3745.07179484838 -8127.114411386598 -6181.638630893051 1639.9277713011525 9694.486021594978 -5282.199677017962 1102.5037145914594 3197.2530427455113 67.9875024118428 7173.530330750851 -2964.8135346243025 -5402.011740663102 -2220.6743814061183 5946.739837320321 -1592.2988111092163 4045.6582511133656 8310.193764728581 4734.779631727146 -5693.231032606456 7770.725981342777 -6628.3833336822845 -7620.801840085396 -1891.3332270295832 3858.519832655782 938.8052161065734 -3484.880271398254 -3209.901519350249
-2322.960873613487 4742.856957746906 963.0833520754186 205.54469102378062 6179.261683208304 -3028.0460236783483 -4200.676279654572 895.2961536603943 5423.911172396929 -8841.537496371258 -276.91193972158726 -1403.0568332451967 6263.786369474434 -2903.7661583103927 850.4802468010021 5493.857056906914 -8688.499916798592 -6505.016742577414 -4345.427884635275 -400.40496053803145 -627.5838362790128 -6803.44355557597 -4459.27268156312 -5780.682128311416 -3715.405903364486 -4059.375560286305 3735.3170525502883 3209.2743391034455 -5042.47773992857
-2590.9697356969555 -7835.441672046671 777.836041521965 -4325.247027446438 3778.9895805653614 -8244.179570394164 3974.308529822334 3432.736418245928 -9954.82401329231 -1742.1491710530627 4687.709866868283 -7210.338276230683 8141.097708810772 -2444.864194761103 -7808.304201712764 9558.43799065676 2088.229102381856 7903.999178276976 9111.692750439805 -4438.363839818071 8407.363626597613 -4727.699915640828 -2845.6560799999315 8450.13884199463 5321.416058651506 89.97539540741309 -3306.527105452553 2420.6914694922925 2968.867947191651
-4445.211338078554 -9063.817708117356 -2669.3149099421616 4944.478468619431 3595.125143988551 7717.253186584909 7610.1133007326025 4084.9446787072866 4379.297877409012 -6448.102195970003 -6704.871231449878 9382.729589653285 -7982.779793377468 -4261.505186142785 -5300.934011133109 -3347.1412937166597 -4919.045896228913 2203.4033071963586 -288.0725568749276 -4428.626469678243 7982.416305615934 8851.050159923521 -3905.036061746381 1246.9421816168706 2892.5068383953803 -9751.666077415563 7900.569249360076 8176.512274305307 -8267.426897651427
-3176.8010330756642 -5484.733461002768 9620.815380409094 692.2859839107605 -6331.8880001777125 -3784.336689487104 -9989.838527445807 -8737.67763103592 -378.96891105854957 -7272.058350282644 764.4249916158933 -7263.469402075265 9719.783136411294 1231.7316914846415 4134.822270699036 -2778.514789392286 1349.7665655282817 -192.99258556547466 553.5104023412969 -9527.091892541386 4874.651156616463 -2369.2775048816175 7203.152055457194 7867.13159020125 -3817.5804159241798 -7919.485883278898 -1968.2217393228284 -8543.850827224845 -6702.131005181253
8111.125956803433 9518.091459775187 -4476.841473759896 -6397.51924913766 -2109.54082204696 7581.26872603536 -8693.057619900208 -5629.616746261508 -2809.9719148322984 2864.2446670918816 2363.9841337873713 -3766.881278196046 1487.443702192928 -6683.057645651332 9589.811344220881 6086.519077804309 -8683.890424499674 2804.7123183664153 -4879.00326386864 7907.4454656073285 6340.781234894215 -804.3951518516424 -8413.976832472315 -8344.353122802151 -3676.539309615656 -5652.260003544061 5944.437754216027 8035.6595527178615 -9787.62724575292
-7017.722475298991 -8512.451397497365 -5103.167175031118 5424.002607485312 -5856.91501926602 5831.238272917239 -3203.1760614124223 -4480.438378037586 -1304.254933506616 -9385.884580382395 -264.1148382719566 -9199.976929608461 20.892713514722345 -2167.9730067424452 -593.2730534011007 -2037.6742902232236 7922.697055806941 -2701.689277421575 -3461.064407329064 6839.086819623386 3732.269141543784 454.33105875707406 2202.44705597563 563.1006878610242 5629.4519737591745 -178.3749898408496 1056.1116548951577 -5964.543882499076 -7814.966980657109
-4327.2274515791805 -2926.476358457766 -2209.146306334862 5643.48306806988 4917.075391239703 -1862.036976732693 5137.819178752237 -9145.351702471358 739.1287056828605 -265.14129526997567 -1115.2310807503836 -9938.027416159075 8547.196587109844 3505.9286566214905 7690.997750881903 -8817.642855637388 2333.8089275227267 1364.2490716356988 4430.275827601356 -3450.72525202802 -7072.834336000091 4221.575416791127 348.2154665187263 -6369.751994198474 1551.0839305758036 -4641.766968651717 -7906.3694278490075 9809.017845761886 1984.0848204213853
4909.600502586198 6905.913553928749 2157.364894045728 8818.202024867289 8810.894789869224 -8149.925636280018 -9662.503174036667 7018.711241062218 -294.14167280137553 -9960.643035950472 2963.8104862315777 -5211.29484537952 8308.314477035197 -1960.5301524241913 -5537.77438483962 3500.16414718293 1040.327205047828 -9773.681915673373 -9132.766143782688 2326.619007999592 -4125.346184308707 4748.978791285685 9327.105492280483 -716.0068354463965 -8761.9914996544 -2593.056452423896 -3585.055305907228 -1759.4484053981705 6669.829976869893
5337.966323509005 -3571.353968277668 8401.97329347282 9245.156121371056 -6326.6831792768535 -5450.8640359860765 635.3826750844855 -3946.9168725203963 7072.364176043629 7702.176217854754 2850.3631848529694 3680.701339228146 -6217.491830597825 -4340.446932122326 -917.5204040120097 9326.668945726575 -7714.691800605673 -3026.6981283142513 9769.026057518851 2783.925719406652 5965.610995883997 7362.575738897362 -7977.741855473275 -7706.493748030641 9872.469085481782 -2985.2924142883185 7309.972337356379 -910.0642869608255 -760.5742316234191
-5877.474195625723 1070.3964916656587 -9917.559830002598 8772.193797425312 -541.8612895729184 -5703.586381435149 -5911.318343301837 -9347.480929991387 -5004.6971415837625 -7771.670165209034 1750.4563534396602 -1095.6969671215538 7289.327458692183 9629.927725031514 -2766.929398228892 3613.0126567994266 1936.655025111233 6106.907848539404 -3683.594828162498 181.300293795166 9120.333996092631 1939.691622467526 7994.608094098032 -1076.6834501610865 -4138.501040933255 -748.392248848384 -3306.585838666958 -1300.1911188381691 1650.383078336903
2734.8476819629577 -7540.585785206968 -4940.187498006862 5102.96660826062 -6965.541717717762 -540.2643433658122 -7693.697426918787 8548.886431417057 1526.3107998820633 -4817.294311153839 -1719.1891405945316 -887.856645391108 -2371.5327683527266 -5560.013768076046 -7739.320699742806 8706.24458004452 3244.2248657408963 9916.94412294457 6321.280608679037 -5231.032263317817 -1940.1819863710125 -7417.523374593193 -8254.208187320804 -7818.346308842865 93.87470089990893 -4002.354786489919 -583.887948302774 9046.840229865695 -3636.693387907726
8536.460037410983 -6742.146453100455 115.59509346623054 -9103.374897901485 -6819.217961177979 -7753.699535468186 2105.7025769793854 9064.909977130272 4883.393588016968 1116.1811263382042 -701.6538572106128 1638.448706684043 8065.66825924805 6528.159277530667 9619.406727959147 -9099.26246470922 7373.42022580425 -6255.099345288792 -276.6245554191428 -9839.394479643024 343.60156081777313 -3712.3867833572403 -2469.490060293385 -1517.0674874370634 -6725.852333453088 -8551.100758444973 -2198.251697856317 -2432.133658778017 504.75372353885723
389.693007319549 4786.681485919231 8372.07351231351 -5895.593991333765 1760.4340677863602 -245.48250674178962 -3819.655932724 -3360.4437054084465 -8528.133486317905 -9661.93282113947 -7483.26634167886 7181.399749583878 8142.140232335743 -1492.253448527843 6384.590443359666 -666.3097413455944 2066.4388611613394 1308.5919636758554 -5114.946151619426 115.14535609758423 3110.3716337319893 -6635.644130657807 -1032.7718722259106 8731.022708313383 9478.148695825319 -9732.62963147442 820.2449692176269 -1288.092464625901 1156.959407801849
-6089.174160683462 -4390.78137369733 1838.0184318013853 -3446.3580230149346 8789.18435002973 -3974.747646777115 -8270.133577471495 4269.011782440795 -1436.5063130877224 -8406.870674712454 1407.6571415119524 -4158.411160776643 -1718.668722776065 6446.5585627231885 -5106.297738715546 -949.7708138471862 7804.7566965567385 -7617.596063730796 1848.2165472671222 4894.898795515683 5653.858980471385 2169.9202635735437 716.2272519265607 -9820.555004174657 7422.160973512851 213.52175345284923 -7715.785365932666 6580.131209558433 -1593.847243838798
1 29
-7655.346025192717 -8108.179123637679 1417.9214949785382 -9481.813328029986 8263.7274142249 4477.493419712155 -6633.088923568657 9397.67256131498 -672.8069796902219 -5551.867781168098 5539.747267110986 -9820.899771393948 4976.597581778815 -4999.710980272785 7610.653641275501 -4346.337834709339 -545.28826034745 5557.496427793254 2135.6410871057487 5006.537007189927 3334.125932108782 8299.156725233646 6301.904194250128 -5577.506024919993 -1929.4626740514295 -7505.940249472594 2452.0262250258875 1170.4231392955408 -7520.187646808791
