44 28
4462.678538608969 -9917.831183963224 6853.109318826937 5436.613991867858 -3903.2658467559168 -605.3055266571537 9787.509680513547 -9609.126474639032 -9380.355288088154 2622.4636004156855 -2036.468776595475 618.8950826376367 -4607.3621932737005 4356.019711403127 -7068.884805051985 -4237.067816427298 8836.788164428268 8808.64382020272 1978.4972667576676 -2230.2106774613285 -3829.5827729496978 6716.681754046182 -6422.234253721817 -7912.591334297445 1934.7784091063622 -6403.076360961099 -5582.005679671678 8202.689004737957
4478.242613745093 9199.184439207751 -5446.083013632914 -8549.165709209576 -1282.6615620820903 2636.7575195060163 4319.581406162533 -8143.593579003512 -5601.19460746582 4985.112994704197 -3055.5866278569456 -9174.565582712248 -4168.41097617281 -8912.207388262796 3537.3785078989094 -7406.6531682471195 -4975.770224295784 8952.430069584261 -4185.6376697021315 9832.505406931083 -1915.7826196924207 3605.202234882505 8354.736210832853 2728.569617899986 -5639.37282206465 2115.83008733281 -7051.163522769457 -5708.919552800739
-9268.46324659142 7801.77211509617 -8247.396088234756 -8317.888691720285 -3414.818636555994 -6701.428322045755 -3566.0987995872647 6665.746400206226 -6573.868915582701 -9915.856286418564 -1985.0879529566391 2227.541364349883 9594.793654548233 6337.59869387638 4119.08191914608 7988.29749383689 -5558.166910940055 -6382.802380772754 -6415.714529458262 -9359.564857948248 937.3759456910939 -7219.409561353925 -1394.2836386141753 5672.405219238586 119.89940767775988 3064.7965119503624 -7599.204096584363 2941.5634670720774
562.1582740945596 9602.086212981558 -7259.648964719481 388.3281025093802 -9657.335299163846 2267.49757636512 5855.8471837393445 -3704.765522502038 -7587.836999376794 -9096.202623505187 8611.652466178733 4275.055374245143 -3576.9057319778776 -1593.6564457336972 7989.487992857452 -6049.593012415726 -2056.5255767765175 1664.492757252563 -6569.194535026309 667.1811702523046 9743.080709341899 -138.7030664394424 4267.246567977845 6597.570454018598 -5405.027919290089 -6838.060739399394 -1765.8442662630569 4308.339857757597
6032.415447958147 -7468.3764958873435 7817.14457771544 -5856.543397516929 -4264.098270743666 5141.790657119349 -4760.949144166701 -3111.3222373176486 7219.254205952668 494.5859976468255 7844.80523036922 -718.6501388969718 1742.7427615740435 6892.7856983623715 9422.948608379167 3059.6136601055787 -536.3359059938739 -8719.663663220503 2493.46663657335 -1590.9095192009008 7403.2609894654815 1309.0267522933736 -2136.1077621042004 -2474.5081311580334 8108.295769770084 -6234.300465362892 -5223.869047412506 -5480.266932651181
3299.214328207476 -537.0476844664536 -6401.604382146177 7871.595176648014 3417.894189454817 -8613.56589474672 -2357.8315088872514 -913.2287596505084 5267.978361320718 -3085.0840982356995 5466.248362422084 9295.596706416018 7848.482116863608 8775.506895524963 1326.7627115006708 825.16365294561 -6237.991793799425 -7875.314413736443 -2915.2911927745254 -4415.758692469787 2294.9386156785604 -1577.1287314168549 929.6494665886003 -5045.756262920265 -6982.5686177034195 -9942.098122738455 97.61790132201168 -1408.307676098886
-9046.357171842492 1018.7676956356736 9455.606427933526 -2129.599617575972 9314.031948415788 5339.9224849100865 5166.406119436708 6878.311971420684 -5365.264943835977 -5017.008349915315 9297.403982427506 -6324.728800085766 7434.27465823905 -6187.933110482738 -8579.628644447206 -6870.180949274225 3161.617607657392 4572.865495674632 3787.643819957644 1836.7785841445711 6382.899714042125 8828.696914072974 -3122.0333749382644 1181.6566184928706 2007.0419265597757 9034.1373611723 -6215.558936994436 -8098.760640513074
1294.1437102785494 -4148.0245893105175 -53.667521252009465 -8818.404875912354 4591.997941310528 4713.942480973892 5308.176369345914 216.97579759326436 568.5783234304381 -8119.648934668379 -8490.979277168028 2914.2622818131695 -3841.5273027948206 2005.004357472355 -9788.830291136188 -2955.2413172487913 -3724.456348078389 9209.02453634567 -6972.904505110562 -2061.641426887635 654.7421277273006 -8476.95161469874 9301.900313012688 -2170.3401837404426 -9290.434981985938 -5707.2436595510935 -955.6533085703941 -5358.466014101444
-5397.846682662137 -3676.54762358032 -753.2747486127682 -916.7464758161677 -2448.983197627619 3002.2899575954452 7152.718531549672 -1229.9245916991676 806.5676343999021 -9165.33898279194 -6194.501322908776 3793.9171249006667 -3458.624848420728 2413.046961910297 3366.0112513792465 1247.5789792155083 -1556.5370088192303 764.289953800695 1648.2851174553853 1596.080220376918 -7072.137259813926 -4238.094239175743 -1743.0567011295298 7279.121781564332 -5752.621514343643 2185.168320775787 -1857.4324835278521 5609.954207738208
7307.068140678442 9547.971485753671 987.6115913094454 6766.5103855735215 -4273.457966967156 3778.958176513903 7416.831449439163 -8894.82949827949 -1540.1588252284964 -2804.201871293417 -9149.535209672265 2822.5777881529993 -1861.1493243165314 -1357.6756417572906 1149.1463227090353 1165.38361008814 -1865.955210992016 -794.8292421219685 5465.4579066403185 -4048.428932586283 -7419.2975739526655 -8606.220706974798 1577.9681321454536 4281.986774780826 -7557.553879579382 283.17424640988975 -3100.786578185249 -306.1148598709515
-5868.925545921126 4574.551724320101 -2293.8654622789363 -8823.299857629312 -7648.94298224772 -6497.350446067671 -6294.845135776 3423.78357870529 -5404.223892520738 -1525.7409498524794 -1510.0283359110836 -7234.691392223178 3206.283800007197 9281.03301302365 -9899.631032532898 -5857.363562674822 5239.736639328943 -352.88302657841814 -5381.753226292847 8375.514330954244 6268.89343695611 -3546.262599428016 4575.579588936418 -4991.370771455419 -8081.2793973733715 7881.860858331984 4634.509143749972 -5026.898630474446
6430.231876110807 -481.43338659277833 -1510.8012550551666 3686.7621231280355 724.6917004857496 -2124.7170974528754 4987.848219303214 -3334.638090355368 8115.873454511129 -286.8424370321645 -4792.00148160614 -5911.827432773709 -3650.5096999720417 5571.138579607166 638.1477416574799 -3008.8688785078575 -8572.356633517753 6750.2224583970055 6572.418856715758 -3929.861316304399 -8295.567287202017 -2280.0895360848217 175.08791460794055 2002.566251649043 -9928.15839970137 2319.2703031550845 8645.740671348107 7037.993223141297
5064.148266267046 7715.829279647536 9164.786367411794 2937.926117728337 9088.338265424027 5302.011687999833 3588.657824938813 -8370.600879224266 7359.774249805356 -2712.3641363004 8957.30376423899 5158.268858996544 -9048.501142600722 6591.693563567369 7709.940291860141 -1299.5925661504334 508.84057111874426 -3832.924425695428 -3233.9346882866084 3548.8640378595555 -1454.4364525324509 6960.096273513762 9612.283015987767 5988.3614583821745 -3377.577612547422 7269.684775251939 4132.0673936887615 739.3363294433984
-3597.0017261296625 6550.9102490415535 -5084.060260452363 -605.7096874355047 5948.243042566977 6803.047162686074 -1100.6834604478263 9132.15056478987 762.9548624319341 -6246.104272429569 -2572.071814078694 -6069.724412737234 -3822.2407209195853 -6274.986534167472 9254.040248671303 -3299.70177078742 -9121.570474846383 -5281.3532630654 -3946.9028430874523 8442.847936003149 6852.402795670187 -916.3597614891987 4939.762677120656 2882.283914650634 1034.4999763135384 -3145.5885740309423 -9723.756193560235 7530.3524520725005
3671.4044399180093 -6665.859505408005 -8849.985540655194 566.2216291128589 -7648.951963986601 -3264.3185986481058 -1895.0070569044583 -9535.049207130616 -4371.124553002279 2402.320339551121 1436.168826573481 -2394.74625655159 8791.740831015206 7510.085198434965 9113.130995979634 -9185.130787477749 -4512.827658123748 -7446.014276397214 -6968.917482992254 -316.4823380910784 -8122.180279096531 -5889.103529831969 7431.515615329899 2137.0238335500744 3956.2616859275677 2643.128313056992 -4785.79805079141 6890.65065764073
5038.1191305755165 2480.0281985142374 3788.3572675411197 9545.367293825377 8689.758090960535 -5840.746819430023 -5834.964578514359 5656.3075241337065 -8420.18999875498 1161.052142043749 2624.552764653419 -776.9458375272516 2199.0076506702408 2011.2706700182898 7937.9978756462115 -6468.350177090234 2015.5443797307034 6459.100972168242 -8607.155418813169 -5015.830808422521 -6284.900375827276 -5222.064281730707 -661.8771518314315 -2552.4135170054296 7343.455769934888 -1928.212741122028 -1005.5600806984894 -5121.84444555279
9683.722751292637 -3290.1849138714497 6336.786327213222 -1004.5935752578662 -6207.50920251905 -9048.369003462834 -5885.5886871042085 6862.360400827878 -4151.384799904698 348.320691155217 -9357.64373390985 6214.064656000457 -5865.518521455695 -1644.1742890246605 -6792.677290337377 -7477.018838815387 3482.0500240159 -6608.594925424102 6441.500761377836 5935.09983158998 7957.527392008302 -7157.662934029449 9283.828000489157 1046.200958061905 -7042.39627648505 -4998.828591586457 7297.029898307112 -2286.4677474042282
4775.086374409546 3234.1982022034463 469.41959276022317 624.8633279215337 23.338567085766044 97.21555665316737 -6898.040506387843 -6557.9278789751825 -622.1608886967315 -3693.973485612916 4005.1009184017475 -812.7342141829122 -5638.591779529945 -9975.979630274353 6964.28487568982 -723.9961142412758 -9220.969588514708 -9916.132390525903 1749.4213710280765 -1918.263139886154 -734.8661174046283 9126.96644992127 4286.262402728833 5330.7733332011685 -2029.2067075392551 -7955.636907056311 9289.864257938189 -9193.999528637309
-623.2116726791955 -8442.552105740218 3820.056686668342 4945.041565276717 8150.204466754651 9273.98725710977 3939.1915506590485 -2761.377850596611 1096.910967526177 -2272.2768559678434 4119.869503657119 -9402.180841343583 -2732.772038712197 3984.580237118609 -2151.287409603895 -2145.4123238804978 2129.53143764802 -5833.662740001128 -5564.372085390419 7404.249403021309 -2260.498995660889 -9099.317827293698 -8977.7919212503 -8097.345057741732 -1872.8960866854432 -2347.898644716024 -543.3627701756977 -4069.144912258449
-8489.54021491361 9245.163207946945 -8339.544488660484 562.9893383312574 1614.374776203933 4669.8352792175265 4356.842997865355 4650.080310357416 -276.2064692651493 8810.995341252154 27.334503586957 5559.71977146366 -2469.0312022121907 -9208.291076251795 -7564.44116847085 7099.204153821371 4348.5406252569355 -4305.996567751294 5490.113804947283 3960.884396215941 4611.541503315977 3892.1754452097775 7919.479881571828 -9937.512794140548 -1982.9370106386232 -9276.324106933349 -8543.43926347771 3988.5201746186704
-2918.1856135611843 35.4010059952343 -7409.488363951947 6977.3036859749955 -830.003342399712 -8291.1531270963 8529.568697662005 -7943.183252632973 21.282725591961935 1304.0939254733712 -3578.2006119266543 -9020.11787817951 -1871.433323158527 1964.047055176139 2375.2928400699366 5632.901393976981 -1803.7690874598447 -252.3470557075707 -8870.507537679223 7722.043844992459 -9436.140557315255 1948.4450743725793 2393.907542447665 -7500.707948427199 8153.343790876032 9029.323493789718 6684.819812746668 2730.4205171732883
8891.332661332657 3423.260916353989 -9424.905543653265 6051.059053325236 4299.088995890865 3735.885546903104 7955.45646532076 3241.9275051744935 -4488.363858157411 -8138.833618850456 4159.319439817402 -427.9116499680222 2625.0443800226094 1465.6204306219188 -8952.331963540022 5853.712128926327 5691.5615124214655 6178.160718030942 -2793.3586584215855 5817.3745245154205 -5873.37023149537 7850.542545882847 -3093.5561883180117 4814.177202356039 -3997.1227698457315 -4588.223320352063 4447.117190928162 -8581.481423344027
9558.499280767519 8024.422123285516 -6214.5704236067395 9679.878132074853 -3743.0685824160273 2571.925499106821 -3184.9386550311847 -6795.444114141098 -4245.793274333303 5909.825408360057 -2257.1000346713754 -3123.3817931287904 -5911.183904361111 357.49972867231736 4934.140022586844 -3220.0657583976163 -585.2041954720826 900.7331818249022 -941.8180982620197 -969.2528385396872 4696.725972466378 -6878.1554388856985 -6958.063489160193 1533.3691634012466 5894.7669548342 8387.331073640744 -6879.303326039379 4015.019210447299
6335.917538664195 -7618.407295319454 1236.3649421884747 8168.189795682614 9059.601553762026 2147.782208250608 3328.6253057136437 -6134.602363048158 -9115.245839741923 -2376.499737954454 -3178.4184456150433 -7903.721546746143 -703.2904228993211 -391.6803694749833 -441.58138546525515 -1226.9284527605087 9117.279099793064 1630.6799909226738 -8268.298522154892 -6873.30810633503 8288.09795918912 -5599.263456474035 6836.525898472937 2673.8831239047304 -8484.563977478485 -7773.803862924111 366.5115715032516 7191.111900432843
9309.272825591604 3124.4400225917416 3137.3987085713907 6639.24097143301 -5855.13959842634 -7863.419791361328 -4110.742486105672 2401.5368028535704 -2621.3914120739637 -7728.830582314698 -6824.004168258207 8710.793945781097 3405.788948745856 -3949.3900655688294 -5890.320791767176 -8993.992743327672 -8746.815711182939 -2971.8729817256517 -3266.735988188183 456.5935275289812 3468.733995440163 -6942.858702757396 2567.055151901339 5276.289560242616 -2537.4728364477232 5643.949410155996 -7597.151912792919 -4398.92590631874
-9048.892245922814 -2401.3487805866916 -4818.045874581898 -3812.4554654618014 -3492.409792388511 -7283.40876421764 -7363.019564240507 1846.3724447747154 -5709.789663068523 2512.5940423895645 -3990.819238449175 942.1624609896389 8766.996398107043 -5402.599411238946 2006.3505706496835 3004.328380590656 -9365.97562846591 -3789.205820943631 7901.176955151215 -5857.5606531405765 -3349.189246703497 3294.21790173754 -5557.442397485613 7186.510629958135 3682.823369019088 -8939.424747179426 -9333.190842424967 -9560.70863171652
1370.9529522147768 -8081.1889318370195 2589.3004941512063 5731.892026129934 7915.297979421175 659.0656313672571 -3748.7198192309615 9898.779319285168 -2068.84512147185 -7347.106214697022 877.6659295972386 -2043.0003241311588 -5914.140666051828 -4354.683587007213 -7709.243911904488 -6886.0392979147655 -4441.714011554259 3251.1562112242973 785.8501223647199 -1793.4218711300327 -6956.845653580111 1187.8980693406156 5481.681399240006 -5324.350681480161 2490.7669899972443 -5830.031389865758 1579.9956850860872 -5804.992074673143
1508.977355351144 -8998.105778681398 -3523.3829880021794 7407.403566009976 5422.9038073383945 2347.642511169337 7409.834669357133 -4399.266053106315 -470.6117902194201 -8866.369056162512 8269.76568067907 -8155.408534950102 -8987.750324858946 9192.63250561605 -8981.458504243366 -1990.4355637629042 -2035.2434757035808 -5036.717067955654 -4265.540097634 -202.99466654316348 -9419.403739011219 5539.244893846728 -8911.206242502061 -3039.2826122593733 5774.980887913836 6343.233599883484 6419.359890109223 -5593.16489208759
6547.373528951997 4878.888393831103 -320.9036521312428 -2833.2139618039773 -2063.2930869936627 -8831.823310287928 8416.65050881392 8269.723435938256 6896.944928491288 -9171.431242018882 -8875.048811079034 2809.8923051517377 950.3011727396424 3961.437019893654 -6620.38636590993 2027.4516825216633 8456.288332148877 1780.9268746774287 -8442.151610858033 1600.690110033598 9752.952345542912 -7824.619026635382 1625.0272410475136 -527.9234777019556 1767.403702821106 5000.926527997555 2862.6887884264233 1236.6208315492058
-5528.546047637641 -2526.9025566545024 -6027.474939463082 5185.975348092285 6058.519769014038 7116.841400954014 -9609.13580810161 3290.9124992306315 8357.339634094918 -1556.0079260974453 -4822.849202537891 8557.434057686005 8841.550601976774 -3125.197740975321 5376.212151610274 -3904.458636190171 -3822.0147951827867 2841.1612760559674 2608.6917799952407 -4259.803168862486 903.5338321654126 1228.9173673960377 -9262.046659703321 3005.1308112246043 -3221.8687924856695 -7026.438498126786 -7819.1576921409305 2094.7576310126515
1239.485137093152 -287.6326305240018 -3371.6847742062782 9946.774125609467 9241.061584552572 3394.563360062637 -1891.7279497757563 3336.6761942037374 -4870.012383305758 2255.564366792447 264.5328719958834 5258.514098617783 1062.819365460533 -9502.12822429446 -4813.486899010646 2217.756984757136 4856.074351763877 -6416.357975673385 2163.0531563665772 -5684.552451036413 -7888.447021571927 9170.78085266846 7335.285788999019 9623.569677092972 9205.949310586468 1477.962697500163 -7882.165061075042 4226.733741751274
7745.416770830972 -5935.624078903686 6488.263664247708 8602.275154095536 4194.3302142742905 -3431.691148474265 5358.1033258555435 -4648.720286888491 -8146.891012661965 -2814.319950433508 -7092.249922103262 -9705.718257130336 4134.749572596373 -5833.20944447947 80.53878654378968 -354.6316973739431 -6001.872900966109 -141.15219357146634 8291.895682463157 -4723.527531785175 884.0063155792359 -4057.38607000707 3165.315909958814 -4276.694574755027 -1462.0460552039058 -6476.049376891952 5194.563675204599 4593.250518363826
-3800.3420364330887 -7915.04489188102 -5558.10711514726 7845.761797125604 -1156.2443972002275 -1374.1287839109555 -6840.381903442256 5126.32437943872 5591.798601107917 6121.7635393074725 -8181.879486794994 -3879.9249628059188 6028.777507010938 2797.6132405370736 -8302.157779627121 -9364.034969891209 6647.039306248236 9939.214962851369 -5730.386761452524 -5621.275352920469 -8951.53795933101 -1437.7040600119126 9772.055120022487 -2423.677675805784 -1105.023965653534 -4950.933673071514 6685.331477135693 1184.2773790888823
4841.049771581118 3761.1699253462466 496.73329978466245 6211.15414110273 8372.623987694122 -1367.2765394576309 2518.185736991665 -4529.1451849731 7799.99956641224 -2355.2408769008107 -3989.2721223347417 -2223.958820659537 36.315368521230994 110.49418432611128 -6097.447838116312 -3589.8972404262804 6656.407465049575 -2987.068260212218 -8153.408942146583 209.34304566992432 -8060.099689846205 4258.900263394502 -5394.207755683835 -5816.910214668574 -5406.61171625108 7049.062045649276 3415.7291903212354 2733.2904192237147
-3912.9078775674216 -990.7108269043147 -4276.524855357225 2029.2842225205295 -4424.825154012844 -5142.934768068947 5303.582076027593 -9640.513798473314 983.724666485421 4118.2213413569625 8742.959086693743 -5025.711537737249 -8805.333041073407 -8164.9472213758 -9932.252570482704 -8170.018216257404 269.2193245060025 -696.9229227794385 -9315.722289533373 1290.3308405990538 -9527.521556662019 -947.033232440439 -8926.8360985409 -1629.605609338494 -5217.44881300928 -3751.993552018498 -9098.938666075732 9460.110807997375
9367.71784486889 2668.445769133874 -9187.772105014526 282.2983876134731 -722.1672079630462 -8559.359233378364 -479.5724515702532 -6359.569685975761 7133.573569101911 -6164.768630205852 4422.767851373659 -7660.082923808104 -8094.191729794695 -3862.935481045506 642.9772349736504 -7963.333481404476 8361.141790943002 9285.675761300263 5102.748523708684 -771.7256820418424 2118.0877961636215 -6574.763387844288 -5737.177396079926 8899.319239921166 -1851.5607847575202 9334.064806454713 -2829.4080896215837 -9506.54183939579
-4007.3636443718196 -9385.159681297006 7495.991503474277 2660.242209200487 -4860.233112738863 2673.433366114901 7558.579586456541 -1990.1709964724423 -7507.560011425209 -9704.864596019152 -1958.3785060083692 8431.800222031965 8808.882450637477 1199.0496520279776 -3604.534565467121 -7712.190501786095 6345.884367245204 -5688.214133907015 6114.315999164577 -4486.368254141508 -1201.3188678066253 -5000.032807769817 8321.515697514227 5905.044686576675 4746.475774498107 -9796.825497183381 -6234.52700276796 -2887.106564432802
-7673.31491141011 -3930.3589952933726 4479.760238403735 6637.503138439555 -7490.140771576031 -930.5207319541696 7147.947960743601 -9127.252337357062 -8077.323903095903 3962.8617092792356 620.6353455816352 6134.700496909767 8489.125407695676 6127.3103907398 -5844.67354518557 400.4715030334246 -5637.7654100853515 -5411.462061300443 -6948.359127648296 -576.6436931666776 2473.1741489353462 6106.703341842574 -3507.8326894195015 -8728.641010868574 6360.75945388847 137.42789922059274 -974.1909951842899 3304.700564581317
-5928.252850716198 2510.9395307206123 -2882.339581271318 596.8060013021786 7964.516270812641 385.1760651560744 -3004.830227374353 -7547.972882607052 -3850.9785826194884 -5729.073539635019 -574.6737179180163 -7651.828651492554 3504.5640654280032 -881.3486192039345 9210.432565511826 -9429.662673416888 6224.7510175267 8058.680852776812 980.4394775467681 -935.9904523606983 4324.143949506619 9123.40935580695 -9106.438471320787 -1729.0151726101176 -8025.864822957978 -7603.9074552391185 -3224.4207950794453 9927.08150136362
3093.6464391632526 8624.813402659795 96.32112242284711 -9689.98221487562 -7195.65555728229 -1788.257874192068 -2493.8979581978238 2504.937025523075 1920.787562287709 -4884.774134198915 477.39450253965333 -9807.188995079063 -956.2999691607565 -8917.014211197478 -7288.984483939871 -3177.555025832892 -2996.96634871691 4707.885937278426 4571.883995900036 7217.767056026925 -2541.344152800584 -4189.092635920937 -9863.660176230924 5274.299200660271 8329.168386460846 5565.076144221881 -7294.78477687439 1061.4735230409588
-7120.277741183156 -4084.1760159526766 -7616.230401793342 -4857.276843748413 467.8731687308373 -8447.960260698297 -5071.838425106565 -7960.777699818369 -2236.447286738825 -3805.378980232268 8552.050988095449 3493.217732631074 -5522.803006435728 2382.8997600976127 -8247.099484112212 -6356.659090394092 -5783.229028730788 9940.930481166826 9682.4323200332 7357.342786720852 6580.787015971946 5920.321708533924 -8936.381250913639 -3411.3169728975445 8775.347815347759 2634.1946546352065 7838.4341698528115 -3540.523475577137
9272.228973745721 -8304.537528270741 -5057.544680203083 -4941.653900629503 5881.272397891713 -8475.572123557884 -6265.16078505017 3321.965599396908 359.6402032109818 -5562.8726297215935 8434.591760047588 -3756.009900255881 5168.808782912249 4381.025239045755 853.0997859820327 -9927.711347563101 -4376.662508152953 -657.0360762166347 -5991.870563843993 1840.0312689141083 3741.0984090291586 934.5878006204093 -1828.5549795536253 -4404.476571395048 -4470.555239292904 -5865.828479316388 9139.121172494266 8531.721418816487
-1835.0944029049424 704.4482235103751 6256.727515149534 7291.804649148682 -3215.7411790863553 7675.091390802958 7770.359999394688 9835.783671664776 -7285.924002437896 -628.2643622440592 -6510.644372665275 -7887.4665027035135 -3003.3550678577312 -3057.1040344306884 9406.111016236158 -4700.97277914903 -3604.0304201877625 6873.457125137724 8501.936248525813 1700.856358166 4672.496509035413 -9846.213233654255 -1282.1553371143982 -1510.1892174978238 5574.989912715842 6293.225164423828 -9027.114586943511 -5894.764631584206
157.3619345634961 -1096.9977032549123 -1508.6612403200743 987.0497422219087 -5516.17650451194 -603.8215982613474 -868.2553093199949 -1511.1236472174678 9657.54296986138 6572.389603825508 6931.941871669998 7502.081723576717 8829.001703734753 5503.484855235556 2104.1928599054845 6008.902489097838 -2548.8025010972115 1853.3961755564633 9206.290825816272 6768.396400512236 -8721.147406858287 -3518.6236574854 8516.647158795022 3862.154029802361 -129.6341508234891 -6354.287647474364 -6357.972865276124 6508.086522773789
1 28
3556.055668418039 -3080.4033667427966 -1661.3028779986707 9571.76732608354 8962.638543169698 -8131.8016395634495 7315.759476314539 2914.6905378096726 -1912.6758253034914 -6027.424628714233 7691.033501927381 -1530.5462033128642 -9605.501374319876 -5825.563972446102 9044.548221581594 6758.674886234505 5512.679043571645 7452.638294951848 7617.414806919565 192.46302286995342 8335.26203395896 -4767.520912732503 -9112.845388696715 -3484.2359604918347 -9299.705339228341 428.4081792351317 -3748.782439270739 711.1477551917233
