24 28
-304.3213495274649 9867.19204267552 -4363.808949365697 231.9135233123343 -1020.612153327731 7614.94688874052 -27.911391414074387 2169.431702773243 3118.338006053489 -3132.0524834806447 -5194.931845788655 5300.31774916762 -8456.632121679335 -2065.4106291751505 2175.573420378334 6903.066455593846 5234.420610029229 4145.540361527412 -7876.559280199133 6884.0261503374495 9706.475917637104 3495.8749669078443 759.1159575490474 -9018.57381849549 -6451.923558956181 -3642.2937048717595 285.84747466716544 7221.004691622704
-7254.004970438815 5097.65184862101 -6662.636472181358 -7171.370915933486 -9709.509558507894 -2210.217541143562 9109.36223633734 -8977.362070540847 -4464.481116588013 -4163.564558386061 4133.296506333301 -6435.025306607673 4582.458929074033 -345.4598986622641 4673.069574389301 -7488.813180179725 -750.8191484384515 8169.151469854551 -1552.8471839691774 -2122.61675719932 5206.902830723127 -8507.93535860878 786.3684815965207 -7466.192693085254 -7411.97531573212 9779.987063616947 3016.643893062812 -7788.023134207194
2407.4349356558796 -9052.619335557118 5624.005944784225 8698.22200991743 -5475.360155139643 -4622.171923072758 6235.906174602755 -4613.838011642193 2288.3503981744852 -7476.544068322166 2322.737386673207 -3380.061243238828 -7892.180925724222 -4478.183091359189 2116.5984464115445 -2843.135426853265 9551.994926823903 -6769.568936208812 1560.7074415053394 704.146342329921 -9840.405642710968 8719.184289486813 9155.240551277824 6991.473436437547 7519.442452136238 4988.851025269358 3722.748810601239 4938.1338967078445
6811.702908787811 -6750.25507510874 -9815.36470521505 370.07782427551865 -5681.900128243143 1173.4535683688155 -4141.659687076764 -5074.166841032017 4144.995414373101 8779.79811124684 -4566.402420283315 282.53864486245766 7803.954881129695 -4071.3561095094938 -3320.732355600815 7870.334016190198 2879.9411159999963 -2559.1886235866723 -1473.2327262705494 -6183.497378417606 -391.6709665383605 -6734.548949623773 -8671.246397459465 2243.3335980613283 -6536.394540947173 -9564.357647397306 7048.331365837665 -6186.5762252580535
8795.862871134475 -7909.864289278889 2136.387674732179 9126.191060106528 -5685.424781747814 3931.647890160295 -4545.871671684434 4185.126790483957 9155.179491310813 -7600.570023268793 2119.5829189684573 -1155.5014663668899 -4891.753907651275 2201.967436045821 -1190.9805692487207 4121.71992971319 6605.198127723706 8715.447460655527 -7659.346809241579 7762.376326529149 8699.024670377894 -5379.662855929401 -5492.582495047073 3196.7230060434613 3344.577001400319 -1314.428846736666 -6595.501884798514 -5167.387855803602
933.2097001186867 -4501.10424300219 3841.9975896479827 3214.0618096565995 -7088.225068049401 8565.882071117405 -3926.157895512083 -1374.1182718441505 -7381.760148519971 5565.778551002893 4097.57348787039 3593.6068399239266 -3663.612773920624 290.59906331775346 -9560.219069559926 1484.277794861313 628.2698982593683 -7693.328974171465 8302.02835743791 -2775.010378899394 -7278.1074695028365 6806.556866651554 -7491.027746879068 1953.2890839019747 3927.8078277691166 -1606.336650988067 332.5412025016485 -9378.830163307952
-5561.996944111705 1254.5014450148574 2328.585594809112 -1204.9533030741477 -1188.6131420776965 -573.4872982567722 -9401.64989857102 6341.150979703516 -993.1484751080261 -5386.9231334555125 -408.7806490619914 2177.502974057008 -7415.557286096182 -437.29023389312897 9375.91545726575 -5511.909273912234 -3223.2904132116173 -4574.213118416652 -1779.751452082879 -6831.53156104348 -8378.495070979197 5680.20104691945 -6752.558282810796 6264.919043237327 6648.857222816427 -5695.93876729513 -2906.131263451457 8901.892894211775
-7784.397219099122 -9730.056718850392 2587.505367469603 3417.476428762382 4126.6536476341735 -8553.29025002723 3073.4395908703445 -5106.8716198269185 9790.218625600726 9690.772099631227 -9367.71269216527 1141.0245978848307 -6122.786503725517 -8083.5841295347 7284.921172816972 5633.400477089028 3168.983548015314 2153.5325515980694 -5386.67131471134 -2690.425520876318 -195.90760697422775 6230.939995106668 534.0610179053092 -7660.758553290803 2668.6787594783327 -9747.718447713105 7865.27372515641 2669.7481969727196
-2900.4323980193394 4181.177700189686 8221.248829343138 1759.7520694463492 4066.8432922765605 -6994.444947253871 8377.142446742877 -2274.0117998863107 1512.2216650788996 1413.0801089670858 -336.4215076050332 8614.42365426497 6995.7804706143 -1552.5724771135956 -5998.239501616218 5228.268224400354 -1765.178876276097 -5081.747141983053 8662.103398894986 -8159.862437696388 5805.041558863801 -2724.6751340231485 -7472.524011389827 5384.865362155526 5858.1544285377095 5696.969451777266 7875.095725094172 -1210.8948729887961
-5682.840693141926 -800.5298028167435 -6816.392154997322 9807.316435511959 -7673.097752945161 5453.608971772592 7531.865483024827 -1175.3515876866968 8673.239666065063 3280.60270338637 -7863.202825323899 -4053.436138746236 -504.9265092866426 1596.7036060179125 -1389.6490453257975 1179.5449471052216 7262.095627065264 3205.131300386687 1306.1821960033285 3922.333222016445 -2360.1364174562314 -2353.677824478553 -9565.873763977053 -6892.073498971671 -1460.5791545597713 -5250.20417524219 -1654.1716273438142 9623.764230767767
-4824.985496355214 544.5577031201683 -9897.33612931685 2944.3054312630884 -5398.163818932038 -178.51299848864255 -4446.18051948406 4704.839923161477 -3779.2185146831116 9828.676952868831 3685.0455231871965 7268.5912606045895 4248.527859412858 -3944.9297167548993 2522.6471458358883 8544.327558414636 -3499.3632110103845 6846.60148175959 -374.74713730475014 9417.285673412724 -7042.848867988745 -9608.150309114604 -4026.0811918575246 9397.152971007374 -4759.735773879645 267.46405812443845 9624.716605181064 8846.871640654397
-9678.066407831206 -3889.7159122529047 7722.20819392749 -9042.854569831134 -9071.120433423843 -8614.320880253343 -9983.194075673244 -4380.266352707609 4400.093165830431 -374.7173368165368 8600.277604836356 -1399.039251564358 1876.4220659828497 2965.263143930064 8184.224977561571 6905.561113534008 9215.993681397274 -8385.422741162067 -9854.05967411952 -9935.53516258081 -1614.6519330115643 8872.785501899623 4031.8854736911107 -1157.1251820681518 854.9352367054835 -8951.861723134629 -8641.147989279672 -739.4821775718774
-4535.313940861152 -6094.843451529774 5659.2094450843215 -213.4238307532305 -5544.560311569889 -5817.791776785893 6876.272559817935 7747.940726241399 -7528.06554142603 -2525.638322357693 -5860.409815733727 7847.250784479536 9250.770908509276 -5428.6646740669985 3686.2324681024365 -6511.788515064678 5605.104396814497 172.75164013346694 1612.7212179965081 -913.7842289779182 143.18641278660652 -6002.266963771927 193.6918638351617 5478.793694146065 8108.284553831563 -6940.396806737488 5898.565514101414 -887.4535669041434
8503.587518333861 5968.444727046255 9635.227607267196 4774.15962394123 9261.546385901129 2879.6846170480567 -972.1231710394532 7405.030119194304 -5063.828077239452 2847.916725972089 -9981.902894770086 -6690.503980796824 -2713.284837907062 -1418.7479091449986 7615.605511335132 1101.8141169411574 7518.387629500281 6639.610842937604 472.2635453048824 7116.395718398857 9959.509241001077 9639.645503810414 9656.974735403113 3247.8070431269643 7373.354565983049 6336.128655236071 -7224.058681407681 -5102.637979247935
9884.133163637693 4800.093607910598 8487.13120380682 616.1034055608998 2268.1182059249895 8150.792855584536 -9145.253540638212 -640.268232236238 2500.40188026744 -8477.098617240536 3546.432487411763 1753.4394183271743 2887.968343198394 -6027.357155505164 -9107.632321987026 5522.249573587644 -9177.884124904453 1087.3059938783772 -4256.549606139928 -8546.332788772568 -2939.7828044579574 134.88450938447568 7939.15743388901 -8396.986293141226 9605.472664753332 8238.965692905764 6015.035053083742 -8468.28482913012
-7559.187627131667 9438.194217887562 -5572.020428492903 -3508.201266415421 2837.748449401244 1746.2463276634899 7386.581287644251 -9351.740087676468 -3020.148210793427 -563.9549079038461 3586.875841555713 5249.718448465861 -6886.633187758111 -3055.2644686088497 -9802.318995000815 -1833.1005495495974 8509.85618714011 3262.2687708072026 8383.237623544592 4947.445151087721 -5621.094139440382 -3582.2272239130725 -7645.13316772756 4133.874794526213 -960.3574308356292 4942.6577261626735 5093.89453229802 -2446.5243288806478
1173.8048830454609 1068.9013637225726 6939.187711289047 4805.746418429289 -727.2561893172588 -8595.260918169406 -2998.4508428756126 8481.863793150409 8888.172036507935 -8121.432476323742 -7203.62773094626 6741.2790022213485 9199.692574307493 4624.899485569282 6580.617709550395 -2995.3931018704625 -5467.181200194948 -6580.825215485457 -247.99090095235078 604.1356259851618 -8890.418976439509 -3577.6083502428137 -9490.753761179447 -8716.796790813803 -6594.187749652023 -9879.944383705253 4140.903146471128 6758.060554092855
-1954.950425457644 6261.419596386764 -6791.25396419485 7466.59878147659 2625.1028951885382 -4581.073632298807 -5080.522536844676 -654.3342318522446 -3526.8844579587385 -5340.62941011318 8994.363828507067 8100.428830916029 -4927.50377313486 -3500.5020141789164 -5965.286032317498 -8980.546596476353 -9380.471411396014 5470.825926858288 8825.35900494915 6486.4530376914045 981.6206699731374 -8413.57044256645 -4322.090811410116 -7280.450505616285 -938.9214383185026 -2531.5190859989143 -5802.206425880563 -8173.697959995803
456.13704563030296 3521.3017343358097 -8828.6749262963 -6148.115600030388 -8303.749835474151 -2680.053094807744 6919.20740029178 7535.313871895032 5468.104457280278 -1459.532592734682 -5074.955320406489 -6505.582957160923 -2003.9018002119865 4056.655742037703 7401.139594873279 -2340.4045076869324 -7821.485173741325 -5639.439871775205 7388.740592809412 4474.979393185224 -7351.472341929819 4471.155566260881 4511.601763799506 -5872.496737221069 -6368.199624452591 -9410.90956996355 3640.3620118901927 2970.111029869986
9860.231073905456 21.436118376239392 -1687.4908109086318 -392.36499217534947 -6259.8028489689605 -6871.434130431815 8972.691398932875 -3564.47841373112 -3648.4089420082946 -4661.535878748471 -1078.8432346601076 6384.350541287455 1920.969376915169 2088.5358177648977 -3886.1731026074885 5289.939012429626 2567.952241986639 8500.49409149566 4450.944965148368 9817.467215885208 248.53039920367337 2881.948145242215 2502.0167792941575 7500.106010075095 2133.4617187069325 3180.6638993471934 -1878.3591911050435 1228.8529306299934
-6895.155196998845 4626.816644126735 6630.34506190789 3835.5327736180698 -8983.904277446754 -9837.54568725455 1462.122405541084 -9916.25575406542 -5193.341594381435 2483.4392730935997 -7048.568164960605 -1765.7653825182479 -3224.801617603949 3820.7366246137626 4800.038876901657 -2669.2427860194275 2844.4750483638218 4936.6230746521505 1456.9186555651122 -7116.56489980299 8773.680523300547 -3439.6254000745794 -4846.196720831748 1393.6529699603725 -7534.036020534214 7154.54970508891 1642.5944935811658 -6065.714462422285
5005.583128666165 8154.877106444099 -1600.458489745337 -4193.353298160121 6720.813189965771 2097.495391945018 4484.884976798161 -7316.332613388104 2530.6802366751454 -4225.115449789006 -4959.309825806886 3440.540479424899 -5093.004467453051 -5108.810899199932 -2357.1784638301633 2712.549837519846 -5396.392351483412 2324.767936740076 6946.614780749493 -9237.585996295755 -151.19837341730636 9901.333417196623 1912.534290910331 9894.80130470627 -8655.56968358438 7952.687588989767 2535.2214173868015 -4293.679876223478
8974.009577295586 5585.286329107599 -1968.924990970495 7224.920370570791 -2709.626159016496 -1984.1687130248147 1130.3187129300586 963.9003248619247 2031.699545727155 -9210.226166728526 4940.087371008802 -9463.42259493791 790.0090581704626 -895.5603761657621 4638.839752223152 -5854.664193212567 -5873.798222840572 1252.4978446387995 972.6105790981164 8233.124284565656 -3416.894923811793 -7240.029723911732 605.2190441232269 -7715.7000475442655 1148.5135751702655 -5006.880570518697 4348.467963912177 -6444.602339958176
-5435.618332516016 875.0928669497389 4445.066422235152 -1067.0214693041344 7288.7131994677875 -3360.6779490722174 6628.977991233729 8028.22140207592 -3373.562261118397 -6254.707095232823 -2738.493156636204 5559.552667815089 -7108.243215979788 8612.324587564199 -6326.064595524918 -516.2012754643365 -5626.098231004339 -3962.505087383721 8417.012070391513 7540.119108848856 -8211.42471760126 9072.503937474488 7664.247251166293 3628.7166305950377 5173.294955874937 -1062.4658768748122 6027.159507314365 -2740.4118302301677
1 28
9630.983376910859 -1036.52905574342 257.35834425970825 7389.921698268739 8816.45170390371 -8451.136754468822 -5852.868019973503 -8875.108369343021 -7589.761936024582 1241.7040174298854 6146.117253683964 1541.6948931674979 3230.9475760884106 964.8937601571779 7411.82754003525 -3902.1142851442755 7471.9345869412355 4629.517875723801 -4315.475175767853 5154.871033873595 -1369.923966821445 9138.585436203542 -5017.1529447140765 4074.9617209827284 1611.6595430611633 2353.4225803454374 471.23854283142464 9234.116326628206
