75 14
-3068.6079216857133 2700.310463587155 6898.358596837716 268.0428806987293 453.59080787663515 5743.1634884705345 2492.308775748548 5858.086596355346 7256.764242533733 8439.677874310968 -4586.960205166095 -7501.723551201047 -8638.424763029858 5358.655516234321
-3189.086834811954 9523.243632195783 -6978.07983970329 2081.300866963931 -2486.179636990473 4225.029301962462 -5234.277203097677 917.2409818416563 -6202.555045188476 -9934.612612384757 5629.59188682312 -5811.655036519763 -7703.666075548134 -3031.4323642415593
-9341.394604097573 -2930.2851647367816 2165.32288127378 -6807.242418488602 5423.736069041059 8389.364941277647 -8409.464154944708 -6473.016753982261 -8591.17074027694 -7303.635781933098 2081.1334737641228 -4068.04053061768 -922.3976735605484 -2182.430755931615
-5395.95698797406 -543.1856330449955 1762.4300842172397 5297.738956529605 2957.7962400457473 8877.107060600574 -8462.48053253553 -2287.904452583649 228.35898127580003 -9109.115308330995 -7703.323935814273 1781.9618328585584 -7967.525695236513 -5090.514806100626
-5702.697571823856 7706.659164896268 2755.4224471233865 -1956.5064281505283 899.8536780532304 2436.583757207647 9304.428492002531 -5572.301940651001 -8004.657144177405 -1075.141993573834 9450.584701077572 9533.944789331057 -1651.8683103551066 2063.406541002172
-7471.258347038423 4950.366227250153 -4246.440458065106 5410.04577004728 9998.407601301107 7998.921732655053 5497.5924504461655 8825.049735490553 6736.829910664554 5081.031396685974 9410.0944432633 2129.2914605940095 8363.163670060312 -320.50919829490704
-5302.988820108563 -6966.23723161716 -1587.8692621704686 -2268.6095978857466 902.8466025262496 -641.6010700916049 -9728.849812234259 -8749.117841103176 -9608.808977409204 -7603.271057830268 -7723.0445724069095 -1910.1014785024927 -3531.407872883512 8754.980076706204
9335.785165773512 3121.385901239566 6415.338446940488 4410.2921803555 6445.145890180942 -2658.266229711042 3326.907938890554 -1183.1080015808766 5191.704861044032 6221.019659935642 -1802.2127565784212 -4698.953446920715 9885.495287542053 2063.1845567614946
4730.831739411149 9716.615662571123 -9120.06769756611 -7336.116297650379 4646.692149789362 2975.787188181461 7993.984635452496 759.6540246743298 6632.345872373753 -7944.201755368996 2484.759260417959 3647.6629617736417 6379.485261112417 -4327.051398457229
1792.5811799677049 8914.782103907135 -9679.916666986637 -9915.160744019619 -6584.667317431936 -4211.950093337251 2142.3940282526346 9235.485052062326 -343.8714783685009 124.63474303228395 -3188.4761233695344 -4681.815124737421 -2583.1394303521993 -2323.380495984613
3120.8279700605653 -7583.219257750154 -4989.071841320112 3095.703040297467 5594.893338566128 3399.2147093536187 5210.080374908148 8357.970419967703 7664.59424234723 3846.8896771936725 -3335.772701298123 7773.581264636963 8237.860146566793 -3123.5178624085293
4175.712254888933 8165.001368422938 -4575.093223677609 3092.8174567847327 -2693.980548940469 3083.0466184228135 9909.046982795342 941.7917400855476 606.7923545241647 -9152.425787375374 -646.5269407009746 5609.220273650166 3959.057191322934 8218.046629398763
3749.2507961984466 -2747.956917831849 -3959.4075852890473 -1806.0283529362132 1082.9195341209524 -2709.153858703019 -7169.496798482586 -6910.019618090255 4557.293351785134 -2900.4449044004523 8805.499204026088 -2213.751761673874 -771.081904078379 7065.479082387432
-268.9468026074155 5659.825864935156 -9051.235463472149 4634.7990090727035 -1541.425405229109 -4747.97201234163 -4198.239817760858 -1087.4527091700602 -1392.7252460383515 -2145.344593314522 -602.188494864522 -5440.332807204937 9634.853426553582 8243.84463670682
-2255.880430782844 -9610.58802843361 4927.997609264778 7112.652045572504 -5163.300020049555 6973.687461507128 5438.678728613631 4328.20834999989 -8984.274371806669 5122.023240419354 -2188.302044016644 -5921.0447049310405 9643.61649275454 6493.986662010364
8354.09972702925 1361.0100878024969 3797.577159408196 72.4924973770303 -905.8823014270383 9040.416711191738 920.3225147417688 3298.187429119269 2083.1623281396896 7112.895038345312 8028.011800598539 7967.51825610342 -645.2338805053714 7096.185680479612
-941.4092346715042 7200.411161638836 5852.184826399369 811.6170272955842 -1421.4977856325622 8441.228705684392 -1937.0262842405527 -5239.675733288318 -3800.135702263754 -7164.161478076765 -1854.9852600206877 -6718.138834235543 1210.478126674665 -2201.803860388285
9485.636372601406 7561.646486136393 -2310.4579423014247 -5305.408512054976 8931.92308223978 7761.812503436657 1730.5952455474962 -3985.566731691577 -6331.594872162925 -3388.8198916737138 -557.9245435083576 -8949.310354911444 8041.917033398971 -6878.107385845347
5844.031507895106 -6408.618993196129 2399.3274421039405 -5214.143470082926 3888.4061196767034 -236.91232620685878 9488.36453064414 -6820.566778634471 -2864.1203744075683 -6793.476441188706 -2124.866425653564 -5969.813269166427 -356.8027459248824 -7883.469711312257
3081.9254245808334 5874.77747062122 -8961.873070097468 -2275.6683198684805 9195.095079698782 2355.864738965867 -5368.259444293628 9567.267996038885 -9115.046441901643 -8225.414861483054 -8266.847589405194 -2569.0602253244506 3208.0046492437323 -7660.388616060636
9233.480482905354 -2303.23925658382 8155.333228962016 5737.762173594963 5364.618337611169 1087.2466703556165 2938.67157460427 4494.938686709749 3810.690281905987 -8011.652717133502 520.2465001236014 -5105.962647407676 -4039.9282408755525 -6410.481698868049
3403.9319620232945 4255.592098747049 -3370.3760298457073 -3390.8469800544226 6195.171479588018 9125.127027246643 -133.97578222506854 -7295.063520563701 -279.118662495237 -1806.493989258497 -9574.199096896042 9280.52852428842 -7042.784408429685 9261.405776865486
-6739.451964520544 4943.329065207759 3678.09704916969 -5566.958022016491 1609.6898309697954 2620.586171700983 -7019.162125386047 7205.185506792703 -8798.040032683839 -3368.9723227020777 -1332.3507660370578 -6342.665521706373 9191.281834664434 5798.947051937175
4166.370799130666 -3553.012198561696 -6601.8591952507395 -1503.3863293305985 -404.9438593207069 1192.2754215335153 2205.601012496967 -5217.815599888871 -7590.156812272979 92.79966639630584 -8486.7650250796 5595.981726442105 3965.033774431575 -4630.045130898595
-9736.5509060668 3074.4112130626163 -3819.0374911845292 -154.7202633366087 -6177.0218303203 -7031.547415882935 -8740.784853768011 4353.254124567124 -4261.714823710736 -1585.4995930297137 9596.989033538648 -4895.699450355509 4679.233164019077 4667.848078458179
5329.517512286528 8466.647764738991 -2283.8694966759294 7140.259243369299 4495.965774772674 4335.937127233483 317.36672361507954 -7045.094952432513 -8634.635186422534 6009.335433272237 8909.376639035614 -7750.581942030496 -4795.832792490931 5935.106005841204
-4862.729715811034 -1156.912711488154 -6107.413716786554 -5466.226086460122 7212.62765142884 9782.674427455597 -9662.397151830795 -1730.1880755500624 -8639.26395051281 -1721.2646139727512 9876.384614739032 3044.899564983947 4249.735555058474 -1773.8940477108372
-9434.099081572882 -1529.2004237528072 9555.099125340854 -8998.641074155586 4211.730666767793 7550.83139888621 8208.068651053334 -7916.254618479339 -8918.205305864381 -981.3556665861906 1290.8926831099961 -1645.7256902188328 1193.192675092323 -786.1924952184199
7004.486563358649 -4447.518445054992 1853.1973540148356 -6849.977122459861 5841.375987098498 4664.981637484541 -8086.350334407551 4650.585127391114 7863.573516941127 5836.309131363956 -8763.671363387579 -4097.059982372766 -750.9199867334555 7472.011452893748
-2071.071315412749 -4682.004318426998 2732.721805143834 -1941.34853144925 -3066.7927661313943 -8464.7957512179 8838.32952347897 -8455.485922990443 6155.613474858315 -9900.731727390552 1912.652563044754 3553.9977507277817 264.48155669450716 127.49192191985094
-4369.111326452353 -5921.47971902037 8827.693072985472 710.5697560076133 -2512.5892635486143 6019.438490127404 -3386.1318711883805 5046.721857090521 -5251.925935104962 -1174.7408921529004 -2809.9284843427185 9154.60783280211 -5235.666771635024 -9634.124934880256
-5401.388633382667 9044.193021401767 8834.31411453972 7867.024514192919 -4849.7113276831 -2028.817213314691 -9758.004218576787 -8048.082674681263 -105.19529004487413 9792.906167193803 612.2457786955947 -5575.857841734833 -7100.193311511498 -666.2509705576995
-8349.740294655221 -8328.80958734823 7875.0952332829875 3863.6276986572557 -9627.642605687408 5833.492930874607 8122.629278229877 -1162.9094566975182 6653.5152942301065 1253.650385092289 933.0381757587584 5650.676495175678 -312.6159531751109 8521.345686632696
-8101.540852284561 -1805.8936234676821 -129.8467445584647 7035.491837781352 1068.2893032663142 380.42921506230596 -1008.4337780573096 4106.352929521026 3278.4579784827147 -7345.148065772373 6970.906987056023 499.3988125500855 6256.993016373588 7351.430300804321
-1697.4364927230527 -6014.213082027965 1715.2034882878597 8396.098530685733 3552.9052702340414 6601.311351748438 -6428.889048453115 8407.29924014433 5263.917497247579 7152.117490501991 1587.4581583912623 2452.2180739571795 -3101.7856418618558 -8980.454663538761
9687.995253951874 8470.706800394895 -591.7782941978021 -3276.1573331675845 -7192.721174849981 -1159.1411912704807 5185.891320514369 -6176.2449851056945 142.19712130142216 -3743.580956636947 356.18789132689926 4539.184370635012 -9027.311299078632 -9428.69591005104
6781.736786771187 -92.8882318616561 -1881.3118062053882 -6170.265924780083 1593.637825545613 -8482.10757891239 -726.5436528258379 4462.296835691879 5473.676958429445 6668.045474327013 3811.20889832176 -9982.845672040025 -9210.06678353267 -2541.5028979695653
-413.44816917769094 -968.8560387898469 -2934.648322344511 4635.488921282456 -7017.951147304895 -903.0234092130195 21.527919420919716 -1934.056528086534 -1730.0488300574689 3166.7273401115235 -1156.2848892791717 9610.067317896217 -3951.0864842747997 -6445.993580489889
-2919.1942226187593 -9004.77853823523 5505.277028556327 6615.0793950083025 1272.106997744666 -3908.5835811865336 1413.9531842579127 3635.429965856176 -9014.49219517384 4474.965715746117 6185.362193285058 -9466.692056170306 8232.548469480244 606.8765110619042
-7627.296250889525 6437.868713387394 -3445.741480227076 2444.6317854720073 -6778.732043318285 693.1096129063462 -3146.6500914053677 3246.2025456042848 8399.094351832853 3871.566683409528 7344.449549354602 -7221.004006922396 5577.81600052292 9868.334008754493
7985.772579215754 1318.3534471790044 578.6718153307793 -3723.167908888281 112.31958485916402 5608.19603474545 -9697.536280143997 -2977.60307760297 5727.538241911556 1669.4563607258715 726.1142011943193 2928.8366736148364 -2738.788053435939 5196.076771183778
-8454.893695963921 1237.0841562407495 -2962.2118068388036 -4860.3992299916745 -5265.2633736603875 8428.65813219218 -4644.583402201585 -3973.056389106995 -5188.634487733477 -2956.9968017544816 -961.6309883730737 -1371.4406457720306 -6876.562929941907 5185.880240350647
6384.268293403573 -6677.750303528099 -492.0146873657013 7128.741946737322 -7248.140665720253 -6628.242624097267 1168.7650548648362 89.66542041852699 -2846.630739370741 217.13426010095827 2708.097952545191 9124.956677681977 -8241.998294310597 -5120.905878552262
974.8080806641319 5758.900995524111 -3773.113034940894 -5962.478386453767 3900.7424190598576 2998.9145961320737 -3724.7469313726533 2750.0975465424362 4419.290970606378 -4187.833130361069 -5427.299468371148 -8596.103248030991 6368.573285097475 5333.140990350714
4934.663285794477 -3755.8748284182084 2.7513688904655282 -3248.104722679508 -8989.202083508037 2053.5600146420857 -1309.4420504588707 -8594.117188645565 7641.89191280134 9549.086258051393 -5636.836139692694 -3306.5954967352136 -4891.5731166780915 -7241.492153230713
5932.346073592516 3512.7245306590357 -7341.313215704444 -341.706979357381 -2182.4285082459637 -337.9455734362091 1131.1757559867547 8326.040885030823 -3120.9945370005144 -889.2770681582188 885.8251435543079 -9413.73490151398 1520.4927295219222 5172.800344005622
-7001.03898821612 -7426.591050830926 6426.702322989266 207.57652876344036 2651.017002762137 4059.8932639834857 -4347.776902563716 -8384.264302434616 -8646.29759245781 5673.42992032883 -49.32062565686647 1067.0032272187873 5141.219055913358 -6549.214757950935
8438.58314904969 -1801.5045623559472 -1095.4584950409499 -8867.731748319295 -2884.8862556715303 6827.5617041081205 -9909.898284390489 2565.807999750774 -8743.544223473435 6825.580343205849 -1309.8944610067774 1449.0248378797041 -5901.827869803342 -5980.355896362009
-1958.7115128603873 -2434.4264823930507 -1275.311556822262 9778.385609588717 768.2299320370876 -4674.642613066669 3715.932893322315 1899.3709869858558 8671.871523410045 -2728.664288722276 -8405.437005521235 4413.701882903737 4998.5275742692465 -3016.6802830941306
-594.4976003473876 2589.918160398114 6471.886218259304 7193.931048320403 7754.956749852336 1500.6751218421741 9217.05441310904 1251.2426020003622 -9821.24783461246 967.0947669870038 669.7351539802785 5145.689030149442 -7874.437658651285 4501.845886021389
1325.7199560482932 3952.5441900458973 -2601.0441030991124 -7637.48830103226 -449.3263271737578 1977.9137979534116 -2948.1969564101764 -8124.517048195152 -1787.920968046932 -5665.666384161712 -7043.482438019866 -1631.9592867436713 -5995.3892293122935 657.0366743741615
6362.860569211924 -6323.872827004715 -9089.768723245325 -4829.059927623019 -4869.503558917063 2693.3114679259725 -5838.880082853432 3082.575843217426 -4592.394998426003 1167.2536070080478 8716.646130888439 1873.1393137475916 2110.418216623504 6026.091805533153
-951.6806139428536 5304.299604060703 -2383.2686102038324 7081.933513925225 5161.866011492246 -18.64844713324237 3680.424560364554 -7462.8358051367095 8606.992935571507 -1914.4828144674266 -3054.9705086002523 3493.4827523787117 -5644.2414632964665 -5918.650022404734
8577.356359510679 -6247.30345187212 6079.392870650878 -1514.670784168773 -1750.2877690971563 329.0113356933143 7581.1195601194595 -3783.437012159876 -5567.6888440724315 -6072.518417837023 2423.4870497046068 3902.5909572022447 -4120.937055721536 -9050.568625962349
-6719.197600355154 915.7981154374502 1181.6074170103566 -1714.938538690909 718.0475432332241 3035.3630371788095 6074.722361349803 -5358.088099059683 -2678.5246734108114 -4691.194609850131 9647.062752769874 7369.836329950573 7699.563491529079 -9942.535313113296
-5708.673072026054 2313.0434433015653 -2463.3192904111165 4381.511823314599 -9923.11177617913 1714.4411935256812 -8558.855495819631 -9905.669593390285 9846.689065627415 9944.680932392712 -4106.375873371615 1805.7680130226508 -8952.470813384998 -499.64255051714827
8806.475138956153 590.3496391169574 -8060.16116153198 -6061.554077419396 3891.6648922751883 -1695.4802400002845 1840.5591129164786 -5353.89231496348 -1817.6912014640775 2584.4811129461505 -4772.339356089415 -2808.5489394799115 -2218.7052481450546 3078.423714397559
3404.760268621754 554.7960538897896 1497.8022414386141 -1493.4574687657841 7462.922264032157 -233.2368249450683 -9976.04616062129 7217.881374304146 3554.7088362143913 8579.37533867453 5837.165571504465 -9304.5373913152 3616.9733866021343 -8703.033183317375
-9932.787552872442 9191.062266802466 -8447.430166129427 -4213.65028482759 2766.7204585570507 6529.745295829016 6695.520370547132 7942.084088247149 5025.465416255087 2946.785141066066 -9499.56807186511 -5676.003445859777 1809.1958177106735 -6280.283963323148
-4456.496501983968 7572.923877332723 -7999.747254132859 8510.441889452959 9613.936454822371 -6384.474928089095 40.16392221710521 -4424.537057691824 -40.88898266820797 -6760.4485537682995 5124.62881943303 -2955.9443744406244 966.4459046733937 4739.169227033715
5441.75935424313 2146.3947514634965 -5205.157348211041 2981.4559543508713 4546.048529578089 -6221.755207399425 7458.650364545458 -3873.914449759115 9179.19082617703 -1547.790945513474 5035.4780278918515 2794.0325948313603 -3954.891143532759 6486.7305277497835
1793.9569363489263 -9869.640035338623 -4187.531776108169 6142.103222225362 7239.5193598977385 -4910.079503999607 -7467.260333556325 6249.928295189968 -994.239364384166 5563.183352769336 5425.6617029157005 7726.307484106561 -7146.252499791541 -9152.318227100131
-2835.9642358740603 2380.8010057407337 1926.969670843977 -7182.45638569684 1842.6645542039478 3477.6053918156504 8469.925442217089 -9930.105609692857 -2049.7862422823546 8010.061911533605 8993.379193611549 7070.238146636915 1222.2308570460518 -7860.503315738756
9330.221504092875 -4780.918669431702 8415.88191561123 -5885.638181107693 7801.561546053505 -2351.9073710539787 5167.314561240428 -6695.134356308823 619.2913915118406 4038.05573786228 4890.898890006647 4423.306337980439 795.4231249479544 -2811.8192255247495
-3303.2662559672945 1471.1506987668927 -9198.237824502023 9430.491568160454 7742.618809911684 9666.227907976383 -1152.5958452668328 -1965.5888055999667 -7268.338041032125 6039.676710692569 3073.29302092945 -1682.2417679243936 -6309.178061959672 5387.035210604161
9632.960279844832 1084.7681720985765 -7307.210685197824 5154.6415768562165 1016.9417881306272 -4652.6841085039905 -9837.501812850658 -2681.014602203447 -1868.2352528362699 -9444.677255294246 -3002.6649735428527 6004.65445518416 8910.116422486313 -7151.237589417971
4317.017746724756 -5281.490815751368 -1116.02552141651 667.3031429306793 5720.038967269415 -4436.42332178638 -2505.3248818571246 9902.826545832613 -8702.224157601057 -7856.212249213046 -1188.8862546064156 -5617.160839405628 -5148.320044002377 4549.147529557775
160.0549922117625 2382.5223682020405 -4159.474784602561 9429.339109413399 5835.449958359091 2261.7314552711396 -7385.827795001039 9483.481741873344 4593.254544267802 8548.743612031725 -9978.639964705137 649.7297617013537 -6960.801364637899 -7884.569953239759
4998.621955413997 -4707.904322549699 6143.725250931157 -8072.523144634818 3533.48141146094 1922.0830815950667 -2082.912789271172 -8399.625725196034 -3676.92565971125 -8067.2271885487335 8162.91351479305 6545.632892393998 8561.397936431364 -2355.0550499545643
-2416.558827902795 -3891.0207084011918 5679.107011276916 9404.07187091246 7669.999867257389 3232.976272496233 7159.104718681403 1703.9920725230786 -3012.46207487649 3073.3097620455283 4625.662271342118 -8469.525714754633 2573.2425732998745 3933.4008884734885
-4422.351210288575 -1656.5639771068618 -786.1234710891858 -1355.7260163461942 5520.053847616053 -531.658563617284 3246.572714544842 4517.372372751122 1817.7352818568797 4588.52501542227 3920.483313116185 9451.878508056598 -92.0742921399542 -2323.754762751196
7462.575897328388 9956.596216378388 296.88547502502297 -5851.0626411922685 1598.6211301864168 2.1287511757036555 -9225.881622691033 -360.3699128498338 -8328.458538988945 6770.082547387527 -7519.500179819077 3986.624843504631 4840.417823691301 5211.869430154067
635.7959396138831 9952.635782090936 6792.517122740395 -2537.300963968434 4737.601389863914 -962.1303335913217 -8635.760186440712 4828.94508857415 -902.4632321973186 449.611622548593 5516.3154974668705 -4859.663373448692 -8880.862484226582 205.22911687415763
-6428.316181206206 1920.181752599723 -4518.17959451134 3141.1631822594263 3285.376974963856 9314.49216766092 -6639.877205230078 4489.665946729481 5065.572158427685 6.151082273390784 2418.1955173427723 -7827.678565361227 -3257.858253222601 -714.0287127009906
9785.470695812885 9632.482874089692 6918.067087499843 -7327.527768050384 398.48242086996834 -1019.726611886008 3269.4188913192556 8800.020947594978 7513.115913387923 7468.815453625444 8697.84489658193 6256.796379083487 8818.002819874018 -4585.232477621604
1 14
-4581.998242822125 -5376.458556768966 -6659.171602406406 -47.0296210126744 3942.3000493765812 -4487.198781962782 -7639.497455036906 819.3943249370877 3026.443182985038 -6845.833912785372 4782.026926513934 8607.559672650583 6047.309264415448 8430.256392459942
