48 35
3454.5220796229623 -8821.293698391513 -3392.337702297923 190.8370509776305 -2295.9235391164066 5216.837633252837 714.9224554468292 2791.840920369499 1302.0374538528758 -1934.389022935281 1209.575650324332 -8860.416177248262 3295.581915376404 -4799.097132106082 2777.2612148005664 -6812.331549177288 -6487.201281106938 -2349.4062879076273 397.12756640565567 1610.980630573691 -8662.952633484147 -889.3657938424531 -2933.9251945977376 -5090.8732577743 1512.5639589001748 -2331.6587893941823 -8157.030601882707 -2752.6734947211453 764.5570640443475 7206.486331871463 3745.554484090746 9955.337099761993 5408.517199269112 8171.811802692417 5176.866180735711
3866.3697653291165 -4916.288823730762 7229.983593875444 590.1494224897488 -305.83151277607794 288.84981056836114 8732.679800598187 -7335.390081380014 -9482.088694064936 6426.043032339989 3592.186998319339 -2427.6391894661438 1080.3228311477978 -8352.304062035972 -7080.2080055177385 -5930.530792184054 1336.0234845983214 8035.2036865677765 1900.7865878621396 4906.810969360382 -4375.009176465907 -5483.651423571696 8778.745462882576 -2440.4248693088684 -998.3419439208446 -4745.798068311738 -2731.9450747566516 -4049.903808859992 -7705.841836154652 4270.9626321262 7123.701404414147 3101.628779206125 -2127.697030197053 -9933.578411283104 3387.9080900949375
-2770.471626573237 9479.583892958446 -3409.6096845509182 -5820.555206800928 6549.049581687046 -4999.643590983822 -5886.980307872098 -8135.345323088536 5498.665040344722 3788.672714610653 2611.433330501368 -4220.455487462386 8506.568903604835 406.7252050877214 463.5721381397998 -3643.194355652957 -9820.836042791532 9846.109320570908 -2155.212986181481 -4712.741308395536 2238.7812779876385 -9513.560537442347 -2995.0912878032286 3632.931395363803 -5274.109495528553 4772.685394524176 -6068.389863639179 294.267514583451 -573.3538473015142 -826.3178209110829 5480.784502222359 -2294.7215674490053 -2418.0244276588273 -1128.1296583943786 -7125.205080288437
7769.498921730956 -9777.846924444131 9459.825668290785 -861.3162496035675 4301.621832581339 6855.246345710912 1223.8728556539554 -2163.0053504185717 -481.2408592503907 8117.534721355722 -7064.827186081255 -1769.7086690730757 9407.850986846235 2795.0035041287792 9603.529402958993 9934.849922693658 7476.303558770349 -9889.40308254888 -6723.598235462101 -1209.2079293338284 -5983.084192881781 830.3077819311784 -9768.01186144253 -289.3926975676022 7349.2359873779205 -3871.900938399437 3011.1294580421745 8974.506714262207 5831.819096694353 7572.368461441787 6794.744502106703 -4647.31816195096 3888.977919651299 -533.5046444234013 2495.766212204333
-6793.157384183349 4584.354802198712 -217.640361235397 6999.158860276388 -7769.7474244970645 4086.1268274867907 -5438.504948190765 -3848.459247692006 4676.7741813153025 232.0402213759462 -7769.962383435955 8947.92942820102 7105.354378097061 5296.909573501991 6091.405142720927 6228.990654613364 -9535.814731552171 6032.694933197323 -6264.539057434562 3525.6432754119523 1635.3608020832871 4535.30933138452 -7793.352349669918 -3144.868034598827 -1924.5160107417832 -3528.5424310324706 834.4147540528011 -4757.311640261341 -2248.9355759473547 -7561.597616041638 -5222.18731649613 -9417.580057988309 -6626.311867557728 7292.959735849647 -8198.415076322108
1676.147705802121 6792.775886321855 6578.731191743518 -1401.1672475406176 9481.219925889898 9306.826991971157 9954.89306209506 -5645.13699606157 -4304.977602238926 -1251.9018289859268 1566.1568884205008 5005.23889672177 -4553.396316416703 -5042.687472256766 7117.970632626475 -863.7849285852408 7814.936150079957 9979.813219142565 9271.261419767125 -2098.027997867409 7580.296976947528 -6867.113587423928 -8796.295689538127 -2837.6498950504465 -2309.133259826255 1499.7959431057734 5432.674073837006 720.5419125546287 6661.817521028399 -6575.981174071561 -2544.128168739555 8342.367465878644 643.652812498538 -4661.971478007494 -9245.271816232816
-6848.709896450502 -7495.480986194487 -3135.007518613981 9293.050773547253 7421.850750596928 8571.909400472825 -2991.286440936169 8179.833634361152 -4683.780510011772 4482.051978050658 5932.0745130723135 4978.0837124601 7220.320624253647 3071.9249432341385 3588.8126895465593 -1848.6699675541504 -4847.897188645654 -6058.548524613994 3265.8152348483345 2057.403448017547 9538.640815894134 -9653.414743692647 -8062.353150720379 629.7204443213468 -7424.863117776046 5813.0950546308395 -7925.784273871244 -8178.247318403364 4947.868380413611 9243.850529476316 -8059.628791910091 -9426.66338826573 8557.087401968645 -7594.047558233783 -8826.137592386884
7584.0983788507365 -289.17670943524354 9760.835627914585 7976.39628211411 -1223.289206093099 4628.543593557095 5566.069587623246 -6177.5971105362705 -2909.565783185688 -9610.284907928344 1738.2412821725084 -6372.990472343254 -4770.941044790929 -7776.80107578794 -5744.413374441786 3358.886178148776 -7042.523252653162 602.288446033881 -3016.8636821763785 2938.186078810084 -1182.4157276510523 2567.5364720949947 -4745.446065233798 -1290.4345337973245 2785.5870549618976 9724.691904203293 5501.388855716765 -5496.087239161493 -2183.6163718957714 -2833.898419968011 5359.496840977643 -7411.03081610309 5362.388708102524 -4539.118135971418 1725.8444439271352
-7657.050879611226 3270.435344284557 -4650.564102482564 4436.969416706554 -5756.372442981392 4863.784003292134 535.8422977966475 6306.678869294898 -1482.69852058196 3045.6361218720613 -7573.468542506199 7043.9960614089905 -1380.118404915016 -8444.510123315555 -8653.47968542871 -2703.8144169195657 2654.6166001584334 4075.3749749213894 -5075.012846823859 2795.5675323466476 1466.0330512639503 -7870.354408954898 9275.400173131966 -8515.812814592811 5626.135415859091 6166.046104310681 9709.537267041334 -1029.987417084796 -8419.567951064972 -735.7161460426523 -7501.234827602945 1031.994437577645 -1658.1129750263408 -4149.2008262411155 -4709.701808778519
-9320.482324374594 132.89882497743383 -1570.1933694285744 285.1123813224003 9303.019780336588 3571.0198799806385 -2135.7656885619463 -5471.282966460382 9761.712991638098 -3383.9660971111907 4152.26710983506 -874.7597953496406 9502.491852739924 8475.052603503944 -9000.596145581725 6268.974686229951 3012.3102499038614 2839.929077214936 -8114.278502058674 -7381.428620551913 4366.431510776763 6918.0956303310595 1918.051395328097 6244.170559789349 7140.454703716983 1205.2418833262 -7424.403446640855 7236.732498519887 1892.975260213023 -6407.605418323652 -2402.7194883467273 4587.26358928017 5034.798585095788 -1646.277161906286 4405.05882625101
-3734.756650368605 7322.913714823877 -374.8250460722156 6762.060098022372 6020.6626910945 -4645.501943394099 -2341.7032496168404 -3762.393888583071 -7405.405960212354 840.3174724552409 -2765.1555380923364 3638.147818401003 9098.882888367385 9236.769657011897 -3979.657568098347 2180.776654880652 -6149.841063209478 -6940.8470451076855 6405.300880775303 4557.022208486529 9804.77944985548 -8548.411974912884 -9936.68706794054 4326.3415567061365 -2825.715187979389 9537.09919082735 -333.1477213702474 435.03202603966383 -1201.4075585463124 3476.310774878284 -2187.5048283002616 2449.7479070682493 -7724.188515483045 -2111.236155258147 -6337.611398874244
-9771.783774805344 -2391.699900768185 5695.096779485753 -4927.677871332994 -2146.9689154760817 -8741.956341737987 693.0045674898993 -7861.498579458361 -3588.4830922702386 -3536.500987920368 -8498.36282271531 5015.344552130808 8797.13334313297 2266.4839882313445 3573.8816262307173 1618.1127693656745 781.3354508160537 1544.273284278821 -656.2658226884141 8176.144044516073 -5555.133315206695 2315.3305000454493 2320.7882805206154 -7669.580556722805 -9990.6385934158 -602.2570044858239 9299.002205626224 257.10538776589055 -8598.21458569804 4905.1920764532315 -2737.6370904807272 -8937.940652840734 -3327.390976771596 2213.0902787580817 -7080.3127136945695
7260.828110267936 -5721.124788912258 -5505.597887931146 -6559.289577903384 9544.22061649285 5428.514396780109 4669.211952615966 8380.585805830964 -2723.5844665024424 728.3957335521955 1019.0491339547243 -8990.24464704176 -4531.882700214201 -6544.507484490669 8412.727981926451 4279.543394635204 8343.234434312202 9912.064703678348 1282.151934352809 915.6406008316626 -9140.357854459886 872.0801129218762 -8033.306223457784 5938.434686187316 5260.666853488616 137.79493288894992 -3529.9843507464975 7055.282562255157 6824.376616470559 -1768.5084028819856 -7542.912370696662 4372.4356526242755 4616.690715123801 -9332.116251708476 280.45727366867504
-7258.345797222983 2652.683566112226 -7681.318501132541 9786.464076612734 1710.3563809018742 -9597.914546048745 7166.382740535446 6392.410399838791 2049.193351124073 4075.4848517158207 9373.667970591432 -348.80320851875695 -5872.6698793073265 -1843.181876775977 -3119.417460328773 3157.6884408782607 5872.183629487481 3944.510076684428 -6956.057283712718 2284.518635486127 -3250.4367871171853 -4677.973937878137 -5917.65353841802 813.6375152250857 -2090.810993944201 -1556.368559962053 -6312.016809547773 8770.895913099994 7806.251759882311 -7892.646596289695 8475.351403328008 6763.4395097981105 5244.393973955106 4470.850190085526 8672.524580347657
1343.7044406963541 -4734.578869682196 3762.4233514493008 9537.18375732945 -5853.752295150243 7419.628388263729 -7872.418005143194 -4741.247203006423 4818.705446494265 -7396.356976000547 8299.964992030942 8594.827520738087 285.3825060153413 -3330.4590307812805 6579.596205772188 9401.593523600113 3913.0843271786816 -4061.0958079948414 4608.132965789053 3928.9739163710765 -8786.787396302137 526.584309717422 -6165.398461123319 -4966.4925215431485 -9555.420165267566 7478.859688538079 -958.3779032036327 602.1842875411912 7565.476470854224 -6.180011792992445 6161.976727771427 -4316.823539641392 -1891.3069924610481 -168.8342293370606 4841.564853918782
-143.61555278508058 -2209.41234012332 9397.734520239264 5489.945309320481 8479.717521153616 -6619.399305191442 7289.3757481509165 1399.5708661441422 3738.7672730315553 -9953.097302026876 3071.0299681527595 -4133.068731050462 -5471.874770284593 9828.753557180837 -431.2420893157396 -356.44207007148543 -5635.467277915755 -7547.2649050094205 8277.188618410728 511.35184118218604 7154.478188605666 -4210.443779676394 425.78284810888726 3824.24089291203 -369.4230708194991 4847.436195486878 -8819.608789588077 5772.482657719178 9281.500455242709 -3348.708390224966 -2949.250418092198 7946.880590095767 -9776.867024872188 -438.5268154169571 8305.042030226763
4352.37674081337 -4772.701607732379 -4785.291301702086 -3822.5357413814627 7365.348647026352 8176.9268768065085 -4628.204682910437 -1785.4043948113867 4021.118347507854 1517.258912905736 3399.0291194463734 8532.455782642315 -6310.700836570919 7365.323351245657 -6255.35546698363 1803.716136281424 -8506.573577681138 -5971.3238329994865 -4055.5470151822547 -2545.8904360308798 -8219.812118638818 -1391.2807175965208 1637.2733753318207 8196.454624577378 7702.25112554825 6073.264974461916 -3505.2911643486004 -5352.522074456627 3424.8216142114597 5930.04962349115 860.30399833509 -5536.184703628049 -3900.8150057869725 -9205.489566283803 -4283.493142495924
-7295.428004271687 5514.3475438678415 -3283.2064844785136 -4510.891690887437 7945.262922756905 -2996.952903264356 3215.3164820967468 -7126.565828768949 7662.269743292571 -1957.3523353675264 4154.251072868439 2137.8896583088117 5056.488995841355 8782.319488498066 -7699.064221437493 5190.384659027937 -540.5893414506063 7177.872287901293 -4297.126671229865 3836.6870160486797 -6830.653003367337 8795.219888056392 2591.6526259139355 -6483.580522848917 -8043.617753450088 7442.795358273441 -10.666290171262517 9838.458327343538 7028.163007730625 -5116.473359795177 5753.832606317106 8936.898354584937 7431.060793610097 -8439.085672867153 -2942.1212172127653
7323.960427680842 4226.756541078956 -5737.926537446083 397.77917557538785 -3433.9461770415865 3322.0773365295427 3243.4089194239314 7636.730263165009 -9622.092592772335 -9495.402199498409 2825.988226947269 2587.3665194492296 -2010.3770388835774 -8116.109112683558 -7985.159695533075 5168.41252750376 -1400.3267202465431 -3482.98136895056 -7514.889554557473 -7917.237291377101 -3557.121709507851 -1784.8231325502402 -8990.462931667746 2039.2060936029848 -6370.053962996773 -4623.8074962168275 3972.1687688935162 1501.3182999790715 6625.664121805672 -6530.771472645402 1890.352851192698 -282.48651223030174 -1743.7276492188757 -695.2324968106368 1541.4690399961455
427.181802601679 3143.4704877436034 -1018.2861764985373 5751.282253594645 5926.608220492626 7604.469933690809 9321.954351856366 5687.789334814661 -5558.312874577041 5893.103477113493 3985.116850772596 -4200.750125626878 -1384.648788120412 -8284.892045150791 -820.6913466063506 -3789.342909733353 8504.065407547994 -2578.6906481255965 -2121.9614081071604 -6668.645609829351 -7143.173957730549 -5296.227615895186 8805.234922687887 5974.009500331635 31.421770461551205 -4612.797415393366 -9653.74289604072 8346.379353852168 5425.061911551107 -2183.455438013202 9484.461060201531 -1569.499252828724 -3924.4486387499574 1045.7349088338833 -6960.7534964364
4493.11007055196 -4181.941114229595 8390.25772273782 8737.957469006364 962.8208488714572 761.3785885830657 5144.132645141548 -9958.004048206287 -6168.693232712754 -6869.646693509341 -4660.474786482704 -6314.438354004972 7104.5008451034955 1049.4757012347363 2167.4075559130815 -2417.191422106055 -1565.2398358700812 5829.971375741745 -3226.7040043155257 7996.5940787808395 5000.441322150933 -5188.089218045835 -7830.197846404465 -2797.122160344252 -3206.2400696649647 916.928414499258 -8151.533351222722 -562.6831480303099 -3639.942308013242 -4764.179328964302 -3328.796792004853 -1652.6416573419829 2384.827614531332 -6945.713700178142 -3625.2277097551723
-388.2546405496614 -4208.3597893721335 2902.905236634686 3483.1042754654427 -3512.446304039505 1443.670211095754 411.92538435147617 5077.016983578591 5068.908511011419 4418.713973244816 7011.72090190286 -7371.451869057479 28.52888987737424 9971.516094700117 40.678052058157846 8198.970704071911 5766.362770686665 -7061.586880277286 3487.7521090019873 -4320.996802368124 -9532.961374875405 6850.627724002585 -5139.983896207554 7790.930667788773 -7252.175827970961 1113.568754699667 708.2196933762043 -5498.096089051314 -3498.0771458932813 6831.572057582111 -2881.153456161347 -4200.275502487749 3200.8105598386937 2108.9285878031915 7832.792020028159
-3898.04868642333 172.23965975749525 -9383.031679403524 -8096.932954047482 -4570.018646435796 4117.732878865054 6747.025819214705 -6284.282596773901 3475.1469422849095 5912.510121831192 3131.7722520031693 -45.352071635776156 -636.791316989309 7807.989384125864 3782.4298639807257 16.201012594296117 -6394.829202740542 -5313.411337458951 -3677.477563925245 -386.9502835302228 -4340.208811566057 -2989.2464988102092 -8400.182255966067 -9001.721078975474 -1305.9002441586526 -8939.0804320886 -5787.174055898843 4846.629861477259 -9949.643934095566 -9449.257775220905 4945.109466874272 -1884.6730334275262 -313.61042544112206 9501.330363336256 4957.20590475578
-658.4595768774834 123.00318041406899 8992.9279104645 9328.848238173687 -6155.580107424667 7461.68882054395 9170.285224428484 8021.780559842948 282.7020131969912 9652.81572338139 -8281.797096153889 -5166.48308085931 -6168.138674574013 274.4827478464176 8352.36754872658 -9476.18861647839 7584.189274201162 -3668.1962697840518 561.6345236055349 37.57073872966248 -7029.199483263465 3804.5741821020365 7438.602231848585 -4427.013693021649 406.6699076974328 -6531.514091870264 6610.411956605207 -24.02146257477216 4708.216520233873 6370.988468360965 1062.7715274336442 183.2622076758944 -9684.273918998784 -5674.352262674735 -8864.954149463934
-6834.848954655352 -3769.389107576124 -7566.695512545413 7938.6572792063635 -3383.494133097327 -1154.341408817585 8483.212322431424 -8200.055894472724 7072.727278093309 -9818.01689780728 181.8015047643803 6515.182622762819 -4011.7076377474195 -2848.6541826512866 -4947.320737938243 -3598.0737740981913 4548.379296846568 2577.325250622185 572.5530824790421 2213.580640193706 -901.2962110327226 7906.209655092913 9761.437864939806 7063.10036114369 -7086.405864789172 4949.576635601263 -7100.579238247565 -7923.003717988453 -2285.0693777842744 -1038.1566407383034 4284.060841024384 4655.7197556493775 9345.214501597766 -5261.821289059781 -874.3067341542319
5994.295792156967 -1934.4647295994655 5883.0898666538615 -202.6159106849209 -4430.730282862758 4383.83956527519 2262.8856776275625 5234.722210371434 -3466.2795167828062 -7561.051857314625 -3745.9635596120397 -4738.313647058867 5949.842554971274 -9413.492055906969 -7303.640145650532 -6804.162426774076 9663.681546562806 539.8520200571293 8604.194571657707 8155.374403783324 -1324.6192751235722 -6352.606052014966 5456.236117655644 -1782.949062312142 297.1683006591611 -5925.2751773760465 -8361.521115513293 -4382.3200317662295 -9458.413780678255 -829.8607003422057 2878.4075521454215 2144.97574250493 9049.937923567239 -4551.388581483413 4433.252666178698
-3647.421171067557 -4569.714320392628 6781.520222051186 -5595.764443933187 7075.130261541213 -5497.605972906407 7049.384749812121 1435.0670318759658 -1210.9052872298835 9214.655339734414 9521.060632654498 4926.645414243152 6311.433181377146 -4041.1385739865154 -880.4993061051246 6537.81001043184 1713.7035539436347 5406.395399495028 -3966.5505921454105 -1014.4038814466785 -9058.818860659398 9134.216329191757 6482.28504270273 3815.2161465838835 4823.6317484655465 -4178.998274785375 -2446.546292152263 8546.13365198356 289.76830863124997 -6683.92052933549 -3917.927383964059 2446.6438355758746 -5854.4102843057335 5077.906934978171 -2375.412174713525
5166.376550085903 1790.8168085640082 -7146.578257235007 5019.025527166845 -4645.851316821474 -9931.985299581766 -3060.5094631346637 -1910.0701769152665 829.3835709456162 -9918.966265392946 2663.934069964258 -7728.000976854725 8302.358750742944 -9256.825986639313 -1854.096348166232 9090.560395113545 3885.651161117794 -2172.5070323926657 -4506.57473256717 -6123.662818556077 -9066.917025892915 906.7313197598578 8772.184778799146 3017.1786118523487 -9383.916216446705 -8716.285320493333 -7173.825047413995 1229.4008350903405 -8551.226690212516 -1638.4995575838748 9705.745820041258 -7195.405065496656 -2147.0745624403717 7051.272631628839 -3276.9130854501127
-717.7559261419592 3026.181814994119 -5686.079504268176 1493.957034544097 4729.528229552616 2920.3814617298667 2211.821878513201 5233.970649469729 1200.72208537999 -4040.5669366321326 8996.629323377536 3685.318987000064 1957.5906038250232 465.00942225093786 -587.1699086531244 -4152.915534598005 -1726.3917596297597 7380.623777387482 -121.52697082061604 -1854.2760393366998 -2549.742387798239 -3351.308763225411 -8152.692489243385 3357.492570288403 8895.354272257468 -6681.519354436054 9861.033951043824 -8528.780672586256 6875.735649299368 7372.984650690378 9316.1982028274 3222.316196526004 -5915.359393786967 8712.650206118033 -8130.4401899197455
-7520.3737324813 7831.7974440212565 -4124.76271996643 5917.080380786047 -7574.284742071906 -9487.721948915134 -7484.439032562517 4651.558974863905 -9706.23175012116 8236.275116082586 -4121.698794098738 5095.5900987388395 -6762.55582442052 9952.879583518908 3319.1994996475223 1498.9006400054514 3375.49071867581 6088.409963485063 -9413.97533203131 -9401.387187748422 -1187.7769467219732 6937.798640611109 -7369.978948799915 6190.640937310212 2497.420153742287 -7407.204416064938 -7426.418469565066 5984.987871109002 -433.13332669587726 -8597.80522787151 4993.863659597946 6399.580007636621 4046.6698941542254 8489.939401229956 -2315.8777044606786
-5312.861059903537 -2158.7741825892517 5633.522093782505 -5474.428094545016 -2929.826693601165 5162.665607914503 -9468.764435491306 498.68732203594845 1476.9440857295795 3642.8498973567275 3041.3959319592395 -6189.641403573516 5385.182753280511 -9728.520876363846 -2320.048358506654 1356.1223440888243 -8951.87185676846 -783.8954325453342 -9187.749365473448 -2161.607950009361 2094.2726215040766 -8555.383927372452 6749.849519547741 -2301.359270602603 -9865.145382851832 5238.6493761748625 -4214.718431660942 -823.0337825373299 2820.61700472154 -7621.081172399291 2237.349205638897 6472.697725392241 -3647.4313818000883 9422.385449997975 -2473.461562933124
9149.253024759942 -2309.59924851339 -6912.298061655897 -9830.980809877283 5966.8289942485735 3212.23545197115 -2906.712170239043 -9782.487695960152 9261.370170259419 -7026.797735026195 2150.31234145081 -7011.0572235644695 -2731.46693352446 1458.1190771937017 318.7319396594721 -8211.577193725632 7914.391591809039 -18.305249317412745 411.16879542276547 -2708.2268437894827 4626.204413057247 -8193.635275910226 1052.695579876592 5545.29658693573 8090.721948164817 -6547.392183315359 5318.763291141775 -5387.650849759007 6048.154558898217 -9495.319463837322 1240.876806356815 -899.53746586755 5316.0607590169 5855.791652952468 -865.861650900677
627.5378915779384 -179.12884317886892 5247.543154416582 3869.692011867912 1632.0999158426366 3872.0883220129726 -4791.160072098948 -9781.620959143222 -9927.084552911745 -4148.60232865412 8190.509791809614 172.63025127845867 -8482.585340998725 -3751.354909475511 -9885.3297764272 -7718.480573763298 6653.393815230313 6718.28935541027 -9279.748948005277 7452.545383696015 2124.827154045817 6615.293357055889 -1662.4305628165275 3995.751003414891 457.32857960653564 -8874.538585549206 -3511.0130779246274 7841.306493115422 -4173.556631342616 -5346.861748378739 -1567.1851613532544 -6747.86496906306 -7120.695198421596 -2505.601942274784 -212.34953763092017
5380.867762424219 -6601.082211480274 -7285.403560526844 2505.2037650185594 9292.8633395272 -2773.9289533675774 2072.6722202628807 -5101.27961888329 4107.516917149882 -2310.1165314443842 -2936.5554803542727 1265.8609425725008 2553.4653240647967 993.8864329567368 -9215.21490258884 4058.0947816829466 4181.400675495288 -1844.7534642940154 -5464.375540677819 8628.781144386583 9902.654360756424 -7839.180145875229 6057.992090578429 -2466.8959440161298 -8743.417257352621 5011.179068271815 8333.030764638399 -4307.253789934753 -6383.502267198962 -307.79330322222995 9643.546702163607 -8555.481125274991 7663.290377425561 -3898.122084954758 4097.442984907966
-6780.8128355224235 -4003.9157429426896 3629.556495041361 -5646.523976866569 -5801.430727217529 3543.2084669898177 -2542.980595299491 -9736.974074739177 -3144.301909348271 7727.507181417361 5627.946953228116 6490.084958439129 -8772.24844466291 -2649.904124081786 -6126.328285541549 6579.005469246022 6395.429037436956 8955.187710649549 37.705006375827 5664.2166772592755 7825.729932818398 -3966.257341473136 -9329.819255871942 -9834.100802981256 1262.429974707582 4382.535068623918 -66.42753398504465 -8249.594845012605 -642.5834180829697 4942.396515490225 -5506.773516293384 1398.8178322409549 5980.709189654213 4457.230651363387 -3490.962008367389
-4555.143297750441 -700.058821167393 8023.209833995552 -304.3758865153741 -5925.582376833172 6426.178165906869 -3582.7295039644123 1170.7992281788975 -5316.635419966927 8504.54145860991 5201.033202896257 -5039.701737088547 9459.385447525838 -4512.603826036052 -5919.869975800769 4539.277453862656 9828.091433194382 -3152.444666580287 5584.827088425431 8925.562219228428 4688.701122241264 -9434.967535617936 -1571.9677838601092 6125.0610016706 4976.251211011646 3142.7603726748694 -4345.420463686644 -3057.524086312098 -4990.68335768947 4652.967435265386 -3764.180705118285 -1546.282640083782 -6741.918498812263 -9012.49204465531 9995.231120786448
9659.084911310147 3717.7660554395006 6488.124058250283 9297.11196136622 -5862.571583736238 2054.1150221374555 -2134.185341759081 -3992.0706502127314 -7082.0934909288935 2140.997699897149 6118.585547718925 -8662.274907147534 8499.633204103986 -7763.941639282443 1356.4119738131067 8195.753416397067 1344.7329156624546 -5592.8402269685475 -9533.151455081412 -2110.9477542269087 1500.3658894446198 -6188.900687267673 8018.461093974562 -9210.709743826417 6194.63832786403 6743.37949795337 4183.671094972973 33.750469954167784 4643.564876768878 -3064.4233525925956 -6197.103462810854 235.58388017621837 -2082.406819130735 -9840.5139399688 2094.930311258013
-8940.97738723315 -1179.6082201538156 735.9029463005263 -6806.673447451221 9182.296972818312 4524.579946395119 2752.3929074760417 8665.74341540522 -6914.3013891329265 3289.0313953487585 4887.42412635135 7464.731834893595 -1911.79719485042 -1868.7863672384956 5966.31166874207 5475.886117756238 -5202.754768057096 -1474.2853404328416 2007.5888667065556 -1044.3454943983124 8305.398792624255 -1233.9472069918447 -1433.4392754499058 -6664.20374308548 -4896.413093917496 -6680.264942559137 6428.0009950975145 -2940.5029610957436 5378.037032977492 -438.23941096479757 8578.691655150837 -875.7388837896033 8968.277125164124 -955.2074779533414 -7828.569510200474
-8248.103791761216 7897.798076374027 -1391.8553449070896 -3506.810931923079 4555.540787639549 -4246.851143477746 -3987.516829248585 4634.449353749063 -6645.363650098213 8297.136279439346 6192.7017746500005 -9364.292210826317 -1654.06253055247 -7061.268492665618 1774.246410093554 42.7362208297327 -3544.621056394988 6887.097896014355 2154.96017402056 3809.4859877585095 -9836.101169763684 6788.9789920400835 -6255.627590877866 9771.15746924173 -4796.021118239751 2530.666487224342 3188.608263510647 -6525.575763393421 2381.079122221272 5868.576186645123 -5497.663328520528 -1381.8275317236603 9673.384031461017 7796.761687620885 -610.6034212883951
-8395.512240573364 833.7894789718048 4737.765547629542 -7718.021270696782 8764.851478256562 9977.596194968552 -5345.530688642261 1098.3509305159168 526.4725186713185 5939.90594220479 6482.697746947855 6072.427350553513 895.353851130385 -4473.235434402696 5802.004446759021 4461.291036771649 2361.5514898447927 -7663.061674601886 -2276.9530967659193 -6106.10152554405 -7875.563772142118 -2714.129403985675 -6148.350825343751 6560.273274866755 1574.3657894582957 -5770.140642653563 2154.7648136292337 -2930.5402939670503 -3647.114376655234 -7875.874502242879 6635.021329694293 3587.594473936828 142.72024128106932 -2188.7122727413844 -3885.751588591833
-3811.515720467005 9061.147901111028 -7693.961672733991 -2563.0121572593125 -5322.6705247573755 -940.3360862770169 -5022.199080687242 7916.080054351041 -6744.753998564154 5428.555627893846 -6377.160930131442 5406.634759128732 9559.233850561704 -1914.2179028569717 -4371.2533001517 8299.272269392288 6375.616964033281 9748.281343380455 -8658.316687982706 -3275.9574388459205 2261.536609006922 1946.4683087235662 7812.809127784418 -7130.301994212476 -7999.422265708819 -707.2882603172366 -475.7244653319376 2709.6157211093887 -4578.978039591064 8789.967379640733 -7910.079248677184 -6911.292607249983 -6359.279389171759 -8283.799429030947 -7064.398619553001
-9094.356184441182 6163.87240854335 -8352.841725176319 1034.0661746634432 1211.0115563804775 -6112.35443899828 -7068.750129431065 4196.902526272535 9825.120596721703 -5676.416942915978 -7137.254426054189 -4071.5561681670806 -85.22588082210314 1386.5135647329444 -9790.387409460433 1973.8784150078718 -8094.743971351112 8450.898415915479 2257.8607396655752 -3369.474381196469 -4437.931995316002 6804.923348680815 5954.760465646526 -2806.6648543619594 -9007.061567171959 -5109.682780744904 -1450.563418462234 -7316.35551936141 7142.398024405506 -4872.852711631271 -9923.688198427448 1291.7092413087812 -1850.4020838675842 -4530.450512288515 -9641.822101924858
-6766.915998521461 -4186.290230464629 7918.617878025023 -9069.719673279793 -5016.979989010748 -2094.5862663868975 -7765.615579740086 -1141.0566423221007 -7083.499547212824 6500.985177869592 481.8398491986118 -4244.335753527182 4034.568060666088 -512.8931300875684 -773.6872780614503 2109.043256188852 5758.830425226955 -6738.345435551 -5097.503741243505 -5620.540378364903 6546.468700449244 3335.8689878815403 -9310.371996575828 -2239.3412695183997 -4859.565022174288 -3270.8077771749176 828.4951469607731 -7043.890756724713 3066.030582639294 4862.595233729917 1121.2455669414303 297.30428168328217 -8253.263801412584 2755.819601617439 3864.157749040445
-3536.9840786278764 4915.099072697156 5203.189553504306 2533.9070709253338 -4072.872205569922 1118.8500008687188 2376.2391858418523 -8628.298606679982 -4096.852707155605 -664.4919392625743 7660.123456026569 -9461.304453261038 6202.248903279868 8186.5563220318 -8611.861696749314 101.482400053952 6077.980828210999 -94.36639176877361 -9885.353354880644 840.4797159220179 5442.078812044367 1616.1337322435847 -6455.48797499001 -5336.136337691062 4964.834955104725 7264.9099865162025 -1633.1871354314935 5934.956061598417 -6277.985817377663 -2598.4157818796702 -2689.0662971405363 1205.4048134660843 8931.994757424181 5383.286460585674 2275.769341650559
8339.047243481062 -9137.908306956455 -9519.455157097058 -652.773661637686 5991.783821620973 5402.326006452115 -8635.302004236493 -9386.917211623662 -3134.1652915317627 9686.33984414671 4466.606879376957 2149.0069313682143 -2215.881217750315 2901.948904081999 -9502.209816747447 5577.809704172942 -3492.1472340261307 -2296.814902347348 6580.827459251101 -5478.672528420474 8446.196298793417 4590.756847755078 4133.687384999199 -9672.900104604358 1429.0534945209492 2187.5812408898637 6654.134041609588 4773.077489122006 8016.049895154585 -8809.137878701433 -8821.371576176125 -5543.850677252355 2944.062729555206 8760.904961725966 210.7127264247556
38.938350727326906 3455.8268007604147 -4255.6213448390245 -4371.071541116021 4437.417866840395 3244.5215415825805 4021.149556448916 -2306.808422721625 9052.442836518796 9837.550621226055 4924.015836397348 9320.769752493183 -7756.88802810047 167.54858223691554 -6023.239967817344 -2151.879849654657 -2252.1053451140597 1781.9410454652607 -2461.8528754994995 -5062.806734982192 2561.808691137061 278.38254592841076 -9088.2049458818 -9542.848729568279 5393.996129477122 6576.810716961729 -9088.445627450843 7870.1147747469295 -7605.800163548583 6887.94973207383 -8918.411753500928 9767.49005726447 -340.9404714162738 5614.6735133474995 -5067.974046965312
611.936584672867 2731.282967371937 -9289.791200611162 -3799.331415138374 -7061.59654658525 -5388.064800028274 -3848.2165228726317 -5988.885770231527 -3260.963231427658 5811.537604431665 4757.529737129647 2435.408030780751 -4639.301701549048 9407.459806626284 7228.448804691849 -9247.250756908425 3289.7721129425063 -4284.08545060118 31.478464284722577 412.5876931984403 2261.379478583809 7234.832824135781 7567.5897872477835 -9296.390341673135 838.1825240410162 9657.603411444452 -8822.53315770092 6703.8552449220915 -2662.239685018575 -4267.31254837228 -8891.898323378151 -752.3093077113572 6252.4401447357795 -8735.113933793926 3249.2215901930867
-7674.865828947848 -7945.7904023908395 -2034.0478504886514 4545.887119127137 -4579.162725960866 -5854.504567876895 3826.2761867547106 2836.3020106750064 -8556.099870820959 2480.6819986377013 8746.756999806337 -8462.285241774736 1201.7149287054744 3226.0459501880214 -421.1267935189135 -8681.288372119008 -657.9014574243283 549.1152361861514 4248.517992091707 8287.678235904888 -6586.082793395142 3520.758140507727 4588.3238890310695 7623.009467476295 -8865.330606217714 3237.3460467145505 8996.125921985637 3981.947145272652 -5669.942192733486 6691.367759578283 -7703.972174455845 7713.905709053401 -1064.5151979975271 2918.0241901670524 -6677.120679699397
1 35
4100.314728193767 -692.9106494718253 7010.348138925237 -1086.6212332950436 3514.6318753468677 6572.854737475282 -6075.524144174593 930.8121371213601 -4194.363579109501 -355.75816735471017 -1894.504690041037 -5895.3094891260525 -2282.0367169615038 7313.706870071866 9328.419490534008 3169.470434027746 4194.831942025574 -921.4562269216494 8052.80982061453 2319.388268341885 -7467.824098966876 -1441.274816857418 4347.177398632983 8107.874648090237 3576.352129749821 293.24344283855316 4570.728240065078 7398.322776881028 -4453.743155575907 -3248.4662399412055 -3157.0534263809004 -4735.61156519831 -1240.8156370539564 -7058.388692917659 939.1609633379321
