87 34
-4641.955052016138 -5946.680766986498 4946.386501011335 -2846.039122724742 -2307.79710600578 8178.960860559546 -2232.4707234128336 -8280.691707629983 1075.2137587311463 3901.631755405617 -4963.431018785754 -6234.5943187474795 4975.281251097096 -3512.8953305894247 -6599.966441519286 -5588.802756967246 2840.83309966052 6382.991356515331 7326.21272305564 -7897.930938164816 8416.634923296508 -6265.365298219051 -623.6176506088304 -8966.653124577024 -7660.9558209934075 -9402.646096124545 -5679.123652876264 -3699.887012479541 -6787.72343820834 -7110.831898124619 -4522.6837676772975 4504.626647813551 8852.07716433069 -7175.514049337939
-1898.9622991907918 7848.562661260461 -3230.080674803239 -7983.526602762645 -9614.180823463217 -653.488256629571 -5328.207184275213 -9217.231185086343 2075.0951436903324 -2197.155384325156 9745.089082544306 982.9265600713406 7317.3683434067425 -8250.79291934334 1505.7445735528145 6629.761363691443 4182.510502937654 -3273.18626564634 -8176.480004132616 9609.349546832727 279.4969421886981 -9440.824267422628 -5216.191060682664 -4221.903086315697 -3159.186742067919 -4725.059987436377 -2143.7979051323655 2941.0972449601086 4284.904998943175 -9739.61780816667 -6314.748158198516 5792.39989134451 -818.780263442748 9913.545979336865
9720.33212941228 -5211.192611257816 3037.949700981533 -4796.2344972636765 9709.758481265959 6709.371545779108 8101.279102859466 -9784.101750318392 -5019.979580111256 -6550.923868653158 5909.316825315213 -7659.1848869886835 -2862.160654825545 -3359.0999843830386 -567.0834851022919 -1161.8773604325434 -8881.57053640154 -7978.294450773485 -5082.631756200624 3968.9545600458423 1241.2608496164576 4090.6141772637784 -1096.3376299861502 -9163.736297122214 9988.40639419161 6919.168679278275 3743.3277710157236 5028.161465447929 -6149.181140853811 -4827.978146148242 4426.897707779903 3759.9683884625356 6912.122271379227 8902.094361902295
-4285.667836518592 -9754.915913813473 3779.0245253146877 8501.594911647673 5966.519779570634 8268.751574532926 2159.9531336841137 4227.423372906607 -466.30855454190714 7909.6754015731385 1736.912656676941 7972.24304637394 -3329.082597871684 9708.722974408742 -590.7920986044246 -8476.622335556714 -1617.329293378265 2045.9825029239219 4545.839350328068 6808.713534799757 -9810.038127566468 -4923.393439753118 8377.91655194723 -3214.483998229476 1160.1726490140936 8749.181336930847 -8256.8695995933 7006.629684068703 9529.574630360436 1013.8658781423019 4815.269621023959 8469.027422776355 -2505.783992273309 7537.5990117180045
4645.116164038243 -8051.893742430356 -4931.414222051245 4359.2446957864395 2904.2867511558306 -5446.971864086092 2376.269352826095 -3819.021649168839 235.69004225001117 5262.4351005182325 5211.282959351582 3849.9320898388014 -3507.4448689446845 -7267.960782002314 2249.54767010433 9479.417188522231 6203.711739409988 4691.388915945678 405.91648999682 5401.459008045775 -3694.245228873867 -2840.68550788174 -3081.2846098600467 -7216.675382451567 2790.268772082074 -8507.143987894866 6771.83729722416 6066.845961051991 -3780.947834931969 7841.420193637696 -3563.3655084647 -937.8469354392455 5185.942228810945 -3606.2887293371814
5529.131383092928 229.17498644183433 1544.0794587000364 7419.8804399163855 -556.0284926269214 -6474.798887087863 -4489.883446016094 9489.383383806759 -7304.325192848553 7639.079071572498 -7720.858231849985 -6854.942923421546 -7686.194077790853 8506.435011638649 -3105.458761126356 -7346.081298881954 -9726.150672232723 9836.762986718364 3758.081187012096 -8575.742187206972 1143.9343896483751 3760.5571565865666 -3421.261584105395 -801.3627553627539 -864.3019207902908 -2217.8090995872117 -8114.72947496648 -5253.506955363166 4023.4638863330856 1475.4112415073378 408.3678336975863 -6745.128606323518 4379.752802821333 -9202.19394808514
2362.671504736354 3979.0866226171966 -5059.657936373778 4446.246984470095 -9904.49619901446 -208.24187924024773 -6703.161332732306 -6541.170879917686 -6521.674296496636 -5546.071055276851 458.49781418405837 -9849.635044907547 9517.956663647718 -7435.455004516929 -3820.8549600171746 -8897.225252449402 4649.342899322724 -5736.639186160126 9394.99449769008 -6354.923633930285 -632.8251294980128 -183.920831123296 9589.956579563113 -8094.017419282031 896.5386988907849 358.4107631004299 -3956.186451953942 -2755.4986944836337 8128.522232975149 -852.4910096656222 -2077.4320147737453 -1178.3171970103485 -7437.864758637204 7914.653648226962
6810.273943721964 7352.743350036839 -8573.705207256979 -273.4548423029719 7045.0889058944485 3094.291427323167 -656.6762802224621 -142.36352707451624 2927.7480776966986 -3119.8054961866674 72.49058235795383 4473.87379962617 -7094.05841872935 -2073.1673699946905 3365.253948173222 -5583.730007584209 1525.6057053795048 -2282.3799421534986 2881.337500283076 -2912.2351896213904 -5018.864391107989 -9968.50738888842 -3248.603354135 7076.569467314992 -2012.1697921061268 -3176.499259796712 -7492.220165009838 9836.954364489808 -2026.460824007665 143.33854578575665 -8863.657276460346 9062.334705726356 4690.963822215175 -9402.207581979546
-9234.043524409035 -4685.224464895483 9601.167893032136 8563.310939921426 -7043.790838612634 -3397.483259485325 2337.981182360845 4339.642840629005 3098.354685100603 -1236.1061519775121 -8574.693743935653 1016.9475163612824 7265.560853326129 -4913.1802679978055 2528.919773018226 -1912.1574535255377 9084.859616156537 -1177.9896913667544 -5842.4662833630255 1050.6009894285398 -7156.70984998187 4476.047960872687 -8855.856530757948 3826.4500033394925 -6103.413445132766 3344.6859613994166 2300.421165438749 -8678.193736272926 6537.185961198855 -1877.3181925123135 4452.795927749628 4005.464989187454 6209.681997460013 -7738.62003716457
-4016.9838449620147 -7575.470390326167 -8547.597493675077 2726.58994322109 -448.25571633235086 739.4336125966547 -2757.8442968894797 -392.9439002032723 9796.430162147775 -7165.251193545936 -1503.3607054548993 -721.3184476789665 5783.114444780569 9961.812639356831 2141.4851237902294 6126.924814678265 -2303.831779811192 -812.554950635029 4856.907239729857 9444.398628403927 3078.5463028838603 3700.837781757258 -2865.639014154959 -1478.5676359597674 -4986.616109058795 6754.355131760676 7648.614856773409 3827.8007790267347 -4205.928428840582 -7746.76628308566 9140.5619415691 -9379.315830514804 499.9815853735381 -2332.098908749187
7608.295373590656 -2169.0772628272234 9327.223356376635 4627.141888407892 -1150.762634910745 1960.981395567076 5399.796663021925 3008.535137363422 4999.458390081945 7976.269211283085 3157.2998903210464 8585.648239925791 -3416.1967175194904 6762.481224996001 3865.883707987914 -5101.918037950885 -2483.018347353028 -6439.980854941463 -5808.65564680225 5820.218759578382 -6742.770217780842 -7920.798052433435 2623.4610669089034 1268.418353973988 -6596.304043524171 -169.66900842632822 4052.8809626237617 6813.694742918975 3855.2528708484206 8834.385524926602 7186.288754158748 -5770.428533448131 -6739.4941351329035 3388.3930869324304
-5318.554742206754 3374.64068822258 -4903.498320420176 -3930.6744003057356 9198.873823232163 8494.188289747934 -6523.213252696522 5001.538615344221 -6176.519605754316 344.0285284300917 -1102.7321841011671 -2789.6069681715426 -7987.169219749905 7914.467736728704 4594.794757479125 -7446.831075478509 -8583.390716827917 -2577.7790108982554 -207.00559246486227 1024.6678875382258 2037.7699282474823 -9992.864472930067 -2329.294739489218 3115.5578374217293 -2417.9326412168884 -2925.4688247880713 1335.320360140111 -4940.249176375426 -4325.020438614335 1500.685024129898 -6554.564540994556 -5103.483947686105 9618.91071728956 762.0406479233316
3165.481167062406 6927.312169479279 9336.583656516545 7607.153105766876 -2879.4858063768625 6906.289292691708 9363.786863403824 -4587.923056594496 -8992.954021352034 699.1823616533184 -4275.076606032062 1774.7930963240433 -5218.491353965469 3548.7950580978686 8583.069444463992 -4507.185809059133 5392.802523465614 5130.46584721123 -6327.833846925588 4929.9934350591375 8033.0892710763 -8762.736837546992 -3731.203882337897 132.0200889630578 1657.6080303456674 -923.9023840456775 -8140.339367964458 3428.3162419070595 2997.7418489401516 6140.778665913407 5897.355179723145 -6929.207979182593 -1831.6287972481305 2650.592676901424
4207.192426189618 -8202.641431417378 -2379.759337777381 2890.944423674573 -2462.5154811557186 8655.400847797322 4461.312108133376 1545.9747900922303 -6016.1898999677705 -7053.2853033598885 -6430.167362988666 3860.059135673444 -5318.78451342878 -5823.823261276013 -7531.508481633409 4643.9351915937295 3441.5883094344135 -4388.893857849416 7229.190179187983 -5483.119144418079 -7046.06951319672 7497.35997237463 -5552.377604031933 6371.387298749987 4098.102759278334 1684.7155031013608 -6000.0288034285495 -2191.8970536340685 -328.83435559384634 5480.340850192641 8290.099314034676 4982.703961193156 7853.54265736046 -2420.2637935721814
1755.4949511548384 6660.984785829063 4698.22369227066 -7255.149485682528 -5162.404704283423 1768.1617520063592 9802.845883276968 9938.890066045024 4653.648687725648 4577.140372452168 1248.506057227929 -6901.621824159376 9576.744641826237 5891.326992107015 4537.262188308125 5724.933247996407 -4984.998926144264 5221.983633960863 -8724.574590199789 7310.259598943976 6582.983446913768 6666.724001706072 -549.7147838200108 -9518.152109820927 -9915.410466667925 -9696.462181123068 -7878.910830088479 7738.684798006547 -1878.9702720421556 -6331.498329147709 5884.789854732873 5154.423438945951 1967.3294056513405 9814.270895064055
6540.700977867142 -8871.159149426016 -4026.844613156002 5436.269211075629 1402.969096029752 8633.437578678826 2497.1509672160446 4248.614928725128 178.92495976562532 315.9104830060369 7136.280755956475 6407.456395268269 6475.788891685144 2607.9335383195794 8419.951507184269 -1735.1466465962967 3735.3102671551515 -5512.6879620016725 5357.602416930789 -5724.397984407168 -977.5883059125645 -5287.265504794767 7278.061289444166 -8033.833684094296 6618.201700462781 -7695.244201672427 -2048.997319318144 -3223.9339450352136 -4611.374496804643 3576.8195452593773 -6325.541345920605 -4709.9412020824575 5889.167646767632 -2083.4452298084425
7998.646759639581 3257.171346676516 5250.369570436733 -2690.2707341683563 4816.325374185635 -2658.928199843891 -4646.0877740350015 161.5480800403384 3074.82296179528 -5420.051170034132 3445.747445779849 7444.586159341656 2403.6530387269304 2874.2895774986227 -5769.432946658963 -5265.623153234915 9475.378083890231 -1724.583355031542 -6054.1341399348075 7674.716833837141 3374.7140027664773 9311.898995756492 -7431.580550258432 7669.431985847161 8161.102271874544 2196.130907845927 6318.599378849192 -9285.43656741079 -9659.820220986277 4411.7715111720445 2924.5110817070745 -5647.1177680333385 -8704.88002387565 229.50904180131874
2389.1501999550455 -9565.109806741295 533.821527550137 5525.8338012381755 5048.644334032559 2366.0202846312222 -5244.219194080537 -5149.50080914373 5838.100871000501 880.6846396826186 9654.697822421542 7931.096248170568 -4315.297377067442 -3925.6228716837823 4442.654590675547 -7118.04650177212 5858.768775788463 -7328.710593309666 8384.092781251933 8419.398692747065 8272.227456746037 -3978.864295397422 -6212.431638672926 -7526.510557881734 1096.2024328821917 7303.047376025694 -7886.855212860913 3201.8060396138644 -3859.0425417740626 -900.2265022055981 -8794.15278377379 -3617.1631969730834 5606.86427573113 316.5608083159259
-9409.559082746686 -5549.196058484349 -5966.414633984973 1414.4969213272543 721.0627963122988 6940.550155319746 -2224.9754457930803 -3030.0682145602505 8220.791992719987 9422.353458539255 3645.7555089110956 6429.888374752078 -7317.642799267156 -2651.770038968546 5240.542285855765 -4151.512450127894 2525.493251954822 5159.184690304224 -7170.108469031114 4143.20357122639 -7417.8242125104825 6712.575729133798 -9271.622402480902 3358.7437240165236 -1482.014042475137 -6863.405472230639 -6310.953841996172 7173.329647393322 -7867.64745804152 -8758.201684744072 -2982.9095367272275 5719.88957668201 -386.57782563897854 9665.725361827448
2326.4200880748103 2573.0307622426044 -6047.333764709501 -7335.952226603053 2864.5788823711937 -8359.632097105972 4982.617843780135 182.73611642241667 3124.5261056486834 -7388.614553290436 -9623.786258354981 -1379.8485820777023 -5091.809308790527 35.41652030799014 335.49754700914673 866.2753195236637 -8792.059603310288 -1348.3836840282293 9092.011161241535 2028.2293220691572 1572.24234792686 3803.1873396439296 -7785.568694383735 -6985.117594588368 2698.005522059224 -7922.973626180228 -660.5807990141348 3531.462845602795 -4650.436969681724 -4559.125702262352 5524.715290135611 3973.5193466239416 -6156.608573315487 603.2216747514085
-9638.094742418045 -775.450841274318 -6834.634856783823 5152.266530063078 2664.0154263582135 -7817.178447015933 -4945.921673083806 925.4920241044911 -9381.854278418221 -5713.759852037255 5077.0245890478745 954.5721707329685 7132.564637830234 -335.70745612851533 4824.540628201403 -237.1241852224557 -6854.6143873025485 -4823.182304000226 -5443.036685996285 -2287.4482040738767 -5296.761396112879 5121.238306710964 8926.065419745068 340.0361759652642 -6083.938641510247 -2796.874021006117 2700.384213018737 -1287.8780413370878 4578.476918972987 -5449.210022115442 7286.930549870238 -692.0810236489233 -811.423323225199 -8468.685412666104
-5780.76826153175 1335.5473679130391 -1163.9557369044524 -9809.167814429402 -6616.73218357416 -1498.374924477068 -9226.919173505452 -2744.5890018001774 4895.84562844175 -9764.022573729422 5829.418734077897 -9202.99615276567 -4644.484954450556 333.3522843409246 -9533.317705148238 3594.1398026666666 -457.16359233082767 4237.739903081661 -7425.342547847975 -2792.6172301819615 3059.7185705894444 -3383.6783397160207 4492.540115366912 3712.188055414088 4256.955305051297 4944.836051028022 -1577.5943550631473 5740.117670447713 -6113.380164378754 665.3843382119358 -7322.381246581886 5314.957838801907 8290.847301008791 -2691.963941859659
-5078.150949619893 751.0066649851233 -4040.5032945637913 9355.090756278747 -5263.129840322705 -9232.532627777593 3718.999371223772 -5722.09720016831 4579.356390091556 -5122.687328516251 -8286.00167241089 6780.779147545349 -900.7099193859394 8808.488531085997 -4675.994455902876 -675.457490633471 6249.366122741389 -5948.069497034669 3683.2371524708396 9243.545696989378 4331.88317993606 4302.841062718453 9202.580469389224 -3752.779148269221 -146.06075842206883 553.7916003807422 -4726.846219231899 6048.7858054036315 -8993.982328964274 607.4683522639152 5977.922613567689 -6372.592458403299 -2420.296685093371 -9937.00534297275
-6836.543416257381 -1892.2502894630225 -7382.005873204509 -3453.6528716317607 -905.9923431187926 -5104.237091264558 -2501.588308827576 8250.81982321733 -1237.0878853065005 -9814.237634734669 -3334.5924859154793 -4488.716229893744 2145.264000300307 -4114.052397932431 -22.29107288096384 6878.814981128649 4625.018704282256 7354.647917341132 -4964.097061052799 8575.156051505914 7177.388310073187 -3864.3571129013153 -9539.793667820662 -7086.784519393345 3782.122340595857 -5594.166474302234 6662.024935579233 8478.279568637947 7085.40763479485 369.80638187329896 8651.957829278359 -9731.632974584447 3308.924057284452 -5442.286262406273
7142.498032324318 147.97403842259882 1437.7172793303453 -1789.250803065961 6705.681874762933 5466.309235009827 -8604.359173527551 -2050.4392472509835 391.41127172066444 2411.6131107760593 -9614.382247850102 9661.383692272033 8860.530092519726 -7359.364339489809 -8805.66190562538 9314.060626496477 2741.180290252758 -8034.910657873868 3129.9973209825057 -4635.942990485418 -8800.845433592784 6680.8656972396275 7669.820232871622 6638.928271014651 -5444.909838100034 9423.540409506615 1862.3770828968973 -4274.886016466983 -9863.365439095602 -667.4031321653183 7987.189941100234 -8945.294921912771 -7759.676782593948 1439.27092189633
-1449.5173497303913 -165.5038339280818 862.76449513439 9195.324028317395 -1633.0952640295309 -5531.743380960425 -859.4993805417016 3278.7177222583596 2976.5681656925244 -8993.92721085452 9342.798005376382 4046.2241824480698 7676.911832081023 -8833.436175672317 -8514.59606650822 -3039.1655949962733 -9875.19143882736 5991.874509504243 6622.41699118922 -8865.14067217256 -729.0418608840209 863.4334809755401 -5564.963849078892 -9384.579087514754 2013.3620098898791 6311.930980630674 -315.7028303284096 -1690.569565250733 1586.019445576927 -5024.148081900375 -1297.1089778213045 297.5893024774614 6351.801460137931 3914.0391906237965
394.4717106418866 3757.226790857814 1461.8210733764572 -8894.762107762208 9483.25402843099 8758.904284155862 6633.471229487259 -7640.019889572182 9835.622108255902 -4238.791679824625 -7931.897310120439 -7372.810536961137 -1172.359063312595 -526.3623155337245 4904.227705861576 -4483.314799394589 -9773.388379162316 -2988.1484961262768 -9916.34289389664 -3543.8115711316523 3708.218130537378 7802.6384246784 -5074.274266175238 -6731.8532886699595 3082.267978318554 5528.826873645279 -8658.50739429292 -8738.842815955426 9838.023378147354 79.13773967719499 -5022.051106641792 -8644.290504896522 443.45524389256934 7413.45514785526
2808.622747106674 3169.2898962227628 627.6598166752174 6305.928488772717 -1693.5742492013342 -6679.0581878608355 -3439.27995040981 536.5355783850173 3514.58357095668 -7499.928758782717 1961.153565208213 -121.58012552075706 2692.218827204395 -8335.071283004347 4100.831119422495 -2469.719208459358 1657.4057456119754 6998.012595392785 -449.5903425712095 2475.86435546298 6665.39759329367 -6118.303634143971 -8753.645569902777 8199.827375075525 1769.6216496096986 842.7569264398862 2856.6008182274163 -9403.480159899704 -6196.092316472557 -4172.164848805773 -5502.997295227443 816.8334941114754 1015.6344431432681 663.5209418045433
-9883.395139768205 -1178.868269776036 1692.6507425816344 2480.157989335774 -8130.48260809255 9716.809340107775 1356.5504923065691 -8560.541578216325 1786.767071051323 -2389.384427265355 -5258.68957246083 -1111.0151475850398 7118.791919099382 2115.841743371915 1892.5926123021072 7446.347041690493 3107.1083310708145 -1402.457824264413 1513.6748208510562 -713.6366558504633 3283.2192160963696 6015.6325752190405 5758.286087621895 189.49604591217212 796.5621965410082 -5442.822226075062 9999.087041497893 9744.584080107947 -6472.8538032867555 -4689.3239127364695 -217.61721629992644 2731.224708523181 4284.917776134022 8192.499408832358
-6138.156245261981 -9075.689058429827 -8640.516985828102 8340.179675418123 -3972.26500423397 -6275.575022362463 -2109.2233266018793 -1018.6739967152007 -7147.172451310351 7706.902589666461 -7647.033716565744 7974.265305001591 -8275.762550875239 8064.045157519984 -9070.359896998993 2136.326695021282 -9722.010063879223 -3170.7776722070194 -88.83675420345025 -721.4633647058163 -6444.671283798007 -9679.389054457897 -4193.955778519005 877.1537232809496 9198.548656963136 4304.829417338355 2055.488593920756 -3288.1811865080454 -9098.697759532755 4571.112163230109 -3820.7829849999443 -5737.669812835182 -8039.18652341117 4440.342369295702
7090.590314242723 -5221.479884511635 -3076.5851239760786 -1702.1047594103784 5638.937230558067 -3726.8638726063855 9275.816665823422 3619.4737925328354 -8677.746682714333 -7083.141710443246 -3431.4596930602256 -3786.944473214089 -8725.64975643027 -4603.82524736495 -7715.217568307133 -2841.995155666572 667.830246855965 -2316.6560783914656 3042.908134083649 -2921.7064834618814 8533.631448381191 -6800.14491065122 2486.3288818658602 5586.182393558485 8972.17037321239 1323.352245202239 -6138.5769993113845 -4807.43397172746 5532.2686764339505 3454.199713173248 58.073951012493126 3913.264286855345 -9744.356720528793 3927.538686293128
7670.9870000509 -3571.168753879281 1257.3312215562037 7848.771468625044 7993.138018726444 4741.850917505546 1548.484800984892 -7313.04207062127 6792.019970487898 2554.25714746813 -2416.9445333258955 9031.520173544504 145.18846217158898 -589.2873876299891 -201.37033715730286 -8708.739396514791 6456.829619432247 5091.379866628933 -1107.66517310979 -7264.556797857144 3069.5623340444836 -3182.3800975102267 9424.092842187463 5686.044599234372 3000.907320829585 -2064.4289948442847 -1034.2884976476216 4237.171175724725 5509.158659450028 -9341.06213327223 3538.9075715090275 9715.911182658438 -1864.3335227837324 -6292.042715162452
8968.234700891073 7299.427165295521 -5913.007057722548 -7160.010120508211 -3442.265393147066 -1820.1586787601818 -111.11517686761908 9531.59503852082 -5906.677956362667 -2171.08676232344 6206.993696739553 8941.192898294576 -8745.358361030369 -5451.80232371081 2133.6805483214157 -9786.30333596375 8707.997562551685 -929.5650834317676 -7043.626948546993 4212.825838019251 -9155.47248426848 4751.617551231753 9664.963219202087 -7276.39222680791 -5181.356569886393 946.5660489192996 -1103.618765844869 1472.1583062195568 -5486.977183457598 2418.4615791875476 -6237.966620592952 -5194.477027682405 -4413.453951315462 1055.7591835497278
6998.47250640409 7866.4527044360075 5034.460639828083 4521.7685624467085 7314.285498320387 -4455.669906548074 4850.002158901938 1451.4343968076519 -120.1034902985084 -420.9524350349802 6218.7775636916485 -5532.476647276767 1788.8896415835243 -2309.349543866466 1388.3613899917837 9308.904417883889 301.58961259935313 -6481.570598513431 -9662.840706206413 -3639.923025004892 -8145.084613543742 8413.416061537435 6136.329167247217 -583.7054681478476 8991.167358024974 8249.48367887914 8020.818822683625 5444.776372239381 8890.969117357465 7219.294434632426 661.114495429234 8214.84478717201 -2527.200373474323 -839.0718035055052
6683.308682915289 -9731.420135007225 -158.7275680483017 6252.118468237899 5865.750119738344 2742.59066929421 -3574.9458098454643 -5604.06062561168 7251.858417089148 6590.367007918325 -8955.029242856042 4495.24464086447 -5048.744208630979 5509.535119998154 4924.538839520033 -2657.3338246321246 -6168.930909081485 2178.3293669814775 -2363.1557570675077 8202.916153138442 4032.1190375172373 -8659.839318738148 4301.216285520939 6992.3279779127115 6985.600681192907 -2002.1824328876446 -725.5124643787731 7567.980823270009 -6942.642387949687 3760.300429983199 7463.563628617998 -1910.1379084352457 -3970.9626686265055 -1473.289315195827
-8072.531131880613 5195.116244642108 6112.515975271443 3366.730010223675 1504.0321339194215 -7717.0471503144845 9160.854503866562 7508.4720234247725 -2449.6718367217654 3026.9085167069297 2172.1668904977487 -1199.769977417698 -315.9316188843459 -6592.160287536528 -3850.202210618203 -7469.031512291295 470.6567032776438 2193.2227089125154 3345.4560477794785 -8534.04525274823 -6735.409225253142 -49.4211143040975 -2720.589782094871 -8619.599193396052 1536.8704283191873 279.4059418227898 490.46389024716336 5546.5200630361705 -877.4781629024656 2356.336443787619 -4082.3385728473413 1421.4386909454843 5894.145577026209 -8846.666659457926
-9486.630595262335 -6996.475370426396 -5340.028599418984 -7909.122379300986 258.9208759026242 -9194.335446960473 2348.1926203433904 6573.975411303316 9329.389775984451 9662.487626142476 -5834.269143667532 4181.209306504048 -8578.063529954145 -4013.926669790282 2693.2646874174843 -9591.708168308469 1899.5276830521652 -5453.596701542158 1966.095455870247 5503.2647879510805 8440.298180618178 -1580.3069114750979 -5489.816911777656 7398.690151704774 -7974.1168311528845 -8589.726179760886 -6900.687809249164 -6207.8265591482705 9986.678628961607 -973.9885810719443 -2802.221727538783 7275.915719255365 7506.602891654984 5593.204202692679
-1950.211829806034 8036.304801623424 30.352334023993535 1460.5664098152138 -2524.2038286893157 -552.1740076609676 -4748.215901960871 2587.256721701673 827.3271321173179 -8360.67242659633 -573.9927331734161 2264.0888536691764 -2635.3624467374657 3276.6947719006475 -3475.4669630623703 2171.511321375843 9265.805780065803 2881.1474381459884 9890.383857450197 6331.792873548768 5895.849059966291 8830.335585738565 -5113.137884336101 -9743.658343983612 9547.05668554666 3315.2050053518706 -4718.5284525128245 6302.303678612185 7045.887326361029 -4848.695201488591 -7036.857779070338 1706.6718764622074 -3677.9130711058624 2524.9788114621624
5557.841765355404 -1401.1910957719829 -5109.861367116835 2883.477974324296 7366.330001826616 1118.4646087889741 7542.972723666542 -2179.82922006839 -9672.313458465565 -6864.264958054289 4498.895263389353 -6422.021350180898 2321.273492942317 8823.319998299445 4550.813426378752 -9126.041677274421 1916.2579670468967 -2157.7259238853694 -74.19751700088455 -1994.534068760694 -467.93864335424587 3853.691293150663 -5049.649954360227 2668.664982225384 -690.8343386969245 -8481.822469565312 7764.827123555839 -9035.302429159987 9271.349366655246 -6698.8433688782225 3959.855486380391 1976.8268891448006 2161.86207476448 -7792.094573335322
-7256.470465058426 -1097.1108693175029 4617.836429774998 -4772.594795258953 2216.566860591938 -8025.95302097719 -3753.1102594541244 64.22709373331963 8370.367485858806 -6920.7665281455165 6360.824572178803 7053.777088287585 -398.34765683650767 5559.538934582179 4268.100473170349 -3906.942826661246 -5168.449077369146 1736.1870575912926 3316.921295475846 -1303.7780388407064 -8872.920992489699 -1826.9777653094607 -7463.964011761969 -4637.5180206616415 -4418.120551065314 7474.559980545731 -2203.1100529283813 -6205.781623473298 -6817.869296964643 -4343.049364462661 -8616.874110989967 -8157.504294548883 4585.326283147739 5658.550438914057
-3859.0249018174873 7071.170476033149 -5709.639633082006 746.9443261592787 -3475.766673809777 5188.008351959912 3205.1868616515167 7982.677496334483 -4242.4091438796795 3822.434753944959 117.39535748013077 9055.617779156368 2259.016368372464 -7228.3525500746055 -7996.018993799492 -5880.88591958682 6529.261535828005 4726.771694599878 -8592.98992057157 -4632.9414040368565 2970.0674220441833 -9068.213528420178 -6988.9520518848 318.6710221007452 -33.11929835091905 -1645.4298008817696 7567.222527267746 9153.991650081127 -9880.658559724323 -8335.024282058981 1848.583662248324 -4658.302387895885 120.76603570583939 5531.006919137022
3398.48834711123 -9329.885642535624 -1420.605212122333 -3681.789583487678 8523.472492600107 2707.129007229574 9864.885077810111 -4928.057996076245 -1362.9208425368506 -4016.9240761588835 -6398.340706384532 -9116.576751103064 -1262.0268281157078 -1981.6197669989633 -4572.714242069589 -4937.8408365565265 -7496.674320760965 -7650.488341810087 -1433.8968702149741 8541.810572443803 -9636.412440216987 -627.1561935710142 706.905280153107 3862.8884755874187 -2954.9721901061203 -4427.415772754443 8532.481284773487 -2897.488158756105 -137.3586060657326 2737.409191608871 5971.7057482763685 -4053.26549235693 2973.654059361077 9687.906415792419
-5424.9370824284315 -2827.8126543291673 9427.988273628689 2438.4590735545316 4078.1286072576804 -9839.077614976313 9114.446157925227 4070.8396435473132 -9675.852393515994 -5219.2438980465395 -6560.29392559917 5620.493064490103 -9929.663954527563 -2864.6940348072912 -8182.741269106439 -5449.904925059283 -5927.8151056400975 -6161.656370090715 -228.55376389609592 -1817.9915605832894 6146.192262542016 8436.73845243911 -3151.574545795448 9459.000686390911 -7823.998954317409 -1006.267994293019 4510.900930304606 6456.199161298729 -1728.879391770637 -6024.6467698091765 -9938.864215234531 2933.3704783975663 5448.437312936281 2215.3939699602306
-7340.229638000539 -916.8581565358018 3174.522608164778 2564.2886686203474 -1904.4560605984425 -6604.4235238537285 -6412.125101544241 -1477.5092167342227 1530.6133322170263 9995.102198597993 3566.2166528848866 -6590.361366350843 -3991.073226441368 -7318.741497290315 -74.01241148869485 7994.334322862356 -233.5272434767303 -7841.094467563153 -1609.7089404396684 -9897.81372302234 9032.77990929595 -5473.535904416711 -180.40936463391336 6694.431751686559 -7761.574278435204 3020.3228278886854 1531.7405981255088 3593.6577657871476 9922.724211466699 4921.94162756572 -8720.815879909087 1618.1075058042989 -3195.887920162164 -248.4100619646306
3443.4602916188614 -9.643471188228432 130.89895983425413 -9631.745506345354 8171.037052652813 8187.012810217537 7090.39382347502 -2616.6936136031163 -7040.5947036826055 -1487.4810195961436 5497.899055222906 6425.423469808677 -8083.183395144664 2940.6077702545226 1755.8885515368547 7512.665274609753 -2094.1567945316538 5135.893589832107 829.1620414717763 -1164.8216516089324 9001.056312775127 7843.6791465378155 -1547.0587740922 -3015.6452818937614 -3587.7958103223564 -8663.01230310648 -1758.6772164326085 -7305.076856493198 -1252.2641893873952 4072.8014740139024 1865.0008487335017 6161.938944486494 3861.656245023545 -2464.5273838859657
-7982.604986686894 9068.11158766771 9165.080395945417 -6058.47911560538 -6569.1429468678325 -6596.52189608827 7998.572316371723 -9103.72155749358 1591.3902306702093 -3741.76571820968 8856.303757105004 -4728.970252063884 1372.8227593975935 -8286.167375888706 1217.866122764186 -8940.460639413657 -7741.749242360101 -8095.875207121408 -7849.372618356001 -624.3265101774814 3179.980785255433 8924.405647530224 6670.397734614315 1352.2982960372556 8915.520491453772 1915.7766297682883 -1887.3743357109252 -738.4763678273212 -2731.752732302728 3284.408779346695 -9858.171095691192 -6445.035901661438 4416.7335420474465 3938.65786399806
7972.189210638826 5496.789128069417 -4459.6923473000525 -4238.134909590949 -43.15997298207003 -8036.983656373078 -3715.0725578681067 1214.9226770167115 6908.058997635973 -4680.950427640014 5158.990755376712 -7148.632683364724 -165.9963271422821 -200.8856689603781 -3195.738475548491 -3345.9184053943945 3959.5924561644442 9301.71244633937 4305.0190882377465 3711.6219869360593 776.5452915344322 -4425.092640092307 -9569.847932571085 -1418.6830019828612 -7655.216666783514 -4655.973805492155 16.20030137588583 -1667.4605980330998 932.4781705520927 3439.7250153464993 -8567.60323039033 8999.73903557142 -3513.6627865137916 1245.4284019304996
-1147.790172487934 6899.131544662945 7659.816704896435 -2487.051562292968 -8771.64214798988 6281.8901221882825 3085.5454581579797 7152.923913255836 -5128.94534533169 5125.482177348767 -6902.226165593353 3165.7891701253684 -7593.1155261959775 8571.844269335557 -7694.826873388767 -9866.679950480071 9237.064707380578 4467.4345547283665 -44.299587225859796 3332.8795303906245 -8888.623446324662 9044.79883973789 4373.4014188008605 -1135.290097749481 2519.2066906973378 3495.9005717953933 -3083.2318079102315 4240.746622433855 -7861.341193847198 8475.02374694997 -7555.156225980375 -3080.623252587924 4318.405059825553 8563.87931020949
437.76961500298785 2296.8451585416096 4446.567209948176 5882.360078645959 4575.8260983729 -1187.7010111292657 -6570.255696214531 3187.0641423904617 -7847.046694047306 -7738.212855739268 6417.2480097304215 -5804.203206430602 7621.270006695529 -7396.745426239435 3162.4492632995243 -4929.077266541564 6165.410350486156 5863.177989805461 1510.4674067752057 9852.748774355601 -6597.398130317475 7802.24092688083 134.96263567351707 3104.7895509694736 8490.192209717537 5623.268906544361 5826.057482169874 -5862.421761937045 -8539.444215940266 2129.485778019278 6304.6347359097235 2179.7453875913816 -9814.875620305645 -3409.3824948424563
5426.725545701745 -8774.818552706929 -7548.986694064141 -8961.252887251956 -9252.688089693671 -3963.42010479241 3665.52799571154 -3945.53142530897 -4962.267526330317 4217.360280297262 -658.4588458535491 -2517.7076714697114 6250.966730796983 -2496.3789606434702 -1809.0629892714014 -2563.8450664357797 9331.791192528439 8759.892991266002 1812.0488267459714 2029.3996413862678 8645.744388178278 539.0794112733438 -7041.827693115277 7359.547309262369 9485.433022069126 3347.25660183724 4341.333682375156 -3403.0119567365746 -1810.054923856761 -7520.239596316869 -1953.2657945811025 6837.556475091602 -6640.350381729288 4004.585619101861
-5484.57609975274 -6495.042224597447 1082.5537603861158 -2513.2714261789442 8029.2586616193 8429.22554711489 -7425.599011420769 1584.0648499584695 8847.407873792694 -99.76913565414907 -4954.142649145144 9737.54735509448 -9681.904905233585 -3318.0877408508904 -1627.189188249753 -3742.7476308779515 -3399.0807590510167 -256.00968230307626 -8030.927931587464 -2949.6755067055046 -6605.629533446451 -5793.101925287887 3566.31190855762 6331.356597810984 4498.332966898861 -2177.1332557222213 -9496.920575297036 6955.279602342067 6962.036507216748 6809.192372713878 -1207.9079627315186 9821.869520490498 -3844.2980121158052 -8319.245908835328
9599.299023812775 6456.530133416334 -1595.4485255314466 8329.87432069772 7172.9188670880285 1582.4089996182083 563.0323708307169 -485.28155106126906 5186.544697422252 2063.8467463169545 7498.651184277864 -9409.180818344315 4929.366073363843 -2623.020146850463 5699.724573219566 -6050.52721689592 3664.667655447445 -6785.394831385201 -7361.486494353624 -7011.399300541692 -9495.169253271995 -6703.974480477787 5798.730696809211 -7689.771960685539 -874.5877845083651 -3742.979371825899 3012.3542738827764 -7594.223702258909 1918.151901120451 4062.505510194538 -8219.831801485323 9828.176071592989 4694.226733010313 7296.674378666474
4337.5374528424345 2144.826519084929 4233.827849267513 -9097.976698615676 6688.106390844361 287.4877991992107 237.59773753011723 -1886.9129863623366 -1543.4422366080398 -8829.515226431124 -7529.91289535394 3541.317927047312 6903.209297282847 -6634.2431966174245 4009.2954623997357 -1471.3846521435607 -3007.3441988155537 -6445.268748593125 -5769.712412779307 -8742.266690160423 -4175.1376617178585 -8205.573026950351 -7585.338690706591 5523.768953202472 7158.846046405437 -4254.34416337702 2769.8034629011945 9593.585838099116 9156.317166131867 2155.7083955443504 3080.0717844685787 -297.35343120298603 -4907.025766824296 -8314.934080243882
4543.813574350819 -1335.5995302950669 8398.296963816741 3700.3940043834154 9375.261932581001 -1871.6719494495383 7023.844924388486 1304.0406639744233 -1140.833789403283 -3337.5393719678277 5226.026675619678 2763.994915728168 6692.650611820474 8586.197888360202 -9475.822559988523 -9414.775584405728 -4040.0223874647927 -952.9262267512277 9073.780236820356 -8706.172428602362 -9290.44369035442 -6828.667142780354 8625.026462018064 9436.183430918038 -1777.6241496011444 -1603.3526309474182 5444.9497627995315 7262.634545799436 8100.290157603351 285.3922475008749 7288.997964822593 -7674.271925789582 7448.3899393768625 1999.029723513584
-5211.300661257196 -9775.859285369015 -3612.384711370196 7121.096280305785 5210.2146484051755 -6713.53060636461 -2740.010128980921 181.67698990406643 -4885.962836704025 -3522.755659188708 -4085.758652008415 -3548.695935261663 -3761.3457233840445 -9025.200089108937 -6388.781153679078 9351.271666198336 -6420.0925801629455 8000.628234680396 -4380.758548320576 8583.761228465977 7947.727342013237 4991.087362802207 6948.087745015149 3062.1861658770285 5675.600175791635 6517.59557782609 8437.845476807706 -4410.576919181924 9513.682239105325 2208.5675284344306 54.63650396844787 -2648.594668841247 5515.26763132487 -1946.4860459293013
-575.3910941476006 -7333.734825141741 9758.375281749104 -4679.372489328292 346.7094954784279 1883.329470526458 -7164.985609525936 7848.612691679718 -8462.781082874164 6476.340264077629 3703.0805404085004 9329.996666757546 3143.497625313308 8815.959518917214 6619.56099260681 -254.56191211012992 866.5560151480149 6385.2022199424755 2618.9438912829683 5542.1356820853125 -9395.81728687884 3357.979740973742 -4688.865959248882 -2915.662378091326 6040.151825135092 -1059.948885041822 648.0464245185849 -1166.0478630702783 -2410.4819404622367 -7501.0738607857165 5818.619553314311 -8954.696131116 -5708.506196986585 -2076.1663166538265
2769.003044168894 9334.81321795694 -4228.055327908922 -1040.2661879993484 7997.574062181084 8778.1846947466 6391.32439443254 2163.50227522589 -1005.3202758101379 5921.597432643193 6463.6346063316305 -7104.346098866947 -6863.695080293335 -421.54913092043535 -3448.072297599554 6222.3308719960805 -9159.33068219876 -4100.739239943576 -9721.017262403271 -4090.576473535485 -6521.841199355658 6604.838310327981 912.3790873760317 1048.5333260621883 -7042.006280563302 -9099.53797556492 3368.559553684554 3249.372988311916 4628.400317701342 -7901.857082097606 4796.593857415388 -420.0803514277577 -8.269790363527136 -6576.275800593503
-6408.567288576938 -9560.009118958205 -5607.105732720052 -6848.253149421648 -2082.4316348593075 -8048.413933865643 5467.5954547063775 -385.763126996535 -4358.979981907394 8657.834010178925 6668.682245477681 -3839.635157358037 6136.536336388501 -6163.743907512704 -3667.6879849200095 1406.1963265356226 -6186.29419785422 -817.2748799371711 1328.2033630677179 -3912.207250505493 7445.931145546783 -4371.709158288903 -500.9352077362637 2741.9476060688703 -8374.567664921175 2406.7828025142153 8339.230254155107 9342.407171346906 -7572.470368475184 -3760.927170329529 9628.221986451259 -6189.44274746166 -4082.585860543013 3156.915830076092
-5031.8830897894195 6251.670760454032 -4581.906835734791 -2624.556958755935 -6000.035519775882 139.66788575879036 2315.156567004018 -1770.3431653925763 -5518.013155771518 1063.557743823274 5392.880321955583 -8141.8280342219205 -14.495493960197564 2809.730239482653 -4286.988270931973 2717.516424236892 2692.033825766235 2920.079988513153 3381.7785889185943 5599.427439416857 -10.034064276296704 8088.437345471957 7251.651584381911 2234.548597839872 6716.904388439707 4622.294831955707 71.4579803876095 2305.5273566826254 -1746.7363024111019 -662.3197123068021 3637.310120794311 6423.211364794097 -8276.68810542201 1607.7141544168571
-3926.6659538835193 1394.9255059498337 8557.541705827087 6642.903112956552 9460.472479212018 7908.473698368118 3261.857597189921 2597.784637141149 -5562.013339745515 8234.31193098045 9204.485852047626 9579.983844968116 -6269.343802357424 -2213.7963490383263 -7211.873426344515 -1477.7267101998223 9557.951632364282 -1321.9243157185774 -6545.7120914688785 6598.704682939664 -8760.489598581422 1406.679617757045 6813.159949331439 -4760.752556374988 -2763.770093211304 -8867.898963945165 9627.857373684132 9528.927369846097 -6571.4989273351575 7804.019110213714 4538.323588647712 9627.33520480063 -6125.060184238709 3770.87718139981
-3574.3456064792053 6516.637009866059 6374.763558734188 5817.84964466935 7337.63974448575 8956.261113608609 -6775.504313515528 -7559.106676684714 3749.6793119919694 -1888.192395338282 6098.616863236637 7148.362657358441 5299.912166945453 -918.6602186506334 -3288.7557191525566 -9852.481636724466 -7176.934837636762 -2673.8768338298423 -2896.7188227451343 -2936.885605976713 9531.085664163147 5990.126424786846 -2460.2482625517205 -2635.16673267596 2260.5589049223763 -403.7904610094138 -3687.000774397984 -1791.8268017249193 -2209.292364621376 5343.388507465403 5413.736075357796 -754.1640336159635 7526.460179827322 2039.2643014357454
9772.82620729375 -2262.329643827803 -7603.443450088634 -8694.342115440231 4118.917715544818 1356.323699728231 -8093.405565214273 9881.05885266803 -2297.395819625749 -3990.8081379839787 8536.100833029253 -6919.641945700083 -8900.320303593406 -31.516018835975046 -2131.550326972687 4546.412829934372 -4708.31081954663 5954.163150723112 -2863.630977369924 4316.0909484244 458.6984672565213 5659.579667621372 -9879.399582735989 6745.111651760282 -3756.7958429688388 -5567.445201577339 1900.9057255781518 8432.83395491395 4356.785201865912 9623.30769465345 7014.682489632018 -4042.8669957726224 -3559.230545303196 -9911.012958629035
2037.36301367954 -7270.714470873252 2417.528767781172 2516.0775820011168 -5.050963890789717 7004.218884750411 7077.517380008743 3754.037746060214 -6503.565545758831 1334.87642179668 6440.801512994978 8947.221414068874 -4683.695844207121 -1554.4525287308406 -2417.159437460892 -7784.8810304786075 -6478.089120154824 -3039.0350150400727 845.0047034475338 -7925.330206552497 -5760.5258835546365 4771.065361815923 -6731.815502200001 8381.242239482326 -9705.32582049904 -8673.585906589547 -2474.5956863054653 -9956.24409122402 -9097.554962657709 4882.112004749339 6520.924058093802 -426.4196655231408 541.6731355268785 -2835.679750427942
3893.055679322135 -8606.730798415969 -4083.0382166398067 -1150.1081432865885 7591.070398248234 8349.051840770779 2476.19470320825 7435.317697731192 -8343.984032753786 2270.81149769858 -3844.198810755268 -9912.139203936067 -3220.925329343043 6692.330157690249 7922.792383104872 -9661.41207799111 -1076.4210286032612 6288.214236854055 -7972.102134939021 2435.2384333252994 1810.203533345566 3985.9055843001042 2339.6043057388742 -8870.326029524678 -9252.278323755585 4900.418423709876 -381.2210110591386 -153.23303595544166 -4289.128788903027 1269.19682192437 -965.7544592996528 -5036.414700123386 200.4940517716077 -9415.59276636357
-9819.78438459229 9082.844643939457 -3419.1070353942623 1026.7964621208757 -1247.511494545377 -7857.22445337168 -8420.058712674701 3591.5997997993036 3239.493447248851 -9450.736153586477 -9841.897766117037 -1725.977470020889 -9492.948161469165 -1781.7175276703456 5486.548911085412 -9964.548155280252 7584.216149988286 -9102.6117805673 1401.319274851874 307.47678591803924 -8955.48228602787 -8522.090054244693 7048.147982189781 8177.005410961832 9149.871412264605 -9168.669794200276 2463.045200296223 -7591.88949110051 -9002.32865695199 2270.547343366825 -8594.698433241008 2439.683535139464 -5917.127658344756 -6477.6672334961695
9825.049348645436 -1488.7176846442562 893.4622783486338 -6009.693675777712 5675.767935164986 1687.4362121275408 -7946.802500644192 5426.102189986506 -3295.5724925194672 -3017.8480619356815 -8466.301584671915 9.236602452128864 6013.025981566254 6789.0186333828315 2865.4501060009916 4792.69560610378 -3594.549571675463 5955.908094495768 -9422.52512152597 -452.63293337886716 -9128.127692093874 -9286.326958573096 402.98706568331363 825.5204414905311 8198.283943422211 -9096.74898020795 4643.969100450293 -8382.288414804938 -6999.39140008946 -4986.295563037784 -3759.0577119800028 4081.0175774414383 -5000.7704815274965 2411.494103898016
-7596.012378355022 -692.5397931701664 -8999.368141659827 3555.6539218618345 -1142.7743676740793 -7137.231531532238 -5784.842761576143 -6900.166627772944 -5772.836717713543 -4101.101112362031 -5546.837297363283 6411.24658432071 -1762.1654071023368 -6084.740216900611 -9278.2771258374 7033.936176378738 -6885.20618922569 -7511.6008819986455 -2888.465240420115 -4183.66647382685 -7060.477738319164 -6156.186625539807 -5398.338148236948 -4231.477042807881 -8315.265063335944 -1050.0207542507997 7010.795899616245 -8663.35923267537 1458.1251573582922 6531.428690516081 -8459.090805891685 7808.0827458418935 -1073.425869555329 1146.2215296180948
-733.9406033504874 -3097.274034408837 2557.938031595524 -8118.410865069527 -183.36252515039814 -2333.464922026129 1184.226402599963 -851.4910287573548 -781.9869147234313 -6079.797422884912 -6254.998651948685 -2885.261437263207 -4293.7531801339055 151.59525833631415 -3737.795941257007 -8056.690233500821 3200.4569284486242 -8306.103190509124 -1504.4298461372182 -3687.0620271185417 1654.5656625801785 7893.42906059296 -9687.006493280787 -4536.380335354266 3934.95001786552 175.99557078164253 4708.532291847283 7656.256892033263 -9987.625178237791 5135.5005171011 6200.557856331865 -6227.373028411538 -2083.7619931563722 5517.583475147603
4429.894664398411 -8807.524733726024 -9514.543713187373 5034.126767273288 509.08539301327255 6207.611263779296 -1525.388197584767 8451.20077859988 8646.973211527806 5738.665650831777 8017.526893201102 -9058.178053414022 -5933.514571832581 -5397.189369923465 4365.8661892774635 -5468.211939983867 -5263.084378731544 1202.9693639403486 8427.738826682937 -5451.182374249037 4665.343866368963 1086.8039191772623 -4748.558115199304 3289.3475620162044 6751.902977851823 -5435.800155426429 4882.970375745395 -2879.3133436321214 -2203.5828268324085 6332.862683471516 -3378.6301230248155 3801.3597380960946 -6574.865497575933 -8994.583523850759
7056.087179022496 -4313.51846113121 -3626.965849226369 -1651.4035547364183 9546.792816439302 5463.480141079877 5549.244625465932 -7763.475345789877 9243.004622306744 1200.6652656209844 -6328.891615983297 3496.5478576036294 1833.4246987836686 6286.907942869688 -2144.8096922555424 -9865.599552938564 1319.7619101739328 -1965.9855474596834 -1433.1995413849909 8138.6654770448695 1512.6475857408477 -8821.183688930887 5719.688161665259 -9034.417085100076 -5949.325189312789 -3851.153481890926 -3156.895494466152 -3755.62597307336 6630.209745431708 6996.308786751255 2960.9263488130073 1124.2272270835692 -8795.301117363273 -853.5555084069401
-3071.7544610110717 5823.144661813047 994.4632013231021 3440.7884920022716 6842.201756681021 4652.753409851424 4585.387982080416 3918.280150442577 7497.6810328100255 -1953.352463743694 3466.0034359893907 -9418.630931721515 9399.649127286139 4678.885235544474 -8151.25073811688 7972.663300367734 -1896.6149335204018 5002.425332512603 1868.1685204886562 -6463.564642163362 1927.8965204218566 -6173.96385637554 -2923.0727123156285 5225.106151358204 1699.153109253013 5188.399907249532 9771.702881616628 -6694.00372279195 -5177.246041690393 -1220.1547545337598 9878.529828546547 -7592.39514349541 -8651.67210165764 6014.994920301979
-9408.693771380658 -4750.046026874686 -325.93096569509544 6604.263341634949 -7058.664127336206 -1818.0572357053907 6064.25224781404 -8528.823707962523 -3032.877851020153 8650.170556634814 5168.482568591775 -5957.657701211858 -127.35165101817438 -2675.921381346222 -9773.84019926915 6751.04672563784 4022.949737335948 -3556.892139655565 5569.071361138258 -4672.898349077978 3278.1980595148943 8239.384851111023 -5989.84680544117 -1792.434310195982 5713.575157178981 -715.590532696815 1008.656606898543 -8758.966807965466 2961.56268810007 6140.203333164265 -1395.2597413264248 -311.5775810669311 -562.7049952731595 8715.027297567263
4733.761751799968 -9506.187943338253 -3291.509342384493 -119.40870349792931 8300.76798407084 5294.271666047529 9121.710170311322 1602.8697735422083 -2106.4990622870973 4907.125931100003 9639.944999224765 -7276.7355019939605 -799.0550293405176 -4082.3395118615617 -8044.1012553121745 -1427.0605292535565 -8859.408973982547 9907.725231119603 7814.733848765281 8281.738063383182 -2373.972664257609 8130.7755443165115 -4939.993865559988 6039.793676506253 -4920.30729005267 -7562.632569789514 1149.563745361067 7568.9077719536 -6976.169411534827 1242.7709019843096 9652.445816489791 2865.7525463452057 -8247.917781136703 688.2363568172423
7030.645421316571 1436.7669036325806 9506.181030724503 4904.207437211628 4934.103980925494 -1682.5771459755615 -5673.080552913354 -8506.813328919325 -4959.4470526688465 3009.661553871323 -4328.283949836516 9045.478868711976 -8914.664162556362 2989.3201966846464 7018.981090771238 9047.058257926648 -7850.595694236399 9234.569050159887 1001.7820611326351 -9809.249534737497 8627.312049245607 7201.522370214705 669.4936438788773 266.05579340315853 4010.0058193570385 6993.553343932217 8993.006171727706 -2189.3837886407464 2991.0590074730535 -721.0563759146553 174.44939174308638 9961.509333306181 -654.3030124164379 -7022.868848746502
6379.558074051336 -1824.0631880001756 6797.1240283764055 -5540.971501239705 -3033.4277571537596 5076.227989343484 -9996.845946496138 2047.9303942446222 6583.588987303105 132.6425069949746 7368.117200048702 3408.546626777719 9434.834763818286 -5678.605511974029 4246.1984134746635 -303.38412113832237 7516.895190448406 -4430.23246532263 -1480.7226972178414 9126.219355478483 7826.51994636533 6539.104802841608 6134.735221478755 4463.948741207596 9228.535390792455 -1233.1667594639675 -8802.67972689416 -1435.7299479669837 4704.656354991499 3687.632715294072 -8411.191472190003 1321.4008392511678 8763.353339120913 3015.4167848762845
5009.203788049297 4166.8051224355 3643.4136679178428 -5053.818947307062 829.8872716490478 2378.8732972876533 -5172.931148614694 -1652.456421218314 1717.8129137843644 -7201.251034027589 393.3842602106579 7744.558168601136 5865.593512818636 7002.827144257139 -587.4456667721552 -7952.890501550079 3052.76255261987 3278.5005130517147 3252.773492533339 8271.12409017362 2109.67712703303 -6565.849924019844 3658.568163182763 -1950.9872843484063 442.6963557660529 -6267.144990709359 -8482.5098395582 5604.358525204971 -9029.412765053525 -9683.335051823324 3825.154149157832 -2202.698823953151 9860.594797233549 -525.8150856646516
-109.4158248807853 -3777.651421179471 -4934.566210929099 5037.302734419991 -5209.688762469329 1022.5370413536748 -3691.623523793095 8416.359642306688 6417.547800087632 -6853.166037480911 860.3334535602626 -9158.171462177144 -422.55623169692444 19.054751792782554 8041.234419572087 -2477.887183106942 9678.428177996724 1541.3825290040277 -3621.520422602498 -2605.424973545105 5190.537219770798 -5694.324770240518 -2759.804297787209 -786.7192003978525 -9241.403142408877 -9479.88665665086 2410.2749028505204 -5108.888631298359 -4262.42259385589 -7425.440110207844 -8395.980638376603 -8390.348784651953 -6881.166068641638 5836.316507101417
6530.0592640183495 3748.008786675304 4576.736207260301 4636.317813415875 -7204.266459153699 9713.521479188617 -9756.854544626438 -725.2245003532134 2218.8996329727397 5487.348104964265 1500.4887632067293 5659.184956056597 -995.8127563905291 3308.904602514527 -5976.19453167666 -9522.533096076551 3584.793901252544 -8322.789611524498 -1422.0135214304646 515.9748212337527 2975.04093015103 4795.85884069253 -3683.18197348396 -9365.415539235924 -4782.56514472043 3547.4423493237537 -7169.709746138508 -1325.6864345534686 -1393.1819623888186 -5572.1454975489505 -7915.666479145435 -454.8060809612816 -2705.2195037665606 -149.7857692384332
1628.1663422810016 2765.1043233407345 -9262.258375172814 -4487.23920964603 -1192.8560473659309 -8956.694881300222 5608.667665551768 -2140.5723450024852 -2151.898385567035 -4740.869291617054 -7013.018367571531 -4926.415493878227 -4838.351649370438 3694.46712221658 -1078.5471762898633 -5252.643335174245 433.58699342455657 8536.137272012584 -3436.5624086594516 4930.984379938978 -275.6052268878775 -6126.680858600015 7373.138160407041 9511.69621050345 -2862.037584943364 -3893.2143664411597 6418.0213510093345 1316.7868690317628 -2581.6376004283993 3513.643577734998 7514.608087874014 2404.3550459582857 -3519.2688988292357 -3267.3480058964906
2674.752596293143 -2891.631523606122 8274.814811819786 -4060.936817556977 -5938.366554437433 -8470.746322211835 -9783.698072090796 8662.079374695582 2371.1064316988886 -167.07517345591077 8592.585764838572 -3768.350391098361 3179.0228010019273 -5078.842009147888 5490.6886280322415 -9805.398771052738 -4733.439261931278 1796.6899659529008 4173.528112924489 414.9662588043411 -9870.102835765396 -3594.778635185702 -238.98242589304755 405.209662081681 3506.4122795099647 7075.682457366587 649.6083233319114 -6754.196036869624 -4667.30078566989 4695.901763903697 -8208.4971201097 3319.9590875594167 248.41784861423548 927.3450121033402
9027.85752767804 -7150.543267011597 -1636.759608997636 1190.792981464523 -9264.995483336053 -9047.398339259824 -1807.9209749766287 6731.431422332869 -2673.3165322416235 1861.6226662966947 -4178.774110274155 6987.330662245389 -5735.721706382537 2811.131368813125 1280.5994513801088 -2057.89000685296 -4225.063333566121 6913.7520934279055 5929.659942687018 -5528.705461313776 4679.284118334881 -4377.829274551934 992.907078261107 -7419.826583781146 4345.707878688008 -8578.45245615243 1273.1293481123448 -2312.02141432578 3488.0493871469334 -3426.386304771223 3652.0787780085957 -1707.0736916922433 888.0785579736312 8997.374279473854
-9694.52841273427 -3400.413570092118 2413.937332669724 3269.317091031522 7744.20636388451 5165.89872659528 -8804.258713912392 6821.791799987164 -6031.243989053277 3762.6882217120346 8361.137200383568 6630.983939524285 -1265.5564366789622 -4861.571028130796 -3761.2985377018185 -7190.933262557981 -7557.922736535079 3564.3073982394744 3258.50251000195 -5930.890628012373 -7687.718395704138 -7763.828014091902 -6972.762098839038 -123.44577308520275 831.027302495826 8271.31144578008 2644.3082802136214 5085.899851982404 -7942.617207043018 -2897.338657460007 2933.104804943847 6094.156409420579 372.85522487265735 -6732.957621175139
5778.949640142055 -4546.042276396698 -5130.053235978391 1373.7068569409657 -2475.2654389853124 -8901.445565596345 3832.0519256328444 9360.187927177842 -1203.8950953304975 -4446.353548922941 4230.594947424728 2999.0466208248017 -3165.3084822134824 -4220.712427146218 -6916.290339782092 -1006.7486924721106 7454.083126002548 -3565.6177508327455 6224.87589814805 -1358.0683189147076 8513.317485585609 8637.831237449562 3318.1756953036893 -7089.662226334745 8268.332611843638 -4759.244697449776 7840.171273126485 8624.716007991541 9887.950568644974 9933.262040811154 4143.841966534734 -9006.24309370255 -9541.72346917226 6982.543987332709
1611.3787033645458 6401.41574235478 -9614.225804756308 5195.980303328986 5653.455182800562 9571.61172477476 -9284.13737050968 -9950.44283867923 -3662.181151647279 9588.284578903666 9037.477480561145 1498.870014758766 2858.7508673708053 -7479.785445296454 -5210.491094240992 1798.3083742506478 8108.475356759762 -5710.263353265812 -3623.193204444404 -449.2799782316506 8292.141852435794 -2137.008676285126 -727.5921299621641 724.6796323060553 5179.519612757269 -9602.475022570066 -7.059887641918976 -4412.605001455026 461.2283138222083 2977.376411372994 8761.002883402565 -4678.577246135287 5910.570132229346 5947.570420868231
2981.2695654525214 -8114.709093429331 -9391.008026196827 -4496.098163447806 5583.675459386108 -1999.2027601568507 6267.451642280359 9512.67683067091 -9209.466609872254 5992.9915142764185 -3768.9712062955996 7384.056028800143 320.63073749334217 6320.940999738603 4103.871775460781 4774.002668925228 -3916.685361941699 3937.2241006554705 -7362.262487059439 2359.7624140133103 -4071.857041392779 -1297.8343261849768 -6299.0776114307255 -5276.204986789024 1045.4863001098256 5641.624761667183 -2317.1845427503567 1338.5607190725368 9764.23434689864 -5326.442132837752 -2596.236257804183 -6216.990910909663 -1458.256435860465 3611.8787137063173
-6316.979106251426 -6213.2014477392095 -2695.6531675512197 -9554.242770861947 -3507.915339021295 1459.4201167028277 8574.262125796151 1129.8153630052093 3479.672636383406 -5340.315653692866 -6376.146486740157 6347.677376056137 -1603.4889706499907 6490.095908886691 -6137.129351318129 -6744.85034907244 6465.520588313248 1198.5232022978635 -1224.4181970808058 -2837.424482198394 -8790.936163101565 7114.825266428106 -6263.531185698805 -2306.80532933452 4926.87652962738 9070.222474830087 -2924.810048097901 5108.876200560322 -2949.096050209503 8244.015430559219 4743.552339660833 2085.2246572335316 1164.4603283247216 -1264.1158832155506
-5938.706524507112 3127.698993442311 8152.2029684803165 -3645.9450445466546 3801.504400924303 2921.363954076014 -3351.1021924682473 6788.919397831647 6511.317701352029 5851.425597805619 1481.1060552059516 4796.953034492806 -6251.9802285128435 4404.729145909541 -6291.1129579703265 -5560.1218930341265 -3643.3139151299047 6491.766261839188 -8933.009217803925 -8214.802155099045 -5799.342653506703 6304.373961012221 -2352.6542277500885 -4681.136434462683 -6593.135180811343 -4448.722271326742 -763.7310737592434 -9968.031144364608 3463.730040038581 -2138.950919102238 929.6118074402402 6093.670688572796 -706.9873426471258 1513.2056823876082
1 34
4091.230822753747 7659.903057133855 -4375.882561344087 3249.6875248085616 -4278.761164506308 -2008.766225889196 9600.95224444857 -7749.552951673828 6857.24545246733 -4571.134374811274 -5865.348289397039 6120.022184439344 9821.126823160936 809.6059047222807 3767.145322939252 4608.299314920294 -8556.36684153553 -3435.500148080281 -9418.761458787569 -8596.852603612171 -8665.013738827043 -3073.1209070536033 -2639.4612857603915 6854.9591852200465 6962.850900122659 -4199.259152566999 -274.5240993921725 6201.090039569741 9143.793967686288 -1518.4986804461187 985.9841436918396 -3610.9105054584998 -2083.0000069164626 -3339.746645040096
