25 7
-738.8116379313233 4148.993959020176 -7760.943178049532 -6470.9176968174925 8404.89910167166 -7201.011665907949 3648.6099937440413
9555.343843932034 -4279.787696558368 -259.32984714468876 2462.7498492977647 -3379.857994664064 -3386.8250183869604 -1175.7120277734193
202.0326711456837 -8545.359794108344 7703.094130423269 -2859.5069846089973 -5402.0608913417445 -5907.510494010575 7635.423305805627
1730.2824849975223 -846.473553481952 8147.42596191954 5152.433272287724 8170.466054574201 988.0819021823991 -8846.658474552585
-5616.807968341013 7122.217027599436 -9165.15184843229 -7495.844285583133 -8212.854863394263 -7037.01608924161 -1553.0336340669855
-7887.344116609643 8039.7351640063935 -7480.932104469444 -8317.305300458544 -5642.510220669288 1468.3387452819843 -8853.522233753498
8616.886305890584 -9227.215775345097 7068.287687244054 1083.1427813333012 -2039.7501414204598 1500.184300437546 3756.2405584600547
-8276.153543742088 -258.25852460954957 -8793.00439023675 -5694.163015168619 -7951.7109657538285 3884.878662970492 -7070.543005386931
-3027.031907772908 9676.260921291174 3796.2424628837907 9849.90044582244 -657.4767060047434 5101.671652630912 -3736.84157821647
5885.295092904365 -6154.748725572812 -6789.987805650486 -7782.597481940444 1489.3393631772615 -1435.200734319198 7743.903530208321
8921.845517442842 9967.217017939693 -5337.941051839807 -4793.072072998183 -6534.546139852386 -9475.06489607906 -4181.778187467758
-9719.116205865377 3556.5910326552403 -2716.5625287286384 7344.3243578967085 1014.3305294619531 -2196.037437953475 1437.173436676152
2334.567847762286 5242.34912945482 -4830.541592005981 2752.5423138826955 -4466.979657123433 -6563.216969276138 6206.924671630693
-2147.063748397156 -7704.3593012573665 -5228.594502031178 7347.377632045933 -6599.372931484777 3709.7780664200436 -5179.241357361841
-5998.022640788258 -7035.683161530209 9865.072147018429 -9726.740870925874 -6026.293290584543 -4981.976826004784 -2667.0542192467365
54.39469640665084 6314.772717175803 -5597.914224701892 1992.1294024807976 8507.969646398833 4849.09773182818 -6832.316579922861
-2385.686978894395 -2620.501217067992 -8958.060889440556 -1981.9462017059732 27.060896069946466 3061.3920965397665 8006.13196255689
-4994.362075430454 5916.490066700648 8846.882788870284 -7450.019216890331 1079.2680893661254 -5883.0346087405205 2194.262291299201
-3551.29529152975 8690.840295656282 8236.898497634898 4760.630452657093 -7329.602065198322 8298.78167517361 -6046.298930239096
7640.52554160163 9924.96396612738 -7691.146798728909 -3608.4362953857863 -4522.818131560962 -110.88692820988399 -5456.28579903128
2020.9459290836512 -6272.796950731803 4817.006083412205 7033.826620319091 -5544.643508972494 2450.417741109255 6152.592693148827
-1589.3067389029438 -356.90518069215796 -4064.3937461309524 1356.2890706785493 -8341.381718458751 1908.717983102546 -2110.016601131865
1230.6723790015894 -6182.617194394744 -5705.272330621394 2236.516428418774 -7049.191736870944 4025.77817364347 1586.8903157843724
-3857.1668978171856 5390.4533188290425 5219.389433435517 2311.035854315387 6053.048665623464 -125.46080569519836 4693.622811319436
-5209.741580030202 110.31025182238045 -2877.5548019326643 -301.4350284472239 -6973.475413504642 5955.100333397149 3635.7067584353063
1 7
4163.110232752673 -1655.555382183944 -3130.0981624747055 -8382.039606484841 -8010.059179736999 6145.836060688567 -3558.8164720839477
