15 10
9120.760307191438 7716.476145997785 -5269.167745991031 -7786.036919109434 5890.29226080982 -3861.7801457228707 -3443.160379801422 -9501.784538203572 -6260.277480196685 -2915.6257212944147
5811.5888720065195 7031.785024247707 -8823.003740900018 -2697.4987820374845 -3158.321387031626 -9030.107933561862 8241.55551902199 6700.675600386796 2315.234209488619 -1779.2334596073943
6966.160802031885 -4966.196518418793 -6637.994371083449 1293.2239812063945 -6393.783737350355 -6088.316438520955 -7660.915824939231 -1872.8530055110368 6928.695726349328 1899.509303012579
-4706.472982899328 -7730.582594915824 5474.477179517384 9934.921672520933 -580.3415263244024 -7867.526019105005 4732.0003075159075 -9017.081911504913 -459.1578128037145 5844.911181529418
-6511.972979490468 8698.724851709274 -3695.3058738842356 6102.324523459603 730.324793117019 -2364.2237416776934 -3752.3871800521565 -9999.38478764767 -4221.703215572956 -9016.155512607105
6666.180731059903 8658.207643167498 -2444.8922642837624 4488.718965951883 -8849.520943089026 -4014.906632918207 -7978.7635901561325 9966.68368733455 4168.56192500824 -6589.60980428142
-880.2601814964764 5566.1818554439615 3185.6624262754012 874.6955698028087 -8229.252448927475 2245.3835532644025 -9864.930672135657 -2374.0215717908895 -7028.244725057542 4984.375327994501
8090.256494076359 4649.1067773453615 7716.746450559847 6412.685645666283 555.7176801557434 9856.78561583337 -7352.507624982203 -5747.492737681508 5262.190244927997 -273.82631938319537
-3851.7889733435086 -7807.361139822948 9853.720021716606 -7028.08405128456 -8620.555460013818 -8198.262449577263 -2722.3112415042406 6549.986815562486 -1355.8049258143892 -3956.840443142176
-5518.058434666739 6202.267785890592 -5708.442327055754 -6058.618079226519 -8152.299260644658 2536.763220437775 -2927.5989492428644 -753.1799227853735 3893.1746766054803 7181.951075353136
7887.5581802809975 2772.8758152647806 -6831.339489162607 9448.671587241675 -7988.413651203831 -2019.1784268872761 -5707.43526381121 9343.158103918937 -8312.462387700716 -6760.470980272699
-945.3907992299919 -9622.645411206931 -3272.299990651839 7060.726909199329 9612.855134264933 8111.518371864866 -8112.981218269219 -9045.841684512878 -4577.953274814213 -1990.2221761753135
7029.431948583075 -8463.602180259202 8472.607293477198 5424.558995541187 5962.762915778681 5413.613713549323 -3004.9268764978706 3666.927561571725 -8688.886276329671 3938.9264961582685
5781.1198137864885 716.9420940074924 -4569.432764569199 -5546.878723796549 -6709.938063354273 9080.959483214392 -7881.692889716125 6242.3550926813605 -5038.61467809436 3942.3570868835322
-2441.5692597341513 3738.505211330039 483.0100856415702 -9501.61099989461 -4256.469579794657 212.60722547015575 -9812.932862234078 -9218.44967733495 2268.7693003743807 9215.983114081519
1 10
-4266.165755298881 2667.5995841747463 8514.373305122226 -3122.7487167213903 -7654.586138575274 7868.8437592364535 9852.228532476209 5428.923945160104 721.89035050239 -6789.104205943055
