12 12
-7003.123995285143 8536.65054799422 1516.1034794112165 -7549.903164279166 -6702.9249475083 -1241.2121106401391 3433.5109840130335 -5426.732123121756 -8265.137271827607 -3612.989841562453 -8151.763197007595 4919.598373346787
7174.787808039047 -6320.974694846511 2172.5997695738406 -3769.754878619243 -8322.863676258452 3428.671837048387 -9406.127101043077 -3848.8721682874784 5674.2564913242 6761.63500917545 -1350.8618879439837 -9849.87335700886
4333.089605641002 8688.70013100954 -4901.983401656636 3282.713178781918 2280.8214140325454 316.3933282247199 -6583.358495483812 -7556.206206779843 -5483.650201105918 -2386.501180839895 -1528.2409187922785 9267.103652164427
-1122.3690052753336 494.6835279410552 4145.248405372728 -366.1462970717366 -5407.010326628523 7905.872731437328 2337.9826901976285 -4113.06018674868 7876.2671015680535 9067.315157141977 3257.302558093961 2227.0149213660115
2116.3355913277446 -4550.632738963487 -4562.807338156885 -6629.865037055806 290.77067897725647 4148.764140446514 8822.009430369479 -4730.450891726788 5770.765331238525 901.9632772250479 -6356.126244743929 7924.751668740224
-4595.842959954482 -7706.956537005194 194.637551695203 3661.409850463462 5355.020009865337 -3749.167800576498 4187.340165321348 1671.169947792223 819.1453636998122 2229.020901225871 -594.3362243817064 -4626.799931543399
-1490.9665869454366 -4237.96975676544 -3659.909753291402 -2704.7149982528726 -8194.479377331612 -228.13522896127688 6131.346986123359 5496.776945245785 3833.9105120605673 -1408.213382962609 -7748.9479214474595 9732.491817894683
-653.5234527214598 1056.215131726456 -6559.327367533831 1529.2086200369795 5290.292241642601 816.5064554433175 -3313.5480590427906 -8545.9394053726 1934.4615291980408 -2119.9128502048125 3120.825627718312 2378.889127900802
8468.735408203775 6833.051520810124 496.17874315466725 -6583.023249083744 -8032.107371917318 3726.2310079684303 -7355.314224199845 841.1660984975697 7268.093846576277 4596.2057382198145 -4182.063232967433 -5154.9362537570605
5383.89917387919 7570.953608101248 -9101.461127222308 -3331.317637215845 7986.908655913605 -980.569084943334 -9112.470751554385 -6012.735525752734 -7677.430905556772 9390.569011664153 -1916.2798952737203 8214.263212339923
-5915.522822918196 206.83610574594604 -634.8915632953176 -6247.087378874134 3058.8628374709588 -9033.538649797661 -9677.7761610084 2800.566820178714 6766.843899025738 -9937.44274692943 -2582.4942544132327 2011.770472850818
791.6889345111595 -9034.257401202874 6796.770803638265 -7399.443375925895 6726.741214080557 65.48589684337094 -507.44791374116176 9805.942290324641 2213.3345626362843 993.9700931613879 281.1486389687652 3867.1157943165763
1 12
-6459.260467061125 9267.7494625228 -9965.949401986267 5391.161196490859 1468.156713198323 -5930.107156779512 4799.104362956665 1568.1404758482804 9702.972424496591 2738.595238018408 -209.73059767120503 4219.159051636963
