62 2
-4416.0382080928 -4616.501882159685
6409.703277789235 2249.939175117939
-9417.470334119338 -7990.956487850774
-1202.8247870913838 63.22504428401953
1669.418320718194 5932.27363436881
6910.383608593616 -8187.83267124904
40.623005385112265 -2004.6935784076104
2781.9476755756295 4073.1784602966363
3145.3388916246204 2801.051515692463
-2327.4549008491376 8916.716373035073
4891.484255415397 5592.550331763159
-904.0559779504329 -4726.464001723636
-4375.279714881459 -4531.120361744154
796.4992927524127 -2091.622154438355
-6102.90147170959 6120.389764073108
-579.9375196160854 8452.364145253363
924.5596564161933 3600.8380943288284
956.2228292507662 5199.175540330449
293.88503353284796 -9729.618062838596
8983.414268632536 93.29538157158458
-7411.275673660059 -3250.421689830354
9436.538944744385 -7767.679685109682
-51.42653891806731 -3997.3409906021225
-1802.0019696324798 -6518.3748411884635
-7104.152239041852 7208.092306290051
6763.279597459052 -8749.61060414296
-875.9814272336134 6678.360498552556
9374.64951402168 -6682.000466875941
-1064.0909867252394 -9511.153852655374
-4060.082220326768 8149.009853621701
8638.012567769583 -5753.787169674012
-2457.417987866772 9040.64244365921
6492.1108091874885 -5296.53697229241
-3290.8758933318013 8885.50007874161
2122.6206798302537 -9643.198616930782
6295.198359990705 -4896.243566289147
7352.966158501775 1854.2969879252541
8558.983712652942 -5950.542662268812
-5204.293562168492 -9387.542872989987
-8801.633480182709 -3476.4000442286288
-7733.848943781824 -9810.987443099604
-4406.163561586296 -6757.659534529961
-4092.602882436442 -5910.882371013486
9213.27375681946 1133.2824925150744
5579.620856685826 131.68518765832414
2047.5273592871417 -3644.560015844918
-3744.4119048290795 7535.226088033989
8260.764030462244 2058.698358489255
7504.901799467352 -6465.157585367949
8111.98272491953 5195.499975331657
-8596.647982667642 2270.5118276397006
8920.194682810197 -4071.0644091702934
6194.193868361252 111.69173922248592
-6498.090240921982 -2510.61065969834
5632.429883627419 3998.5769684545503
9943.956194811515 -2897.381189366264
-9209.66957430248 4381.536564471529
-9567.39760105833 -144.8571534356779
4645.149336977256 489.96008712781804
7841.476622907074 1448.387255008609
4538.976141148974 -543.0010141135917
-5109.676957101597 1120.5426187572157
1 2
5465.557093842162 1939.962896869196
