47 17
8942.087167679845 5307.28594828263 7988.233243187191 -4403.326619872947 -7925.504290681329 -6532.824940359309 -969.2820503392722 8833.908204885538 1852.019954645537 4500.594274930705 -1041.5663647383608 -2771.321038283938 -1445.8745217860214 2851.8491857026565 -8157.1309972486715 -899.6506360660933 9665.201883971658
9933.287845143022 7040.4957644095375 -7425.904624080739 -9553.79316130208 -345.73676821649497 7808.332838312916 -7690.101117819197 -9750.78973716354 -336.8868987730475 -8698.468097008225 -1320.0900368535222 1505.3179228654299 2868.817157928541 -5886.605210061491 8316.497042676663 6453.200589872609 -1833.142779384074
3228.421675758673 -7449.254489661807 -8406.07716924524 6641.13465745288 4776.537721642384 7896.108299531774 4011.8663029996405 -4495.439685634586 1026.6417964142402 -1656.4720024706476 9873.157864224464 4781.70129563897 -1171.666590087083 -5678.838399673214 6080.6150364399455 -960.7736837166431 656.9764193902702
-4375.112116635931 -9193.936294284551 -6709.317438941535 7827.520125664923 -5547.3830424171 1707.1285325755016 4114.159622585939 -5105.136267290906 8246.104823512422 -9140.974012839633 -9142.77888738064 7095.379679473521 1463.434962817806 6113.4808846110245 -550.6195038407386 -4468.479822080345 -881.5255318812087
8544.158068878474 -1377.3004672851548 -687.2336744418735 7025.828308337077 8642.555468324383 -8036.538476654709 2434.776524723982 6419.73191676697 -1034.9320292073098 -7142.794308195485 -5576.4494190805535 -5526.441852489274 5150.443056216782 -5328.3125598090855 3260.570140649037 -5820.326312916364 -4085.700531318228
5795.865546169165 8047.234571695251 -5483.7202403024985 -2637.1342351241037 6306.923628925824 -5166.796034928858 8026.82759906317 -2143.626553271043 -9570.826063104756 -1401.269537209253 -1592.7050493079623 -7046.483093159468 8640.544229011099 -6544.5985075540975 -9130.616413013018 -2769.0166693302735 -8014.576341117021
-9755.196231434831 5184.497483152934 -3349.0564168873125 -2160.7619284200828 11.66397449239048 -6794.212750976232 -5645.737683364542 -7166.540501834314 6569.874673909686 -2294.4125516649374 3336.4843301529017 -6352.158483198374 9536.314767713178 7349.173734291173 -5314.014176890014 7562.295913234822 -778.8221187677627
7311.874208307072 9258.354532763587 1291.6764132104581 -3593.783105322974 -3951.7880560344756 -3206.3761255857507 4931.325369742559 -4943.472600171279 -171.257474946211 2560.587805733261 6249.3011970882035 9247.796445338125 -3273.8618682390033 -636.216920405921 -6622.322314023064 -2589.080757036495 7513.949301944409
1856.8393805002943 -1383.259953269806 -6368.874735804315 710.275792921364 -2551.392392411786 -4804.208218699462 9158.219914926205 -491.28577503046836 2426.318808553642 854.6219712746697 4988.217625804216 2740.65217433197 -8324.337608980086 776.5343814226017 -8879.790090156977 7389.702938467046 -7833.19505424304
-7708.07512957818 6311.166739280774 -1278.3976691069274 -8408.901572334855 8524.162554664148 -5955.829049766795 -6348.963441050544 -3238.1322649889426 -9136.77502939431 -5447.061639553723 -5540.244046803125 -9536.994831982278 -1365.2057795579876 -7047.304535306463 -2670.017082979768 4337.131343609088 -9958.328415207226
-4659.92656802739 -621.1147860551009 4115.605415804699 6567.102220142584 6429.793678046608 5177.193843931334 -9837.490123919511 -8300.260380288253 7607.493184997133 -3490.495941635092 9568.729575217258 1705.551169836739 -5782.949313818186 -6374.597627930936 -2906.6127199142165 4779.0207771092755 -4334.798642448294
-7797.490293265614 -16.459942892592153 -9830.833182907621 5256.254251084038 -8497.24158325233 -2891.0202215097943 -1512.7098552880034 -770.0150186230276 5965.090830921688 1349.6301544991366 2163.3829588338267 8888.018296829607 6629.97795580302 -2793.1127046933143 -2515.1515363036706 -1943.8224503325637 3216.467191033151
1382.4002605145579 -8279.527738744553 -4215.387598291809 -3337.787121461928 2354.4656718508086 -9329.74694734448 -7895.671443772958 6837.2539414941675 6294.680681664484 -6230.814213710804 5789.856291956672 4859.205025395406 5931.858840667803 -996.298797193931 -7406.868198604801 583.1117244438246 2197.875804239302
3443.470817584497 -4519.696243686546 2709.157334287176 -1236.117193171047 3243.42060495009 3739.5089447641076 6776.410715426347 6961.3236334794565 5354.405017440624 -8839.793391323505 -9835.479222690172 -1231.8213511699414 -1795.9797388848 7048.564262059994 6858.25431962921 -6612.633975988218 2948.10508756789
9841.955296054577 -316.012304767386 6860.711714525009 4943.725728611629 -8183.228331361661 -5766.223920224136 8539.25219676489 1130.4713526231953 2477.5502472362405 -3894.2200292169637 9614.355543695558 7985.956596622684 8245.142382639933 -8050.789576145269 -8652.554220407845 2449.0299628270277 -8777.915981588998
665.2310386948793 -3871.6360012141604 2082.2584784808405 -7657.929175876481 -306.158934941197 949.6374207501558 8324.012145107146 6677.826666548757 -8840.162639515002 6337.359060709596 -8733.01563073095 6823.171933163299 2679.0258916412386 -5642.451796279144 -3602.8919001049435 7352.948902097331 4393.885748020315
9853.17618960794 -8811.781982999404 8791.125569546162 7619.826153870377 -8961.942679326034 -5787.422712933561 6748.31263373038 -4372.475652143122 5695.673969956311 3373.4289479120653 -3798.758284669153 5731.455738978342 -571.0473854989086 715.0416350888117 2358.419907620055 -4213.153544838999 9954.483219064732
-1748.071140831371 2868.7223503887453 4325.082265881674 -3017.429662616857 -6680.449964292791 -9748.54786903658 4284.187160192803 -6688.212564332849 8728.415093026717 6289.565723205635 -5235.071123109596 8665.229681131554 2335.0163676227185 -1660.2492296159871 -179.35428218357265 -6248.682172130384 6433.950532055733
2501.0320575536243 -9486.810843996762 1421.5546201239467 -3265.685050781198 9423.924008299353 -9101.398786094274 -6694.574753519895 9602.0060316696 -4158.191912845473 -704.8383833395237 5697.643287450965 -5355.258367833977 5931.613980873231 -6668.173611985817 -9140.374669437559 2627.303667575936 5413.078748797065
5434.386352662708 -7725.512756649866 3391.7176375680283 -9891.934015019275 5593.040488867147 8379.732831331265 -8142.579174232078 1402.3949473760385 -8964.643601686414 9160.58733834009 6820.476195109612 9254.679046557678 2285.4435140074183 -5605.776100488342 -8924.19171791702 -4517.65365189962 5537.127377986148
-2366.0138457261382 7533.118091993409 -2808.3545407129495 8851.779876899061 4004.1176688744526 3614.5512983260214 -6140.287127766235 3947.095561397886 9623.448345701574 3021.136478000675 2042.7778166677272 329.48874503136904 -7565.000256142444 -2681.5289289789444 2779.072801573757 -3226.6025177732054 250.32554239620367
-8472.39430321655 297.11113911766006 -9343.21476128361 -1398.4533828017356 4841.122471215482 338.7998636487373 1343.6612647330785 2461.356883028855 3160.660457120026 -2621.270078754381 -5658.196239832578 1340.504097233239 -6602.88999403108 2128.431353798391 -8641.021838053286 1655.3048447006822 -1161.8568171403513
-3236.5694441852156 -3375.866635725615 -2125.6939412035854 -2033.7637799426411 227.64044832619766 3455.488476600496 4460.924198097742 2303.1505786993202 -9315.676480042186 -5261.658928260546 -2231.771080892464 8980.13722391519 3109.199906677777 -793.2267683041227 4327.980569336274 -8353.230646272108 -3833.946100141321
4221.510010555548 2877.3424358841457 5033.54144994001 4672.531731558354 -2586.461890560441 5064.984166133276 7731.591273885897 2510.4168182389967 5622.529221396473 9883.491253527467 7482.980353571846 -406.22239292563245 617.0031896586079 -6367.040758112624 5696.307337737873 -3127.814750477957 9767.725636311574
-3993.203219813544 5263.8914154887025 -9135.65093824352 9205.764300882598 7700.24485502618 -6460.215529793513 -610.9120340953705 -784.4930911081374 8092.091410529312 -1417.6317313093678 -3118.0250154442638 -5267.309845181802 5272.7069227208885 9019.311638651929 -4284.459825049349 6544.950258832057 -9140.902394294939
-9100.5826912407 1314.8742495487495 -8717.699177426271 -9779.78968660378 5426.716124939712 8926.248233871062 250.10128083991185 300.0585392491903 -4937.091782269061 3593.9315092975885 7297.236215773144 6063.370330461761 -1294.4956700257571 758.530960781749 5434.786141482846 -9379.527648496793 -8784.804275367544
7877.946467071302 9387.584457732886 2537.0951295487903 -2337.753406648637 4340.019685500354 -9431.98878695386 8778.164231813014 -1488.3476846112444 -2906.7981588614985 -1737.2669505650065 -2246.9125403563785 8975.275490509139 -672.7056481620111 113.97867039506491 3485.08887148754 -769.4483313532219 -3484.0522139102404
5131.4924636537235 -1542.5882729658279 4523.262257762173 9189.886086902094 -1687.800246064855 -7864.04569053665 6488.344335000409 -9310.899377319583 -2059.447180785861 215.6542846387074 -512.6877127267944 5709.67373863471 734.4753955956312 -4808.132109274581 -2305.989714089742 7981.933457232779 2070.2938268731323
2315.7093289849327 1569.2810891538757 1717.1887753501887 9655.533244162343 4216.426857459492 -7806.490416350904 -1081.110390165235 8805.84607408764 7158.151343926253 9211.32568257289 -2542.698052863495 1412.745806953022 -7348.40661974797 -6295.597935088868 1386.7370889611739 -3626.9309192416486 -5955.469758784788
-1987.989333106244 3411.616072646373 -5485.785724436813 5243.013654314214 7602.271641996413 -2873.8496522474934 2417.3038783521497 9803.765733348246 -7784.85817341914 -1281.3374883343768 -5462.624303908455 -4233.352532884081 3162.5336160745774 9694.630853334085 -5153.3113021161635 143.22117420379982 -9825.762395095879
6786.557980645193 -6270.876744035998 3000.1148830410384 -3943.524643782115 -4853.5525446842785 2387.656984206653 9893.330467635435 6874.355717602404 -4034.5080629731992 -5936.173837862731 -9888.32325354372 -2458.807495653723 9150.48699655963 2276.3987755491416 970.119350799725 -2691.5722698580294 -6884.598035603962
-2299.2914723601207 -4633.729200630481 -334.47714106464264 -8884.386376439377 -1689.799411533184 7872.0433531485505 -1400.481015997948 -3673.175858890152 -7754.719499051419 8012.033373844159 -7857.717785944243 7849.372242656773 -6310.449968975069 155.36196715422193 1313.2400530263967 -743.2413352718977 1148.4138514201804
7002.060748281634 966.3137338435808 6962.240798427047 -3715.04968913646 9983.96892378994 4056.4508792731394 -198.94740947451646 165.90655385581886 -7508.175625809053 -8583.086913836245 2355.624220290174 2611.151077494156 -1198.7973717796976 -2307.00608245733 -6553.069801198177 6317.672663430523 -5085.48018851261
7095.780655116418 -6448.867914435776 3135.044852006322 5571.081895887079 1101.8061167137203 6219.465073584666 -6427.936314333844 7195.846251303756 -4034.3541144121973 -4618.234461085919 8903.461117548472 -3260.093925760716 7195.9543656383175 7191.260107231676 -7291.4258836283 7242.2817187547735 -1922.508060477293
-3423.438068680677 -2897.752427436424 632.7220861980604 -1481.2171748554338 -6549.3864349788255 583.3930106475127 -7268.732486101197 5061.484604943742 -884.1606892781401 3269.799750896318 -1266.2800152158688 6445.899405748147 1950.7300725166224 3095.0131119483995 -8111.463698494305 5811.6377337299855 -166.3861503804019
-6254.285345109465 -7846.068515087439 8609.918104576424 -2981.996463094414 2994.1602296647725 1519.3685496640755 -8864.662349626098 -2505.659244630893 7231.51502578914 4222.320870715792 -3167.997579845809 -490.50668043388396 -8513.41306226927 -3020.7027463104423 -2351.6488325584614 9485.300522222824 -152.0252569388722
7981.049687169867 -2410.773386218574 5355.890626080478 4688.896172922892 5955.152574669495 -4710.739063466436 -1783.1697054890628 8305.41609722389 2152.083556355963 -6813.024519052642 -4464.227737985045 5119.832497287498 -4363.878514247132 -6697.473019085997 7753.566860877429 2625.838078128336 -9724.026001185035
4755.319825798824 8012.759901480233 -1963.2393120799006 -7943.505806754662 1389.4969443779264 8422.550512619877 -2914.251523487632 338.461505881387 9468.619917677352 6063.677770692828 -2128.6194820855317 1455.4062012657123 -7269.843115142656 -3761.8340998239864 6404.854977468396 -5446.86571368346 -5685.01001827376
9656.511109205876 931.008321981295 2513.697857538873 -3155.4289380217624 3555.5992355377603 -462.5086596796609 -5923.449946171764 5856.979586432726 2683.8380634024743 -9276.5146171942 6640.632612763966 8036.937765632618 -5121.9408116955 -2149.140201473223 -1732.9131562969942 -9653.374665200081 -4861.575782820462
-1078.548425178973 8369.842063747084 2212.0031126740887 9527.489360329357 7274.127216085326 -2039.7930348716955 -2437.4462165115474 9907.776651144115 -8741.204682990952 -2728.802430149446 -6340.578951977005 -258.73982504000196 -2141.1136939609896 9110.256703543972 -6789.694485944721 -7602.207284325459 -6844.958805923844
8814.005247993722 9623.953414181695 2476.8357628225385 4451.32727233779 -9481.569329568609 6119.4774807017275 -2469.2720707494127 6164.37128986151 363.53000668606364 7369.084156370176 8021.653855225453 -5871.8704478628415 4731.033119822781 -8015.030992136496 -3936.8835108540634 1356.6152604277577 4431.398783924054
2627.9083438568996 45.924862263007526 2949.9649922040753 8750.30525804765 -1156.1212067234192 -2653.0620299027705 -647.4771618400046 -7421.862992956991 731.9282974305788 -3052.655361842815 8853.083742279785 -3997.005136657929 3412.3235544300915 -1768.3587805208354 -3592.343439980854 -6720.157153040629 6095.719717074031
-3376.160899764728 -5806.260075717837 -2374.714654918137 -1046.0087611331328 3830.560160618228 6396.2338318322 6333.660634842525 -4211.3503401291455 56.426649507977345 -9109.44717709113 2588.405395058726 1731.037324839188 -7814.095746819036 6129.6239093269505 -6087.299765346463 3329.817378023765 3876.884502760111
-1433.494973417639 8520.285846291139 7498.72656047799 -7370.190231260827 -7968.972164309127 5748.295161325854 2649.473818281027 9210.45759588197 9730.307810494865 1332.6784876168367 4723.431837049264 -6822.038913307464 -8550.27921958451 4600.694292829488 964.5476547998696 1781.3192894638378 119.50019337506455
-8093.021960739606 5413.546454554715 732.3317739762824 4683.237458309462 9648.550670746416 6601.540526081386 -1628.0633497727376 -3549.8854199508596 7596.3425693913705 9496.945592044292 2876.9970296398515 -9694.778798657902 -6708.2374898081125 -7475.664590966609 8348.292267346587 -2650.953227446337 9837.372173468852
-2989.3971003725683 2919.630555914884 3993.8858982008205 3969.7051733604203 -82.70165980355523 7966.443473577216 -5301.431478562826 -4605.893222212343 3105.663289936907 -5546.822362747958 -7366.093068258257 631.6056873538364 -3422.906611522132 7105.797908963701 1588.5579946197395 -6772.963000763048 1418.4830016008182
-9863.28451532634 8611.260854501186 -7860.927299992293 -7110.921181033076 -3130.8299698030287 7565.169957288235 1026.1933130398265 -6076.115908193436 -3744.3792610567825 8082.563758282176 5283.916765783157 -4605.8323463598 6452.604116932107 -6123.607956233211 -342.9668025804149 -4231.903785322901 -4525.267158611224
1 17
-8153.381642941822 9091.826483494107 -8502.455104214638 -3388.7441001762354 -558.179528625451 -2848.024638617515 9368.645848787473 -4037.1572215727338 -1034.405904489413 6182.767254891722 -1945.7700948201518 -4833.339593359713 1997.338881457992 6013.420981701327 3916.759837250731 5457.203277677878 -5585.064994294804
