20 17
-5475.890382780619 9264.031754426895 -8469.685001260157 -5250.819633771442 -2206.5804424785847 441.2334963046378 -2066.0261130061563 -7219.051020227292 5529.312503455258 124.76020666375189 -3766.175222701542 -1460.8031382696663 6661.170733748586 -9568.231838137905 -9354.913550611624 -5558.786616650924 -6605.393846296679
-760.8725461416325 5338.304738143501 4176.375113400938 8946.092063866661 3247.6618416997044 -1629.0463575696776 2712.0186445418276 -9455.41225819381 -975.4934420881382 2333.6211371520203 -1539.5806016969254 -6902.919091893038 7440.151175840445 -9047.316703707913 -3414.6481412200246 89.52815728954374 -3778.68060020951
7392.613913867215 4159.948481411817 8864.477266076941 2015.2403940813547 -2178.4530736587685 -6695.6618597448505 -7528.22681834226 6668.598342255893 -7267.176718055249 -2167.208493057682 4168.539305335835 5949.041261886003 -6162.549384709404 -1200.3135963726527 155.34526557103163 1803.382822816493 -1521.1621866870864
7502.990419014943 -3281.597569634565 -6789.1258349232285 5972.197170882258 6066.44389699712 4048.9664518892914 -6790.507138029165 282.1485688099019 -645.6163368698817 4800.000305271014 6347.871179208823 2352.723165066549 9964.131379700124 -2815.8240273242363 3770.4982794705866 -896.7247167170717 -3397.443603690135
-6145.672363877148 -2486.2593825842105 -3316.688127987997 -8251.613345182199 4348.403077044484 1072.4506897340925 9605.741799705746 9461.798302162017 -3537.488287131112 4661.052737843249 -3793.0990640500913 -3656.3701015182314 -7796.192522665035 -827.4096362411055 4465.23155906272 -2390.1972991612383 -4156.732300184131
-8273.176303305023 2454.111737375868 8754.546224309226 -8091.549502470252 -81.33680887787341 -5185.499678636392 1990.4650304549723 1838.7027728969006 2491.151777951378 1686.0699249928184 4455.127067401232 -6021.937088833715 -8179.603045429791 -9779.262884693691 -1030.9431912943273 -1083.7315450060796 -2411.39377929865
-567.8184178476167 -9439.043905968496 2186.168814961424 5445.363254882057 -9318.44838730722 6247.26767880805 -6124.492120724148 5986.358290151258 7483.31235598139 3336.798992130267 4001.3903516488353 -3798.8852200950605 4211.69760481179 -1808.3036514936075 -1590.9321304421992 7946.1557098009325 -3345.786431102584
8250.458283778182 -4982.039340876514 2379.841400433894 -1128.7037251806087 9439.917051047996 -34.739583772307014 4492.65317971408 3738.182403475843 -6329.916951483758 2314.586724043269 7915.172416702055 4414.956702383612 1018.1339356724002 -3324.2878303263888 7837.917882103047 4161.614065957008 9597.754670569007
9470.112172394438 6147.627597231509 849.3693509153818 4898.039250323962 899.7240027829539 6180.082626517198 -413.16578755296905 -6819.3147286838475 -8067.757236682415 -7148.843299541881 9196.596331044573 -6537.455995817474 3267.9717000027867 5184.429445336045 3548.942185212687 9596.882639239324 -6637.541471602175
865.5892784737498 8351.534157266578 1829.4249402307832 -4299.372790206881 4855.341694345165 9308.273901394194 3624.0202197878316 8086.949337190919 -8894.895312881097 -6665.8242909838955 3094.691258248313 -3149.602229560549 -4174.441533078386 -7520.157776775068 -3064.59150340217 -4804.140471990852 -7720.069304752091
-3595.6519267902686 5917.77519113414 6194.151468702206 -9284.04710799459 2858.429845000108 1153.6731836919553 4454.188088571325 7865.818084327246 -8857.356447701566 -5990.218830943321 5637.821900763933 -5958.294464199985 8730.719070064264 -3893.2646570744137 -6300.4459443190935 -8686.309275437512 1376.9674509213582
-7646.643497904253 189.8486000715675 -3131.345138274739 -6490.876608639908 8335.436799309777 5526.450361444031 5274.682282263284 -4002.786371665583 -2716.567487325574 9938.228886993118 6818.0488889950175 3912.847690860126 -4838.912747903281 -6558.392357460987 3678.1798546982664 9352.952721066249 4607.665378912312
-2337.789405550079 4376.299673785932 -692.8408280609347 -5385.001221505277 1112.3383854848144 349.8446460452906 8080.816889653466 7756.2353176578 8608.505313052578 168.16241594452367 4619.1646971236805 -8543.314774822482 -5655.404331422933 -9286.81839046299 -254.11068543170404 -4859.460522701935 -47.04551392064786
1578.3446027695627 -9234.232433741767 3018.6066971132605 6428.14599939889 3768.499575877102 1740.0414989989695 -5658.589236308069 -9031.189100324948 -1479.7615836633322 -5425.708700612739 640.163277310241 -9618.830856654615 -2855.642566310393 -6877.1181710613055 4235.792979808222 -4601.58475062366 626.4731425681839
6655.433950265422 -8954.812836201214 -6235.768857827171 9554.046062498212 -3546.7555428541564 -9006.692628861152 2086.4971145354884 -7906.740674434239 -9167.95892265236 7480.699677655779 -7900.049091224577 -7542.856969603832 2649.6261928784334 -5501.393408064783 8022.210191543352 6015.790138974229 -7300.33971162572
4277.854848950614 -1386.619911743397 1156.5919710773378 1334.627506492032 -2073.9527643965184 2870.1627086903154 -5580.588295434525 -6939.830783711615 3429.571267944999 4067.604104017031 9037.71492328104 285.6895467133818 -3212.4251412989715 2783.2510769130804 4815.98438366435 -98.95818285049972 -9387.889405784263
9907.353760505219 -6414.125057334614 -5396.405217062097 -9661.365276492585 9642.834300719034 6708.111875602339 -8458.93458554859 -5433.644491994616 7261.637132309792 1484.9608414732447 2397.0216990211793 1733.4213823443224 8510.409186105531 -8746.827874824328 4825.506845340991 -2100.4313071073866 2346.5982449355924
-6595.782303914623 2421.659342530147 -2467.5457510631895 -1672.5076346162095 -6385.910384066568 4726.957615633599 2703.0624777099674 -4579.595365893762 -1570.5884256462887 -4069.370834049324 -6782.762669316733 3695.4263711189597 5731.450139258935 8662.311038633707 -2472.876038867562 4137.659373342425 -3467.120271352189
-153.14446016130387 9019.100719291815 -9387.158897600993 8065.791832273793 85.75538517465975 -2814.2107213668496 -2420.0129153001562 -3983.816045599011 4588.178754014998 7385.309775683516 7090.431767761118 -3097.9095102624397 -9752.791349866306 7783.272983960138 2334.666460469687 -8473.891576556298 -9710.979899895912
-2904.6207233941823 -4206.293009799702 3380.0824932819323 -2664.1331516407863 5733.466335005842 6387.016272181161 7666.638973717629 -3218.1731989236305 -8625.43320046044 -9646.360137918451 -7941.102622237515 5077.943678712649 9571.258534205925 6903.054244370727 9519.002537047429 4080.0989346673196 7051.618475772269
1 375
-3444.572545824318 -7255.659389524775 7050.1606483217765 4054.908211167676 3614.9992901699698 -4918.473829904315 4694.938732426712 3609.6525886015934 9700.111007080275 -2359.7817010361814 -6521.111216632447 8692.07995683319 5730.027898261216 8441.574545961364 7145.992299633337 2944.642009008041 -3301.2503983365923 863.6963107571919 -5227.456691220531 6599.84647547613 -9587.155794441376 -2763.5007502359967 -1411.3276400474424 5671.801163796679 -1199.1381836652163 4088.0772702117265 3157.4978203866085 -6046.964470216564 -1458.8613139876688 6629.3572473841705 5706.092154633296 2531.6457441997372 6721.715108658802 -5666.383898365659 4284.191334733763 262.4143641245664 -9072.880865785924 3094.948926910716 -2448.382066148957 8664.888284308046 -4209.4978573065055 -4024.271411092548 -2630.7517893238282 1104.5305887743725 4930.617441916449 203.42838827592095 2790.045411175952 8390.484386079945 -2619.3837080510866 -3581.3282050417647 -3318.6977862114463 -9806.581175877425 264.76379585624636 5867.442624216161 -4012.7950564981375 1985.9564105243917 8947.950959297516 -1247.3903231490094 1277.502572775731 -3190.9729608132693 -3677.273256772307 -5039.239135636269 3428.366962399612 5371.449413500788 -7512.158287246173 2062.25346220519 3653.9750377814235 4075.8799044124316 7957.262823213485 60.894450397066976 -648.7387226276278 892.0888127446033 3400.2217857641117 -4540.632570678291 -4705.457524287791 -6021.2334895846125 -9585.563128088526 1670.1222183488335 -5965.846667213228 3277.899397945399 -3998.3016408028234 -8146.76789387121 3314.6779701423948 204.0896810032773 6467.603746931109 -5707.79155099489 -1431.3533289135958 5259.312776435869 -4736.695679999933 6296.2712842367255 -5342.903146687299 6922.868606683325 7246.2053107592765 -3899.73515772674 -9407.542057594028 -1831.5894228704901 4812.945585799855 5995.04346677584 -8307.571919542223 8177.011683181718 3042.7524977351313 -7746.19434127903 6017.477348078581 9217.298558259448 7829.525764179103 -6212.3512678190145 676.5685995170643 -2741.2933550429616 -5903.763329638911 -7146.868652238705 5983.861714745466 6235.41488854126 4987.231256392128 1693.0982255843264 -6709.06646274866 -5759.691785824004 4249.7888402647495 -3867.817019601527 -7897.60849944529 710.3569077797838 -6888.8301350829615 -1461.8568029993367 -8558.348375304098 -8995.657923209805 1451.397014276101 -3215.1406812525665 9998.873436493017 8673.392608382619 -6276.583835549658 7686.228173788739 3479.8050961147146 -5865.2498795977535 -8760.737840408541 -5578.734275155189 2955.544113931015 789.6563362831184 -8685.587015757224 2024.8866395402238 -2600.0981808817332 3303.6019222814557 7243.984658527781 4023.008736436748 771.1374629945221 5921.022468719595 -3181.030500077044 3017.51915854883 9831.16361050883 -5010.249049172406 4600.7520654226955 4500.278579615033 -3096.180086506828 9045.885864294538 -6600.615500902855 -609.8505269953894 -4876.5040164167385 -8603.838772214023 -3286.965881022623 -391.6986585055056 -3486.093269854163 3486.939221605475 -2543.438277020693 -9763.609527943496 -4095.0177124357915 1176.7597561898183 7314.942685012487 8144.767149063377 7427.547790571345 -9512.303217988972 3170.6823181016534 -5263.217080375748 185.71723257139456 6101.917847209388 -8565.15456450719 4489.539526699222 8866.153769026176 -7964.585000531172 -1716.8491985852506 4701.11184702038 7762.783434888806 5232.28282785497 -1447.0217221545554 586.1447465027395 -6034.79407606168 -9576.097950548563 -6582.08617621143 -6935.382068027453 -8903.025468664582 -9121.430972130018 -9483.939811733664 5981.743612154472 6569.016546525716 3433.31403334443 -9556.735336612805 -2868.4344400681084 -4585.338046722043 7579.951578621854 -1375.0224893470695 -391.79301049344394 7110.057409499834 -6804.519997483818 8346.0624933217 3670.474649277652 -6459.399011224947 -1824.0685830685725 1147.713062456456 -8243.115231118958 5148.815525976772 5494.681101025872 1472.049059247136 -5894.42222898744 5420.8062671398675 -4480.441406640303 -5689.857712449593 2176.318397371875 -8025.797025127111 -2744.851113789433 -4701.036260026612 -6886.3467091793245 4858.743767367512 -7683.1460126019465 -2851.4240396848245 -9012.948259320176 -5311.124764347852 -3950.0806669171243 -2980.7207825662645 -8741.486969655436 -8948.373592987826 -1991.8879098273283 -3597.7820567190965 -523.2854786019489 -2334.13794617249 -6876.841987336997 6577.817324272852 -858.7103160082952 5067.236721997999 -3634.310904640017 -8201.686739231181 -1863.9340580426624 6219.689445559559 890.8441162932959 -4873.4264861708 -4268.76543322092 9701.118921805737 -547.2128222257597 -9006.910884476554 -6219.4222339948155 6815.779932503439 -6391.081413165367 7360.392432358643 -5535.424465295023 -7565.594176942598 -2110.1487852593445 -5150.776078799908 -2076.2206879650494 2620.7867784406917 -8183.696538295888 8117.664277497002 5831.370474084564 -2939.3102331585205 -5035.027800532552 5062.995068142749 -8393.778826340693 -6230.2577889888535 -8237.375231826474 -7909.624371930566 -1887.5947426280936 -6041.817886953495 7912.615655585694 5410.462032177555 -5057.5839773423995 1420.9546411848241 -9075.314858861402 -7969.086490378321 -2039.0908350542559 -8443.467244479845 -7806.070492761088 4103.819798211174 -2359.9197042406786 4292.880069553021 -7370.282344763886 -1611.7481637467808 1452.9702606885457 7550.204209081061 3447.718082034935 -3491.598095950226 4999.536485633977 -3464.8896094818474 8828.340503230509 -8596.526544728826 1466.5966416136707 -9996.45207873124 2531.5114230660365 -3356.9396236407338 4565.361477386568 -8857.829753607082 -2750.485931664126 -44.357924914551404 1855.9142469066337 5959.585452140078 -4658.491043438273 -7309.321072492452 280.1647882247962 1858.7464268383228 -2653.7978710639054 -3245.2870704403967 -7203.460189308989 -6293.96116430011 -8583.708043671391 2653.852554966179 1779.4206347696581 277.3272101956045 595.8016124733385 3847.733202569838 6721.920883035127 -3206.239601236811 8145.271280052246 1850.4397836733187 9081.055619589333 -707.9570719964104 -9332.323577363051 4019.448310723843 -2369.7905158283493 1871.9787437587456 2655.723844624692 8388.15879852297 3216.0447697301443 -5983.776868550741 -5581.580482799931 -4361.090191518071 3886.0435307724474 7737.556417349711 6326.758405923274 -4264.839792930177 -5152.235765227204 -3099.873589666482 4086.62020320376 -6089.024878534648 9358.08093676178 -448.3908580698044 -74.05630535586715 -3054.6014448314063 -9771.928210963399 7542.630629248899 -7271.658789328574 3816.3779833725257 3805.8412449971474 -7717.9413733088895 -2091.975710350289 -6405.472211690398 7097.56592204206 1871.8575946291967 9067.099910853394 3822.187629889704 9342.90560222743 9352.06872220214 -2826.975573939141 8530.575055714304 3104.3965968829343 4107.833864580292 -242.1440962740744 6601.9266667062075 -2691.3976862230074 2721.7743531237975 9783.037661356138 -3089.7772312208826 6620.942786124484 6683.410719712665 -6267.580441424348 6231.369083024401 164.6036023935576 -8657.445266569404 5271.700098771662 7804.336895054057 -3845.2031436066654 7160.704576041004
