35 20
-563.7345790789623 -7293.6916648649 6371.36869836541 7481.905636711774 -1717.281009978973 2342.829796042146 359.3902996984725 -2652.183516236857 2869.1339801851973 9096.385489357657 5280.819562170924 -907.4331158277473 3794.561004018695 1893.588114389193 -5586.195828052458 -3273.104855792948 -627.2948783913507 9183.768672127539 5391.5615654303765 760.8819791516435
8992.048324935095 1537.0340793602445 7235.553420520027 -2447.6947225475888 -1344.382956335341 3634.993713679578 -1207.592375293243 -1838.7677606529442 -5410.146424659552 -2465.5219494441735 9863.756623960511 -8084.854020015091 9158.331066562012 4323.658050010528 -4806.232771500237 1844.4798669863994 -7671.863187234747 6560.172037530043 6869.3852274099845 5291.716031963075
-7872.463734142842 -7980.39325851895 -1363.0698586370654 -8013.276353794771 7350.360172978431 -5889.786227523615 7199.003900468244 -1462.6925720385625 5860.650322904157 -3227.6176075778594 3609.4363904532474 7040.561667104164 -6415.537561129451 -7750.464764487994 -4785.171905981804 -5699.696891404815 8655.885110588904 -6934.641726628472 8226.16995919398 -6282.260628799349
-9219.064986743335 -1463.890296385067 5504.625222489492 -9085.462096456598 6920.412678947196 9830.110223711901 -6527.979162921838 -5315.247349049468 -878.0344765823738 -6189.033395484178 4362.35767321855 6214.4862530104165 2004.760133833588 2465.6678219723217 -7775.594497523446 -3205.4568056250464 -7546.564444308535 746.3090111451183 9524.764826015278 -7164.479757796172
-7658.279458807276 -9903.578796678883 -175.50636434125408 6882.509794908867 -5790.294567367111 326.801971546769 4684.746506990326 -4885.439190252719 270.97171640764464 -3800.741864463157 -1270.3629985154548 -4165.19507326238 -950.7780749969497 -9487.000757842148 4988.353879313623 4937.26806975372 -2840.543885222093 -9300.083832022936 -768.3353463440926 6190.901020808717
8260.714736871876 -8916.333986379885 -8988.237551005252 -5357.824727911667 -1791.6927737671886 139.51882305643267 -6127.591139748843 -548.5760995501496 8929.193343025225 2636.74242059865 -8464.925751417211 -587.3932425648472 8073.221354247176 -4270.8288438487 4561.085245874885 -7558.11053365868 -5537.212351520579 -6498.9676296007965 -32.64876836149597 9371.393097370572
5194.113380710867 -9046.46239507098 2900.4400706701454 -356.4434257178764 8545.144030460418 -2968.274266793447 8746.014160569965 -3821.939840045252 -5505.981387693811 9117.187729878468 3261.846434073561 -5110.397040501016 -4855.3439459193905 5058.186319981227 -5528.5835809380005 5413.223085967029 979.1952534004777 7345.727467849458 797.734299430138 8831.621781262747
4465.785740569807 6956.434705834377 8163.748237879845 3848.8368695152312 9909.605742143125 491.351654455666 -731.6467784815159 -2194.8913112470273 -6130.56218703887 -9141.884863396588 -6982.721365766333 -4272.043444296553 6155.44715700312 -6562.893836648555 4941.1001610664025 -7348.6682553169085 1370.5175856128353 -8610.626916348543 -830.7982771722673 -3061.3526536727377
9083.781038533565 -172.29600021914484 8686.321955024829 6508.019435904756 -333.1157755498498 5478.372596095109 -1854.9508266908397 5165.783872379421 -3747.5370985883874 8247.723460894904 7240.804537028122 9122.934622346755 -8758.505818436342 7853.657688912772 -276.7269826575084 5335.685223164688 6645.652445732911 -9567.008849482707 8789.256964401146 -6433.259325524678
-710.6207449476769 -8011.406441494906 311.9642593613007 -5851.896358937883 -4850.062249502774 9554.125577048395 3180.806597947081 5313.775699218142 6856.142667259552 -6904.299508019838 -5964.369077226952 9094.84548869104 -3856.296259294927 -9397.829923771307 495.4078887190699 6295.481799764524 -4900.503422031146 43.959120028264806 -3675.4988062764714 -3942.1264017854683
-8749.134896089152 -9914.187931417422 -9678.412507263905 1270.0493052022302 -5546.6178707360905 8799.546810100848 -8068.674882413953 4011.507933608329 -4893.557969089455 -2077.8652497258436 -3291.67809407197 -5437.388695360863 -7253.048190977068 -5929.831589165462 4869.1977017324225 -3626.16182136057 -5413.942639704299 5850.848645450767 -895.3576849929541 323.5605328804286
2235.405023525056 6323.172263333821 -9817.60729788131 -6682.875451631893 2983.5326705375955 -9032.42209577031 -8365.079431363032 -6283.527734953233 -2785.7866213884 3161.310372118025 -1650.9171670740798 -3491.6652042870446 9159.884970169729 6.192175921121816 -502.6469890701228 3889.916460761413 -1438.706226869299 -5233.532328990646 7114.493832798573 713.196631538498
-5707.812495243463 -2552.8071285813066 -1673.6786420348908 5098.396138909777 -7358.84150707232 9059.160001831282 7668.483415122315 -8439.308472025068 9845.629819150658 -2903.5524020888715 -7090.364192441028 2987.957240491265 -900.110512891195 -8182.058840269706 -5950.032227596828 1441.6129495556725 -6611.190623346503 3957.687810276664 5089.864479186985 5150.981500458152
3741.021376196086 -5572.031148306395 1136.221906078852 -6144.651333860673 -1621.9428741958363 -4864.509840374458 9329.410037513448 1836.6696534154435 -2913.2976126886188 9603.992208103486 599.4574497458707 -2198.2307000185283 -7946.259166286884 7590.594810886072 -2469.180980577874 -176.9856785835018 -9676.663855429084 -9861.910584764604 -974.254225521332 6758.106592977641
7407.235906632683 1780.5715330475832 -9052.322500404289 9718.269282430112 -4774.27331522567 -2914.8430016811626 -280.3126867107658 -8029.294588374436 9898.283243772083 -1989.5904672547067 4580.767292450639 6319.404038297529 98.42138727230486 -7623.483745114485 1305.6411641354152 4800.941579197826 -1625.984331321346 7633.18504628757 4459.530650318869 6908.926369116973
98.8141779064681 3797.553821095753 -4603.488876451536 1733.838085819747 4223.021794826243 -7524.495744880973 -2509.6196611371724 762.7265708498617 3079.5005968668975 7923.504884351118 -5121.588934573806 1186.6427493095653 2053.720102569403 -3370.2774189320417 -679.0389588253202 -7171.676722290134 -2286.208749102623 3494.574862348869 -4100.722797395056 2149.2820061831444
8682.259967732498 -9911.672483092409 -6974.253791502058 -7292.976558640392 -8394.87287801522 -9293.969004154857 344.2671103156699 6642.654402778404 -7561.120662613872 502.15185423232833 -3190.9599350649123 7253.955236138841 8336.00799247748 4609.362375083865 -7810.630999555617 2017.652670062993 3227.654809095142 -3174.253512508889 -2992.750905087997 -3627.9200710207697
-9169.768861148961 8348.966712230318 813.259703375581 796.8980706851034 9948.374268258856 -5722.230594556606 -9292.896143912345 106.09359259188204 -2496.3042414948513 3895.7613858051827 3024.43024398984 -2295.690317329915 1242.493884983216 -480.11628223699154 278.55524621113364 3920.84127833566 -1929.6412608771725 1016.0742944504418 -2105.706060292394 9627.913289731703
8312.671443410316 -5504.929848195559 1315.071875916221 -5151.926603031545 1378.9716116803556 -635.5987450991579 3470.6697914279302 -8864.540200296495 5025.57923674664 -5669.92286385992 5877.707720613433 1628.7256047406136 3753.788425644929 -9542.888653191238 8350.173415120156 -8788.971810559891 6557.815013189036 -552.7228058399905 2718.609102901675 7961.696762731335
694.7412359900045 6413.656918276822 1117.5445509553465 -7242.179003182831 -8017.92299296354 1684.4358061766688 8981.506934369569 6370.878517363546 1578.813110600986 4750.6374328835045 -7631.639293821145 -690.0107266843897 4811.312857362993 2351.9417383935033 9654.870593707808 -5870.108731048565 9511.91405348606 3238.967508409325 -2352.414121610771 5766.811011794622
-2567.322596756183 -3170.406347919017 9724.9033926015 9897.397518080255 -9977.620485296238 2637.413071560817 -7775.723936947079 8900.63054428966 9245.830260090312 -6468.265841107847 3858.551214952624 4500.173519104728 8430.909909675815 5759.82360538703 8889.156787141637 345.32968168463594 -6337.526677250009 2894.1207607085053 -4249.243072779296 1967.7980520415786
4951.439766919035 -9198.446376545666 124.21531479523037 1741.6185327009189 8967.268243897226 7974.2408292368455 9734.705184760933 -4823.092316497921 3458.922979135081 2129.3976673102115 -7215.091106788212 -4514.115839388073 -6185.9890715946485 -6225.840637493725 623.411054616603 6696.559023975682 8121.118357496081 4893.787267743373 -3648.16769334561 4733.346675923751
-2930.9093426519103 8565.379623830282 5635.815179430399 -8903.67361160274 -3355.8123523851436 -6637.446484989585 8142.786662928051 337.5804933806485 4102.988720298961 -7247.3138131914675 -8131.612226533658 -760.2368010906594 -1032.39817082043 788.0136651393113 9288.75651639785 1557.1174316097786 -1651.7047315880573 9727.508320513632 8318.578142645772 757.2982812117716
-5049.682899432293 -5782.422030417513 -4286.063999821022 9107.505299440701 7763.922106554412 554.2565287853195 -2379.3705326828367 1832.931969527006 -4924.923742320144 -2823.8551433993316 -5897.923879666733 5066.404777890388 -7320.343804767348 5617.309860940521 -5066.330472704901 8051.989761697281 -6404.780538961126 4196.183686807462 5127.418405194561 -8993.47204590944
-4834.347036984967 -4246.718522045705 -3619.8392816993464 -7871.455298401457 7330.493566552224 3332.8725570760816 -4826.246924332678 -7430.706160285141 9949.259586685705 1848.225784930657 -8654.160315023088 9490.053110365348 -8795.037808680581 -6616.794292723893 -2485.367219183443 579.0859449857162 1355.9798349133325 7993.205290751721 5420.872173180775 -2473.0009379588
9708.405897080971 7396.868369718293 -2762.3646649175407 -7428.452600570698 -426.52825127071446 -9928.777970047242 -7593.066900195587 -5393.678623069369 1762.757892241636 -7826.447626769912 9559.116745685791 6062.211361846919 2034.314197134985 -2650.0477587302785 -5963.774525696255 -720.5589425835715 6357.904709177908 1347.17677740834 -5950.953026454536 -4311.106956652615
-339.9826373690539 -6302.257926512968 2886.948755745032 9624.639383000424 -1445.129118858089 8629.720449066943 -2226.1505057418726 3328.4003003370726 -6917.358172898084 7577.551905622106 821.6259963339344 -9832.8400760662 7359.185678605401 1081.2849608369124 8735.815681887107 -98.80250534765946 3613.0440976249174 -7571.344972789162 -3072.2239454742303 -9063.162467953285
9786.43845948338 -9179.044217997034 -2069.3064330656453 9384.526826905527 -7739.394877155956 6279.041689945148 -2171.5109910969413 -2556.807748544141 -9784.614304261824 9616.681590729022 3033.946950928803 761.9487720152338 2555.917817646643 -9637.764896885434 9571.702940731975 3312.984376798584 1612.534528860977 -9466.879403384464 -8381.609538970188 -6239.480937526454
988.6090699348988 -5850.5994756422 -8062.987524647676 93.09430335701109 -8560.659124519776 -4194.497153698447 4496.410232113352 -3721.9787206367428 9906.525359375697 6418.448956808414 -6654.378803445212 -7602.487817897197 -8352.858689111 -5174.01852229062 -7798.618842085754 -2744.249049325227 1841.9115121239902 606.8109037145568 -2346.2234609783936 5333.549538446685
1825.7266863656969 8179.669646358958 -7272.805976753336 -5276.610496472805 -6883.131588260567 8015.227619471192 -8819.223512768645 -6478.362105055795 -9407.39477241409 3345.9780717928807 -6515.40084683587 -7781.917636115571 -9594.454001930199 -2541.8622821243544 6244.42036782988 -9955.142265635215 -8932.4062516119 -5644.263792019772 5363.0037385631695 968.5584239580276
5969.1509929329295 7001.652802658318 8077.403971273721 3260.1678399095854 -7025.941306665646 -6512.091126262214 1087.7476672637913 2946.231738122853 -7485.930193488673 -4981.407710635211 9012.618709271443 3214.749742033917 -5565.679332376239 5756.099657666926 -1756.0245338699442 7416.118687814702 3971.987596244926 7352.185906657171 -2145.81677174795 7282.141819882458
6916.42488954998 3991.61064272202 -5328.538111678418 4685.55132385746 -5408.446237879463 2910.5542900169985 128.7964037707461 -3009.3866125547365 -4174.76772759159 -3367.5893457488783 -7345.212935095278 -2168.515398032191 812.5554875094913 -7530.9717351985855 268.93127918508253 -3540.40760137341 903.6634134633987 -4943.153313240485 1300.541663558788 -5559.823353228284
9058.850283418404 -6005.836986585775 -4180.626526166742 -3356.195064020919 -3359.180557001234 3116.2751557957145 4522.3268456787955 -6020.995443577885 6260.194874675226 2263.479983979645 -8352.155425518133 -1821.7945828007423 -89.50491266655808 6366.734525561178 4339.590658513263 -8849.383360377262 -5121.1980736077685 -6902.727277867102 -5428.691326997712 -9486.394253203167
618.5229245935188 -5067.581974242643 -419.6780792611771 -8565.795863949053 -4651.744155962283 9757.091217422956 -2514.639321769061 6011.183925943977 6089.586831101264 4994.446970003819 7436.92044360139 -1826.8828896740906 2663.4147397595116 8731.412391789589 -1945.7386468608465 -8461.538672047302 -7576.053454748353 5010.33094819763 2919.291123816234 8741.707616599586
2129.9831889506368 683.8389345588912 1163.582522344248 7068.319598112517 4705.2374012278615 6961.034255302322 -7729.396944693179 6942.972726207416 -2581.667943316128 2765.8144830813744 776.7496320797127 -5736.365077323382 -9761.844157797961 -1559.6012524153812 -6570.393237121059 -4642.091944499723 -5443.736621527255 6330.553453306409 883.3324859997629 -589.249651784372
1 20
-8727.849016545699 -4878.11381589097 -387.24607219272 5085.186220570133 8865.169861825485 1258.2368200211895 8698.331089696465 5271.320940297224 -2714.2468614997424 1535.2287482138527 -777.9436954890898 9048.172132099931 -3277.3449699848215 7929.823463615543 -6085.424803454718 4881.9422674155485 2901.2366190430766 7607.368752358103 8304.175359205004 674.2660551851204
