85 10
1928.7131783817003 -8078.014732681644 -6580.523995283447 9903.434868989774 -420.42287658716305 -4576.045960923118 -5723.9883138191435 9932.057760006519 -1346.3213218816782 -2350.1419280305427
-972.5028441766608 5314.399457116948 6763.920405676923 8489.12659632675 -9333.682752403558 -1615.1725133575856 4700.418184217555 8152.71247055176 7654.77609444749 6493.782024035401
811.4821651315833 3633.0099994965167 -6890.212121693929 1927.0199770744894 -616.853041973598 -8049.396637476254 -1826.6824022486917 2077.2931426165924 -94.63792328042109 -3864.4365969105856
-4024.166216387781 -9620.404586045488 1811.355812820615 4293.388007444813 1594.041433389204 4005.25953363599 3754.3159060440503 -6609.094277835096 6186.651073471168 4185.401400865478
7804.11997379117 116.60812635717593 5055.601988692746 -8740.685854534187 375.5392337836911 4020.689129206441 -3871.071117362985 -7796.113079371085 7786.963525515712 -8938.157378046884
3173.025419595886 6796.285360945149 -2469.492862403844 8670.647359849965 -4668.300271267729 -9567.16141403998 9404.00550418585 -6570.360797466592 -2716.971377130806 -5923.817116296439
3589.7745675292535 -7970.632370810291 -6074.4828534806675 -8465.626380652573 5269.80913350805 -3485.8483078301488 6209.982276008894 -2643.302923122148 4667.343087320371 -7951.078520455774
-8235.761898133422 -2017.3767460137306 -7846.894671974405 7051.08243558112 -4344.272695579981 -7375.137120669173 8948.234651418697 3942.7998197383877 -2504.1594756357345 249.69505746695177
-3800.8673866864065 9433.04242650753 9109.376674706811 -5529.479433004641 -6520.171508245749 -43.490039007483574 -3815.186882079919 6943.683255764572 8380.063628491236 -705.4777479698096
4769.825586510908 -379.5296277960297 -138.15648361828426 -2367.8103121468566 -6778.427655221546 275.9631751195175 -2465.0273533005793 189.45293580032558 -1571.4721908551583 -9419.448745129861
9285.39943984571 -2512.7103813850417 5255.924001659107 -942.5022758168016 9945.317244306545 2805.4279773172457 1795.3504217604532 -6616.180420374096 2376.0032605175747 7682.128813215084
9776.263458900288 -7044.317238954552 -5647.3977562288 7566.54180604087 5497.734650340904 1419.4256783105375 2280.899949540677 2348.098169971001 -2553.6008096815067 -5230.925901739672
-8994.724140567514 -8582.860821720918 -3876.265344781733 4237.337247032523 7669.237130716414 -7061.933037329993 5437.804269449407 6746.989014757881 -6553.052903260381 -7401.391595394462
-406.31798351708676 8757.233095106585 -6673.06871510406 -100.64163407980413 -4878.973297302551 -3753.8413147915326 8584.058411174763 -4387.681515765378 -3031.720589681914 4134.268414493132
8185.312607339787 6379.188657835557 828.4251153262685 -6478.718215441277 3742.986018789252 -5729.336642478251 207.29065905059178 -1040.3471993147687 2748.961529138298 6247.186169224606
2561.6509367808594 -5470.240442930294 -8942.307128810597 5821.200133405888 -7559.478160184117 4082.2367963720135 4685.1042092477255 -2810.4827528035894 7997.421151393963 8529.842405450207
-4947.088265562432 2125.1484848137643 3121.3748402905785 4511.447371650724 -4267.59188801209 9860.598313089642 -5602.3263030387825 4918.077258719686 687.7706786480303 2945.217172366867
3268.3275696098117 -5717.936983405474 5613.948878214187 -1578.383102645901 -4477.366328454853 -8300.376586374008 -7505.245256442988 -3588.986664729854 2087.4559454824102 9958.004360831994
4934.380344953252 7287.825842271406 6880.082120460287 -156.0844474493897 3303.993909216815 -5670.717582941677 2094.255699125657 2353.337910864353 -9599.192151921232 -700.9809906081446
3009.5793001686307 -2888.423986624669 -8134.383887809536 -6737.039896160455 -5446.183318258178 3590.4101724182583 652.9379294328592 2104.4987402767965 7971.666105260454 6272.3409276642
3693.055222671959 -6557.504264896952 -7478.069786540706 -7340.529821309685 687.4381191940465 -5045.358043408941 -1443.0598477058102 3023.819910520184 1454.98761775801 -633.4506000272813
-9134.421447200593 -3363.5975767619693 5666.300469870002 1001.6689250969284 -2261.3740874228315 4507.6592737617775 5628.93304620693 9589.300046460994 3052.0026588464207 9906.502716719995
6525.817011599582 6896.270985723877 9891.409877923692 3994.5910850931414 3157.2868968122075 -299.90964386424093 -2175.776900169275 9025.0161127742 532.3973465071758 -7172.6297471436355
-9425.957746135768 5293.539004705501 -2945.1300034943606 833.9235002303794 -7478.343506920115 1598.4904186825806 -7523.5917751229445 7803.3146756085225 -4799.775027132462 -4532.333943830396
-2441.5990224617335 -6566.743766983432 -7831.679113849399 3910.7751262481434 -6091.573036123978 -3808.247955563189 -14.35160899771654 -6123.332041807034 1412.3083989006282 -9870.695373347464
6058.835275820327 3928.7861602425237 -7843.230856683727 4912.471970923396 -5561.0436619397815 9626.198302243683 -7244.199923154965 2444.379288986769 -3440.5261878455603 -6789.7359454061525
9843.24824911695 -4385.607747469576 -9234.057330315243 -1089.4753813937587 9574.265355264946 6130.107655887505 -3688.393720216821 -674.984043494982 1201.423302299967 2326.7832830804255
-7535.604106936711 60.79430565794246 9929.554859121257 -3823.0983861408977 -3617.4919324453267 2125.6898997634653 2358.655842853872 -3898.6946327086434 4965.78152327142 4258.713337651503
-6769.0610741717555 1081.0637964611615 -7696.5219435812005 -3411.033296585122 7420.801620384202 -2659.195414887223 5745.292993183555 -7053.07980653796 752.6922872131472 -1239.2613349755047
-3226.2579855644917 7485.67349389835 6238.735886469372 1475.0098293265928 1992.2606762373853 1862.087708851932 106.40033043709263 7984.168670208874 4674.057762058201 6813.610239222977
6240.110263275201 -6420.236457746222 2756.6070243667436 2663.132380291285 -768.4403849926857 -1819.0886012534866 6514.707546294871 -5941.341489626799 -4133.912209260559 5011.541124601024
9870.389924208299 -7653.504480002173 -3930.6943470779697 6683.77360718562 2845.927466081128 -843.3557939968869 -4028.212539179499 1440.200616130287 -6938.74461655712 7220.338346750297
77.65312656601236 -6991.539702627468 -7361.377122145929 9242.259238857376 -7293.06936801659 9371.28599460646 8548.655704247762 2345.940741930939 7231.192420804095 9509.339453825462
-5015.919663773944 -8890.516832643067 -381.5171767446991 -8739.27809748219 -4966.642478577343 -692.6808796322421 3475.397086782539 9518.221654585148 7927.09171815739 -9681.29368646786
2857.7086201638813 7563.041221826086 1908.025846668048 5838.719337446872 -8724.864077889826 -9867.449420995326 -5621.991502458061 2187.2800878800517 7122.41163613999 -2624.087996194952
-9116.945745039917 9602.286402058431 8435.693113061097 -8485.71524508186 3095.2154766849144 -2596.697773074912 6532.68627658836 -5552.864203428089 -89.67542658265847 4623.700676543744
7603.609745872385 -6385.624305324622 526.1085807629606 3622.926263520283 7817.78331363136 8319.954086923939 9100.842934128174 5760.673422499531 4001.353429676883 1953.6531360671179
-5595.9968217976175 432.97510093343953 4559.6134729142195 -9556.485271707594 -5783.25823200033 5570.590405308971 -9062.478378821335 -8131.471428758121 8931.672711284104 2976.765386901432
7571.703685220156 -622.8829244536464 3098.88552048724 5103.29132276951 4374.619808001347 8695.65539158151 -7550.523624422354 -7649.915272387871 -5441.027971639279 5581.252339671812
-2021.529446569135 -598.3883811533324 -2578.1131189987236 -6207.800790309766 2985.5276390158815 -1913.2051869055804 -9606.094977859884 7453.861900488428 6952.129694922645 4530.292646386813
5600.873507892016 762.6390724374214 -2628.3930485021538 294.89040883706 -1682.1758072857956 -8469.328183032534 -2487.8069038399217 9199.409917061941 -42.548008291136284 9384.02376229156
-5399.721699903961 -6597.580277214026 -1571.0147444040176 7462.768595642079 2416.8138718924292 3.7498321692437457 -853.4750612632051 -2814.444559390403 -4243.293103030878 -3825.394583262382
-3403.8177195202497 3394.4863496931885 2455.1693213721755 3159.2981195989723 -17.853208995848036 4978.515821473649 -6507.575084081576 -1363.065836175243 963.8455150219488 -3609.684431180349
-8735.222871770467 3852.8668097356294 3520.3841924151293 3999.3057717534757 2402.2522340261057 1512.0025743529804 8195.029789382057 8168.720971426021 -3427.867793380148 -932.0631044764013
-5100.894381549372 -2773.3589119431736 -6465.725184717899 2570.0352286145244 -1294.361503834085 -9083.000831705289 -4064.3087328969905 8263.641662203554 4539.834800680381 -6824.2567084596285
-3089.0901169326426 -5561.094360685382 3196.5023557798777 5155.521604665946 -9093.66988347764 -5317.702304630791 -9377.400219072504 328.511277904965 6167.035700239961 6417.253864379087
3269.504569707089 8250.00685036154 -1506.3093870905868 631.5854089383247 -4228.8285055595325 4454.413449020758 7073.805751265325 6431.036699963042 -2010.968303680147 -7772.85117121813
2629.8825283000187 -7422.546925665665 9566.444243567668 -7034.100136968931 859.8269139842032 8296.08441416888 -1096.9348927069805 -5406.348259436296 -515.3225562402658 9510.611057394079
-6951.890740137441 8530.936016663654 -4112.847537041087 3653.2736415711643 -349.92779418648024 8003.790595932569 817.0374560311284 -344.1952509461753 -2054.580932042373 3037.139914087951
3038.0460094963073 1223.1089591621494 8948.207403075656 -5133.374235149619 -5985.795619851155 -828.780405639036 9032.713558000269 -7409.312383268276 5719.412251664275 6031.72404396164
-7641.780905669653 2528.247344759464 4789.056301737588 -1972.5783404780286 5236.91321166713 4813.235897160872 2891.6884432928946 8241.31641682216 -442.60983178806055 -1058.7745852394928
-2343.933205123545 -6769.324748665791 3208.3293330180986 -9143.083340345533 9247.1641878505 -1166.313983733282 -8583.014834606007 -7116.581742667793 -1588.2030309845013 1457.9592675155473
-7868.869852930864 7829.449430092187 -3577.8957491682495 -9598.141559983544 9410.12153783864 474.1084023125877 -8223.697937482135 2292.7312562306706 -1477.565141806499 4697.557528147703
-5757.886898379296 1900.007668395101 1370.9219031935663 5102.868282149531 6956.524887770789 -5560.173021660704 3375.2065991820327 -5496.447539603362 -3275.2372128883535 3833.28242725957
-2114.171135203038 737.2954627129984 4688.298602558831 1460.5889272018449 3604.708663454141 -1466.7690640094952 -7146.059535690454 -6542.525085942123 3695.929072340008 -8085.977320610531
-5753.79379308254 5374.986421863601 2715.9978719213304 -5845.648588932681 -5355.521025549952 -7130.125137160494 -7789.634853703263 3802.4716793249554 5417.411145036249 -8602.869108010409
-4878.684210815025 -2058.5153361112243 -2561.1797355402623 8958.061818917518 -7821.6670126099725 -9643.226513630076 -7940.240291891163 6855.9921440992 4245.732523923078 1239.0239961662974
-7476.31826518454 -3811.692006540524 -4750.57578179443 -4868.696473233347 1610.1963423851848 4489.283723148359 6396.533335993823 5505.231472507781 -2299.564081155432 2195.4340780723396
7616.939225520611 -11.032017355842981 9039.12451748018 -734.3911484249948 -5751.069343260256 -1970.7910076086628 -2598.6400764972805 7138.56591591812 -8736.889710701156 5019.408330646251
-9751.344390883989 -1906.1084503167967 -1770.984554438688 9666.862783461096 5989.754501411808 4719.335639224157 -7523.562714552532 1408.0775950286406 -1907.497011823234 5509.017769885704
-4762.55588897081 4142.727092187204 7330.776354456433 2139.4343674734155 2871.212457985288 8682.685815048939 -8546.048652078149 -6691.52814385666 -6211.624298777311 3695.832722316596
3367.548694530251 -9106.290982791277 1098.5555878436953 -733.9033228835706 -1036.603635524074 -4011.8866006191593 -4015.7437169289387 2919.500967241338 9689.968192789907 -1624.4731325236753
6376.330593239658 6799.211516970841 -2701.5205753849878 771.2036951596729 7495.018994036258 1490.7306269680666 -5269.5915865073985 -344.5915862069578 7413.432229465947 154.4428068593279
6908.114539734972 3509.1066246102546 -759.6072334520268 3339.92834345978 9882.025729472447 -2255.077189214332 2051.104567968443 4824.536621939322 -4489.198186195593 2696.2682392579263
731.0459278773142 -9569.384713805966 -2038.0789863537839 7555.516584599427 6288.061533156368 -1121.2008116637335 7514.828121584134 -9805.311816208918 4066.518938924539 -3396.540527064689
6890.182712933751 -4248.106281057542 2679.9287302073662 -4800.01747373608 8973.625078301458 -5424.304533882593 -185.2758036823525 18.332289156807747 1475.3302172279036 -70.4255829715803
-79.23224019788904 9400.695797859007 1899.559116541317 -1612.5068517880572 -4649.977759538255 4282.590042873184 -4292.544953211513 1418.3025605462426 -6893.796176633249 -4277.9303982986885
9625.5721941814 -1119.8589045062254 6322.467007283507 -5153.570043094826 6105.897203352093 3343.0857720712793 -7089.627282682732 1811.2642131687862 -4232.188573125639 2066.831617692944
-6882.503484671319 4878.755407132176 -6040.612943030779 5499.189615621954 7445.329251280273 -754.8269154794853 -2668.8201810122573 2932.851791167952 8589.705177182808 8810.805484176075
1664.9639629616759 2740.547395141959 3034.7647141298075 1345.026840546774 3822.5333316851356 2351.022248963607 -6492.355050448095 9248.725472143207 4222.939654834136 7946.2248892707685
4920.634266084528 6480.225213293346 -8407.59336084513 2642.9651806986712 3790.9882168247605 -1977.9831742408423 -1639.8852274050532 7909.955862195387 2810.2675170238053 -5917.122211142771
-5575.97176495326 8030.031612650302 -8115.498376602123 7983.907514046419 2306.6950073369135 7784.564556804071 9552.324028060098 5551.849864403584 9581.980908050613 7033.875806163771
-4828.098626568758 6607.051413377641 -9760.888137946298 6565.3651573430325 -4261.330301751101 -345.663282470623 -1724.2982784556152 3583.1436275860888 -6653.509510281523 4100.113452156071
-8205.613221477255 6911.913064271506 9604.097336757408 -4923.504677274855 3835.7316073372876 -5624.456164651044 2056.3136183293045 3992.8080152021466 8569.857799102705 -9598.77991544736
8269.910703546815 3489.5440245554582 -4585.901621207209 -4307.498873078685 -8789.80951018132 -5397.784012854819 -3412.8736957419915 -5385.535942749846 4586.565076493242 8084.832419654907
-420.8374521054029 5584.005866306339 -3602.2448900666213 -5877.335980838508 -1705.9045774912283 -4000.639590238806 -5855.219702883674 -3377.9963358430014 -5844.768379875655 -2249.2650565844506
-6155.501242433122 -7751.045176511567 -4857.727027776884 -2434.6260593257994 5717.698017210265 -1718.578183689353 5669.281067538199 -6321.008689006627 -3562.5081786738065 7464.994553330373
-7076.629157824795 -461.07557403511237 1130.2107786302713 -4689.161346179758 9674.1625002802 3945.2152254933517 809.266252877147 793.0818418715589 4648.65126353226 -7898.210131391117
4469.743840562451 -4127.074048162233 23.675645591079956 -7178.603150696381 797.3587211376707 -7282.579209996602 8158.778820274238 9278.675300297517 -6657.738590291488 2985.074646087787
-1305.8353771243364 -4029.8911093992174 -4115.778430254091 -8085.168807191785 9292.870277937069 8941.663552900794 -3672.2205292260332 -209.20279188825407 -1062.0855383318467 -745.6542070954874
-6700.155558113923 -4600.401498437159 -8439.913079033233 8931.527972446314 4061.7762074072216 8451.875908982456 9394.699756953854 -4036.9016560405726 625.1514730940071 6577.9019956889315
4817.544411862094 2352.784255835468 3390.1798563964876 6265.662021351865 -88.2601780691657 -3896.59399932381 8086.029365037481 1956.3530540167503 6942.133181354013 6582.576614470796
9614.392791548962 561.467647542233 -3992.4747956095016 -5911.0786962049715 6937.4709930472745 8573.685254474054 3042.0820056059165 -7449.4982344015125 -1927.565639259732 7508.841070630333
-4540.322510394703 -5809.882562698598 9438.75524766955 1895.7397084588301 8552.338594546993 7315.545029105662 -8674.550361757254 4029.98442902187 -8392.87879274836 311.1640412004872
-5925.30006846094 442.0519837939937 -1130.327735699686 -1254.7130852001537 9545.730995192873 3153.234329761286 -9051.600836699658 -303.82919609607416 -7563.977380643761 -6130.546673678335
1 10
-4482.434740125605 -5560.591670851935 -3264.155744926751 -865.3623039351314 -8853.635776077384 -3478.30024048245 -2581.394879445613 -3624.606173633131 1080.5389198701414 -4863.170440109146
