92 33
-4953.327460460641 3712.451994962814 265.33533262689343 4481.903495069177 5270.303034491362 272.23635570351325 3726.113904705451 -2018.3978441496265 489.74914318974515 6094.459200361895 -348.8731576536193 -7657.839152814166 6296.243416857435 3191.592428139722 6595.2634501297325 -5178.399327721113 -4205.169129997177 -7213.995851293699 3733.4708693659577 890.735819823316 -443.4620891609957 482.4093880477485 -3306.999310215552 8448.023113836749 764.6619903186693 -8406.140246643887 -1254.0471264216849 -7660.505991896871 3360.7041146340707 -6972.615176786206 4966.359637889756 -7903.259428624266 5484.110383958712
8618.67365232539 976.8081327182117 575.3619285375298 -478.73339639002734 1945.6597324562026 -5633.566055573456 -2279.1951187224813 9392.304977412081 3324.7544388854512 9649.438427229277 5563.992185191813 -7033.374490104634 -4991.478668052767 8128.664886272665 -8845.946309847706 -7657.637100082959 1225.6046472902945 -9380.99540384927 6740.716271425241 -5105.753913344637 -9870.46597146691 4049.134635353699 -1942.0997541784081 -1911.4270765770061 -5054.828398338036 -1987.782963388756 -8393.555575995082 -1150.6060975403943 -8895.07254775958 -9158.63045533509 -9838.720436135185 9542.728037278092 4159.045137968695
-7907.093337084807 -8535.621830226733 5705.036441683906 4032.809420423704 -3502.036055316842 -9906.531548169341 -9932.740461433426 6450.353517503452 -9223.260363859654 1596.848068550289 -279.4951043853471 7382.333149952119 214.8405984488909 1421.7665822498566 -8550.345827120156 4589.7986851893875 -1285.6420364285405 9240.98087871229 8295.23702718005 -348.03051323436557 -4183.542094783581 -2939.543503729976 -5004.10862608428 -13.535083252374534 -8580.608720548946 2372.3276954114135 -9748.76224846456 -4654.432122899372 7699.984718745207 -283.5140113803518 -2407.1838196133676 -9808.029597244898 4212.999237453572
2588.3384759576893 -373.4181480084244 6264.608575057178 -4116.981459720874 1190.1230181908631 -386.04096540991486 -9060.095356527176 2906.3078705665375 -1797.936534390812 -5785.654586540072 1999.240965858009 -7798.583563279529 -2308.0422058450667 -1892.8234764584322 3474.3007577149474 -4815.021625795474 -9477.103991328375 -1299.153782565776 1038.4912955226391 -8396.168967259668 -641.8121856569305 -9877.322963549901 -4965.640029160092 -5829.048068328544 -8584.811984150345 5071.383869675246 3951.7678080864043 4532.705052357007 4120.4007913925525 -2840.92304512771 5881.648844590913 4995.489202185894 3092.049531901137
1425.5544750092777 -8916.607051334877 1114.8038624746714 -5016.4816693337325 -7135.693484114947 506.84988431505917 6236.95103770021 9704.961837645398 -6526.889855567166 -589.397425226256 -9228.85480061249 -6647.921814602449 -9865.149847513552 -5763.147390011776 -2902.3877482451344 4979.98355899044 -1197.50850390292 -8468.152025964382 4519.1076034249545 -5091.279351455262 -787.295988933929 2693.4563971607004 -6950.777515632464 -6886.741150513037 -7276.868887697903 -6543.505630211368 3111.886216632527 -5217.037684593022 -5970.882630777336 -3321.47103491123 2423.2863903145335 2277.231128615529 -6326.227115315827
3526.9858953019047 556.9283447891685 -6971.370063785147 -2052.9882984805336 -1236.2085170423652 -9484.08436262423 243.87052745374422 -458.34982105026575 -1936.5533232777361 -1822.8409855685104 -8760.594256929233 -6509.881006968517 8259.809817358804 -1333.7306103228511 3249.5815914898503 -4040.446460617777 -4858.806739913233 -3142.7596133936504 14.937821233406794 -5556.332912820357 7115.84628408428 -7188.909439004099 5017.775857404962 -8198.472582487557 3601.388379342401 7647.21404231411 5560.899462227109 -8464.15223250852 -1706.6421144940723 -5036.1446025447385 -5744.045860917952 -4449.012215587513 -2290.0385597874265
5964.7381235635 -4159.387560597805 6948.303953607661 9449.504217116315 -1299.7990944607227 7767.575981874106 -2024.8513327409 8395.805178465926 4283.828843015315 -2855.9656940680497 3005.328373139133 -8751.785547535012 4018.8449496867524 -4129.067875732939 -1156.808814298518 -3883.5615282514136 9093.154043500253 -422.44858575027865 5970.514738496215 9378.038582371362 -6093.017586518201 9393.44093912806 -7352.934733302074 -7710.570647716903 -6964.985066824074 8883.728563019922 6033.525024408162 -2687.766820505055 4670.613565373207 1839.2989524603036 -831.7929193971013 2748.9655899691843 -9456.331831450703
4083.4430954057225 8471.523099102345 -5711.436412054371 3730.9547674423666 -2038.1732650193671 -7063.338072514127 -215.9772525369608 1291.6164904899397 1644.0598889787125 6809.86144457768 -5362.936931145765 1383.6506844287069 5932.064168557748 5768.955521021726 -208.4557832390019 7647.061900490149 2377.346969599428 -9561.10715703734 9541.164756427897 -639.0811153527247 -7839.667776588848 -4269.419492693034 553.1048179622594 4931.955899897443 -83.8136539520674 2654.6192358546577 -3850.3863899154258 5398.109136992905 2032.806575621078 7561.518793067513 -7300.742400664933 5915.409346816252 4755.379010289773
-3490.3155892278974 -3913.9997888686094 6931.562222553057 8927.020136268482 -9106.170510002235 8020.830025061336 3846.099557119711 6115.542070242642 -1926.1146236689374 6325.073532985585 802.763258784049 -8512.834379819771 2400.4864754708924 7092.214757188976 -6534.484961347786 -4728.740751466822 2413.075394566664 -4866.100093085026 8208.060484296268 -6848.929938633679 -8302.533989191734 3604.3470822701565 -1577.5625876314534 4715.341813238429 -7259.935703446279 -7374.200390149492 6891.42688108921 -3417.571472957102 6744.486524889722 -415.34015492641265 -1112.8350416181001 9131.919752174803 4680.33882809979
-7022.16940177715 9929.189469112982 -5329.905962684387 180.37236468922492 6213.666793255794 3298.423632973674 5154.063645782357 -1586.8696491446335 -6811.223864568112 7356.6879443225625 -1761.9262492411453 -3006.084423411883 7832.184074559205 -6845.937297486473 -9800.286559262675 -2372.8164270840234 -7880.529812437236 5382.103285711677 -7667.382035697572 1558.1535435440946 8244.106348382946 3370.542159417022 7484.172564375502 -1185.0378977101682 -7353.165473886982 2647.307471980115 1645.5972443403207 -6992.41797780703 -4925.609870439962 1145.2197886733811 5908.626474679522 1455.6178894496625 548.4268210815626
3569.100165766333 -5389.922897660955 6223.021018955576 -30.833573887543025 7092.861838329562 -1489.3690714185032 -252.95855979232874 1628.8173554401928 3501.6967961571063 -9933.729661216617 7817.528562326472 -2651.7928034486467 3915.0643725927384 4117.785594188792 -5683.180310021827 8821.853684218171 5284.492235580588 6930.811819867671 9293.980299014642 8206.656160850129 2131.5130014694714 -4414.866394410992 -7788.429133504404 6624.043076520418 2387.0457636163264 -1286.5791114935619 -1947.7122730930541 -8150.620463694458 -7953.500958691886 7317.642608895952 -3380.89892338759 -638.34772898552 2344.1583746040214
6611.801255154824 2052.5097955702095 -6696.143162500479 -2219.3483166551277 -1631.8343755251972 7650.351682287295 4301.203659938246 -5790.345641086947 -1237.283332920364 -3659.8180469786894 1367.7988186064176 5391.652479683362 -6686.756554596524 -6180.9694864739195 5829.500514004247 9294.056613059209 3944.7947551729976 -5595.440902980428 242.75483152438937 -8793.918020437368 -4897.245106643857 7787.141325472421 6298.556367639532 6977.9882975316505 5586.480998961373 3259.6943811978144 2540.5206994846903 -3602.017993211286 -5248.404853082334 9827.93564804053 4309.8941872411015 -6553.322920247376 -6507.976212859126
-9177.627797686486 -5273.652443513157 6362.07568815414 -4237.841062030874 7708.349102102162 -4269.308937294649 5239.4754660787185 -5034.826003706634 2310.3181656339802 -1.765417752243593 2741.3602990450145 -1272.2221800344123 -5594.970807312496 -9504.85931841541 6943.529900238322 668.7983169966174 -1873.6837952067708 -3927.28440727033 -3305.276948117832 2330.4230530775512 7575.720011086461 -2609.906350381554 2940.8756229758856 7896.012722772819 -1626.3038709843731 -5150.079272843206 -5817.092443193148 4786.17871137283 -8981.488756709048 -4154.985723443143 -3248.3179994075754 -1506.9465160667096 1515.381560825168
-9176.224174814008 2694.44313045974 -2835.5423537721363 5520.877273099277 -3758.20652512419 3364.126113845039 3057.214783711408 9817.67084794974 632.4904578325331 -8210.066730726803 5181.508741788428 -2209.2927067070023 -4951.891768484597 1441.9478512511923 -8029.612515015656 9263.210068610002 -6857.475165561109 -720.9376510867551 1386.2919759219258 5298.889258710156 748.0345264054995 -7636.471771376691 7904.698849422239 2507.7154999488866 6602.116964997142 -6311.7976614936215 -2959.621553545484 9044.38831081587 5523.266930629348 -3485.693689199349 5349.042585682102 6248.003903257262 2852.675212541886
656.0580254767592 -3942.516688873907 5187.864028781471 -15.474500919632192 -8005.209223017682 1307.0133745460516 9020.558911556374 6206.231567247893 2332.5742757417447 -1222.5279294229804 8728.51953333605 -8535.773651793173 -3907.037953235177 -3353.7387123780427 -6676.317277337176 -7320.640958334674 -2872.861989809605 -9999.48486234106 -7539.472353748815 9121.733085467444 -4464.366653558441 -5721.005847119995 2871.508489069016 8940.871135592322 -9198.17316653047 -386.9920866875291 -4210.863226189865 8499.752301577006 -4867.038391553793 -3017.4544138091796 -3510.37972636868 -9428.686041866062 -262.47031399397747
1742.1028392153075 353.45552318392765 9558.263471567829 7740.944382139209 -1749.7660506286938 -9847.884684224024 9775.183695499734 -8901.342493258086 -8909.930024447627 -5747.347502397266 -4880.724187603735 -5343.961336264971 -3009.2304478211536 -3012.607055803629 -747.5608427137613 4105.059021326331 -5835.4214826718435 -4596.617439320321 -6062.6177832459225 5944.2490424619045 -7039.807875418902 -420.41993223180543 5285.950860003417 7389.077255699682 1270.6399054908798 -4843.063307936813 8054.488648650375 3165.2450514582233 964.3407098614261 -9115.01063669253 -1669.4466754330497 2431.376077704339 1775.6415002142749
-534.9504829215366 -4503.625850861732 4374.859685544076 4078.980179117738 6846.37371510686 8915.490947193393 7348.041306362014 5972.53016389283 -6579.728713938855 -3588.047803722896 9169.463149631541 7503.5669634162405 -1959.8996522912394 4232.914659958158 5393.014299481045 -7049.812436234615 -8673.82251527723 -2875.6217659179147 9334.73104570743 -2881.4447429083057 9679.314162892282 -8799.28769215325 2691.5312009872014 -6363.0044542901105 -9255.53275945387 -5680.6285301956195 7490.591914890025 -4256.561887298125 9814.245226779502 -6893.998945248508 -6239.771407737382 4084.4379485357313 -9433.964967829685
-2900.5334888269017 518.6804727545496 2977.9642923799 -3922.473087652609 5620.056022848121 -7299.003766773034 -8601.245195190746 -5073.583863505229 5304.756416693837 7939.32356951855 2732.217303433461 6564.308436592524 -1199.6985426390092 -7738.824632900929 2288.6804974927927 6186.552015339295 3156.9621770254944 5107.074434838234 -3390.908554676924 -3001.636216732988 3734.5714953039824 -1973.292448234567 -6851.303464575809 -2559.7703832432026 -9038.441862192933 -3445.778612543526 1724.50388020223 496.18877459973555 -6182.313716332657 -6323.297210469603 6948.8795448909295 1478.3071075716944 -1299.2343458188188
-6287.156125522246 971.3656794106901 3608.862236633053 7826.81938465661 8228.330641018052 5000.858507385385 -142.03725103044235 3530.9853023877586 9066.807111779206 -813.1084920336216 7638.211861796095 -4586.173057668232 -6835.860414249739 3951.64798546521 5336.554505776045 5659.296316389351 -1776.2271813972584 -6513.894316113878 3482.749544232367 -4346.742430488177 -9792.90788532503 -6401.034520684918 -1955.7271493407088 8510.819766847591 -6258.591530870126 8417.297028521003 6885.750545176303 -3289.866466563114 -8626.76866403068 -457.05725019284 8734.686251091247 -7351.4280783885915 -4840.729423977328
-691.2236183405057 -816.7990008297693 2157.095849389867 1565.9694977892086 3910.168874620076 9810.653684465618 -6778.738833197215 -7038.391571504947 1727.2580397159618 -1273.501658922678 6440.535414227732 -4384.112381076957 -7690.430100926564 -9543.369694597848 6150.977611382821 -2470.390953357173 5490.40267809282 -8230.073406696521 -7244.142564938061 7361.946788824298 -4022.4076521821735 8161.3663513045685 -3575.8480540765095 -1523.0660181021467 -3040.951008289936 -2661.682647748751 -4513.686410265447 227.96710332045404 4278.955274571479 -2272.6773827750194 -8625.590874958407 2479.5612592867383 -3266.5556547512815
8122.510437195084 3483.778297173225 -4130.196813957518 9134.876509189155 -1154.1611772323795 6743.310496252576 -2895.892621609806 -4743.251321164277 -5533.654655121525 1091.2934706696105 -1398.9516374513132 2906.172882487108 9819.57851461905 -147.71550158507125 1763.7342209286235 -8736.088974668717 -1505.2520037136255 118.0136389926538 -6086.062232821718 5984.191813520327 173.0549214781804 1796.4028473654162 -4873.011480696799 5900.501757511718 3157.1349436532855 -8238.38521192009 -114.72885175964439 1510.198673872139 9689.323447064482 6143.826501785088 -192.05155223971997 381.85467822608734 9881.97626039142
-5379.028421178474 -2781.529200950301 -7985.560509973288 -490.09799444075543 2588.2630265086755 6317.387005087749 -2948.4050238921354 -5880.677292907928 1478.3303993029858 5850.747862349432 -765.0522418546061 -5302.182015215466 2230.1759669484563 -3380.853621777306 -6765.251947831998 -8383.617435053133 2383.9044769656994 -5721.025343944321 -3984.0388730391596 7695.392644321171 -7112.834649567465 3138.884467374095 5509.930686737875 1186.2134480983113 -1216.2850362692097 2263.2391259344513 -6181.214980664508 2364.501028809269 -7167.165813827729 8083.216783697095 -1146.5219722239653 3985.7383427742516 -8440.192141598669
9501.601615548272 2273.13976612672 -6229.758094270333 8567.733647826451 4544.884672871734 9111.053989115648 -2281.4083426339903 -4657.267288852629 -2820.705827076531 -2246.50088390409 -5456.615676053622 -779.399191280545 1070.2880513280234 782.3445326292622 2049.498991143253 -2597.746222311095 2347.8450780741387 8658.390430618929 -6902.516409187858 -3363.894141570562 5228.80082501242 -1380.7242580019247 61.17112128085864 -3189.1614480740845 5341.276936949194 2098.6726792884983 7093.312411534291 1442.30567870117 5091.146964069165 -4089.3471495337753 5658.24757209547 -77.66672241028391 9067.225021461414
8636.796671164502 3846.8650566734377 -4284.24234588509 9552.09095038734 5702.543207209419 -4201.12046129077 -4245.471094690696 -1463.66727422013 -5731.3664378981 -1897.6534308957116 -3928.920029643983 -4011.9934448578642 -1807.9007852049654 -9897.655294034597 9724.50345414162 -3246.559798990489 -4121.692977980131 -193.23864433221024 3199.46176514569 -9721.735795349638 808.878660071834 5638.667014819248 -9605.315814087759 2206.884251995025 -1026.5200645165296 -8520.908486739298 255.3921784387985 -385.5595191557568 -3801.2682714915627 5418.44675220982 -7511.95174036071 6979.814476015374 8780.064112606902
1276.2793538549213 -3195.9771661074174 6300.231073681465 -1505.8363640071566 -1231.124562008321 7410.119002869644 1163.7675533138718 -7131.034863863661 -4602.921814012792 -4126.720344390269 -4034.681488737284 -2244.7498479254473 5388.50743953136 9633.076636499423 6687.671115056666 -4157.799673256086 7462.52763697095 -9547.753519118802 6626.918753818882 -1635.1343849678105 2611.2986532331233 -1756.7983533188308 -9386.730765205531 -6175.314127472224 -9990.007052151755 2522.147955018294 5271.054158666679 -50.46167391202471 -6474.460888105189 -891.4550168587393 6766.981570266562 -5371.814805360773 949.9158519604098
-7946.239615731474 -9397.111601891513 -3300.0253781976126 -6521.616030733036 96.3000264512084 -8402.74763701118 -3623.9972732139368 7501.037226191453 6952.779452152594 -1232.8326653310414 444.64798173553027 5806.408671587773 4297.336822286179 4472.898841801418 3811.0468406149303 1136.479340950058 -4780.260252359656 4425.567643923352 4046.237135039746 -4878.616408024214 -8602.944756072606 5171.149126925971 -892.6596402639225 -8593.31492311328 6806.980862915621 -8730.749077099445 -8841.968897870727 9544.465959868601 7727.009582614472 6007.612598994987 -2425.353033980715 5084.444900321694 -6766.487662361804
7711.889852478234 8662.992851270115 -1352.7720314984308 -6263.712290294123 998.0584860557756 1283.4083880083454 8631.586461390034 -9977.839793160028 9932.260125864479 -8724.768089591511 6490.936256012596 6259.163632092173 21.56881875617728 6206.164069706831 9931.972359577274 9305.677398845579 -2674.968189702893 -6368.571658967612 3331.4745788752334 7871.946127174404 -4778.167369834669 -7582.748050755148 -2690.6564988626487 9124.66397628987 -7117.247103638538 -8712.120795809547 9990.156252497341 1022.1834545631591 1950.7730084272062 -8805.304501915081 6022.51526643585 1057.6146039087962 -4708.549400873847
1804.5894350880044 4063.734362957308 332.68092238716235 -9366.811037301879 -9645.32019647606 -4734.548295330037 7562.063862739382 4659.710683866069 2562.3873441769138 -9626.363176017978 -5023.378130154383 -4916.996131734799 -6319.421917198555 -9819.75298559034 -1302.6806961078673 -4827.793633190374 -7663.4992859126005 4989.568764552219 762.2784134050198 9191.93195552957 4348.795946137454 6756.778827943937 7733.700157757899 8314.159211157435 -4107.259938213455 7775.206881322691 -2251.2831039351686 3477.7093644534343 -7002.5534438331815 -1554.3829900709625 -1263.6295220019092 -7833.988821494833 -3977.0291733531503
-128.63369258779312 3813.1170553385527 6894.668872396778 -7401.996803362228 -7002.724527664026 -1347.6466438688021 -3029.6513843392777 9225.180422202859 -8918.985130783896 770.9485294684455 -9292.57696447817 3077.4714292937697 3686.383553132393 -7902.144916088551 3205.416531660974 4790.7906356096555 -1718.8452529697206 4726.211753908905 -5571.192574733461 4840.735444428594 -7258.315138787546 -252.70452051916618 -8169.56726212549 -5649.770245654595 6811.049154244018 4961.305565049161 -3664.9280831321303 -5963.604110754295 645.2393643619744 -9371.130927399441 -8516.550680759314 7460.866043668117 -7900.861752283825
-3758.9525863589633 -9609.216787349886 9826.727522935627 -2843.145564633658 99.70858806840988 5360.576431787833 8310.453393932468 4637.770870804818 5396.712589575136 8219.8520730056 6317.525635261596 3826.4671443292355 4710.298315939088 2844.6610759331743 -3768.6261258261466 -2579.192521909453 4490.446986982421 8600.570097531505 1652.9414665023942 -5441.21037101321 -9149.668688760208 -7016.266130931663 9607.680401226284 4699.062119062592 -9853.468020444248 -7092.334540923328 4541.375844225784 1196.4099766617164 9452.337435570145 -4737.601330924406 -7201.557170973443 -9901.995513597189 -5905.810848803481
6461.469226668229 -2053.9416353552406 3189.717137144815 -8132.470845948481 5506.1789065021785 9779.600288739999 -8820.500414656273 6172.277289867818 -4060.987801349336 -2749.2919027908383 9890.527694367549 2059.469220818659 5610.778669257757 8987.891252238765 -5346.5028543928875 -7904.497281340467 809.6079929155858 2156.644088851999 -2999.718995361968 -3475.43289003706 -3013.8511833405964 9042.608331880412 7462.601286401521 5256.597962131553 4711.813661536431 -1199.4670740914917 3398.9252510411297 2365.0157071183185 804.5622776826858 4465.092471478416 -5352.587426354127 -1201.1120565311485 1788.2768092057304
7007.0865872834365 3001.3812150297726 -6812.517488304542 6601.657009040904 -8617.355340339484 -586.135015141148 9698.15783893778 -7555.866401781231 -196.0222714142401 3527.9489266310757 -5048.021009477275 396.46353943530085 -7923.125814873119 2941.770596033064 843.4466564549894 8356.27747500952 -4156.565295139547 -7994.948256622299 -8423.616685808149 -6410.572042493243 1045.5878866224302 1326.8482292171884 -1108.5756266879816 -1286.7896117342189 6626.446462229407 -3360.2793122101657 -3186.3153211986846 -7516.654129516204 4787.464119914759 3379.277142908464 -342.93806452989884 1197.5419523120472 -4523.204074497667
8370.9977246138 2883.2137180891423 9259.326202763019 -2091.9059490352556 -7803.339383015022 -3101.8525503206183 -3353.956548820265 3312.4142414521248 -22.791893125186107 8477.370950594464 -8562.306773479571 9103.768994339993 -6910.839068195139 6073.837786192944 1739.4315106604336 1969.4733557137843 5985.3944450353265 3321.3686471406763 8020.579629114334 -7229.863545811301 -5580.803147780309 3769.613466114415 -1840.1989507343396 8753.737349630344 5991.345278235773 -281.04460707458566 2491.0813471922393 629.109673305331 -2512.470923390806 -8217.435573589952 6453.069684571041 3931.574316832737 9563.670886413434
6854.283076780044 3280.875148284116 8856.30142725055 8631.54465591825 3124.1646359412716 976.2895137869782 -9888.088834889346 -7938.972768989421 -5692.649515948607 -3267.9230470177645 -9725.95527224913 2398.2931929504084 8983.087244854083 2467.3336919436224 -6288.651366344693 8797.07978462307 3979.599636996565 -765.6843352177075 -413.8644547674903 5812.586272645613 -3170.9465239260435 -9083.51189470459 9094.012101157787 -9964.787005845323 -4083.149713110707 -5723.568845990126 8958.767716985316 -3272.3269673016757 -1130.5461657874785 8618.068892295985 6858.019253018629 -9913.124888886967 9699.652862574494
-1365.916744260072 4667.399586441166 3476.968510864539 -5911.098975760611 6709.8426267511895 9322.703722723712 -6416.361610678367 5116.772825530101 402.118518420315 -5323.953218676401 8767.105293255816 7560.492962016819 5837.864222225222 -6800.967403829563 -3098.22915451248 -8571.966076028195 8498.389922572696 3248.2210964497044 -2189.208623102674 3252.1525263569147 -3508.9265319598153 -7476.884236644964 2208.4652454740626 2504.4070328043363 1825.3443920388254 -8668.77609400236 8293.87346184006 234.42440507680476 -4499.251463520671 -6366.657940388598 1319.399243380938 -7726.240998005265 3479.6232678820506
8526.849082954228 7920.596609796761 1281.4630278360873 4893.613259388274 -2493.3047166131782 -8493.214791538114 4911.548161214088 -8704.725891770478 1478.6349409455252 -8408.244142808519 4379.424180073289 3883.5134478609925 5208.280398433511 2763.9087147746013 -5889.1859152432735 -9359.988200289796 9774.580311827547 9333.374435067162 -3574.670890253864 8564.937853665673 -403.5837789640518 5256.460544872063 -9854.34767252495 -424.67906674747064 3910.7721366688183 -2029.469641412069 -6209.858033959284 -8177.530670586901 -7211.955013663296 -2535.6086341565806 8679.847483499969 4222.617537829181 -4966.160767127732
9356.332816648013 -5344.676460471404 -5146.911524918652 3952.6005166446485 6708.006136410844 9322.806943562056 -2245.679976698656 3703.4369292482334 -207.22724546617792 -1940.2728222675632 -9623.6237832698 -3417.1244265643572 3526.6579335297647 -3230.2085027360763 8739.90277745921 1712.9736322226254 6939.0550827938205 -2387.7946786497287 988.9568998637333 7975.976567266665 2941.6430576456605 9915.54854749214 -3055.8171983091606 4511.061702945519 1578.0795938774736 -566.5066851647498 -7690.4608758716 6001.924473336527 5592.665123441118 5450.04956970372 2672.4183831125756 6945.233480452731 -5752.6001840744275
-2656.330207840627 2731.5377771496132 6143.947441528848 -8041.862154794095 8680.801514461476 9382.173027134359 -2995.205603844922 3027.6470451137593 3900.1958085038277 9756.851115286907 -4382.493852235878 4608.449926873465 -9639.28739283846 -2760.6060804766485 -839.9011693557641 -2078.6855587163773 4943.205182146878 5976.511137970125 6131.022514909828 2011.7464872713863 8669.13986572127 -6066.8293367727765 261.7986798208567 -9087.325379472788 4081.2280520623535 -1891.0088371119718 -3496.2988682510777 -7918.6878369487695 7734.72868323209 -883.7883305472278 -9946.15037511344 -7442.02306688188 -137.11262973565135
6320.63163534124 -2743.943441458723 -1023.7844986207783 5011.644837782182 -9712.798678024003 9468.94212449903 -67.52573953721912 3186.492577857345 1347.8441287569694 5326.498644164469 -75.87591836322463 1875.5519122953865 5311.143882535902 -436.66848598105935 -8825.553070574237 -1890.812310055081 7732.590960773461 -2411.0574097659864 6272.168003920784 -633.4114005143329 8723.245374348284 7191.749370704063 5475.92504151769 -4454.296564613715 5731.977701387303 9004.906289004935 -2097.8743550800245 -3367.4789600400445 -2432.093852283022 -4801.624151691062 -5959.505046014598 -5916.801981626146 8908.943396840059
-5951.136835724183 -8974.138853675808 -8915.500374583187 2965.7009037980515 6568.5058065794765 5378.906852865248 -3104.9630572225406 -8490.775599789577 -2348.5055164933974 -1440.7904730802493 -9014.452978874937 547.0272765443788 -6201.192229081631 -9883.207359939075 6561.23306531502 7081.217050634172 -7895.48089374045 -8868.868508161424 -905.8222031412315 4004.6126652893927 -7720.389514340955 -3165.425133277373 4269.367670657974 -86.21508638442174 -2988.1937548116457 7701.838007998787 -8208.655830290425 -9294.204418913012 2409.7075084917724 4743.26241805298 -4381.438682822907 2908.8381127775956 4804.724824078487
-3879.7016917960827 8965.831523112316 -6390.969460127802 -6138.124751890009 -4349.96685959454 -6712.871268820919 5242.692711966893 -398.33463624348224 -8284.985948349311 -2322.801862465598 3987.2169410371025 7831.713740307721 -4028.8322311881666 4567.25807229272 -314.22829906432344 -7362.893426145645 -1908.1853656393341 -3788.170532135784 3782.691982442275 8569.331014520856 -45.0130773026649 3176.55799536027 -1492.5678321641826 7878.032078434106 1450.4762532765162 -6911.920546651014 -6972.756859699835 5227.084617423341 -9013.164697655799 257.61638287335336 4479.525718131532 6478.977811439767 -209.12643672134982
4612.260561142892 -8938.504349710656 7975.672120888088 2259.497319587592 188.80036580035085 5210.232861418646 -4005.5025636727423 5628.9430910859155 -3117.7521403276032 -8259.671173300094 5352.932544029072 6739.924794667921 8056.428671114092 7031.916294405088 -4211.957201237268 6943.63402512213 -7228.979047619721 -1097.225483863007 7396.816894866992 3144.1555960273763 -5331.827105218272 -3763.9431279772207 6268.1029213824095 -8021.593866508376 2497.0436493941834 -6784.826761033489 -4997.824667585557 3635.0779078520773 4841.177857480925 -462.4380070444149 5794.4382260939965 8221.374594246492 -8564.369557578624
8422.714065391614 9025.87350490503 6279.8060004324125 -8610.612450895958 593.7807033190129 7627.949446153125 -8578.65885912688 7964.219274785119 -5406.216728898187 2222.4639716580423 2677.152084974374 463.3828234119337 -3628.5634773865886 4677.096135942456 -2707.9340777745383 8167.487409811343 7670.321531108006 1800.5768791945702 5154.3893389297555 6496.71914165718 8732.182672328483 -2358.427008081083 -4849.643036564812 -5529.05907356952 1719.7199338104838 -5603.314080639497 2588.9476118724233 -2010.0198424114906 9701.379993862167 -3629.6232167318494 8377.978410814852 7670.447330806128 3231.3610071429703
-5528.319408554592 -2761.35836862426 -3534.0766190127697 -101.59605530812405 -8681.423540715163 3521.974278296855 3352.584425134257 -584.4767260518638 9197.056182155404 253.40967975082276 1435.7433713193823 5789.171183179909 4540.709796293029 2844.971875070638 6461.36466857346 9978.345020097157 -8626.78666897849 9812.028219049185 -3204.2482523017443 -1174.1433571439138 9010.683264041356 -9787.494579136235 5312.055025183559 8225.398972013736 -858.1922772455509 -7178.436236134602 4544.520547472537 -8086.319808117511 -408.6227475094838 2579.268697839834 -9243.170531924343 -6559.427658254608 -18.98702115746164
-9422.371445087267 739.6430209266036 -2719.8800051181734 5400.085105843169 3979.14435771856 1013.4042314226663 -9488.633334616641 4487.364150885915 -3345.3315926467294 -5738.859014948945 -3020.2240026794107 3261.68604221442 -1550.581742905697 8527.207741675516 -5358.664492539222 1213.5943016254623 8707.271134118528 -7994.72921989709 9577.306939187281 6364.60304094512 -1762.8532398292846 -6859.934141155543 8827.218082988398 4369.338722316161 9078.907198765934 5937.98962262878 -4271.21895718898 65.35477065790838 -5439.130065801776 3149.30296508394 560.6815445569337 -8186.532943389997 9473.333836857812
6475.883806268903 9705.76496180211 -2816.7419978753824 -380.4071458016515 -8359.45207600262 2449.4856013658045 2994.591396228443 -2653.605464432283 -841.5077814497581 3120.4062951086908 -4258.293783252891 -3477.7549574897494 4304.449327144208 6581.1937965719335 -1917.1205194363574 -4434.859342078626 -1667.8536362973846 3824.541646545016 -6046.145986752221 3618.3021140523833 -1454.2496381922847 -1820.4046872119407 8558.482158304443 8059.928647008968 -4227.970712988323 -1109.7845019429024 7948.206805047012 8937.098439702811 -2232.289102189695 -3103.700711421893 -9558.78960106824 8064.733124722643 348.9366833338245
600.6570428899468 -6708.262856059732 -1674.527526263004 4479.571375727575 4124.465202306797 -3310.9835427294083 5308.100208829479 -8427.593654063761 5531.690253639754 -1135.7098975107147 2411.8190162210703 -1372.7406553879446 5255.243981813597 -6094.86355160781 -6349.870122481927 -5415.883706182927 -2212.2645387660996 -969.3171474132378 -1144.310537041083 3414.6849450998743 -3006.9490240124596 -1523.8346801790813 5066.4149456595405 8172.701156711864 7.320895308921536 -8344.20785536906 3921.9870366448067 -6355.619494703746 5486.780041939179 9759.021817380744 -3529.2210530846105 9927.026355368776 2948.8291061711334
2947.747483717849 -9137.923103997427 1745.9293097348036 -549.4060739117594 -1669.8927575099478 6534.973336099076 -9638.170286919085 -2765.4226647301393 7746.06717378696 4164.496656456453 9592.983734280595 -1372.3496167677386 -1838.7915125501886 9015.012340322475 -7555.987636829588 -9783.219700048316 -3338.188059903129 3417.915341624808 -3972.144324403055 7124.044682870179 -9545.188860004579 -4323.776974935984 -1162.9383235165114 -8568.126007698402 -1935.752988780193 3219.7680100100115 5798.483380417252 -1890.0752195349187 -5395.079731812507 5555.747251761635 -9548.883891162346 4498.054652475563 3584.676345134896
538.1280395980557 -3430.1885476548023 -5201.882888390912 5401.04314049713 7029.537916222762 -5497.412295819133 6949.896738335152 2181.263087204772 -5777.3384832997435 5537.302216837585 -1891.2531318459005 -9476.123715387002 -2932.5006229601704 71.02170945211401 -4247.267765107279 9408.346187253097 -8902.082605510257 -6508.843359124483 -470.36716390721995 7228.347661634332 -4968.49862112714 -6113.1220837265855 -234.10664805558554 -3686.269293646782 697.8054974763745 -7843.990057592354 9841.719577702665 9946.694542072612 -400.0354207109576 -5369.761534999698 3604.3049690850767 -5655.885668337477 -800.6991092046865
-1492.1707212472393 6618.802636600318 -5584.096604046506 107.17466662832885 -7445.2711174024835 -1250.01005647487 1175.8155043942952 2677.500748284343 -4402.390545100452 9739.792036398823 5164.312904596016 3121.6514570173185 -8935.89509141576 7050.096403668969 -327.87212256192834 4239.807801565927 1334.6995874405984 -4216.428288117831 2774.2049579541 9859.359463879948 665.0757472662099 -2852.2556333993607 -3517.077736702645 -3493.6005847820998 7807.911930756083 1276.1140466101551 -6414.038104519819 -6095.366072768027 3160.900032215781 660.5566245348218 2549.697793295132 8806.853301401461 -2941.4324816615654
6428.660393994192 9477.333832731088 -8761.150265851255 -7327.425425664935 8581.419977439542 -4800.290800069196 -8125.081752723997 2125.841165122187 -3180.495828876553 4465.052710924949 8777.22252198626 -5321.165015952513 2296.0350819241467 -2871.7172412769896 2240.72886264905 -4546.152104280472 -9855.096563289791 2112.3548747427903 -8492.39061815047 -9279.46812753525 -7163.517244549163 8894.906060800906 -5175.776145485671 -8032.092133752433 -130.8037302569137 2178.5536966016934 2118.4889560605498 1559.6737232057694 5346.961691220027 -6861.687801094438 1607.6757873596289 9576.32156181369 -6328.863791104369
-7343.678728856317 4047.7357435922695 -9860.3720021018 1490.7628317866365 -1765.3628839799603 9787.746310556897 -9702.21009666355 -7731.462231538104 7223.897816860124 -6038.844384236401 8548.394219234782 -8084.207897208986 2767.521995747751 -4301.50721879895 7315.699027663952 -690.3088022835273 3649.7239583440332 -115.39813243934441 -856.0542076964448 -5076.960227675307 4362.430539975869 -205.80060571116883 -382.2634182787406 9363.838537690717 -7259.820536171546 -7492.198925196088 2695.604700627857 5856.956739697438 -4095.2057218566897 -209.1064025316573 -5377.266874874198 8214.471607093656 -7700.179321905552
-1271.7508731917387 4300.812050485592 -4399.114401745672 2433.2145779856164 -9132.448768786438 -3383.506088175399 -1391.4245762066366 1363.0950657897993 -877.3754246081517 -8730.585297053656 1417.350386675933 -224.9676899561273 4072.55793773366 2001.4502908697668 -6021.635629339701 5443.293907673671 2211.020718985561 8553.112434857456 -9326.770743669256 -5313.142320660109 -4709.683592078637 -3468.3550292091422 -4104.354233608094 -1544.5293015497282 7074.295421975599 2735.698390617634 5653.2799829578325 3321.5172999913684 4242.2597879483765 8977.097168358527 -1846.356731535885 -6087.513927831645 -5715.3508147384955
72.93430135825656 -4819.743241736598 -3299.9952633092607 2411.6245461766866 -3522.1156762355977 5758.336941564119 3206.422994659688 2144.3778567751488 -5935.824881072249 -2038.216907994548 9369.54661744746 -231.09862903351132 2161.950070111887 -8424.748658098477 -5712.396194817157 4077.7145061196898 -7664.661367159575 -1649.377040320891 -8023.911217671586 4353.791200625805 3776.899243508262 -3155.290839394498 -6361.348196733776 -9255.377045651458 -3488.309100672973 6279.589743185907 -8813.499875062025 -4092.5890419718144 -1030.5693450169092 856.6585057499306 8753.559664409015 8391.500051768904 7955.041118443674
80.98083828662311 -5529.488488479277 -260.6562958083505 -2213.7151259853117 -7500.02617186856 -490.97708357392185 -4624.204523288416 -5140.808914714967 -7050.276761940164 -6884.857338764216 -9478.273758403302 3869.695278452602 -2279.837677088254 3984.204377810518 -1115.2115562792933 -9477.537565364079 -8491.212267718265 -6212.581060278406 3284.5089159481686 7775.675453054384 -4478.530340014946 5655.968931133384 4984.597332533052 7871.111490814732 -2188.7603361315587 8157.978162446521 -7247.0179415446155 593.7492167520395 2946.0844480369633 9798.019425353494 8310.072311583197 5450.20124811546 2615.1343846014206
6919.184047569794 -3280.1350702971677 8363.638435145356 9927.472238929731 -9254.549608719071 -6010.584360433968 -2291.29477481917 -408.9234555784751 1686.8974920683195 -3809.2584545065856 -265.9732923725114 8833.097739424375 -7255.931254517372 -410.56716056694677 7496.851183502047 4213.231237043376 2976.2438756786523 8004.740176012623 8636.462715617647 807.1271879826072 8615.876609610808 -4602.539109621457 -994.9956388852806 5993.383281408016 -3090.910721124669 -7443.020711068193 9036.095262226769 -6994.976135583882 5901.959834371919 6550.947678984481 2746.666841344286 -6376.717272879196 -8844.290757831075
7174.369483405022 4265.506227098085 -2740.926671149042 7150.58563280548 6974.665386373465 -3996.8179276172395 1134.5322680170939 6458.414840803482 -7666.331444493595 1662.0892260784094 -2767.1761086155657 6994.845424627078 1291.4899301923288 9887.023409056841 568.3390463386786 3850.5200898411767 3523.5836701366916 4427.508060122511 1745.1181664830146 -3598.782013693458 -2688.7897187550334 1235.881583223987 3373.730927970555 5399.407799528175 -841.5094645848349 2954.7161764436187 5750.1322114430695 -3281.2476528416482 -9031.312289422553 -2910.303559670382 -2974.6245899956 -6735.5672112901475 627.3260578518784
-4348.9312449494255 -5793.608617713646 816.0034215111955 -6336.4382306970965 3907.2924514836104 -9551.999037683834 -9880.128488518429 -2956.018914348515 -6234.37135349177 -5241.871485897813 -4296.4830709411035 2867.24068724286 2561.6944267260296 -9762.527033032338 8099.89420085778 3633.259272494168 7945.995524552694 5871.4182257013435 4067.800867859567 9626.193777640248 3010.3699001492987 4170.446289127976 -4237.88678321694 5674.408212710268 9172.993016107015 1878.5639700088159 -4849.994354599119 -5677.121349932734 -9573.847306636739 1195.3173094332506 -7775.478835019307 2609.438875686561 -6592.448786936122
7403.966899588624 -766.0810158631139 6742.96401558767 -3824.7624146602902 3154.688563670068 1428.8806466132428 9592.185853540519 -3007.454743394822 -351.37224345270624 7390.674786204898 -4914.210953990306 -7686.530575693749 964.7972028064214 6425.383663258235 -1597.789866529487 -5043.384091054779 -9332.946683841377 -2215.315392360968 2944.529088111669 6701.5054792038245 574.5502193355878 -7590.541816530794 8200.237324905782 302.85828010991645 -7620.1620818254 1412.2850222409452 -3437.5377527187975 -5166.334707252702 2684.610745749098 2186.0964356281856 3125.9799692972574 3540.518079244912 -8559.73469984572
-4413.523379940296 -5090.130522746103 -7489.210811899589 -5186.308849014625 3771.374717590388 1653.6180931312447 -3653.143710592796 4991.772453502428 1849.0474503155656 9388.176771085316 -5406.841103042648 330.9012042511731 6132.683614216532 -540.6918239201805 8166.937154030053 -5958.25027147145 -530.4745036539571 4636.456331444053 -3960.9345041657607 -5873.762198329504 3924.2282957645803 -1344.5282775163414 2319.21505586489 -8633.802981824674 6159.032218171056 4297.0064507361985 -3372.651838922303 -5455.258940563059 587.0596405096967 -1334.7527341539753 5709.941558274661 -3875.827231335463 2806.3494981566546
-8514.085881445826 -4242.111778813626 -7416.730755496881 2521.5246116626713 8512.870856049747 7263.613669962946 -3220.1835812041572 -8303.86111989293 -2021.1198460494106 -187.95577980859343 9076.822075753316 1230.5105448416452 -2617.294810790696 -8366.40805792042 -1647.320575675736 8061.426052309791 6320.29587387283 4896.872638666166 9917.986993329887 2415.004968469426 -1424.4005347766579 6432.849366597944 -8245.089186004638 -625.2492494844282 5584.341147495497 5278.851611591474 2362.33722172753 -8754.701598771668 -2535.2485547926 3923.225539507406 -6926.77037566571 -7567.432143263217 9823.948958432651
-5934.565375669583 -5736.558579226494 9956.97126229353 9690.30883696429 -7246.666950414627 -9363.754041219698 5706.910371506225 98.02252602509725 -8529.11029586393 8512.348770250068 -1561.5008729628644 4771.552610784591 -7997.1398973588875 223.99834731863848 -7061.423003543696 8337.027751909573 -3722.009957664214 -9389.88224388871 6288.342281500465 -269.95318827502706 -9740.363514425599 9548.288486584945 -5596.46657761818 -1635.2534157520822 9889.217758476163 -8128.337418491583 -8519.596868043389 -2013.1183703901988 -8394.74557376191 -4418.248873895849 7341.046842989697 4785.621368239517 -2557.7564047080205
-2139.7052701351995 2117.019883973122 9130.367349354987 -6109.181446466158 -5471.37205681653 3750.0588133307992 68.9536709772674 3784.687218627838 6882.6385236567185 368.45818002421765 -7686.102803687978 2100.487377257692 1753.961427402919 -4692.969888783964 9653.147339224612 3253.319464406499 293.82476479237994 9631.200481997694 1082.4797970236614 2761.8966195252015 5082.689301437347 7420.119432744192 3734.184268513538 -1363.713921956447 5097.978153987175 2176.0784952956055 -3938.0331191314035 81.00682363642773 -4299.048998071242 -4432.013899078451 -4236.5281026101975 3803.7570687152747 823.1285931335442
-8761.804813147886 4559.917029368484 7681.067592852625 -8895.865452599304 3029.727990985153 -75.37605710258504 -5013.652420345232 -8001.644466553886 -2198.4615224326662 -5443.08446208904 -5477.049310894417 -6972.081182915106 6606.669036484691 1192.6838547764019 -1419.6839626498368 4809.676014397233 6018.513041351784 -3014.5151036023335 5597.100009234715 -363.32928413737864 -5341.904558915966 2169.0040646371035 6809.19005051651 5933.353764983598 -8240.073702697824 -5399.184237934926 -2779.503426064731 -8970.893362703442 -5121.485179115725 -9819.739313027882 -8754.537602523527 -1817.6098008302397 -1445.8347082124747
7233.310047032588 -2545.2172220382627 -356.61725321300946 -9924.29066225995 6650.742017023538 8631.876775423629 9091.637221943729 3903.68090757569 -2169.2936301084865 -6130.927017738859 8903.052621060517 -6587.703342731564 -2903.771588003059 1904.2918973557807 596.7474031122692 -7948.710876317728 -1918.6601843484086 3684.8768675625124 7290.406603931846 -8059.713390549179 2040.175629498899 -8456.08282391829 -4904.362081614795 -4338.094618305868 -228.19880279615427 -1240.737139428913 952.149062376142 1064.8919967184447 -4861.358077003628 -9247.088500966893 5069.300002141375 -5250.373361148945 -6741.504443354597
9318.08884559711 -6554.199862295145 7278.383053440677 -960.793360061507 -1628.7950171288849 -6745.801239254072 -2490.8359380900056 4565.156122767567 -4470.82421515842 -7028.246404087855 -983.6052687431511 6934.395309654828 -2622.0266726042737 1541.903147361203 -4986.381899253774 -1686.3222848034966 -1689.2407229164273 2801.910420135502 -7875.649472617441 -270.5914283412403 8059.806616075821 -2035.8753568865095 -1399.364705083326 6086.194399000735 7052.36272696358 -7129.0377591930555 -9798.19651794447 -686.2276948449216 4749.13919608616 -8904.187614046044 -1858.5738486706414 6690.9417950918505 2424.3445953919836
-8488.39644941286 130.6634609556786 -1842.1576316415812 2935.5811712259965 -5223.215067489744 -2499.222683482514 -3828.3424876423596 -1456.5652589155543 6471.779436568755 152.6488415321619 -3411.5879680853504 -7257.591163463637 -7774.054155435688 3683.327493603694 6473.133247731839 8740.753384475527 -3136.270328464001 6164.828258219564 6623.548983901681 -1346.8548505002982 1288.1497943240138 9534.242285968568 -9345.28015723402 5916.729697003882 8796.811499518266 -4331.641378422441 -2225.8762343654007 8832.106816135478 -4941.716740495072 -4917.968597662115 -1586.8831403493132 -1741.4047719360242 8782.352698835184
-3067.4721671497136 2015.506531002602 2736.1808388143254 -8925.762936735335 4355.223787970992 5392.545004839249 -5124.136172399442 -4651.039370445602 -5374.669787332513 -8949.93893687412 -96.01568130937449 -601.4001253072147 9420.218628706905 62.53423702690998 -2065.2765028370213 -4629.607431846634 5066.725191990154 -1391.4517610355051 5531.1500452481705 -6886.740826131572 -6637.68937385961 9090.969990577792 -5200.704713582336 -8094.001502576784 -727.6348730880654 -9996.002427534775 -2885.011187424613 5170.368599952784 5145.987481929285 -3012.7517309890336 5356.78566549411 5036.112582461563 2424.529812965855
7599.4787942518815 -9802.036323459082 -2527.8714402409405 4740.55847218017 -9883.474545026029 -3804.1948418611264 -1396.0822135130857 6885.435767929004 -8389.18957539215 1055.247942276932 9005.50265555167 -7054.014104082136 6542.633048450811 -894.5388356210769 -1799.803861165019 -1884.4139614464557 8525.506994491443 3591.658495517746 -3697.972650504975 6612.220306453546 815.1607622806405 -6414.0573861960365 5169.147506987081 -7826.5955003367835 -3693.1758153320507 -3597.133774853749 3167.074556231584 6474.841659581722 7267.435499953623 -5025.000978607326 6675.8322574585545 -6142.932712883387 4362.502098013594
8322.410643313804 8001.536963644077 -9384.61560941687 -376.2419272384668 -8868.74007890841 -5708.237379095944 -6755.991973325501 -7822.281243680289 57.48591362323714 5580.925842134246 -7074.955109236789 -5458.062831642216 -6331.521671235292 -4825.938823001341 8257.782101514058 4955.9628381541515 358.15552684577415 -8177.985685436089 8280.606660900889 4513.511466357819 8854.684050302603 -8573.67920185511 7842.279955268783 -8581.341315878064 5390.893387218181 8587.792452919293 -3392.440284980671 1554.6734325232828 1455.10736305502 3933.535879446281 -9580.159637564262 6375.707664725409 -2778.510976974906
-6135.825062726166 3288.3188681288884 -2124.4990404947785 3416.666607387653 -2974.308475170573 -8052.919877064593 3179.75145195649 -5757.341117953105 1583.2128954864893 1823.8071879572872 -9096.393441277653 1877.1178635282176 1040.6258176643096 1603.7834610883965 4434.050012031585 -8536.137505133092 9747.30023865453 720.3960663630551 2690.433466205761 2033.3530621871323 4532.414837414424 -4873.026902056455 8464.465341330564 1923.830792214474 2727.09574102825 5465.009036317017 7.375854214797073 3245.0645809847083 -7174.957720835737 -7781.868088619166 5975.589375988779 -7122.570752484971 -7464.5900370250365
362.0940834811099 -8049.099061877288 -9967.298602037641 -9944.729975873794 3860.247551009512 -8047.991851083056 -4970.715914642041 -7738.109522640489 7788.518018751336 -6855.610654871314 -9379.389882270778 9378.113764666468 -5922.40509825865 1071.3668730122554 -3708.24006742289 -73.46772031729961 -7900.460934985129 -9586.186444332703 -2387.664380768486 -4493.679885293258 9773.44334219992 -8356.361814051857 3240.0295507623086 -2707.4436369970354 -3556.569973913848 6450.048561894484 -9787.519423736549 6140.574317474906 8438.008244049557 5273.504318991172 3579.70997521547 -331.4000395902149 292.0070869372448
5911.178985316259 -1754.7935492016059 -6033.501668883566 5242.38006798423 -5812.666938822242 9087.28828628979 -5465.173275189732 9394.330788448671 6100.0302662093945 -5068.10035900209 4205.4059823105945 -8512.520449545946 -132.55439539724648 -8203.001457051409 -7351.356072728035 -236.29357708612588 5967.279786773472 -8846.665593538892 1355.8851358668053 -7603.325204578302 -4405.627320973995 8344.58114074992 8479.850760380647 8894.337210999638 5721.8587482394 8313.43275980906 4572.247537959187 -6386.180242062934 3481.6083465472893 -6363.16966609904 -3734.2423116905184 -7914.583467700582 6227.52386699511
8519.093951379498 -9545.713112092337 -4350.431965985217 7471.694645327756 -741.6598634153088 6235.910583949693 8283.984425318115 -3095.7445916860825 -869.3198764141653 4752.520495662129 7408.851377030263 -1677.0846264371467 -4120.500470303672 3949.7470133724946 -122.67958685176382 5381.933353164086 9414.892151072792 6870.270064219407 7202.428061901166 -5743.32825646326 4460.77567328361 2588.4791993150775 5612.4877352414205 -4460.354262575532 5741.102380497265 9827.32179969427 880.4167788438226 -9199.345166273499 -8361.677799565632 5963.166121566603 -3613.9048072882415 -9856.9736331102 -6988.97011344773
-4942.663250945345 -732.5669816373702 -5180.565088633398 -8367.035389387414 8482.853772804257 -3840.3390132422264 8920.243552515101 -6554.0881787396565 6765.618647219195 -2033.1138962691366 9276.07448513864 9697.092859926524 2763.9247431811727 -6877.653137556765 151.47597328338998 -4389.346102217431 -81.58566076773786 -8566.601564293283 4919.51395284472 -5638.343493127802 -4734.033475368959 -8276.22948064456 106.68691584416229 -7474.120268997312 8448.474395722591 8684.912056970767 -9164.008331820343 8150.218030309301 -5987.684165736826 5149.873395431403 9721.46713997813 6269.129052622413 9157.656022149218
2082.9777935852508 971.2277092913573 -7665.800757432622 -8291.115214041703 -2025.0276136891835 5446.17154904605 -8569.822619452743 -4139.84810887198 8226.490332589707 3128.4357254575407 1416.5720878117845 3015.1452692560815 -8752.79396262188 2083.9638565556543 -6748.359409222578 2541.824629768709 -2289.899015282286 -794.4960733977205 6422.123504813873 -9076.95770162424 -5550.379993990229 4094.417157140795 -4934.478084328755 297.1021419430999 5242.613420202031 -5494.189318327019 -8607.468413456201 -5316.030111540138 6191.6922437631165 -764.8161373450457 6995.928391181977 -4736.218305015971 -9900.332159097443
6717.53105591812 -1235.5267796489807 -8303.199910959407 -6799.68271035996 786.7666426888736 -5815.0700215084835 4643.365782833231 -8937.3615490285 -3301.822791237636 -282.11796362107816 -922.5866144506836 -6121.71426129188 4999.320576269087 2394.8732366417007 -9954.968356565863 2552.359167843606 -2066.4458779228844 -8852.569899170205 2709.907930996569 6758.844262196075 -9935.6796926905 -6928.573881039822 -6618.325799233074 1876.8578308216584 9966.522769829218 3023.918413521793 73.78804630180639 -9695.998427342796 -4043.263168450375 2386.9460767247238 -6295.415845182277 -7479.103280669806 9252.697575886315
8543.140785824242 9894.796446301021 4553.395583823356 4182.26888249898 -5093.663031482025 -8402.842136702833 6865.551461442392 -2353.8211357992695 8012.304257988915 -7077.019947007353 -3524.221484304242 1458.8517199497746 8135.850544283207 -6607.5747925450905 -2969.1717588164265 -5506.035584152453 7850.875790529866 -365.79398340943044 -2817.7408067093593 -3294.913341069976 4579.145133243985 -6727.157982947194 -1000.7662869102987 -1958.639649525624 -5762.50424467335 7617.096357627521 -2328.0396371217457 -7991.97750058195 -2412.5576165721395 3540.3414888039224 8757.98206952733 5388.825652495052 795.9986499962142
-3283.858544962859 9007.889030892475 5465.581870386712 -8193.806664790329 -6687.786872036144 273.17639431827047 -7940.224530796747 4130.080741682063 5565.1652475692845 7781.646884893704 3682.783107292562 567.2204044164846 8855.514984624973 9266.715616566958 -8815.241520118883 -9995.200375783357 5017.766678075717 -4315.857426437666 -6526.891675414201 6001.706325006462 -7547.93994846306 2238.408247828116 3875.2537415566876 3035.4206772006346 5136.1415520439805 9389.18563636479 4832.271669240203 -8488.552586868342 8097.912533777981 -3586.580745858044 9954.32534831241 -5535.8518675551195 6436.706316876349
-708.5493332237202 2847.96737444485 6588.696610052455 -1655.2602227413408 -9227.299981256716 6829.444844853286 -9297.06842733179 102.3318914311294 4062.188295975615 -8318.619459016989 -7139.862537032637 -9032.57670177355 2563.729570684043 8198.265100937697 394.4282934452385 -4078.5285394469774 2637.8622528979176 6541.36842774662 5194.101474083436 7991.0732093946535 -1525.6551862601846 -674.696318998529 774.9143892683878 154.65143438005543 3067.8675022028365 9478.65411987052 4290.329900764989 7195.680369898666 -3285.558289603281 7993.000404002909 2873.6502667607565 -9051.965206734294 4067.2295690194624
-7092.159218955758 -449.6477463666233 -9255.291657363052 -336.79995066557603 1304.0818843655616 8757.478093254824 -6581.215191979954 6485.358241294598 -54.151394029306175 -7885.105887168262 5450.435794360701 9058.34378110362 851.5480876547226 5898.918391467667 1216.5847914255191 4665.891804847548 -9443.179127689631 -8588.127428567415 -2920.752974656646 2004.8796050951023 -9688.801627534167 5017.611216610474 3448.571985579958 802.229243677637 9658.209260451124 -8627.94047935369 4344.062635412611 9480.867393863042 5848.4902612171645 -9594.92035820167 -8194.561880320513 456.0813494839131 -8391.727139878036
-5564.592866833191 6469.883390303217 -4250.3947625357605 5476.622161375684 7828.4742016239325 1044.9483115425155 3379.1489835551984 -5650.808450916596 5355.869235544542 -2365.252566398439 -1623.0894515253294 -2755.759582468131 -9568.373090879579 3622.42793718105 8637.771717757732 8298.034612171698 -8649.085834853257 -4059.856416777672 2341.497195040547 -8631.11984833333 9120.29811447742 -7012.4840856223545 -3376.5947197612168 4518.77757739238 -9089.281682927187 8426.599738444573 3634.7708526435654 -4693.505676243774 8673.656949083525 -1714.1113301113146 -8940.030303494968 -9182.147268860512 -2944.948071048907
-5403.1931646692 -2438.058325922405 5507.463721449369 -7506.5378919011 6207.690044491113 -5293.841421232757 -3675.677104618396 -61.93686861073547 6625.8396581162815 1146.1386807261624 -4561.079176493372 5466.022909821562 -3477.786633814734 4671.389963614029 -5475.5064009288535 2661.614014781966 -7626.746814326221 -3012.110413361939 7080.108991362078 4664.243809336389 -1374.6850587845674 -3600.8331500763124 -5620.707222723553 -6981.518254762625 3602.6951948380192 405.8846829593167 2605.0836369326807 5805.503565079047 3084.075262565573 -7.639745363356269 -1494.8119762321821 8238.492027221233 8328.972502600074
-8078.264492639677 -8089.434943096083 -304.9940689688574 2674.4300594068445 3100.1336357915006 579.5080958944782 -4947.526813397072 -7555.14315430078 1859.335346024518 7616.799659321594 -1008.6663118927427 -6740.925537011828 8686.045742293914 9617.19908615663 -1110.4080216456787 2456.230112806741 -2190.222786383504 -9168.934398035664 1647.7908537291569 -8341.271942372605 408.95034247184776 -1941.4709029790238 -6878.9226750641765 -9539.59282526889 -6112.027170401618 -3808.5247796680633 -3470.161996080911 -8332.05292870724 -4099.628573905674 -7556.318658212744 -3790.998714306009 -8206.011242817469 -1897.5959598186191
7581.500434366251 -8228.19090827003 2198.0359665289943 4712.918387515545 420.4260844737055 -2807.9443070117895 447.3996650424124 1809.0722583885872 -2075.0504858044596 9592.598837281326 2407.868308621086 3028.374081801554 -3610.1637813634534 -3559.188651517373 8568.486814374563 -5334.8049808361275 6895.187059341213 -780.000993797008 -2884.362144840442 5401.772997616037 755.4235222967636 4792.19093940319 9244.112807824149 -398.6616546484911 2842.053854015654 4833.076309595985 -6848.559798155609 -3960.3931815034302 3564.0814058061715 6.37053104086408 3051.531315124823 9830.137639711073 7911.662854121954
-7320.137087104382 6167.699730312359 -6468.373385497654 -6890.243837702357 1394.3777482115838 3253.528103381639 -5223.390502143019 -3662.470245813279 1372.1895430756922 7825.77750132923 1347.140591176776 2566.5739465384886 889.6318019673927 -9496.780808774345 -8581.655131151938 2248.0889596162997 833.9063057157346 -2037.3962245611256 -5774.748943242703 723.2979749790011 -8698.215499265838 2012.459576803747 7.448062071258391 -1311.0650644145226 8551.86965272366 -9990.451408903942 -4731.450600626048 8079.4748496939865 1086.8385195939209 -393.8681632409189 -5783.890750074352 5732.262461077118 -6273.864500348552
-577.863159183953 -7863.056073964254 7672.636482658243 7854.64978262825 -3462.960657095935 8445.518555482624 7842.446068548412 4113.508214476962 -3484.3503052136257 2746.931053376564 -7791.860083248079 9087.977623193594 6238.9394810283975 -3860.5027048626207 -2897.874724266736 -3148.607713716614 -3155.8772109843903 -3879.737467952049 4016.9524254682347 -6204.903442769416 -2180.63258562009 8239.05566484751 -9859.719561093136 -3001.2031439363436 -8671.878336148893 -5432.085596753864 3638.280917842294 -231.60183576106647 -8612.776658353103 -6820.525968804781 -8799.29979894046 -4864.682157765073 8989.436637639941
-5299.9429362067585 -8558.382086485386 -9478.568854433235 9976.4995650577 4533.272341330556 1012.3591693348844 -1047.0490291494134 6979.65677090083 4196.848706035333 3028.9445732175445 -5086.544093126599 -9097.345589959345 -3419.469274289934 -3763.8933461330516 -7235.763658932994 -6943.586202192673 4660.283923727087 -8689.775961889613 -5349.530347439832 -5938.376678451389 7415.795257408412 -9938.626595407877 -6158.566780914334 4918.921116430674 -8630.955776303937 9609.65012245045 4983.7326464080215 7056.158419208423 538.2667770574517 -8779.811233821176 -550.7898656845864 1352.3060676132318 -9977.201376271949
8123.0045808642935 -3720.573435120871 6132.426201111584 7600.3781684587375 5342.204689487295 686.5997651845228 5591.469308696438 -8823.58477021459 1648.9525554637476 -7049.309467459634 5141.769177570659 3529.367968595756 1341.7677512493829 7585.934583505223 4059.0554076532753 -5843.529762717423 -1788.8597000556547 -7926.9373836944305 -8835.381443820326 1562.6843087361576 -1307.589904095541 -171.58533360012916 -9855.131958591197 -7146.75534859948 -5380.270557380902 5925.7083052556445 2065.43614167783 -1005.2220239313738 -5909.811350873369 -3303.573000263971 7266.032454636039 -8002.429194748084 -8089.912252317895
-2155.8033888734917 -8230.774724911289 -5461.868946795303 7324.9436598445645 9316.854224407281 582.0420686828584 9343.678834746257 -4681.00168196431 -2071.279279764366 8692.468778377697 5599.202985207807 7514.859574973674 2717.942847604887 1787.6061556414606 374.3048636314379 -9647.351698510645 -6807.144794712689 -7804.610411980408 4696.10471596452 -3699.1175993655024 8843.943796954321 -3450.225875138449 -3496.1212544482723 4605.219294991015 -5786.729001865738 4455.95996481699 -3976.370526889177 -8963.279365228702 -1422.2675900139857 7912.275958934199 1360.129795102017 9279.754668457495 -9028.579999439453
5272.482539016804 -3300.0912366343236 7057.331373237295 4058.2446507860586 6626.411424863214 -6371.032615821486 -1570.6968340056646 979.2920226442802 7983.2931145544535 9221.297272618129 -8163.0531729499835 -8656.114576074911 8460.262633120747 339.87777609914156 7562.533252343419 941.1531338421446 -6583.451211398803 129.5300550259508 -906.9645857087999 -4202.149848378818 5391.878412395343 7632.8897345024525 -3834.3421203815733 6984.169023906121 6585.031717371472 3568.8956390166004 7356.471052982233 -8955.96954207988 2336.1072715518585 -4545.95751102113 -8155.3110474138975 -2669.2418506282966 -1779.8870063455633
-5665.578387341721 9430.33557287492 -718.5073525521293 8216.293411805153 -5495.724330033565 3908.604233323167 -2782.617937045471 6624.493250636129 -5048.827956462132 6036.515228783419 9870.79959064531 -8254.917765012742 3198.171797914487 -2164.6509163370256 -3909.935437972076 -8037.875650816386 -2948.1904985027695 5278.927728393815 7313.1362826327095 5401.513574421697 -9596.050367740341 -1608.2377016837127 6346.9089354236185 2439.595320255172 -9415.964069047905 -5263.911368954053 6012.867062979722 -52.852823308174266 7086.8477483811985 -3694.427205174311 7104.947096474429 4103.754371978941 346.6028374857324
1 33
-7490.860554120671 7263.482083672327 -6755.451298349493 -7883.805572279336 -6115.725371063252 9266.924488128883 3057.1306714450984 1569.2910818141972 -4644.616747624497 3721.624343797308 1946.6112312028527 1847.295924737089 -2311.648542263496 1382.3016308181905 492.3380257810968 -7526.6390550189735 -4774.04896524728 -2965.0972771005945 196.08749786375483 8564.021551044487 -8027.6121745384635 -2128.2910868775516 -618.6315666831542 2338.738494285026 3928.952318118678 3301.885066275656 9340.245890466977 8509.760313258837 3591.4354321018127 -4524.102983895486 -9967.019773934344 7174.424689070514 -7260.469630848444
