23 14
-9940.818943030295 -7820.718177759145 8758.83647102234 -3521.066441394196 8626.980694077341 7929.475045882955 -334.02923841438314 504.2631649382056 -1757.2419111249274 1039.2699809857095 -6226.832304010821 -5244.690805760954 -3628.811804807501 -2159.414527826686
-2947.6082285779066 9576.628915843103 -1087.158363296452 84.94566747120552 -4295.936215237799 4561.129604311622 518.8799472139744 221.89361367031233 9065.232745976195 -2202.6670370596894 -9105.428046617899 -5965.841329259636 -7193.0393760238285 990.1362089601753
4694.122514171675 -603.9095951198124 6703.184852779868 -4915.496895173596 -736.2900655067024 -7035.770581032701 -7369.831275658618 -4533.60480621339 7177.502255993808 -215.36800341737035 4711.362577525588 3663.1919044309216 -469.83269453273533 5844.419822219737
-7857.370084683138 -2226.9908085638644 -7477.429443745552 7508.242443185463 5393.936553695816 -8737.012144699236 9276.511299612146 -2720.8466046274534 896.7147639716895 1019.1371558594037 267.6832962629105 9748.03475228725 7845.8354634676 -692.0761869660801
-5911.4570215370095 -822.9867284241791 -4425.574859694075 3252.350254504119 5574.649084945848 -6427.724354474682 8722.499164330246 6949.820360922393 1003.8240724306197 -5418.419239206134 1105.1264825222206 8433.027107841714 -342.7136027848046 -7488.900807031117
6845.7054173704455 -5326.108162141141 -7459.93033266793 6249.2075921670075 7444.219409763929 4721.50435402015 -2927.259269312325 8317.974216846029 -1062.9370851248423 -9395.656919721996 9981.943803188315 -5666.131000163375 -8187.40390529967 -844.4430844062117
5664.6474408297 -4307.311021311951 2021.8233061948195 4333.7169678659375 1668.4207723093314 -2627.8580315426534 7284.572813832307 -1020.5410558032727 9383.179817841792 -516.6005918184237 -8351.323483054712 -336.6351790511144 -2230.9941915812433 -5731.276370650731
-284.4191079898137 8550.548313559615 5281.0723720206315 7300.342912130633 3749.0177618874404 4806.340350453922 9929.827283840776 -161.0114319340919 -4731.482211185156 9886.047395385984 499.6746373315309 -906.5597888491284 3429.139615895383 -6434.837814185281
-6941.554182928741 -6693.138137971064 -9801.023869104585 6602.603790401801 -8702.865333155703 6860.272174743452 -1818.2000810523723 -9938.47717638752 1500.7382350684566 -9239.2582588459 -4942.381297264274 -8188.645289862293 5989.1988969633585 7264.644858502019
-9367.427266284376 1176.0743712236253 9919.411373298128 -4523.042123583809 -5599.725976194026 3922.487455038101 5394.764591525207 9002.600967523595 5304.8925542988745 -8365.306371969747 9686.97536450694 2805.115794242516 -9642.35982202121 8854.200931011252
3430.788304287167 6099.6606528820375 -9044.408956791021 3770.952121524777 2516.401420994829 9645.755244916429 -1524.1614685574914 -7349.822090660298 5702.634815794276 4199.921737275088 -8821.221849303702 3465.681495216828 8375.647634981957 -8052.385914440898
-3454.6337627707026 9678.059811416326 -7573.027318555812 -1914.223025817425 -280.30709217980984 -2629.4781342972365 -6211.485185593701 9624.696537670789 -9922.637300819073 -902.7912272698286 -2069.364439732515 -6273.101570837236 -6522.970110544659 5494.754326999833
-5935.759457952989 4523.037790657918 6067.247399759646 9856.421107339174 604.1868595178294 3373.2703510203446 -2221.514251909378 3775.9746005795296 -7469.7486479948 -9591.167654122437 -5039.974831759823 8284.955802924556 9576.495451437371 2894.6419520057716
-6835.820722670531 639.4346384459295 -8502.098355182268 -1389.7450509005666 -2377.933828318697 3941.572275045355 -8810.55927672518 -6608.421305440948 -8594.434028970903 9165.2010341684 -3459.204346995466 7172.859006720326 6571.644189096525 -7932.705789146062
-387.5556479485367 4189.44795939028 7765.128515876291 -825.9213733043634 -7679.274290625164 5886.645236535231 -9131.680297454028 -247.61686198125608 -1840.2997786250744 -6356.542332678013 6145.7346272314935 4668.763381837542 7696.8759661835975 3184.4006756424733
-9767.087569234649 2457.429931034296 -8037.275060219604 -5063.302626798522 452.4343381401195 -3256.488855232915 -9962.240885651092 9540.308996364747 -8582.32395570428 786.3626590992553 4889.825787112784 5003.28168012443 963.1844512890912 -2573.851833081948
9583.988105727589 3383.388759754127 1568.697033903807 7611.404731556086 5156.0075882457095 -735.5645939651477 9083.418932424043 9503.20607649643 -7568.474390138415 -1859.688455786979 5831.404042646211 3768.093448464493 -3513.497116171716 -5266.787907205188
-1163.7014498316294 8054.2703284285635 8293.628226255907 9859.885665898113 919.2706252507833 546.9597497018858 4627.814085102693 6277.666210510344 -479.9875218046327 -7605.736566129275 9777.020788486916 1748.9347185920615 986.146865472776 -3171.2922469383284
-9864.44670221248 5192.860063080285 1938.938474716735 4635.440332926131 -1562.6101192558235 4623.216587559649 7313.555702291622 -4944.917033589127 -7106.019051927222 7094.552296316375 -4597.605190913303 -1040.389735937013 -1352.4593118142839 -8427.339732587407
6722.178973539158 -1052.0351280907107 1712.061775073451 -2676.6398041112825 -1043.773049346697 -531.0855399765751 -7538.015490409702 -1737.9331922760248 -5103.548179250068 -9081.98332387168 2703.0604741983116 -4100.574342164767 -4717.892957341236 -6108.501140603448
9148.857434591511 6188.063444766223 -4425.738655766003 9886.66697575428 -9061.861020169365 4668.3974539749615 5450.865223688865 2803.1813137710487 2659.5988575725514 -4474.536653675894 -431.74775543725264 -3125.05986857702 -3196.6333257168108 -1281.223159048246
-3751.900918208351 -9334.054024988343 6478.990118554946 -1113.1966243790994 8263.032104575013 8141.79246230211 -1489.5387281436415 -8788.150598089567 4792.036555109253 8824.901515315109 -1355.6871763392537 2478.007770323673 6779.613746712992 8467.18524412239
-7228.477583035129 9779.811697465608 -9500.506737068095 1779.4362494120323 7713.474399004499 -1052.498019284585 2747.799977093533 6473.9749642192655 88.33704036570634 -3441.530554165639 1081.271919262157 -5544.3871821932 -8319.883191517483 -9115.450828214536
1 14
-8880.456222319755 -7514.645813499974 -275.28143990456374 -8199.023454651666 3447.564170646927 -4034.2428225623244 486.9995431233765 -1557.905385676635 4391.167278956325 -1338.8973858922036 3408.896402975439 157.4716642287185 -4196.445458642739 -7679.519706694431
