58 20
9128.689391526423 97.3152908758475 3579.0808551647224 9247.7606556549 9089.912268749504 -9949.499764629983 972.7687196599218 9830.778599466063 -1915.0474832600594 -3520.538901840877 -4694.998535706585 5521.403603223074 -6377.632612986699 -2331.6894090305304 -909.4218423304483 1244.1509084658774 -9178.039752723984 1486.8517133376517 -8419.10215746177 4445.268975990699
-4455.476379486187 3761.4333911076574 3459.8081959033643 -8510.393209879738 -5166.529756950235 192.80981226225776 9001.117736122058 6386.8487054616635 -2105.6137986990243 1832.389265820877 2513.3997384125923 8091.132866886968 -9836.951273184628 4182.467144093107 -6320.4996253472555 -1579.5580316202904 -998.397876025625 -5249.754833052627 -5514.092638509769 6408.18285497593
9204.68478053173 -2717.0923362352187 -3344.7988549306265 -6583.594540114046 -7115.759219036499 -3852.5815777096886 2918.9276919896893 7090.670615203879 -1145.584450334598 -7077.145615744403 4512.500101243981 4905.214973775395 5569.920337461925 4286.805187051947 -8727.557668441024 4469.965717880068 1442.4140053201827 -6228.147929867731 1247.7669301736678 2539.927428192521
8802.173824329595 -5906.403808389482 1835.9519919415052 -4989.804149052364 1666.551286294709 8435.572002943569 6970.667399696151 4075.8932302452504 8944.123565934908 -6382.821544768427 -3786.535176750461 -5749.538346986292 -3007.797763249012 55.57850477783177 -4774.14773531339 2118.068963489999 -3060.2765935601046 5866.946407657961 6495.871061670394 6719.365333412665
-3466.7665738780133 -4707.7191733226 6485.257354640318 -6200.738412047453 -6736.3628992611575 2857.2345811073246 8726.571710912605 -2076.229646078298 3466.0705309595814 3176.2912878534153 -9517.818161491778 -4479.954917021276 9868.459340920454 -6260.753072448626 5925.090773685091 2903.920328642931 -8502.076918578856 -385.01997213512914 7499.40043317842 2462.3678906920013
2521.030840635978 5449.267787105848 -6722.040812247456 -4018.384569475391 -6195.013271402197 -6989.77931438995 5302.69413069491 8731.61022683257 -7986.20728564162 7978.811969775434 350.2582076917224 8550.879614013666 7141.157050881964 -3078.8574421694466 7949.156461878123 -7036.792573423149 9063.46473391238 3603.6214221340542 5203.130660075469 5175.375503605488
-5216.2048215548175 -5735.216204372137 -9444.818711028642 8517.517236142055 4792.460121537248 -9784.817413449216 -7588.216035187763 3757.9780599762344 7460.520043863522 -1513.7084483018243 1776.1937809784504 -1618.0910553819467 -2413.876810408784 -2770.032156847604 753.8999055976401 4523.025573761435 -5942.023294109042 -8031.026268172499 -4021.321041930408 -5395.870971965784
9239.015263342295 7447.301599659211 243.7589393630551 9511.901713214895 7612.932225130862 -4918.31992547291 5323.068422059416 1153.4083134200082 -7410.448870598115 3777.1395919443676 -3059.7944544326137 670.6814331744863 -520.0640305473607 -5553.016904018819 5673.654583730347 2737.2337415034 9989.368436750941 5750.645506878394 -2848.569923709121 -5704.348741520868
-2414.795638836078 11.637324925455687 5783.499322871101 981.0986974302596 -162.47983059172657 3018.041120304544 3188.7143902515872 540.8089901963722 6437.058539208916 -9501.542212701042 -6720.919697986769 -6354.070918187032 -3750.8488274057217 2022.9299209733108 1363.0606713721554 -1299.4787228619316 -5515.679968451821 1999.5840932016363 -3333.9074209280952 647.5276020015735
-6917.662810606233 -9249.365836809575 -3656.162335558739 -5388.565749723151 -3944.271513735569 2810.9508308308814 8880.979035137269 -5936.062112936699 261.5598448256478 1825.412061227682 8786.324816774206 4896.524575514333 4693.883076858225 1938.3195254620332 8594.128461643588 -8720.455229991061 -8485.70700260639 -6662.689062711397 154.5383656290178 -631.3933492036413
-5772.098015182037 2582.255173550613 -1062.010398802311 5129.543843303338 -5606.998743538267 1929.8831151624454 9906.274169133478 6321.012934514978 -6157.562780968279 2913.435225684085 1540.494275390065 -7.222120670712684 -492.7147764165202 -77.77785987464813 -3771.5893612587097 3579.7084706247333 2988.628790289231 9065.280879473761 9476.663858760101 1174.3793197404484
-4303.746293408722 5433.879441466142 424.9504100378581 5824.100313692345 6770.9541313663685 -7342.190347878461 -4899.765857319749 7982.623411212811 -5769.8293110409995 9141.26298407184 6499.998937225893 -6227.308602388386 2050.016224045474 2247.2677268774332 -3081.468339566378 -780.1475491101592 856.6401450327485 -1602.5131575535142 -1415.2394677811753 2855.598381732878
4955.23157471139 -8446.451655098024 -2385.3638143185863 -3269.5158708652825 6498.340529733512 6822.1077572851755 -6758.676305389497 -846.3059035882761 3598.841322594113 -9554.48221809714 6460.193489186357 5602.895129582137 1793.5086296861773 3727.660587560131 -6277.716653644849 -1766.0310640943517 232.9774188738338 -9464.283185456277 1612.995153141319 7262.241271613646
-8270.42407992353 -9766.693206601527 -2206.771607875573 -7532.292171692139 -7425.94549055589 8852.130264233867 -4453.140420237713 -2636.048331069902 8923.794235482503 -1523.2279022352777 962.5795259467013 8890.535134953006 9161.112102558945 7065.337088818153 4964.485937938678 -9292.068295381732 -5151.034034797189 -9751.338217434532 -9629.344762432616 -4037.9073835064783
7011.83068367785 -6442.351094012398 6672.2007754839215 -4732.023550639333 -7448.856282420671 -2760.365410875156 -7120.937393809119 5105.8501263700055 1748.0508442419396 2631.3291940322524 9333.995383249963 -4825.73409983637 -1544.2246573455723 -9963.046018066208 -8642.145326348995 -2201.217311445065 6765.862764349378 -2365.0974537472093 6752.163597264567 -5893.5931096825
168.93731628322166 -1346.3383606379903 1421.8113744146522 2977.034340820539 8954.836010774881 -4640.401973894291 5543.735095203292 5646.45834180527 -3473.1547329868363 -8948.814968377112 1052.042567568882 -5874.098563636075 -2193.96776365985 -2079.5046305426504 -3352.414411954567 -9611.874332067619 246.87302217191245 -7700.638504989485 1512.368594669737 4133.173342580903
7119.037193901375 5518.095645559099 2220.265136745389 -7507.085233652033 2387.8207084981623 3301.851860132343 6935.153245114379 5885.822734563233 -9750.95950154055 1094.99472723892 8544.005549780697 7610.479908406069 2916.3960139595456 -3056.6675870208846 6398.549722082604 -7818.120995552417 -6318.5364355727 -4060.4456580756023 2762.4206032229595 -9294.615636866703
569.3317075235846 -6346.90610638806 5176.426389920949 -8366.890915750151 -6913.0088013998375 -5954.492090235044 -3037.4611856104284 -2724.7525031314444 5627.784815945051 2413.240398545813 6.820427973683763 -2095.8343661082135 -3937.3145816414 7976.48038526026 2277.792966844663 4101.376596469403 2975.76928088318 -8878.345336731349 -6544.342442788036 2789.7128109819096
-6605.97259335922 -2508.4530497938686 1072.8893464619723 -8424.179120526773 -9719.647676925564 4325.860670272879 -930.2517938181318 -7942.811884917136 9661.596190169152 -6896.2211856371305 -3244.2849846335075 -4840.688767904359 7265.1486104523465 -3443.4970202864815 5148.297228745912 -3674.983333669841 1948.3944688543488 1087.3272785254867 -2392.204069355231 1363.4837211412323
2340.7187167155225 8746.125888642287 8408.07314634564 -4254.372179850652 -3484.9332897753693 -5183.975617892243 -5150.922428840776 -4779.799099876618 -7331.684527139566 -3058.4565139761553 -2590.445900844531 900.2448460324758 -7416.569492949409 6112.83141864093 3477.794244327648 -2194.8078153789074 -278.8187154059269 9939.273029863947 -6854.102702393332 6503.712482023035
-4688.217405298676 -1051.9272522153951 6890.282312420724 -8472.281178735324 7544.404252788874 4900.077181795252 -9661.633808315579 -6161.088642587991 9682.289798254922 -9962.859449438727 1694.2350301740225 241.231171111016 9213.113330574808 7210.6015432351705 6112.329735677757 6572.706480021476 -3980.255886350872 -7414.02991267023 -219.30819943592178 7974.1837480453
1248.6948734491925 -8783.359021774626 -4197.649132373571 -5315.478666414977 775.8924055175266 7354.5963804123385 -5760.951817789026 7563.151700074934 -2704.04348878321 -5486.140577147649 3364.4094094227858 1531.2567108250405 -7983.772686966459 -5161.473365098707 -4384.454232646111 -4348.653001930294 7768.541297074855 -1003.2001061240662 -5582.200359587508 -781.7711139670937
3390.7868079988166 6489.744360803259 -2079.2843737124713 -3840.637104568481 -8345.357732982484 -4711.824784413121 851.5448205352932 2249.5453470332322 -2705.394088992747 -7945.678434794075 -6001.308588196351 7102.253050050036 5465.157031600869 1606.9104707260194 -9337.528879215504 1998.575804250504 -3138.110642604157 -7779.194554606936 8656.298985658745 -5625.555887419334
-5274.458522836129 -9047.853728239359 6718.234916071018 -616.3688221036027 9174.18189803803 -594.7670402417389 7221.5748123763005 5554.281283296848 -5851.924796379997 358.2437651472919 7852.682619780902 4870.746441919984 4843.732841495112 -5872.100647702261 933.4666316957027 -5951.682747593419 -361.8275059121461 164.00461225990875 6317.941255859219 -2806.590133171904
-3984.840842911468 6364.289769298481 -3214.1996590561075 8953.320038168982 2594.0300874861477 -442.7214880101619 -3724.411293648908 2476.5233339139577 -4127.5357102855305 -6476.219232579688 8750.698833047256 -8737.342221090763 -3339.611867337775 8380.6341815319 -1894.6803670008558 406.47356019672225 -8638.907900190188 -4762.603830207204 2726.8497570703803 -4041.0486897982546
4980.3436914545855 -1380.976315657559 -2425.626696515479 -6642.513776583374 1516.1038515899163 2845.016934295694 593.0382374606506 -3607.28102819335 -5817.347396715926 -5796.78944509277 -2888.4103464514974 -9326.826181728735 7164.5950634991095 3140.22885759414 -2763.1423418109935 -7349.343008544196 1105.9323057277688 -1180.5318600774808 8063.302193228261 2809.7477606256125
-2253.1461266897377 3998.7745088732026 1341.8915175801212 9476.289801254683 4922.609579309332 -5821.655397924667 -5377.388224565667 8890.689677129405 7843.451223321808 1371.6674337335826 -8469.430762420645 291.5189649378153 -3635.336776836597 -2383.1380382170364 1853.9292778561376 9884.391297115548 4949.56095316933 -1106.7886829313284 -2446.723253092043 -709.3382187932875
6666.486993258812 2419.3730391991066 -3044.1761795145794 -9309.911295927292 -522.0708725796558 -8763.92616123479 -7173.495418384279 -5434.422597404074 -4731.826225429317 -2850.137284448655 -6034.734799903159 -1026.2623967750733 -9113.01935243747 -9877.406476809187 8073.150815008565 -153.90274484121073 3238.772203240065 4208.256486315611 -9749.23560437242 -6207.371162596401
-1544.957152387653 3795.695768401023 -6526.7507593247665 -1714.511914608849 -2535.537837292257 3011.1005270069654 -476.3277210865308 -2398.8961694254267 6722.97807636283 1567.4720106840414 4410.89032220019 -8942.481972777201 5099.0807031356635 6669.626994697246 908.9064806727038 -4676.084971009951 919.363387951189 2126.711801872747 -6828.368933373355 5405.755156112395
-9260.746337343295 -6552.545020692936 -7729.3745794627375 7679.018065134223 -2258.037193986631 -250.0623161663989 2756.066855753099 -3742.8665999261802 -5897.38017851883 -6243.290585897965 -3431.201899850307 -8617.73152266723 -4915.2598417113195 4067.625926771034 -3640.846407642226 -7020.798258607295 -3561.88627304086 8321.707785292769 -7513.6789937535295 1575.398427421851
9725.348614597624 2894.0119929021657 5651.846867297325 9396.57687308866 -7612.709796061388 8455.25820121523 6284.511806206043 7783.629977517656 -2679.942777940938 -1842.8835100092992 6502.322827350807 9376.442119752275 -4880.804386049291 -9396.455729125504 7503.6696186826375 -9259.2052873058 6712.834783978749 -3564.9757193375044 -1253.550516452222 7364.6881318128035
3298.200468978015 -990.9728911908569 -3941.997054222279 -4403.461963242674 3720.535897220896 8521.10425735667 -7817.253486309654 -5344.669905818482 -6209.162463351916 5737.574829645024 -8401.332204679551 -3022.062956798448 9365.890367864053 9726.78491147584 3485.5092224070268 8266.930671095699 5906.3456397602 6649.230710973185 2546.26730339005 6684.448842585683
8557.409301533171 -8926.464194878141 7566.580452225669 -4475.656542683353 -2699.2359437888426 -4913.469467696256 7847.45179129178 -300.20794973713964 6111.580487014166 2931.6392562111923 -2666.7797112560647 6102.216727196885 -6174.338206627241 -553.1433393023017 -8915.159057727744 -2740.175935154023 -4261.311471331526 7230.323007861512 -1378.4219024351496 5353.436732649097
3770.886703254797 -300.27185353965615 -2066.7677012349995 -3310.8632363663637 2499.355595546078 1955.8665772827808 7776.032274390131 6890.783562660097 -8093.232999668482 2791.9283934777577 -4941.365263351145 4504.659728378609 9570.037016698116 209.018831899828 -7105.334423738099 855.9369563895671 2676.451252955123 3269.310085705096 9696.70862031421 -7093.662447668263
-6447.430981531772 -5835.421379642711 6008.032615566592 -9394.389945507526 -5976.479041261926 -2732.230272118283 8371.234485168414 -33.414298156652876 1970.3642766300072 9493.196318674698 4582.171582265968 5494.358770193336 -9469.863362534472 -8042.217275779988 -944.3440043462087 1551.626177071932 -7081.73992182658 974.1795876301239 4803.837817624168 8142.517849686847
8490.682281329326 9872.562622317375 38.817228123369205 -2972.0743411100466 -3902.4675857139446 8052.385921221889 -7662.783605054157 -8882.177217895944 8407.052382933758 -5787.133941235156 -5576.971424619428 -3593.213488070761 4563.1791898842 2749.6070898260805 -4327.712268349553 6181.237460260087 -1776.198900228159 -1338.6142255021477 -1223.1163114694536 5927.707494724929
-2020.6904799779868 -2997.803116535162 4447.4202086405385 2016.016942666476 6216.23244396681 -8091.284966698733 2935.9705893761184 -9564.532021744684 -9622.040616735736 6472.314714502463 536.7417939216339 -2378.865197673261 -4769.8839158384935 -1166.069570314903 -2804.072535894593 -1584.9343627195285 2874.2627796870274 3563.7711778414487 9138.738968815993 7309.001881165146
6833.5690652579215 -5310.666345350734 4261.603398000767 -2300.286303663861 2603.5935179118405 -327.93903758893794 5597.675002591532 9176.988212335473 7970.933527534944 -9211.85772765335 1515.7811874958988 -9265.46274542917 -6518.409934177787 -456.9950843086426 6454.203157847704 -9120.834500493795 828.1695792721948 4155.882827623596 -5215.499592934745 -3501.994191396094
263.66240468674005 2518.881040565904 -5137.0600948038045 891.4112666485835 2652.86563690814 7690.064024176889 -1646.1643497089844 2274.9202039374413 -9956.260471722328 -4717.595548034082 -7437.207039254909 -5162.113715974732 -8104.501183137174 9430.764763252835 2902.0486969916365 -6295.943814813212 7647.230006478188 1465.2618046248208 -3483.9018449672412 -8431.813268838636
-4532.005002466121 -9476.976287028358 6149.652672111553 -464.2636338140146 -8363.363206648246 3420.2780156858043 1731.179507419507 -3383.4470592810057 9997.503222899191 -1126.2294349941585 9632.587693614754 9954.239700860107 -7641.022693011368 -9920.244266733722 370.26003011707326 7351.478315659042 -6777.176131115119 -975.3736029320771 917.1582507952153 -2673.1620652218635
-8451.782207221197 -4388.748519185393 -9448.527778827258 -1790.4975375609847 -9468.23033045733 6011.118318671019 -7982.755719520258 -4210.98072421383 9450.787751722473 7405.891006966645 -3786.842320165806 4632.314079176891 -8136.469453006472 -2403.5787746300375 -6120.307066423731 1266.3048989610816 3720.960566423986 -9800.743054884799 -6225.02871434167 3313.2981591035423
-7510.8326958416565 -4161.184136876668 3156.0026515402515 7945.4434875296865 2531.2013237980427 -5986.794751049882 7532.746252107318 6747.663241571576 8288.489776929673 -706.8981187384707 -5516.6708011950805 374.90517119807373 -7178.6817416980675 -9902.413437856114 34.93038264144343 -7199.451281594407 9657.08563628378 8554.872291323227 -7697.471890399761 -7139.0252996619565
-247.29412011172099 -6323.566074076965 7855.764968165411 4384.397943517579 -3999.8200455746937 -1680.2136286534405 9867.886967978957 6359.193622635099 6506.026359429474 3694.2773427305274 -7593.622024431062 2898.8636346620497 -9071.262101543243 9987.489752474736 -5987.163215210189 -197.3457861812076 -68.52766225746564 6560.856746374269 5126.812085217933 -7833.92033808964
2251.4696394569564 9922.095547219433 -5163.499404020531 -3477.1715957878423 1898.2898328291649 -7495.4981389563 5741.004219290891 9087.47030422583 -5703.075574642764 787.5587181713145 -8749.30901977615 6347.270318653555 615.1749190796072 -3401.790706689172 8094.425794225492 -609.9073604845489 -6609.515317177046 -5192.954783358769 -4583.2485193037355 -4906.334249077901
4765.723763257074 -8184.639867160031 4244.813481205676 -4677.719514051369 6451.740110433599 8826.739355711485 -2342.5196007241757 9475.361614298832 -6817.329824430695 -9056.345182932868 3575.991925447077 -5259.293348970491 1140.6087864054934 2854.423201504769 9444.158394185502 -9969.021242063967 -2919.3035711173798 457.8355780981092 -4089.0363850382646 -7821.579662387916
-5994.899258476198 -9054.40433252409 6331.634753100328 -6199.316191799851 8911.28754445675 -3280.91450876572 4750.065303011488 46.645377877062856 -1369.5197914423825 596.1712298519669 8348.226619061243 -5633.673150631566 -4007.301435485524 2196.806231911978 5699.590382543762 -7604.761676428151 -241.34936657600883 3014.937732666831 -4528.727784780837 8261.27177963853
-3170.4453799591483 5169.512536818827 -5976.0273122616845 -8419.363283028151 6647.148840247726 2057.2800040994116 8834.141779052043 -4392.100933406425 -90.99973350459368 -242.72551070625923 -6689.675118434353 -1123.9016585532463 -664.3478572683925 8643.64126536204 737.96206196602 -3146.3991657709585 1123.2428064132564 9482.092107430377 -2787.0368301825947 2779.169683353626
-8139.58979128977 5964.118186786365 8774.59569623263 -6113.919857021575 -2745.3586776268903 -9990.507801497755 4801.670073976165 7542.492944550682 -3020.036072587839 -6026.230252264222 -9913.849068555033 2826.7230381802783 5269.272217817106 9851.269971716112 -7521.461718754505 8180.166274550709 -2906.342698316289 4012.4894759920026 -6680.447192544612 9516.650202274039
-8960.14382486514 -6943.537067152767 5284.838234120029 2163.6354522854745 -8951.146513366122 1638.1388217533877 -95.73798731102397 3648.526542910915 4977.2299063674 7579.7618713908705 9211.34763772392 8139.481689820335 2435.6499402166774 -796.2742124131564 9076.595238203645 -478.96711150546435 4963.750726158354 9862.138677410661 -5078.754195783397 -7506.133233975954
862.3466430181197 -3201.2096823043403 -9064.698302829303 -2373.9874338795917 -1874.2231496425684 -9617.63536888531 -4356.67024146549 -2405.8011466282705 -6969.975441959943 -2172.6199889750687 -2121.4443140327658 490.2491262065032 5327.406080607256 2043.9890817164633 1989.041225674484 -605.7661980126632 -8448.366766723582 1245.3734259760568 1577.91758925063 -1985.1027962670132
6979.079042563491 -5723.851661199066 2907.2371725792254 -567.3178116804302 8370.167805673489 8314.881564896736 -4108.616752581868 2821.8134736105003 5768.930602085624 -9087.722696507197 1405.998174338576 -3602.0320931459128 -5898.619840430061 -3474.1518917786716 -135.652844688384 -2700.3534479492864 -2052.6206019697684 7951.667027444266 -6584.399662234772 -9652.650802729064
6461.908695125312 9647.099340338049 6208.727780302772 356.86016922908493 6935.583181346166 -4696.127726117658 9127.345834644479 7392.110933248216 2610.9071628188376 -3210.6379198776876 9874.881809885617 -4275.08629831465 -8802.951212412465 -3002.802586083173 -9164.918672474603 -2837.975915157811 638.4870307319707 -6708.237796252736 5513.606100519028 7463.5458654295435
-1044.0027902569855 -1094.751311733773 4773.816507562176 1637.7006610921599 9969.251489328071 -1137.3593396043107 -1899.9499912421406 -8087.750496030277 -1931.8292595626272 -4154.049956552395 9852.02381234086 3515.44976601541 2194.838320450199 6385.821574748072 -1559.1733438206302 -5148.714036760913 -2441.0153907513977 -6953.526091705344 -6533.777294798028 -5424.618192540232
-1456.931862528112 -4287.302924219099 -5229.254051540377 7432.0638543682 5212.470271371547 -5891.764094071829 -1385.5572361182203 3329.910721964645 -9032.386306428509 -9184.500833908736 -9460.93931351822 5552.890033023892 -7822.357885249445 -9881.936656172722 -9686.9442260786 -6643.720490348967 -7780.327216875833 6483.833751300728 -3964.0248497608472 -9564.714994288968
1846.348377737415 -7854.330952539656 -919.9325307649488 -1897.5779921072135 -6572.176546496508 7799.6116604485505 7326.324901326814 -8693.296220438604 4731.72329507852 487.583828479801 1717.7464330473995 4665.86322383753 4657.839685672507 -5532.677291624801 5651.723239342011 7594.648507945167 2347.773375494351 4764.807261477246 -670.5590814706702 -8366.111061918391
-6686.001101444059 5668.560025820056 -7834.565314144397 2996.761121161231 -5281.062661823257 -4532.704476682597 3503.6756496728813 1062.6294044939314 -1179.331267059526 6047.994951026967 4268.934835064709 7743.27330284753 7529.4853473814765 5125.095932735747 -7663.275053937068 4714.864407684518 3166.258953936953 -5558.242483363644 1502.9166776119255 -8356.939653743775
8472.118503189642 858.5567456186454 -7727.118030847487 -2065.606379327669 -8511.584764511446 8424.154751887247 -1301.7806439937995 -4382.018889028163 7199.861785197769 8996.375775276196 7832.292917280349 -4647.648806341882 -7516.453718119742 -4561.844618116619 -6193.692049063744 8671.200794029806 -4331.6291787922 4240.659799890122 -3147.920004111502 -8170.04800637743
4237.544772942989 47.47039156797109 -4937.500753098183 -2253.1748580368458 6092.392929429045 9755.153392787171 -3323.5561134349664 -5330.494586397549 -8305.361953524072 1793.350547088623 7559.9262820540935 -4349.734024780336 -4987.931306373963 7673.491923233061 2913.837621562181 -6342.1655362972815 4016.2447616547597 7990.748605628625 7763.920558641483 -3142.0906446698928
1 20
9286.98167206916 -7745.417539480615 8062.23078148381 4498.372007846976 9752.2413417983 -2462.8777353363976 643.5562536695816 -6368.102227249133 -4881.260091717648 -2096.641241005046 4840.34134801276 4514.100493438276 4456.948768980294 -4494.700684378725 5662.852169398582 -7228.287658045149 9231.759965511508 9428.224831448548 -7787.09286029013 3062.6151373162957
