70 10
-5166.051944358741 1944.6514560342093 4707.703317476475 2633.180952574263 9632.889515891988 -7467.164019602938 9517.970265998338 -1555.8924938871878 -4033.1602449809425 -839.8147020725974
1599.0695369022396 -5652.59279837532 1318.0392197071342 5231.972405596625 422.4426372397065 2794.4579780319054 -2728.785442550641 -3665.487687699285 625.8793671313742 -9098.21880006106
-8344.769722927933 9065.277465050625 5038.451392979521 5494.874337134603 3992.314124596758 -425.3738781417178 -7712.260702497931 4629.760587272451 -7224.757679712564 -6431.250297007236
-4668.494841520396 2805.3507862499264 -1663.142810915957 7590.368229558186 -6766.845250572198 -5015.7898033402735 -5149.740390269429 -199.84735154060218 5966.23837382019 -4384.848665095562
-5176.354352423919 1756.2287043536944 3714.113309403054 -5743.669744055 9060.441367515512 8024.186411210725 1114.1508497876112 -8740.326874771325 -7771.0467212517615 -8024.699257732867
-4271.2238770888125 1476.1665796785092 -7270.114866957669 4950.516691420533 2728.5916344085526 -3670.633607204394 -4086.068053709322 4876.609269807783 6426.112771939381 -5787.600619393862
-8230.623576157983 -5040.403842101225 -1223.4079900617253 7100.367229768737 -249.57474259162518 -5916.535148527253 1513.4890415490918 -440.9827183669513 7167.567968181185 9212.333708055012
9684.806406641634 -91.09672546432375 1434.1998516908207 7049.425615820142 9736.159511691167 -7153.087256300656 -9190.462332118444 -2486.238790421151 -1704.5738110667025 8067.555453260931
-747.0738333690733 9988.444198253586 -3553.101476949274 2503.7395611874454 2675.5838499853216 5720.034575728017 4196.332260938587 -489.24712789474506 3560.345518584485 7699.3014475483105
6512.486126428968 9098.509726106633 -9865.197675177502 641.5110216804314 -9769.804420376639 -4308.077812019815 8801.528451490303 -1108.4467014711445 -1550.794941215585 -9852.236159833614
2027.9207642193724 -4752.684426588756 -5146.452128062002 -8042.398889426549 -1048.1517784839325 8053.006874612678 7058.775536446567 8267.378649440478 3683.6650216988437 -7786.240393464017
1376.0721392616706 -8609.38267730824 -8614.448486136986 5076.258173339445 5411.341935681721 -8917.966042786951 -6203.109960978465 9503.27351271857 -1003.2154421945652 -489.8204608479864
-7972.954890757575 5034.843019493252 -640.6548792926533 4988.829984954487 686.9663371526949 -5320.051848883416 -8.14372715960053 -5581.686816666404 -3632.6949290634266 8909.91198126003
-8042.169419244569 -2213.185583663517 -9388.628995805553 7842.088515362957 3817.37945677019 -347.6988840600152 -7962.569900337895 7964.663078296675 8749.439028241137 809.3142176932979
3918.230184223894 -3829.161712570206 1175.70065647292 -2697.142701662853 6027.770845301518 -3900.70590409753 -893.7231928402016 8886.150423561652 -2006.5078888394883 443.18888380723365
607.5291868072363 6282.097222236593 -5861.0436134444835 -8025.767777071331 -3872.069495724888 7427.5680256628475 4570.708483024704 -6315.095710313112 4701.213625855016 -3598.552540144984
-2135.4467963272564 4286.619525090178 1837.0886145642744 -7422.41326202598 -6735.048137386519 -7203.11086616646 -1017.6860651978222 -713.787605367077 -6198.741617180288 5811.15192999684
5658.542623728237 -3788.8187103204828 -6334.250707167743 -3865.962977226247 4424.357725829681 -1644.327772081524 -5778.050948883744 2356.028954154517 8447.089409017673 -7017.255698676508
-8466.699754260291 -8336.62072019765 8794.275249311082 -6958.926145836131 5134.153944472466 4926.634891273949 9569.906442537762 1137.6892446849179 -8261.25877141883 -83.75369715827946
3520.445874575522 2514.3805979757 4914.190681518639 5795.663084124188 -3119.397362182556 -7190.2665209963 -1983.5712087107722 -2610.3046768145414 749.8164335862693 -7677.187142065091
-7214.075884730806 5434.096529769553 -6415.179270801507 2491.6283416078804 -9640.975944043701 -1513.9895330538984 -4062.035114770817 2838.8055213801836 -7923.3035386412175 -5577.825581203783
7778.360285154038 -3168.937036068247 -1670.0619569950231 -6962.414912578439 5268.5192618884375 6596.738638521943 -3221.3854289981155 -5183.6948782130785 7213.943730522151 1391.9020277413547
-8555.880398826877 4390.85655501839 -2776.9586246300923 -6994.107794933162 9.896252770700812 -7462.130868600587 -8403.417834119045 -4796.039533562437 -3178.894766576994 6429.277055191789
4885.277811667647 5075.135771436924 -373.8035463005999 7220.190743738716 -9437.456864429774 653.8868829747807 -2792.122697172452 -1330.5623126456685 -6883.072018692988 -2059.88202760305
-5140.516724355391 3667.117640043316 -8909.870576378416 137.1723727285571 -7228.180688733881 7146.079419793536 5142.670681327569 4765.556211452813 -8888.603820371181 9389.722450830497
-1138.6519298099884 3694.3670891636484 -784.4332576772886 -4803.0664993211 -8325.984372963816 -955.285083932642 -9753.258589629731 -4634.330731429206 7019.4316029888905 5958.779091989103
-7556.242991433328 -7717.4102708516275 -1640.182588060523 -5595.736024800682 1241.7555855653354 -7332.435147326016 -7534.1595768667285 -7057.512427043455 6723.257601083598 9300.84830361162
3775.1829778509928 4021.206102851911 -2712.1681217544965 -9656.326761372955 -4649.279221931304 3268.9883719964855 3826.6422754720497 -1087.901856016848 379.7264842985878 6653.692159824626
-4239.801392839097 3343.852992776603 -619.6124599659724 3015.7025561286428 -288.915810447892 -7013.305360682474 4396.222241010812 -7205.488446208541 6190.057629810217 8460.451743810776
8617.67155623946 3993.687552071322 -8664.678742560425 -5615.742866415223 8745.824645381952 8601.76354213983 3870.806518182768 3376.8943272105553 -8733.998622019799 -9530.317381140683
1398.428778092326 1677.1842788756967 3068.211739219769 9960.415436394931 1230.5928325481145 150.2669790023101 1354.4084074992898 -6712.3333326097145 -1352.6935691485924 4966.953076593161
3928.0347454089224 -3094.852340361529 5485.6821515638185 -4014.1000156830933 483.61841896962324 -1868.55964089188 2314.074075292654 4582.184338191173 9741.596603742648 2190.3883041688405
9127.756719177338 -779.6515686383282 336.88885151762406 -3434.074597551202 -395.04633805323283 -6202.116475460309 1434.4407244594604 -640.4516148348375 7432.658771059334 -4208.565084345948
-9833.14910520113 -5730.89605821338 -1618.5575386399614 -4686.919250412525 5801.516458428703 3000.160316380294 9159.855183044481 -9264.386044305316 -9185.507630057658 259.5357188629532
-9016.288554196337 9972.823810039248 2474.382650886717 -4121.261651880673 5862.026509374025 7795.8305858014355 4564.713787757384 -9541.469267306353 -8473.393280703536 2336.066906373004
-9181.103617251392 5279.601669438796 592.2641972130459 -2413.755395225201 7287.704824412769 6958.089810347788 24.01183115024105 -4206.868378801527 7374.301766431854 -5273.727932618395
-9062.192429557152 5251.183213969234 -8879.800373029855 4859.271235081862 -3452.763140723574 -6967.440286057138 -6871.9165833295865 -891.5630426451262 7666.298303020227 3183.2491022845825
6404.870267283823 8272.714601905478 -2551.8174326707203 2855.249107556494 -4361.786144977115 -3260.280062237901 3391.6131325442984 -6008.770385634812 -3964.8748785013768 4385.648431770878
2614.0841119138568 9438.386584516451 2227.904479305267 3392.9316989960244 2006.0026433731673 -1665.540487631859 2809.53895476489 -4054.604450207038 120.68760885273332 2017.8177890976694
-4910.152970465846 -1958.601716808903 -361.97476689424 -7789.629556599099 1067.5824053033593 9988.439443400257 -2093.5273882574456 4359.448203380267 -2719.8367192589785 -6427.631046430495
8421.101094548969 2628.7104245965184 9317.351679562988 -5151.606369243837 4805.34187916325 -3674.1190027884295 6021.9769661056525 1361.1447538224056 3104.5814701794425 -4646.082494799622
4841.396347815102 -5327.181246781772 801.0520833393493 -9490.716435617434 9755.959246334427 -1529.4437830122315 7755.144167991606 -7564.067452434014 6768.611126811727 452.7261129122162
-7494.900908651094 -6058.665547998056 -2701.287649641009 -1876.1908445266372 -8893.241917622969 -117.07251494719821 2091.5818911422557 -4890.262360408206 -8493.364830709834 -8886.37825313722
4358.374357387704 -3653.54434314602 -7183.639502505612 -3925.9300156312556 -7468.177440611427 6502.633277498469 1480.6242968547685 598.0024725893181 9480.335562278873 1421.1491135450688
2555.0957707784764 8649.07103251362 245.41685749705903 7420.808431281308 657.8458419584058 3331.775631173512 5420.254585630477 -6961.683704593457 6466.217922571603 2886.51060339393
-2761.145033637087 2877.0260648042404 -7281.632318841746 6037.78833247621 5220.43686225421 6005.711569879764 -2450.6473551903737 -5905.417743245562 5145.1312724592335 -2559.832380136724
1376.9857449743322 -8737.102249634541 -7495.315262870232 2955.973906920426 6217.002589679552 7125.689264626093 5987.509269168531 -8538.728237340534 -4402.470475490079 1373.7802329932892
3664.493712630536 8331.834432208925 6544.963261492481 7194.041248580525 -8525.172693443528 -9179.278312360988 7799.361629144125 6039.545911219657 -3141.4618628908156 -889.5713451214451
7900.615898176944 -381.86957009127036 -8746.444763632673 814.5332070392578 -1757.4237065655743 5326.843825996026 4949.192997338703 1044.7969008225027 -5454.107172606142 5370.808230187164
-7580.961670406401 1489.2488565843123 -9107.64050187569 731.3610908856335 -179.32431999934852 3762.412398313538 4750.924834087262 -2977.712793777947 -6454.535153300358 9766.498326299177
642.2976635477244 -9362.14285074534 2912.3669379719704 -8491.322123065565 -1589.9749837022518 3894.7757675476296 -5035.246879286028 -2135.0953002517617 -7002.484736202279 8779.040196800579
1186.228116935681 -5516.220686377032 -9736.37322062725 9738.0934649462 9699.48796426559 3855.748153204926 -3800.1187478600414 7222.096990599759 -6474.05261424393 -3140.806314854117
9672.853919742742 3761.8273840945876 6364.980878069886 -1298.79144139462 8786.828172110709 9161.255281328697 9561.39218784797 631.5717816531596 6090.068717902821 -7884.17498450604
-6112.679227543603 1151.333049137491 -6572.941374037729 -4159.381676654363 -2200.478861462214 9446.738067540064 830.2786947294844 -4304.957461304606 -5787.771952178647 5292.085521579786
251.89318411727982 -1042.6206434535761 3773.4245087861636 -9950.701401787159 2563.506491078393 8698.365778509135 -6692.56841417329 9427.763016158591 6850.565122965909 1481.846722860666
7367.491484400787 -4597.141582758985 -3554.347292999946 -1595.243694339575 -9423.941589411434 8934.61044890379 -7634.039311801548 405.3657656859923 -8596.867481301666 -228.94509817522703
1434.8630811969579 4385.485564683428 -3193.0808223873773 6746.052938598805 -7222.0987824553795 -8854.636655800192 -6466.151117003192 3308.600461270402 5958.04617678475 9077.241540235493
882.669817875907 -5265.91057844539 -3494.301722227564 -2697.3240793180194 -9520.241907042251 -4171.769119758539 5733.328919074891 -2751.336113952707 6184.019658268104 -9168.59572028281
5769.732856729559 8177.6906772027905 9660.82606269099 -5439.225304763167 -9693.024333512949 -3510.7119311015804 422.95272508323615 -6914.074590843018 2735.862460993716 4942.244438308922
-9177.064539394065 6464.22548667634 -548.6321105441457 -4282.4034388063055 6922.440800945315 8295.737699122521 1411.3222235307585 1335.0746067234704 5134.717763106948 2375.4284192700106
7899.72918282088 -4926.485247782424 -1957.286031670611 -3514.953932911917 265.8063461479269 5110.701188636605 -1949.7796641643126 -6658.115416855766 -6413.96203572135 1689.3573188190621
5220.8736358931765 -8552.74688450272 1795.5652860304763 -3760.0327719927054 2806.6318891008996 -9681.915506747258 11.47612563221628 8852.000716494455 -2850.7204206537317 -3632.948671942362
-7535.389434348814 -9841.001161523905 -3890.9563177794107 1069.4686316121988 927.0741973786862 3484.9029595756947 1415.115281301365 -5099.806000750306 546.1505718606404 5997.020974419578
-1573.3190630259905 873.2601764404935 828.9387385871905 3737.85931932076 -8785.709194372426 -9798.425913890576 3841.9635040458397 6555.868860004044 -8108.728706113875 2723.2003899144092
5100.591532105833 8215.07566089521 8833.499094465707 420.06262804191647 -5818.018102135085 8199.957318363162 -4921.4320207300325 7951.355566827071 9460.229994725432 -814.9210205592935
-6671.223172947116 3190.033782901726 -866.0139425567049 801.7509319988421 -5047.708633320045 2152.1018730761207 6430.553493771724 -4816.298137955666 6051.6212467445 -8005.142293982399
929.7015597073587 7744.183693667896 -900.0206314105253 -1703.6184622941146 5837.846158844886 -5028.281941447925 -7961.897112174099 -7939.462250970239 -2014.287222384246 -6178.592561047031
778.0870986598147 -4779.741881236523 -3768.8991726968798 -365.16774965452896 3918.1885776194504 -8624.426329706332 4350.023723152088 -712.2596880465771 5103.133398343223 -5237.13729883573
-9765.301271045113 -1521.8395749939864 -7929.01833779746 -1261.6429407645173 1629.5505944574288 2589.361748799978 -4626.390189711023 -2573.508724414166 -9375.183869276661 -6158.720865403169
-107.65608276830426 6576.5200131972015 -7318.96161115766 7143.6426370557165 3080.9490087358627 8719.00550789868 8864.875341098847 7498.634865742559 8709.61176958152 1033.9045721790499
1 10
5591.982299439591 -6533.5941435878085 6318.382109796097 -8718.096477263443 -7608.3873461498515 1312.8451461349086 -210.9299453939857 -7700.142961865155 -7309.311878751523 -3337.090907626807
