33 9
139.0344810675051 -72.90675296759173 339.40969706182386 802.2817924349663 728.4727053567253 -644.7880858690971 263.3347854179642 259.27796210857923 447.3470216607416
-913.3684638833483 -577.1618131757475 180.1421812457868 -780.4430676385945 994.7966907957612 -927.5772934626909 303.9346426989457 769.1868435409203 36.80946014218284
346.14068478732725 700.5356930328112 -938.3993341696772 427.23742940722923 -143.1482645499815 -69.1696606302279 -109.49762117652926 212.8173073394155 3.5419187850935714
459.2037693953612 -382.39856546122337 -25.766246020359404 919.6145808922759 511.83712872338447 -780.932414269373 258.88845126430647 -393.35808520234843 -999.5490271590257
-230.3549563320306 -225.51116177393556 -705.0635145913525 -957.9189995227038 763.4280665850115 783.2863194757815 -762.8932887521312 -425.29648861871624 -932.0804933635276
322.81790046271794 315.4279991402268 -823.9595643856799 715.7328685554776 920.8788073806968 820.3489810527876 -12.518829163521218 -785.7473303912668 560.0941328603856
129.70866074828882 -572.9386747758139 -373.8973964085932 -761.26552498137 378.7011774387613 241.32648292616045 266.61404865030227 -719.6936511370093 596.7494820310355
720.657980198426 -454.76933534073135 -604.3421524770349 745.103206320955 832.3822421856005 -62.13271293007324 881.3859812936262 -982.8862810049237 995.192668425073
491.3129216818909 -863.1941605210094 470.9821631800969 -857.9694842807469 -508.9845346514146 -406.54129361615924 479.6763145652594 -574.5926431886628 -55.10962475406234
-92.11980203473377 -522.339688346259 636.6766158171467 -169.5212200810778 -522.3269564012811 25.714238394587255 -589.4691683137459 844.0608159881117 317.92886920437036
615.5790455230303 -306.8417105625505 -893.347947215344 -114.3076635501792 157.18903638453094 -589.2006863739364 -152.90529834466793 829.4325087009568 -486.0973373312112
330.7114642125223 -450.437011966138 331.117589437524 -318.5364471301925 71.78987213716937 -415.98705844136964 908.896974421853 -243.1277327562973 186.31050754609555
492.4314644085948 -233.66163650622093 -53.74363641841319 -795.3868830708752 915.8031654098609 153.6557824735935 -854.7376811243952 244.0439806158288 131.43017383360984
-194.7665654162671 -239.7894977097519 276.98657759765933 -71.01333765600452 -247.28029009648833 705.2592572778383 -174.0500593250125 -373.74874930486897 -151.11077550390849
735.5887554993349 -695.5084592415546 268.55773404162915 -353.88993212814364 921.3798447539882 657.920242458539 -356.0668337237563 174.78295594608494 185.11531489278582
-790.6273119702876 -260.4714203032155 -733.6936642029086 -839.8780466466369 447.93121422483796 357.45824393364273 -159.74959906633603 120.51279108378435 686.8717480105765
-164.07137121149742 718.7997774986613 -171.04857934645975 -28.296544910936518 958.1763083804419 934.9383707311438 -590.3729099495407 370.88338297288647 -874.325773270136
649.7928333586713 -477.5529395929045 407.65667772840925 250.860294716741 -778.1609149797146 995.1801295967502 -334.3714098277046 444.3031046937201 332.9042286687429
273.5550461256396 -681.4663105759 -760.7329066628705 68.59698141282888 171.95519427349336 145.79512710391782 -580.6565622909898 -553.5061087526367 -50.896651766807054
-790.2679427554906 -758.1644833818118 -394.25661158405137 -582.1003132988278 -231.1255640350223 -890.0319691064433 -384.1848655258319 -879.6908347759145 -931.0277541318892
-844.8593895873138 867.9620955234527 -432.3751456690486 843.6687428409045 -691.7389284982899 766.6742817493864 689.4082047678478 698.0965110752134 -173.87926053392812
-965.3689351381045 -304.6258793534888 947.3553007576213 -123.96551996517519 -332.64923587080557 -255.6944236585341 840.6342065463484 726.6498721527287 683.3938738504964
-206.50759460825793 547.2820784983446 -844.4862450241176 -298.3101139782933 -411.7418599751925 -662.0905982805255 -556.4514605357388 -502.4476987366822 -186.5993337490413
105.23238752333305 -241.24368921675864 548.6488609191181 900.9554668497701 -891.265301827807 248.3040421961091 778.0263835030928 3.682102766793946 -754.7515221139766
630.0085676753743 -892.9270200510813 -724.1780519729716 950.2123959835058 143.33863456685117 9.750898927673802 -712.7401283077048 122.72706420017744 174.78030373445335
-199.15895268161182 -417.60102968933995 -955.2567489412422 -597.8727461279423 -443.24271732048317 699.1558720593525 -895.1382945703592 -818.4519769071483 -269.9283953081235
781.4127360706646 539.045892158374 837.116065743269 -812.6500992528329 131.74153644627722 -687.0786544165028 -424.61263777281147 -534.7522071315161 -233.88879846612883
-192.43412443855016 358.83818253990535 -131.0643329914593 -395.72411985369854 -24.943826736864253 -125.09885175484908 277.24197030570303 -902.4901146402169 -714.0255385153806
938.870203999156 -753.2214806741487 25.80859427682003 602.000271897961 -449.3698553697741 -819.023017609027 -833.4607951803188 457.6133795693602 -833.9433927799957
-757.8277334199919 986.5915795116348 -498.0084450638995 102.89499142020736 -631.4542953457529 -178.06422723984383 147.783363828328 51.549955708204834 -182.72671739668374
-28.8844823831123 667.8537552411151 -543.4866288202877 498.5737508549282 61.31191941433826 873.3395799500302 717.0444423636793 583.9552457966972 299.75784834508227
4.686538175299006 -171.1191078974506 -96.69540379049386 322.52846669038126 661.4139065082572 705.3876814516191 333.11361805585284 -227.63944329874425 713.7755679882591
-453.1042638882574 644.4681180205507 -974.4968655469703 349.03568545048984 491.0604875522324 -777.0599692533389 689.9586627664564 135.38946576522426 -505.8569227049057
390 1
-847.5874747830783 249.4450987820053 -210.72016089873307 -67.23941191982408 892.5249531586951 -120.21816974148771 -779.0824293111814 464.44776940088013 -218.65226917895006 -731.0002467377836 351.6012242121849 -210.12050901280622 572.0599630257509 -275.49211340871364 -332.8882194859766 581.0569054802781 426.89126784426276 43.749071848843414 76.12986009286192 -468.94456905251957 429.0603422658264 383.9671977416526 299.2087852025643 -396.85733101149515 194.57992602165928 234.66001552419925 217.99815539372457 -970.082562042226 271.2494204379709 -147.28471526707335 -975.2244236892523 -506.09272227465516 553.7532705551291 -923.5622527164458 544.4190106178467 -396.00747436844233 560.0359483669715 -620.193878809103 897.2046025993955 -591.4506605055376 906.5035073704237 736.6533956808962 -124.457448829854 920.8806037487166 779.0750403835013 157.96715913569096 6.6223361450164475 741.7316907781944 -817.8942780057558 -805.3677007685087 -239.99105944628286 876.3476870972358 632.5761223157465 -529.298366476484 -851.9976387905813 -393.7158032542443 454.59242522173395 -738.7016617509528 945.7797812507608 -540.1300542255633 -120.4563315567218 566.3361227162727 -67.0226598643859 659.2823703550912 725.0011251041235 398.19973410170905 13.638437032296792 -924.7278931196731 324.6402145223035 -405.2796598928636 -758.6913356252855 -265.7772203324382 883.0378985172101 -874.3890687816436 -718.607991599988 -910.8423739290346 -607.0014054188524 177.0329143730694 950.5884803111421 874.0771029253065 -931.7801601850668 -613.4513757007152 -69.37558667287908 -70.01777368163903 97.81781663293805 -664.6077234787566 843.3102471336376 -996.7722135206853 362.80712513682374 581.2761465085644 -844.8872902131382 -230.0314251192916 -402.7148735104347 702.1257952235026 -245.26756386420925 259.64642047925304 251.00684024456586 427.00000136960784 -2.9309407167672816 595.8676341064311 -61.25027729807982 -237.44588154918802 -919.4930865160178 -880.1904220754833 -547.4243422216161 -877.8545391384278 222.09297554333716 813.8882823602885 340.74713669439484 -909.2506441516473 141.3569904127487 938.7411897862107 635.4018947828627 904.0520685573781 12.682042917278977 -443.8291577899829 -749.6117578332808 7.221956992759374 584.9622736898827 10.697032297239275 717.7721142398277 -318.96322082640745 238.88953816577714 437.9408490720448 868.3020280644826 587.7262488441779 -941.867365577454 -848.9030595984522 545.5752967527881 967.2542970910085 -357.60175555424416 -158.7182258486106 -177.07458262101716 916.306743991036 228.38643322273037 -758.9924692416723 828.4130498091658 8.682861955266617 -266.7230032037187 689.9383720596732 -699.5896734542233 -661.7968717863994 -507.0446563656821 43.980562171597285 153.0024539314577 -51.639921205000974 628.0267603296827 -564.5805318970891 942.249634157693 306.0499655038516 65.6354321514973 465.26117752554796 136.4175679125176 -42.08253742122952 90.57223791572619 202.504295103608 -872.942273718597 -39.766392990155055 127.29028322945965 -849.2191599751018 454.35382610609736 -773.7700080178731 -459.2330624354141 976.9709992803919 -465.5634693305815 -112.07590871446007 -990.2970917058782 995.5003231327296 -725.8460107204967 598.2026218602787 130.203744354146 -539.3189254936156 566.501634127899 833.2675925281367 -516.070853718428 -959.6972368227686 854.6874105568984 -45.93880804756668 104.4312078855919 797.5031929687577 -418.69034669875566 -352.939792634775 -779.4268600488299 -56.43849652515962 194.25158115246404 894.9303286423124 -816.2407713236823 307.0423996128659 370.4850836570672 -948.1329963544143 -559.8103386957578 575.8846184320637 -990.9197760778811 192.62857429475002 -126.75544115901437 -521.2927121561222 805.8762504794256 -353.01764925941325 46.01171277521166 830.3068209247367 752.3041472234852 -698.0794100934515 176.52221827358085 -793.5718806475431 538.7729876528115 987.7466300162746 -86.99279278308381 186.02525231473624 428.25426022326565 870.137872736266 219.97875171881014 -511.9872529731557 -935.6851591934103 -834.8760180639432 512.5101070564774 -141.89630980131528 -372.1918799869994 410.1188696187803 -625.0366352216402 -509.9133098397055 -402.5539423777826 -555.5763533858944 -314.38546376152726 -656.9367150875051 -628.8731151348495 886.6282960333988 842.4591931334126 910.0078591334213 -289.0058271986378 357.0690141501284 -964.1601659999482 524.7635955975463 438.8828668394981 446.1317611098377 -531.7402355497005 -756.1881790219607 -337.68357016493076 -244.4867296178752 286.79374461420025 9.439777693743395 -226.29627843290461 -927.908049619083 847.430140205224 -268.72924308550444 768.0294603050313 -200.84884241636973 -397.10848944275324 509.1350196998312 -945.6346609570239 149.95645276289406 -420.80943132600805 -606.8318438447498 -370.99177075193506 945.8202938060829 -309.00048827649425 -354.2617370819114 806.9137923369537 -78.96862547545311 -655.3458077053328 -288.35717609368294 621.4640861032176 600.7653913754293 -358.09212376795733 -982.8619407735184 760.7439195407053 -461.09616769834895 200.05280327847913 426.63137250629256 707.9631925446081 -527.06339257383 627.5877895798044 909.4750742378887 -711.4188401894435 496.95728134783167 592.9501892501717 708.3158629219308 429.71299369409417 -90.29514649824671 -911.7838601905048 446.9638355890827 880.4871153905133 -432.28729411241204 -50.7103473101746 18.469573598225452 -308.6359324494965 -471.23766210005715 895.7404976112821 254.6755293233266 -542.2367066752995 291.4597768757394 448.13879085136773 948.0226291222784 -496.1484014315052 28.414882100982368 579.2875092771508 837.9077909418734 -164.64913155481202 -259.78264162159576 -672.6980242425716 903.0277342775514 931.333338412582 -467.2542211832174 230.10806135536723 875.750296680053 796.5173118504288 -34.39764646684205 -831.9799829110818 765.7048836448582 -606.0661769924068 -758.1661513402312 -713.3184733944562 -339.6348376573927 692.1773894715459 -235.44275903101777 -758.2425676845479 -349.7287574264649 -636.4503308441854 -426.89815741718814 888.8062824966983 262.0622264466331 639.9513234338149 -803.6920795287159 -634.9342398743288 335.1752244229965 -248.8609430309299 -33.38898122079945 697.9547543030139 405.68288032069677 729.011736058628 959.7875385273185 -637.905350062575 95.92408126504506 512.9747168248659 -167.3177004584095 -484.219751523123 -789.2958589263965 -495.5204675806 393.16567917035013 -905.1247667597606 349.9922577597722 -803.225737847334 -872.0719065608902 635.3851660794328 -258.7228371401087 821.1757853112404 -634.9181876875211 132.58118582112002 794.964675169216 -538.7392164835787 -640.8208113660994 851.442480976109 -414.2169960246596 618.0280799140821 24.888972369591556 -154.09482406644065 623.3855389387693 -419.63713994615114 -558.434221853415 -879.4832876712313 -111.0195229671607 701.0556696440517 -847.2309657954858 -838.5140977549568 -58.75768797256194 492.09393547326863 -279.4762823867127 -850.0002818076333 335.25617287908904 860.4785876250864 906.2356011259235 288.3402520824375 -702.9361326591261 30.45185479079646 -361.75856243085013 -982.3290276682894 588.9526879266728 -299.88061959007007 889.4101933633044 613.8819074406874 -743.2123023725251 -422.7829664849247 130.79425279210204 362.2667818641312 121.731496313354 -103.81369064122123 -113.62364214408285 222.70951435947927 -233.58043808062905 -731.5846218280677 178.2764704681274
