84 19
4348.594292797636 -209.07850202036207 7998.078336809202 4623.121701048067 2502.351263598195 -3365.6288688644363 -6898.86297985981 802.2568670233159 3365.5204716931494 1853.6581664345395 -2871.4881664621507 2260.9414037639763 -628.3005748921223 -7715.275792244287 -5271.884709752683 -3000.9400899539496 8060.06658887869 -9272.224876228083 1324.8451782757002
4843.998777422468 3576.3805076548415 5117.130612435985 5090.847898420934 317.2928943171628 -9894.67536226546 -4664.505761058426 -255.41234568536493 2368.3707109698244 -9100.202150028572 -4761.72793816738 -8956.175490988426 -2958.1317992923205 573.5167698757523 8902.01275403504 -3218.4574161952596 339.2455064402893 -4376.905160846975 -1909.8979135570708
1394.3171397913193 5132.665040907588 -9180.34494899721 -3208.7802981892573 580.6752439489446 -5185.469087444819 9955.346241836876 9552.264234699134 2072.774538724234 348.62454337798044 -2525.347162027665 8545.662664453193 -3655.994074937079 -6432.646606882126 -7148.89993899754 4039.276541638028 -6755.01309239005 -7895.706195757697 -6270.63417153027
-3822.577026160823 -1799.6879657725622 -5141.367049287078 5754.484866640099 -149.06771253199804 9904.756834244967 -870.6310269495534 393.51972412137184 -6407.481144072891 -9378.226612470333 4864.727807851867 2382.3919607067073 -2925.774293403023 -6964.362950195611 -1104.5240703222971 -4617.331482941553 9334.589649809794 7813.840123617327 -6415.703746640178
3031.9537129977944 4637.968948997519 9637.33167976821 6143.282538302068 2086.5707511373694 4280.005081140978 65.00468987952809 -1211.090972541242 -4837.136413696772 9228.836532979476 -8857.981520469239 -3803.702261467821 277.3514072347207 4913.566540110105 27.994362110350266 7991.5883439036115 -8801.701096228287 -7777.190977963084 -4492.3831884658985
414.6984616048194 -7682.655476299145 -9246.420454936391 -8985.294762435818 -7817.975057581174 8652.266022044772 -4397.015572324419 3510.353442808151 -1321.3311169225126 1606.9303693011097 4852.055449173522 -8015.523112071325 566.3761349014148 9161.3647869763 3630.3532127022263 6251.917810003502 8502.209422624997 -6352.085917192731 -4497.024327446017
6463.948962804017 -5533.606968813545 -7385.61171993373 6612.880950852745 815.9610623818116 -8380.205419359929 8988.586138822746 6786.7310639659445 1573.696335143457 -4611.444329093412 -134.33518747215567 952.3563516927006 -1964.496169939589 9264.601260755295 8216.740359416428 -7603.577684205303 -3568.781580120277 7459.146022674948 2148.323017048886
-103.91268589207539 4995.78758623978 871.548546807433 2741.9209041058984 6087.07035803034 -9329.72444684432 -332.7044095054316 8783.88949062636 6964.882612277732 -98.16283787329667 9531.622882635427 8328.037576599712 -4208.749961866823 -1910.521602558586 8438.706522575678 -8339.778532269911 4089.832867518149 5879.053869425932 4971.552812940281
-8473.563081034365 -4811.146444515392 -5441.13914245463 9206.443827105344 4245.971465693652 -3210.617884145002 9298.36007950137 6748.882446540512 1796.2249073416788 -6562.232569583022 -9722.665502054704 8074.552800665209 1446.7194298233426 2572.5662646199 -322.0107038762526 -7014.41312363253 -5530.662266579043 9456.695624417818 7866.683891381337
-7144.287557689537 -4614.838945146207 -9778.833474355362 779.8559285567335 9789.702870784364 2423.7168563502237 106.42118684512025 -3419.4697408737084 -7760.235408141949 -1923.034867663926 691.2240838429916 -1557.4543944346606 -1717.5283319050777 1485.8649687278303 -9834.327950847059 -7592.385986031074 9494.721742301317 5473.017678154178 4322.0586983671765
-6940.056595580503 -5854.014498027882 7959.537023965069 -4118.964144886845 7800.3270334168155 -913.2666262004332 4128.5956185665345 -1452.4615297733053 -9111.03747968044 4780.911491605639 -4693.366985955036 -5238.730490769588 9025.599403632361 -8877.178189900766 -3033.154802284792 451.2658112771878 6860.770096247623 4073.9467856088468 -1185.6168487381292
7368.786472643664 2176.320617779511 -5532.040411017729 -8033.656614173182 -5047.34632928439 -2871.09335678756 4244.955668265633 -8239.727832665989 -9416.181160915094 2951.2484649281887 3944.104001571335 -9999.41136076026 -1368.8414067104786 -665.8680779693295 -76.27314967913662 6758.599158331588 -1567.3842418258846 -5212.364099017832 -8783.50344344554
7185.841443115369 5079.6346416190245 -2873.0048359983894 -981.6507755982311 -2757.572161037434 -6510.214640125163 1565.5079715422198 -8132.984386480317 5673.413890182741 148.22036742268028 8976.693443497043 8400.498048133817 9616.668240915955 664.7494912791462 6648.385665054659 419.67579824586574 6404.192308869246 6115.582234415373 5420.148161731595
-4669.239656456941 2815.423066380803 -715.3920431386032 -8883.700509567332 -2289.837108291639 -4825.053234894841 8113.175544561029 -3437.318686076025 -8149.90494406723 5934.752007633797 8980.012784166793 7548.161004910926 -1071.426828680058 2036.3073945326723 939.3740366236198 30.54043338394513 4391.304696130786 -3016.2638527594063 -1624.8904075566224
-7954.297165988742 4094.422729776288 -1058.1894496291698 6726.0130412960825 4657.876973465729 7900.876296402188 8606.691045427953 -6717.1140620663955 463.5720004601462 -9845.529712916556 -9600.715008206997 1461.341735697144 -4822.6629479976955 2239.1679186506317 3021.886239319072 -8855.743117371921 4865.908725883943 7492.650360951426 5291.307917175918
-6361.910729678963 8040.540884628554 3834.825929437262 -3727.9767441835347 6988.067019300688 -6082.6494588429305 -2675.5589969425173 -4295.87206735059 8133.060760873126 5016.452495671014 -5415.641979690648 -5219.291340841374 9847.106714959195 -5482.437945022813 -3339.0611325144737 9142.216928680664 3781.8443214073977 -1448.258993992782 -2451.233194213869
7932.571708498381 -3885.750261374914 -5272.634370849072 1577.4378036916569 -4169.954611673447 -3284.6967151298404 -5532.207397467546 -9611.40687356356 -5318.821869950152 -1908.5293882341193 -7406.408076971562 -2629.5456027132395 9446.625921251907 -2926.8416524149425 -9940.21533521977 -64.06299935170318 -5240.263091942419 -7587.8714510764 7526.543814088738
-2057.210978459736 -7559.654960859534 -7837.701878967733 -1720.7771142999409 -9730.568738390719 2188.897020291006 9255.757371328255 -1684.3281135561883 5444.520552926375 7359.256059237639 1721.2218065555044 -3205.2133747766457 5321.465143452602 5514.515623130583 -8332.74280323266 -7024.230834059735 8555.935417238285 -8814.962355945558 2145.384153156274
-5068.404966823951 -5129.686925923796 3563.01850590904 -9676.923898183766 298.08128070383464 2169.195778299465 4170.699622399805 2187.8430321280066 6079.521533236857 -5255.775200332209 7810.0578904204995 2422.8572804729138 -7384.218871830732 -4117.883808747889 -8918.979747123301 -9473.998671418885 -9634.133288536032 7805.110939907976 -1224.9638225876133
-6250.132250193574 201.28927125283553 5490.834047953769 7404.918199910608 -1908.6541379806386 -3717.675722305742 3326.691015876826 1438.5245760664475 -7820.617848984925 7903.498731342297 -6106.111603922745 5390.67675849152 9657.85538120868 -3586.361666026838 9153.3153947358 -6555.121195439599 -5692.604337584357 -4371.522817960221 -1413.5112799228973
-5753.87089741565 -7645.304215084943 -5603.929271261849 -5038.130249484314 -9880.978752563618 4223.306115395175 6743.6544273211 -4240.1159730901745 -9331.704729199284 3537.361991189382 2942.5962299408475 -1030.5238230615905 7051.75766041864 2859.429899388453 -2055.2471789037672 6348.215859889102 -7549.665684575126 -1375.0812681132102 -6838.52784885966
-1346.6396554003295 3566.210882540754 7740.320810425001 2438.585176017683 507.43134894728246 -7403.132955772407 -3086.555734980503 -1438.2656983133274 -5576.508579448109 6391.4250443706405 9948.14990361988 4650.853552947521 3013.4817012988697 -3339.7472048944346 9400.760468219345 6536.053425107715 -2424.2782703436205 -8788.762490943078 -2998.465412984654
2804.7178605100617 -202.48798045328476 878.0459451852639 2734.1478492353 6547.782513543963 845.7096328969346 5205.547009452295 -3317.696952961657 290.7843261170019 6989.971059859545 -5299.174793830104 -4529.143469128898 5326.516295709154 -3349.7572450206744 -7240.129784522562 -9778.83358757847 7268.105412122157 7166.258468184849 -3051.167844061655
7871.323917947531 -9094.743759817378 -6038.198587897745 -9620.837781219214 3953.531384698219 1112.8493529154875 6532.651462113023 -459.1649197572606 8760.329313760103 -4666.5076372290805 9639.680737079449 2576.7698468025246 -1329.8317906591237 -3365.8748045200527 8287.958303186395 4206.713604794049 4030.137665897346 154.53015684825368 -1736.401314728113
-5858.786372860723 1076.6856508350957 349.9100763567294 -4089.327055679253 -1055.9968580211662 5992.122561490336 3178.4207035591025 -2578.89571933319 974.1711668426433 9332.297307761488 -3954.6404052944763 3266.2832781876896 -9749.976801112209 9108.819340406135 8698.292365105099 -8961.681663250867 7851.291637518654 -1481.5413368006011 199.28629522616575
-8297.242607047448 -8785.897124495785 5772.341566651752 -7844.577887419486 -5368.429653383963 7893.322326086611 -5984.840227489518 -7080.38861932494 9780.037902650602 -9563.580827517182 6676.96592865371 -4934.860532560723 -859.6952337215807 -7732.459568358094 6714.736108926772 -5700.929743589806 -8035.109115922308 -3180.3252451952058 1286.8103075617018
-8595.245348861095 -8896.574940622864 1123.3716799614558 2204.1065413365523 -597.3540056045204 7722.238513637032 -4153.898211522172 5618.217942535161 -3630.225053735463 93.89244025331209 -9957.56798063521 -8898.077678472926 1021.1993420328163 6734.621951593079 -3298.440051749363 -611.6361827238088 1256.9857852482837 4385.835768500538 -5484.095440306125
800.5434364894609 -9424.808405542944 -4222.249047239186 3021.447787272471 9747.401274010106 -6956.3367380207455 4577.419862465702 2896.119614664716 -9785.765865767187 8722.911167811359 -1691.6615674301756 3550.8866073651043 6931.366849075239 -6058.152131963281 6907.667441604859 -2235.752398544253 -6117.463663006113 39.34141864585217 8703.90128573007
-137.99909083529747 -4146.20508257453 7304.65080024624 -1489.1174401321914 3852.4401618772936 -3958.7717613633713 4444.213429311443 -3018.393106471349 3612.413024266003 8164.266029783397 6902.541751858651 -9114.746964197666 -9584.358665143509 7005.960643852486 -3722.3447193373404 3645.360158142046 779.6262489848505 8595.949369540995 9975.095911882683
-1966.7084894294076 -7879.24258231935 -5656.161617017952 -8295.863866770696 -1985.0337673195863 778.12740476406 -8064.138347172223 4938.414897726565 -8476.429429307309 8043.846561584676 8883.341015315324 5183.943013340317 6682.644852634778 1227.0942654486207 -9574.295878456434 -5336.763800302535 -2088.8432317816787 -4661.061427400681 9880.98802899884
5172.318479616299 8891.65653075049 2379.7010149685357 3017.0993961332806 4777.328120662458 -203.6318971547007 2930.2408822289963 3226.979931880487 3506.757763434107 -635.5289014094506 -2125.3216226506756 7986.813910759076 -3216.4119626694164 4401.280367457186 728.2567262657376 8576.925527743748 -4978.749285969799 2856.9255936525133 -2604.83740839655
-8183.250360285774 6855.945732068198 1263.4980960912599 8150.410435241785 -3298.092917982951 -410.9296513170975 -9107.448280150336 9820.148382480194 5218.4422717230955 -7201.031702524372 7169.819697725143 -2754.6881108117695 -7054.145109407439 -9968.39169721365 -3278.596945130883 -5847.902414188746 -7914.389996169486 6290.0379821452425 -6137.744993196473
-5326.79618747359 8680.01159901089 -1290.4443401165736 -441.2906613947089 2864.7222837202407 4646.989794527963 -7806.944185742779 444.8157125529233 -4473.996275776902 8395.775033201491 -4294.338729914207 8262.2125425458 -2758.026697342906 206.23464428486477 3135.9863419326157 8598.071553646267 -9881.341091851486 -5426.682232023141 -4191.28303674872
-5897.29080835148 8147.97411921003 -1064.722099145427 1066.6328682758976 -9076.62702082331 -3038.8242109216117 -6564.33668194134 -1665.030187827897 4638.946220419946 558.3116024712508 -5229.235084911137 7415.057670365328 -3981.0035989078015 -7611.173746324982 9956.989677055324 -8366.40884390064 3087.9311875254953 945.0950572229995 -3422.950807507241
-6327.816838849438 6518.552193475567 -2997.9018643000672 -5269.484955516923 -4969.817253774498 4301.307681440398 4017.117782834006 1243.8389515224499 7777.41134034091 7703.58900329439 -4387.979192812226 5043.596476663703 -2239.850685292724 7266.467036455328 -4872.659848132401 834.2360404625342 -1190.732038101647 -6788.017674657452 -3956.3133804130766
3172.6291863080933 5955.487706831815 2292.2504245408654 2705.1147562436454 2609.5780205070114 -590.9388089870445 414.87458157101355 -3094.118616146852 -1582.1001766986246 5642.158615480295 3592.639629134077 -7538.899972772091 -1676.3540173376532 127.4734405694835 7679.0106186745215 3121.2293411205446 -8384.447722618284 2559.8734134576243 3847.664465246755
-3367.8839029432584 -8861.388551036569 7637.527859470862 7993.273737257608 5647.154291677121 7461.188469296027 2495.108587533481 158.3969676332581 -154.39214380093472 797.9766295136124 -7459.0452768797095 8246.628654229495 -5394.327678438024 -2217.637356547115 8258.334026529817 6980.295065155842 -3359.1546506032646 6792.71912830948 590.5539716967196
5637.122559911069 -3338.4435553218354 -5596.855481162351 -7716.233234822683 -8937.351428484937 9826.748098264758 7041.552939004145 5998.967834593404 -9777.025293558645 9093.918400810227 -891.707648654432 8522.700045875303 -330.91001298670926 6088.4571220982125 -1534.141226327234 -4176.410745578736 2514.58934529414 7809.549302377665 9010.868556005862
-4250.748498785075 -9498.50808001248 8900.402885336905 3574.2312057119725 -1868.1026429316753 8678.522997203563 -4515.236198667092 -6498.254529407785 -7719.751436141349 3577.358814586316 -4029.018684492891 -6270.8293126651915 -4498.929742830386 -3632.9017961278587 -4226.142886541286 3742.485931974861 -3908.0246322911626 -3533.629665025662 -6526.996665014609
1201.3491297479723 -4674.480119231171 8340.072677801767 -6025.917903308382 2772.566368923681 2070.044558102658 -3896.990987641271 -5242.495570276928 -797.5189462125745 3420.762500947012 1783.8092487654958 -1189.6698193101638 5328.722321944777 -6784.606548989255 -1200.2205531774289 7942.411729326192 6561.955173039085 1529.9456618821787 -3655.251709549827
-7673.892021290418 8629.510181232883 -5989.073235940487 8164.422020330017 4989.373245708859 -4403.709113530601 2266.2833642208534 1716.35358833996 -4088.2335247282 -7693.414877894926 3853.6303848934313 -4167.953224650978 2933.003999703873 2604.6734599028405 -6128.35471365267 -2076.3745859030514 8515.86800302943 -3649.207418076033 6043.676202559474
1152.0042142310394 -1587.6217487741778 599.5357389022756 5124.425836681023 4220.33989171656 8573.07140969182 -7667.952938320799 -6136.056470021822 -781.9844698973611 -3021.807344661349 7056.540258546058 2357.457568340833 -224.1387095029204 -2598.0317710878253 -5191.630293058949 4048.9979156384416 3721.187685144496 7174.6618249921885 -6824.1550964548605
-2066.9796375421874 -9192.908025604893 -3787.1116827785127 1464.6386455936627 -6008.150592376857 -3439.327453962449 1963.7197274925566 8100.216447845043 -8570.568307776804 2468.6408431802993 -397.51488470809454 -6925.512806212199 3694.0080014908144 3277.705458412547 2630.6641377103897 3979.719242576153 7291.029313635707 -9832.895258597548 3629.830812706221
-1205.1651460519715 -5911.382793779725 -6124.54507174012 -6705.031890026505 -6270.1219145813375 -4705.066156946931 -6474.866782802756 3911.1723415205615 -2570.223435789838 -320.9929445270609 1645.2573190413768 6056.3362701256265 2736.1970605028946 -2946.057993307645 -1587.331650158305 -2865.6776792268856 -4596.3825042106055 -5763.123893919231 3097.383623362608
1191.5052197323985 1942.0186178306249 5270.810914789767 -7254.350310469015 5020.6808543333555 136.61491536015637 -906.6940743150717 -861.5203916046939 2633.123865184274 -8239.790820521846 -139.19626044466895 -946.9398338167575 -3906.081112030588 -7436.906407273562 -1738.0423868439648 -168.53792581870766 9535.933403109593 -4124.096542669169 -8785.844283079845
9563.255500798507 490.4116782945621 1909.0349344815168 4566.171135473587 -2155.9027934384667 -2322.0541575331754 940.7241211671098 7046.2969080976 2720.1139376589836 -6595.589689541195 4397.960546121829 -8903.044384385408 9220.16069605212 -6002.776249168933 -5935.513512884014 5641.979673203894 386.37719767725685 3091.1226791706213 -1395.6455394360037
-9148.805691239699 7880.264142623797 -3832.184749119445 8366.082890106794 5108.73458384207 -5906.878777977893 9469.738125794389 -4436.994924913633 -9931.262133357088 -126.03651697259556 -8481.999332091398 -2506.0369295191376 -4579.032255936948 7621.8309887367905 -424.7684341749937 -5519.744405079472 -7635.14076540339 5182.71157054401 -7832.841623264147
9049.483051593994 1195.1823590542226 -4396.775288229173 5545.128650194458 -8615.469353735149 6650.664059293824 7694.2779443993495 2176.3705675646324 -3998.790929521072 -8415.22478376964 -2030.7887940744986 8333.201205505684 820.5740103148983 1040.383255917106 -844.4521479882442 -8857.403842131895 1327.9719179513431 2652.3497442065272 993.5469983701314
4516.888325303204 7993.617135311157 -3479.2810229811003 1618.7537840490495 2157.1523648184902 8487.339508376212 -1626.999152274966 -4316.687527597805 9580.217863173435 3934.576078959979 -9408.387007953203 5610.694989939286 9209.379916631558 6767.544461930243 -3606.6370266443237 -4759.605346485072 3794.1518735970076 -4542.045123761738 -2801.696705562804
-7580.730366079589 -4887.920658643688 -3695.0997703371004 5422.820006690727 8709.875467159665 -3289.5008231290076 -39.380410496240074 9487.051597441248 9445.303082622242 -8721.9136050716 -836.8196632422314 7275.347792286269 9356.865403456257 -3716.686405466725 -7467.634204837912 -8126.8177959778 4030.2975374828784 -5523.336821552119 1267.243231389666
-2883.989650560361 -6171.716763876809 1922.087862441882 -3702.7043357407456 2503.1871959450855 -3893.424996430126 5742.161926146498 -3330.191133928164 -9502.499420897788 4146.6294517356055 -4429.555182499161 9178.704655695343 -4409.521708520703 -9100.154087096953 1076.6738255107048 4184.6941339909845 -7978.020047018026 8146.663318255967 -5649.013394135846
6565.438064616774 -1047.215878603789 -5719.386325438402 -6511.287432802237 -7783.436695430042 1088.344168879341 -8150.861243273932 729.6039447925777 6868.352649010136 525.0579759889843 2388.637201987247 1879.1483526725115 1087.5604376220253 9091.190486316162 8755.539115130632 -2549.1613113783433 9982.959918976394 -7403.415806655286 6874.417505728459
-7936.336855326295 3091.996679316968 2647.342578772199 -4005.080998495263 3809.149509924182 -5121.907490645747 6893.536101235979 4583.15832677429 -5976.476348514135 -9302.555197185247 7717.64912694685 -9902.376599104771 7174.276819857918 -8320.233288337644 -9563.90414218694 1410.10565274289 5528.35045413927 419.44044303178816 -3126.4188975311336
-2358.2553491884564 -2424.674514936891 7702.575218117814 5907.538483679635 -7670.217493311528 -1707.7927998603373 -6218.328742048827 5335.299962898045 -4882.746536484115 -7694.067551235177 -8038.325742284227 7925.973813406414 7476.327258373622 1080.6991135899752 1429.7205685372628 6894.075354464472 4322.129904945308 7223.551831106564 -6148.141171304538
-4260.630078905449 532.1791701973652 3705.02983641201 2598.433638574774 -9830.95345188859 1086.3467439995438 -8102.063823022192 513.9808220240611 -6255.135576522166 -2819.8472986270735 -2735.9312640724775 3972.781857262975 -5939.323966512528 -4774.638222638263 -1650.0137419868406 4465.153864108905 8255.743226467886 7330.459770268993 -2637.639320943679
-7055.445112616907 8932.02672915902 -4387.430529169392 -6679.857698551368 -1189.0382826914065 1768.544873656474 4655.692952379226 3189.9838955323085 -774.0416237409227 7952.226383907368 -5353.019108778661 -9409.66490053993 -6166.880510297786 6745.226160630904 3629.350416567255 4145.988140354031 -940.5094494826844 -3263.7293583953733 -7616.808054625806
6431.8474353340935 1509.7140861147982 -7292.587072875687 3082.074332074704 453.8165324111924 6249.766709834652 -8620.772806670426 3154.0735243736526 -9167.295343658763 -9084.914133684204 -5253.300227884659 -6556.274516368876 -8383.396763603168 7238.528451758299 -6210.959859126302 3747.011265615991 8622.00934843535 -8114.095130597725 4263.458079037189
-1405.9470101316674 -8351.421452073007 -987.6707454944117 -9892.413165781842 -2931.4881105120703 -2685.9632974734614 -2155.0309480427886 6615.9719133603685 8906.777142348405 4527.224257366299 -8560.886650935128 -9609.015333997077 478.42500724317324 784.9534101418358 -2398.9825059476625 -4699.3751092049415 -7209.8960634288505 -5044.246983004053 9267.329071942811
-6497.489502186147 -2634.2599013829404 8972.708598920755 4612.7948846349445 -357.20297473557184 5953.496658148068 -2368.135202125439 -2241.393259421633 6449.593421063204 -5702.01842918203 622.9934833870266 -773.0913934643359 -1371.3964924318152 6465.262612623221 3601.5123129223775 -3061.631271039607 3815.6350264778284 -6797.913168011402 6385.828500203559
-7824.630735438435 4715.652775985831 -4130.3222192585135 -5533.303700372791 2754.963846630846 -8015.943145081284 2807.1815409405153 8762.82559473945 -2608.194149710376 -6534.033518664506 7131.653883270614 7127.434514242843 441.62519878420426 -8919.411430681477 4800.137685535798 -1714.7591640135706 -9943.552922871422 2660.1789255590556 3941.381195130556
-169.36535578441362 -9567.6353181055 2825.6991058234 9187.3516883074 5144.973267007164 160.7619992718337 4067.4179160528674 4782.4101171428265 -2169.0262294569184 4897.856332692019 654.7241853829819 -1255.1506140449383 -6210.618491223358 -6499.353978557627 2.8168994832540193 4774.937030866575 -7289.405094148229 3625.6800231330963 5969.724503918978
-2100.7700392945017 1096.4119221196106 -7759.9341215934855 -4320.61809792975 -9728.947013528687 5714.231851853294 561.5949100400248 1482.280209588418 5870.743102831189 8326.89314723434 -5401.300907116777 -1841.7737215634115 7118.730529457327 8664.088523193295 -9280.976855286697 549.5367772655864 -746.1891067913202 -2077.537772516749 9615.74524251858
9178.99195052404 -7255.833272602826 8664.043224149402 7315.34192839581 -3614.7151321633683 -8685.60525116157 9470.266078676563 8273.761377673178 5611.075858428567 -3602.1845037290577 7494.939572442319 1852.7317177089717 402.5245067407268 8548.251289418888 -7391.4054759239625 5495.242591749196 9144.955854190728 1578.9221868929253 -6039.787475647678
-5610.067433475574 6384.811075708323 8838.19816634203 5717.400295570114 7204.636530337295 -8360.18151808377 8105.460097188643 4924.690171569877 -1705.5617991443578 8033.63465419404 -6385.4406732848565 -8070.831655796018 2324.3514376678377 -471.7263381835419 -7942.972784199908 -8323.94838436558 -2594.949694981805 6975.562917157873 1416.561946704658
7509.13754370666 6126.711240237852 1446.1194055614396 -7.381266314694585 -7970.83649013421 5086.6291909860265 4184.835783279177 -9432.136465330535 3573.268459909468 9310.17344052557 -330.3190470101945 1628.059611115781 9027.098391879015 7470.709315150587 -2237.9454614742426 -1097.6449885369257 -9891.372380121697 -6768.3966162371335 4626.507471725097
-7020.386553765738 3957.8573435252147 -9261.787707771116 -3317.7061185552257 -7684.1440150443095 -4954.293969065658 9072.717195185203 -9305.186621332812 -6578.659429924261 -1673.064664045036 8819.060505842714 -8164.886018861562 663.9229777761739 9924.174044641823 2066.498849626565 -679.3970410131406 6355.79566313449 -813.949771480844 480.3272179413343
-4044.47176901029 1686.213535930854 -3083.9278538978897 3950.991704075015 3249.2186475955004 4384.867410246679 -9008.353491277592 -7768.678164044482 -2997.234089021279 -8201.125915435232 2084.991809539857 -5734.642597434449 4293.481675980374 -7151.860292847061 9895.782913380346 -1466.9438118084727 -5069.983151377016 7164.485498223807 4489.098964983767
8400.218922824406 4499.167676249532 6356.812765789404 7562.802007953156 -4502.160894574267 3311.6963322922747 -2153.7598054941845 1065.6980922175371 6162.729833338519 9348.443719040053 -8880.848168279837 2798.0227904975927 3648.6976746815853 -7691.918174928438 -6357.238960890867 -4093.9672362034817 6019.271195754462 4276.67650813143 -3707.3515415299908
5450.535769648683 9244.354108819709 -337.7645376482833 -8334.98908459787 7565.400856197055 7271.427390874669 -2967.2389934977446 -6155.025546132975 2275.6341851031084 -2701.3826830934604 3460.9750600329135 -266.90588741090687 8045.074455222184 6701.212836080751 4395.815395608568 -8466.342862546098 6983.742638435975 8849.11439031182 -7852.803154487659
4875.436312109716 -6363.711587492351 2641.2245911439604 -5509.075591429797 -7526.870518976279 -4270.908675653708 -6973.322312332217 6258.048286722096 8184.715862006284 7211.014159611037 3323.7413265455525 1927.095208034816 -3584.0939421687244 1398.8457620098015 7792.73644512524 8301.242379413226 -6298.52552460793 -7999.62198212912 -5265.772847940957
-9612.708246879625 -7313.619542463465 6934.14080405916 5648.49727623161 -2225.2915439130993 6477.0736328327985 9332.523685485608 -4267.37763603251 7817.453415232529 6824.360682207025 4346.522079461853 -6933.33198625343 3390.8793055658552 9041.50679969431 -3501.1200302152656 -9342.746317094126 7502.283048280915 -5865.682800495216 -1918.609379323353
1049.0212734074084 8918.782484767402 4474.197393019947 -6904.316761351674 -9204.943593010079 -7817.7039182553635 3377.524958555967 4994.57086103863 -7687.085548794199 2141.252759191366 4879.40706571732 -1982.8163106957963 -2426.973342350291 8752.39840809079 -1.601080531892876 4169.430731680572 1318.6499828415308 -8949.864299696517 -142.26975982277145
7131.55886413957 -9183.825672224084 -8255.50011940277 7392.445401213801 3891.747058490244 -779.7355046017601 283.5266127596351 -2231.764339420485 -7754.774928190666 7581.982688472854 2775.255587519512 7887.582127825517 -2229.2376882092312 8800.105180732047 9783.484771572854 9534.42394738338 7349.999402857473 9027.634490752087 4291.9164443502505
2597.778752275497 2432.69557591816 2098.7030729011894 1215.77726422846 9506.620503787926 -7288.186414428039 6320.988567156281 -8359.701698086315 -6559.28245550915 6481.407128022252 1339.103870011104 -5939.388231623688 -8570.19242012273 9412.902234640907 -6245.137988565839 -5064.666658285954 938.2757610146018 -1458.397981560749 -4672.705520363685
9177.59988337139 -8339.77214575056 -1038.5421976271755 -7524.161528126469 -3868.8112867208765 -5453.490175739089 -2691.6881855307292 7434.840819569756 -4406.6146346119895 7605.857735085174 -1131.6135746594937 -9286.905733143209 -2953.8123887441725 -2708.084134589956 3896.766779506439 -9544.855946573529 -477.59460789513105 -1443.4029936976149 -2571.2092226479435
-5913.299610643971 3050.090373333087 3014.977315691747 3003.790550628133 417.7877157583789 6275.147717353982 -8318.157700413096 8115.6982136901715 -4949.764108324129 -4037.9438075550397 3340.719916244747 5747.473722606865 -2678.4633701738385 7088.3117035022915 2875.821514399937 4887.87467301572 9252.226429321818 584.7244786139745 3837.905287691954
-4490.815546488833 8562.828951593252 9762.778835394183 -3604.147922831302 4717.605735377421 -7699.140970355796 1198.8800943914466 3879.8982508747213 -4386.353928252201 -6943.791305408733 -4901.467878504739 -2677.626968778295 -2211.130574527291 -313.2712409489559 3117.204125545759 7216.36357489922 4151.183581379772 5335.133272761781 8884.235584367008
-9647.865873380635 -4733.874919245862 -2022.2748847017847 7960.369534474921 -2430.3857819735013 728.4014664211609 7086.722902329067 -711.7898015538922 -5653.286234690955 -9778.58382687808 9995.821985875358 3466.931309567153 -107.88084153174896 8590.655809079984 -1179.6907533765207 -2046.1592124608314 9896.013312493174 -6189.218510904948 -210.32749046979734
-275.3482027773898 7748.555454329075 7673.172631374924 -3725.9081993069376 9135.44775212953 -4353.022909758988 -6858.514946609046 -8023.42537201266 8954.426061691229 -7111.846557078252 -4890.877756752951 -4119.681708000287 4445.636059725473 -8783.07777235124 -7763.138451898104 6615.47888515432 -7413.71266351528 -187.0302840635377 9781.713092310645
-3386.16205256751 8221.621342766164 -483.6299850018386 -1619.1428271465793 -9177.434011048013 2790.290695990414 -9456.879076216906 2839.9191984019726 -8408.10589668044 3479.875760419629 -471.36725728389683 1493.1140472593543 1815.0197729741722 -3364.107269647514 9250.03082674832 -6397.914472680819 4516.168074116473 7777.205782319772 -5166.018107550223
-8853.691570998757 -4945.955136445838 -5360.238423899448 7004.216950582628 9674.816592341373 3598.616807032322 -4052.935565012547 -1930.7966533433364 -269.35287884458376 7298.099054686525 7779.741167621258 2798.1169972503194 6469.273578890465 5925.882972512685 2578.7352715212237 -1100.8947275736136 7897.191132582517 1229.3611307641877 -8138.972108554778
3283.673570536712 -4925.092251119813 9545.51763561758 7493.36574072131 -5330.705159986329 4677.388759419595 9434.172496933323 7886.654664541307 8719.111771596283 -7016.328125296729 -2602.719554778143 -7945.774510027948 6363.022295072275 9370.958849979732 -8509.611478849069 6316.235195975161 4297.758544718174 -6839.540410689639 3092.9528051777106
6127.067592407331 2809.716815463613 7923.383670638057 -4325.639761768592 -7335.087781760821 8681.870751981634 6118.995003704751 -9120.88589609213 -256.79880386729747 2402.0122856335583 8103.469444739574 -8055.862180629001 9037.29991503304 -7622.898337447563 6784.961406906576 -3966.377584212455 -7413.5861040896 -6017.669678271007 7945.866287203782
-9687.535912654206 3480.5314899984987 -7335.125307651091 7119.2661364310225 8682.12329569435 -6745.993219127515 291.5703854111798 6521.571470301649 2760.2434310421377 -5138.771662723057 -9453.905513420228 -6822.352316528863 -9813.078397803123 4118.959358977661 9221.950291024234 3182.480966927924 999.7219559752903 1417.6942814904342 7477.972150456102
1 19
8478.735063643322 -3189.9605922295923 -5991.0698945422755 -439.54961141420245 9203.759256160363 8435.21339671256 8212.882141561484 -5567.021616264576 9110.697882961173 -6497.881089405815 7031.91216732789 1058.15998196265 -2820.834620743848 -7789.290620191447 7795.466659250338 9361.63415611679 6405.01748577951 2263.8656879567607 -4665.467474347549
