61 2
-7123.133371914348 1117.771228789643
8980.224849612787 -3696.068719481602
-8706.099109498662 9921.436972834606
1610.6855021147458 -1599.9477889222508
9657.263380154585 5379.49552930147
-2605.10146017457 -7752.033465381099
4462.901886640511 8167.543659873885
-6117.830372645876 5011.362352151158
9881.288339547442 -1362.7958082393525
-3369.1518454161833 18.593996225696173
1498.1878176203663 125.08864370979609
3148.651943979099 -3313.8931716757816
-2998.2316410470885 6086.948422269716
-603.8245661263572 -8696.17142750512
-8116.779813643248 -1957.7511842834429
-9365.41232877629 -3013.787594497563
-5999.969445448867 -4391.291308957619
-8358.259730065896 6901.693409297452
1541.0125377727363 -1449.9377111961167
26.119651904402417 5037.847132301418
-4736.435398406127 -1507.036633275331
-1905.5517248425294 645.4271836688567
-5904.7472257762565 173.11082043680653
1240.3845319078264 -6715.085678356074
9333.586956091556 7150.188776434574
-2801.6614995050722 -7462.751706498095
-2908.6706639239246 233.8078904238937
4661.536434108193 -7590.100430090887
4239.042434063951 7451.566861005311
-7496.441107743149 -1628.8165411486007
-4431.520014449597 -577.1191583353502
-7120.193963279968 -6123.20669787477
8261.917356919734 1308.559330057733
-8517.299460241878 4433.591457454953
2806.586598100521 -2664.3404840547482
-7796.674875165306 -3421.3306006279454
1101.475029372692 -4354.917688736804
6063.241401083265 9960.796093708937
-3712.9615526179687 1259.2050730928258
8956.05303228533 -8666.591655415548
2360.210168244792 8239.717160479082
3210.5475914648505 6107.812011633812
-8139.2324817242925 9600.72701808851
4457.563510158927 -6086.895191519395
309.79117277456135 9925.38767206933
6276.524745847564 -5851.46705814167
4239.381562088467 -8015.313985850563
-6701.862048412835 4600.646967574035
7438.737590240009 -3299.670312973668
2339.067284643779 7208.450353086668
-4993.004912858039 8758.506157687661
-1050.2537213114774 5071.851217456535
-3378.1237503730163 -9761.865609100347
-8376.688483440299 -1622.3795516117116
1041.4036977403757 -3801.987798306396
5127.222973642001 -1482.7585087063308
-9067.183102229206 -9946.659846898163
9478.125734168712 -2455.252980900771
-8749.18192985237 3626.4557386159377
-5999.277191063946 -2110.9992055324137
-3392.4284221059843 -7790.892804347258
1 263
-7723.1197539826635 -4804.391522100999 -4393.700235548889 3787.099620956611 -832.239009666644 3988.112538667583 -6311.01718051932 4661.572969985855 9185.114232178777 -6009.249921329416 -8956.810352807475 5242.79214843346 2778.1005027462706 -5942.963494081208 3555.7237456118182 -2900.704958389506 4413.949126232254 -1321.5972785675149 5621.663029579231 6544.769462708398 -7572.388388102127 8173.348748127461 1961.055398450535 -6442.296829490013 6792.829433601179 -5712.955347670981 3845.0556493431122 1861.1286163415589 -5751.2034968700455 8008.984620158975 8110.448589008971 -9977.711789509602 -7435.418168189786 8694.758022087808 -9241.273542642724 4098.489746384206 6576.622647329357 -40.7680822086495 -6197.0205642315195 -5575.702210708398 -5864.551071421926 7107.9706579067315 3850.1238910253833 -2410.9200818959534 -3440.386255011823 -53.755095701992104 -6025.533043655163 -5355.2579083330575 -5127.444206232514 3163.2239580025453 3190.117696314055 5261.6798027529585 9755.595378664213 -3931.6139371115487 6343.227616061644 6303.089973466802 -8919.979658233762 7629.83217811197 8095.469640802021 -7098.276959133678 7793.406910322625 -4356.480945115011 8876.976645878916 7480.507928439605 -871.021699340572 4449.6766111101915 -7747.783918575901 1252.3615769740209 -8480.903144450906 -3627.3830890770478 8717.185801447962 8795.875131140176 1405.3121136127666 4128.498455630692 807.063258142558 4501.347333730389 5624.565450942377 -2572.2668477245134 -2549.0992153444195 4585.878771898002 6175.234780865407 9825.906080993798 -9757.871333611321 -3216.4487707967473 1022.3178112424994 2465.5400821673647 -2363.9570649461275 2051.4244048791516 -8455.493893369601 2668.6101105720845 4464.546495516002 2210.318026478699 9739.171889941208 -9485.07608622859 6770.572474787583 3048.412574471775 601.8105163876335 9194.842226902721 9639.791791325155 2477.198170772306 -1573.1289569466808 -6338.296385432336 -7715.94220877553 7443.39743178822 9481.989253955991 833.0688670424515 -3797.0545348084197 1197.8741973044853 -9266.909934461622 6447.82678792451 5762.6347677466765 -7937.419551698164 6347.403400894991 9848.637530899203 -8996.533053956893 7054.458438730562 -8584.082351985919 5535.84989094923 -127.84270533782365 858.9360934816596 -429.4651442858285 -2113.5651529727447 8064.710870797717 8226.926438286057 -822.1643482262753 8345.978415387523 6511.051571433996 -7549.981626501045 9988.672947432806 5207.004052149046 -9572.296461785492 -4883.478494893543 -8567.27223103419 -5486.58330450084 7421.012318733912 -4426.196785971306 -4392.584496343033 -7139.51931951037 -5701.188408347726 -3871.0286625249337 -7154.4243378884385 9709.035909446025 -9626.202326655548 -7705.363438676849 -307.62182192735236 -5574.5135590746495 -9464.210567535607 -5366.843428205819 -5706.111061303827 -5529.589309711382 -2321.4585778331375 6349.171330505178 -5973.081492934242 -6508.692054742817 9190.47431185217 2890.1532426001177 -3859.6850966195425 -6463.337081185631 2233.896314750971 -5552.421012138302 9460.433203853856 4142.8332897403 -8990.383194485463 8832.557386336535 6736.198485143479 -7142.165006932704 3791.2880028009677 6240.675630902155 -5736.24008120114 -7565.051968981944 4267.704757178022 5189.0198110545225 9773.51113842734 -5143.79323557294 -3983.605494156708 -7814.065150138865 1016.431109538822 -7577.033413055896 9303.719329920583 7694.942391513123 3594.962924481417 -3631.864995400878 -3939.4467727623787 7376.228335236476 -590.3330784002665 6405.110976649732 -9074.783486232158 2616.5850975874673 -143.32928881973203 6245.975746690752 4359.255613384219 2263.1750622303025 8875.884910055796 561.1853905387215 393.73865010627924 6272.45194652847 5162.399100954637 -1606.6172863283355 -4585.5478627810835 5686.253650634351 -2627.2525647594084 -9591.186695280341 6385.916129259469 9515.059172362693 2672.4754952426447 8914.526463532166 -9697.370284202547 -5698.713910354191 6594.653667060302 -7555.95640828067 -2605.3944024059647 -4772.882403667042 -5017.26317636014 -1355.6707139239224 3570.668443884115 9805.809542155308 -4516.1059399542355 3779.8681588799172 1236.2072057039386 6909.7830346140545 6328.097900649056 -1946.359037543266 398.41012009510996 -6057.500949638497 923.8348503984398 9163.619508673975 -6352.389720996712 2443.467101723112 3801.679212138295 6473.051219162313 -9701.487669261021 8895.790013287919 55.410530321029 7134.327612896734 963.3581016523767 7019.988365132536 -8954.749592239354 6622.931302015488 166.01686618712665 8968.682324597386 -664.1272261771519 -679.361419679226 9987.10990293388 2504.640624290181 -2676.543082394658 -8086.748043255237 9870.472017265656 3595.8725429042097 -4314.278526561572 3070.91815417221 2618.42766179333 -1361.4208689783845 -509.5548760288566 1925.435391023786 2088.8773920299336 243.9975599134159 -4449.420151919397 7398.24378333411 -575.056824306721 1390.172262727976 -1812.655812074593 5091.282369063687 3720.6931280961617
