89 31
-7775.992274222001 3333.290065542167 -4788.404975473799 483.0503103521751 -3180.8525482016494 9375.4987192878 8407.82217710916 -1406.406589716482 -3506.99825229233 5517.75358268596 2540.785522118398 -4828.760578662843 -2048.244461460704 -790.209038183777 7502.952893261816 1433.8473733207938 602.6931592679357 8125.032056397646 -6110.850755464321 -2427.461689310855 -9231.837674129774 -3239.175363502811 5201.375134152162 2835.908454628243 3173.597768426731 -2947.5776918116626 2336.995149051252 5573.272621478336 3669.0901678688733 692.0164937237514 -9511.267651768134
-4970.216460784287 -6656.25552917734 2972.3706891510246 8599.676678003136 3621.5935720617817 -1176.8454087289429 -3617.9477337688622 -1011.6114183674381 6241.540048123497 417.15417997394616 -2620.53665334989 2614.7973349748936 3843.039047973907 9719.596106977857 -9395.070115934102 -1828.250543283667 -7167.2687269654125 7714.329724353047 -4478.676658575529 -1129.9547838430426 1143.8971607380736 3646.9708011501734 -5460.723729408876 -797.2215618572536 1148.7274519093135 5731.3793446408545 -3862.2015340538437 2227.341620325502 -9490.55877502347 -1376.7284398704778 -2603.4192997326454
-7803.360848148189 8858.205445171334 9214.388157023728 5280.152589756228 -8764.436395892371 -5506.151595840294 -6648.331916308143 -6106.332931063885 5056.608670702008 1698.8563641594137 -6504.971537578057 -8710.535782500538 3702.4622722389668 -1593.0142221167134 -4718.52452475585 8982.444261619643 -3504.8329866994845 -3839.388064923155 9454.784307863756 962.9306282982197 5639.768210713237 -8908.487605129736 548.0846906792158 5230.631460035127 3420.2907170239614 1634.780586919418 -5427.061071118793 -3695.172199372203 7755.867605589316 6243.492679854244 -943.9887026762681
-5145.962693701129 -6629.969992136948 -6280.417283793473 -2032.2145974723944 3998.2497106733317 -7716.214288083625 3808.70032001652 8106.887657409898 6263.763758112571 -4062.4237267645194 4519.907715747342 4067.4673057563377 7789.2746502436385 6664.56018977339 2532.0114043523317 -1427.2587114427606 4687.017441120859 5583.320539368977 6626.906654483089 -1853.29541793708 8165.403901337984 -3695.571189656146 8152.255466896982 -5463.3110182953005 3445.7331541331278 -218.9655430499388 3058.182472983337 3268.3911909837643 -2877.247157146303 -3766.1813884618086 -9990.164309674092
-9878.89902827617 3735.3283086736446 3412.9811618958647 -9188.974010254742 -41.15399878590142 -9456.2020299383 5271.1092185836205 6027.35378833803 1462.7674422088876 -9201.573886308332 -9822.012557530006 -1418.0175537395498 -3131.246294661618 7919.075176269893 -9413.359024312462 4491.908157909211 -6217.828471205559 816.3866148881425 -9534.029740424787 6414.717365021053 -7789.942404947487 7955.108875697864 1827.9499767673406 -7676.056474317683 -3276.5214986808624 -9406.631113733803 7528.004525630593 8950.2206835711 4613.06761832456 -3698.68384254954 6089.674022361794
-3716.6139566572265 -9522.252700208326 -277.30935044664693 -9395.952471232415 -5489.954829095762 5982.572909004199 -208.07111685583914 9602.38399057203 -3859.9090761691323 -7674.291747677804 -6325.292246225807 7933.80173027403 1250.6325362557109 -224.60137777062846 -3484.301332570756 9456.28228580282 -4446.355705639713 9370.209951062432 1321.4395985063638 -5265.02931459349 -4070.086442736105 -4491.936505024778 8064.364469321616 9326.049891937822 4812.936033584854 9781.67561024415 -670.508475627983 -333.8332989776809 -4913.353893269495 9990.504069605562 6839.887439400569
-524.0100649474825 -1450.2919042930243 -5339.822788610951 -6935.721502602628 -74.92236354512897 -8784.975522701356 -7127.9039224669605 3047.1595924626163 -7051.87516632587 -3193.725122329689 8559.566645077855 -3932.2306378422663 728.2777765002375 -1813.1249616264959 4512.759943635576 -7834.842866185328 -9591.354073056242 3029.635777229476 9688.017441141143 -2437.422594172851 -2158.949049561851 1250.6856258811513 2222.78295636065 -1066.5076198257502 -2987.785970748533 -9503.781444515822 7139.7974665088295 8300.062711091632 4355.988448278982 2974.965203850419 6586.700554297273
-143.4052562818306 -89.40305780882954 -5243.20420378223 9786.291118042685 -8857.852895724212 -485.5350051641053 7267.124487042642 8020.09186641582 -7273.568976388684 -5834.313167693314 5037.449752891442 4119.103014770626 2949.99233417675 -6082.708396325298 -5069.5731543928 8267.064025311112 -6223.239963526555 -7770.682216252687 419.25220897299914 -9115.445594282946 6278.255514125967 4186.713453619803 -1823.5506390039172 -5271.75083154827 -2007.6661347367117 2565.372793484439 6810.715698685952 7237.23070561605 -7868.124185888073 -5932.292932631353 -9661.920311441434
9504.80661244307 -8147.861331540205 -2071.3489428033945 5435.308116006321 1773.3093001638154 -7893.013431901798 -8239.942982893786 6108.89473716714 -2198.7895081360857 7701.421280498882 7306.6616224181635 7344.288676789867 1007.3311883884799 -2780.023386127308 6188.3596669612725 1343.2812290582715 -1305.3987867211035 1066.953888627042 2490.20799010699 -5815.952380411331 -921.1988146839612 -1403.9047533139474 -7012.029475158357 5451.394260271132 -2634.270079240342 3310.213482656276 8726.614041096764 -8136.269167565293 -3921.6987281493984 -8024.831033173183 4317.562146061777
-9065.519635934545 1683.0905056469383 1545.0072202739702 8955.044491185985 -4470.498768141691 -361.81088345098215 -8611.232535864572 -8439.71169793651 709.6669478253225 2272.1133585399893 -4117.692868744922 -3997.177820782007 4302.757671755075 -8869.53553531878 9369.96709527959 -5248.07051305513 -2438.1343542762797 -2178.5555394283947 -6394.372449004897 -4690.167592318051 -894.070092164955 7511.2665794905515 -4366.838672739998 8396.903944854104 4682.861773980496 -1052.360180061536 -7121.022032563682 8917.143014775662 8580.536326508769 9063.620938594762 -5313.874226016031
1061.0656346142187 8146.075732936748 8100.664007364547 -7384.4316580929135 3524.910776765688 -6259.2855527865195 -3482.993233052831 -7844.6838248013755 3802.147562428694 3085.7365847657256 -4159.897368043215 1509.0460478696932 -8515.66672444231 9926.51454928163 1239.9182628113176 -3317.136758544035 -4148.762487494362 8101.85367817161 1495.954356329672 8065.108309804884 2461.627700607374 1182.6119254664427 8492.370222236921 7292.036472717948 8380.19920460344 3968.604439079694 9272.344259157977 -1539.4087109391876 8329.50606728009 -163.51220689937145 -9725.90180748097
-3396.518190921516 -7305.857414693577 8234.69064318369 1481.720458691132 4269.671820948648 -961.4896611689637 -9122.168657373191 4525.330106191441 8955.04191504644 3433.0390635380973 -7816.501100453348 4426.701917869421 5822.524814753799 -4337.891458532877 -2241.2280466234224 -1887.830779229871 5205.672991868609 2824.9109249228477 -7772.815388143821 -4019.7908212624016 -5047.969746236656 197.54699829355377 5444.928899334602 -5976.850764262626 6621.934495880676 -103.02575097905174 3746.9161254433275 7687.318755586584 1196.9649854554282 -488.6121978511637 1313.2147170252574
-8292.550029858368 9848.61686336312 -6817.981801144213 2330.176579641924 7921.103093003247 9181.068098027663 -9478.364448064023 6964.58989409059 -6061.757723532797 -1273.0400111128802 -4406.471092296282 -2624.3435359422774 -2113.8812969852115 4741.674562104854 -3553.742189069837 5167.0180022015265 -6729.720738227976 8138.186120407172 -622.6559178520511 9034.551220241221 -6629.466040794738 -7878.290204218583 1594.9974597296277 -6455.876156152686 6837.504827914203 -6203.521351703681 -130.72156855464345 -9470.781237473737 -9937.29009463702 1708.8218576514828 -6883.71179132106
9866.34479315763 -9981.608334788827 9568.12409973027 7071.838444990251 1031.197052199912 7759.73038199895 8554.111788340015 -8585.255419863377 5168.100233628258 -9324.84949640333 -8948.628890013946 1363.3354357730714 -7754.556137464717 6605.456566135934 -3584.8891348059533 3403.087455569532 -4166.1493198938215 -4209.028974146285 9733.053223257451 403.8726410947529 -2833.375451807856 -6191.6932703417315 -5451.150327788599 2633.7810727743818 -7961.693351418453 1213.9659343649237 -7755.923767760222 717.0778636102405 4243.497883814456 4430.349134033111 8791.579736535288
9308.10834786826 6681.328402288378 6477.420312529055 9245.256520232371 -506.1972019002005 -4109.540188583423 -3494.0050519328406 6223.4786561931305 -9812.601452110432 -1073.56888114496 -5245.961733247082 842.823861374738 8829.465602344739 5546.877058787604 -7431.618751072761 20.594538950423157 2316.5856781074126 -6411.075169508238 6868.806731801356 5737.846624579257 3240.906268461862 -7659.781063108661 -8064.190171470987 -2732.674314509849 -2959.3848897405596 3494.1404501876186 -1267.539951091714 -6462.157818563852 -5565.910972403707 -7853.980128740823 9448.840377391087
-1016.5794176018935 2190.3684096453144 -3194.557311168771 -3833.0092641196716 -8236.139560850177 790.21704429479 5615.545868294574 3428.9364156776282 -6995.072631119079 8675.421220557422 -7612.694654637993 -171.13388106713865 -9114.050577540194 -2287.9938415279203 246.30281858665694 -5335.044039023715 9178.69230460786 6226.04944926538 -2900.556950446935 6211.645793238284 -6801.79495175462 1904.8745754199372 -7406.078430042749 -6901.179020210673 -177.70800087136195 -9521.0988238361 5354.675781330918 38.77152190075503 2395.516314477145 1222.9171244521585 6681.111082579984
-608.2535984957012 6494.317749890484 -1056.3475496819356 -2785.664605269866 8309.07260054315 -9817.858243158546 -4614.411029138443 6088.038075860453 4307.986593100186 -8665.528557078342 4114.187805762474 -4890.752471994509 6394.795918899748 6282.054136143564 -5298.737947489371 8741.868810728549 6459.784333769425 -1183.8637964412865 7882.062565986063 -5122.333767453979 -2539.7934147124433 2936.5707981377727 674.3678319168102 5480.971670231269 2052.613563722769 -7522.064037872216 4217.22404435223 -3645.0156122878498 -1628.3455850896971 4654.180778680862 -5666.7636683183555
3884.4499422127574 8485.277042770373 1661.9310733867824 9820.04091988214 -9763.336193775403 -807.0120512784524 8437.450076562593 -2095.2066151315776 2283.526521782871 6480.264131275111 -340.3281040643833 -7444.696639896909 9669.892966768253 7620.327454007824 -7775.286548728232 788.1324726046914 -265.20562590810187 -2994.9316839855464 -7248.389460002787 -8717.266107800517 2406.12000494926 -3258.5129390236607 479.1529225566428 2554.658299093844 8408.608046054385 -1169.838723104911 6334.37797211639 9558.054847914012 681.4843045269499 4659.286043971932 1586.9701679930167
-6894.128894821784 8481.765697029674 1734.362783229737 8521.29556327322 6093.734246323977 -7233.088604246732 -1447.2990262354942 -9364.421123501681 1883.4270649800328 3911.2722300863516 8453.493304556621 -7019.752905449059 3275.3537774160814 4602.503456934472 1373.2609134247978 -7945.886283735024 -9483.157857292443 747.0034458907285 827.0168602914673 -8873.894543994758 -3837.041050692558 -7771.932506433157 -9185.234016849881 -4310.761972945956 -2748.5079204595995 -5387.721655403854 -4912.443766068779 6201.648108287982 -7420.162493498099 -7009.918168313423 -2200.2985345580273
7389.988209036015 7510.389815095456 3550.799313714617 -3176.730944594743 3819.89057660483 9260.290817651134 458.24513187419325 5649.046650298918 703.1483279526201 1033.9121845227764 -781.9006555089873 6166.757583428851 8813.72627787801 2838.718271066915 -1215.7182013429228 -1813.0671081811815 -8150.861936154707 6263.812571176295 3090.5087799945723 -6883.872501836783 -2888.1814012797904 -8653.398105485834 2121.366904826489 -8892.403549612642 -9111.868621828851 4773.215193201651 -5140.422532164374 -7956.731949464622 -1343.9986755560149 8360.207294428044 9081.632175691899
9718.191873655622 2323.1054277305957 -3564.866341948703 3472.015077030046 9366.098591175705 7215.764424612171 -644.2175231908295 332.9137595619177 7456.3636054465605 8439.84369416563 4440.936022772581 -4313.412025594379 8076.747814290571 1902.5412411705347 -6837.345792942164 -8967.680958455963 2493.4300331018094 8638.475746317632 7438.991240335719 -9117.00701473667 -2595.0953536660527 -303.4988269770274 -4184.897250790598 -6902.790220274502 -3272.8955620243405 -6726.104788775619 3726.2289606137783 2394.3167723841416 9783.496088744174 -2687.6273305687073 5392.827533696047
6253.137841438731 1651.116814642095 8808.083747208846 717.9439425837118 7845.540344058903 1036.9049397237159 -1188.5607842977115 -7783.622530684041 -5341.260225171056 -3979.1298792009047 -8607.73505909784 8532.835457297475 2232.389036570572 -2905.3615976898973 5954.714247194186 -2216.6536713191845 -3665.1250555390734 5184.2521046599595 -3429.789605394948 6549.40724207785 3932.5428212654606 -3285.1547672290353 -4282.57605948488 -6033.567434816754 1323.8465203638752 -5744.387627853101 3040.1830313432947 2627.8126969025834 8707.060408566042 7718.907258841453 -9771.244966490984
3871.631776632774 7030.885275508681 -2587.5745646450678 7369.134746803462 623.9216211226249 2765.0758934827463 -6796.1633109580325 -6581.1973649821675 -5872.873095894044 -2515.351529271228 4763.19212111587 -638.5654656534607 -7613.399714088642 -1051.8546268031077 -1619.1577675412645 -8827.195599436218 5804.9799100038 1452.7044750711757 5491.136796513445 -5015.600792717292 -5940.195964026893 7539.862623247096 -7077.0861957798825 951.2433628335984 5652.657514288272 -7389.9774654664925 -455.8098576328521 9444.579667766808 8483.020518591919 7293.305189473951 1549.905443384252
-4111.458670418351 6823.685296205869 -3148.8470789307257 -8046.171167890996 3379.095435896841 408.6087365097319 -3688.3513764554036 4231.91771297056 4188.577409844669 1205.4222279022179 3294.558477616254 5453.976181487056 -3950.9444537045947 3168.923619847872 -9463.572391369073 7480.1657541003515 5642.109286216264 -975.264405806307 3052.0293334228318 6989.422430120721 -5090.883019225765 7561.350003221913 -4299.355532983971 9070.162268630065 -4672.059638074526 -7707.912617300485 -1133.885892307433 5255.550440419263 -5666.864518291248 -4687.001422940626 6305.85950062675
5794.801414971469 6313.82753949691 -3745.7525753160526 4246.186425488531 9640.030995846679 -4290.411713449757 -26.6386690346626 449.7907952563346 -2951.041301342645 4324.056028010085 2139.158038228061 -3948.082651995106 7204.908095682953 -1631.7938438661968 -2946.726486454785 -1642.6930419153177 1684.7368932197787 -9221.373099770959 -320.11645983250855 4508.842203246162 -8942.536174887706 -320.93947989525077 259.3221349326741 -7971.4165110041085 -517.0519956092776 -6425.917890009645 -6416.42262811577 4777.322887649299 5832.247715683563 -6335.08292242017 8494.512973697096
3252.5456563598345 -3514.9516721617483 -7353.736400347466 -9047.86061563923 7398.864612555259 -4102.392668410693 8956.620285264918 -4894.09722703845 -2200.5448628780223 2439.779974266681 3796.278059941189 -596.4358332406828 5563.975080130804 437.17438597401997 7171.221087980997 -9074.169429384661 -4178.024455960048 5677.24966382499 6231.253532885521 -591.0365292602801 3379.331535807485 2793.6114540240633 -7451.115694789554 -543.7120856783986 -8704.615579734527 -6440.235594799662 -7077.418133760924 6254.609466658625 8461.617091832079 -7901.690201406246 -3881.2147783361415
9865.933849142275 5343.347706831832 -3771.177137969559 -7626.33711513832 -2598.272534323889 -808.4181439361546 8968.686978257803 6205.134704439943 -9359.751648059537 6563.566757286397 -6736.369162673391 6676.495428567283 -1979.6674719634957 -5798.779405537942 -807.3293481859546 -1880.6707948115454 4625.067508738015 -1347.748521504811 -1357.3192657423788 6271.415065174491 4910.377726295652 -4144.688703814505 -6041.354180445457 -6051.280339443694 7965.751771798339 6211.54287780525 7387.679147554714 -5403.715186361546 5789.314161039059 5401.8950115983025 -8396.33516137493
-3688.9961748368296 3433.3192476333625 -3284.832466793304 -2642.6781415686482 -3824.708575998555 -2423.918051647267 -8328.827093983959 9039.047847875718 5443.4409309438215 7565.094454375852 -5062.953263107466 8814.286817151376 6280.549438945296 -4219.799922003735 -7703.970261124889 2101.3387617455046 1518.6110836484604 8233.992442256898 -4032.5853513314614 7205.285389110868 5816.356335757742 -7993.338498399978 669.2784294097764 698.5084562878692 -2131.1415306281715 -2545.4360160552114 -3949.7510000155535 -28.15676458732014 5409.639994107438 -4699.802445228161 9342.712736807516
5410.739061676411 -6601.7451871822395 9171.58791079367 -5326.867063240228 -6213.176905626415 -3855.2686556632843 5367.565246525679 5316.597057938845 3143.419207821811 2477.9135607052685 -4369.113556363766 -9746.444038840003 8530.52608313605 7175.8491252025415 -4499.11662535293 -455.89140426841004 -927.3501867763116 5847.730351966604 -3723.791387750348 279.4258770536453 -8703.950383756212 -7628.280011695315 5753.960589032595 -6130.8466627914 -6184.258211051952 -5820.442426845676 15.237856622743493 113.1683379414444 -1800.8736569540815 -4439.956484432657 -6984.015357506457
-173.8872356504762 -7964.778732423734 5516.483963399507 -656.02970852205 -7557.90594212717 5137.681069313419 882.6975403111228 5160.474814464656 3902.910102828195 9734.595730333247 2495.62694353573 -7437.676271541281 -2198.2492350348994 -7469.905121516798 9551.762485542215 -5535.6137213519505 -8004.434415425135 168.7600314801566 -4990.149521072373 2333.1917289125267 2296.3218053201836 6070.938289855283 5270.23933391235 -3529.4161569704193 6469.221618207313 8715.622001218198 -9937.269872175351 -9076.111974625228 -626.521167376297 -6670.6763723572785 8850.922806900584
6906.64296101929 5614.738034917002 -9666.681618475774 -1997.6931032796692 -3823.4583123766415 -8056.828516429228 -690.3352922382892 -7947.442514614929 -1617.9242687826954 -6665.980938230078 -1911.1207682933218 3219.188352158766 9694.651306197942 -4923.280146999527 2113.4601132865355 6568.375910440736 -6717.447317470742 -8290.20002014376 -7071.226964446336 8817.407443249209 -3541.967871845617 -1534.4095566570522 1299.840169971174 9130.388263244407 3597.482554110975 9285.19053400262 1869.4281490256108 7899.7479764845775 -6032.101058407755 -7703.567232568369 -3137.565082553777
2837.9134529341845 7490.978523089827 3585.821748391236 -6317.060925233329 25.6526057148767 6040.969484501391 7900.602700116 7202.304179367413 -7269.0624098017015 7713.639346261552 9307.56831109434 4850.944781633674 -1185.1002426468858 -3806.644150854486 8513.531684779533 -2511.0782813113474 4864.010966417711 -3429.007592538811 -7015.0209238162 2035.1223551039493 7294.742285392971 -1546.7329779485226 -1710.4283576113176 4561.813906355881 -2298.669782409932 2026.8892639564147 2865.2382464799284 -8423.30335909097 -8329.748480579077 -3883.646587195877 -2400.312824220121
7557.962877159724 2550.3892134620273 -2476.4923674991924 -8432.520841042751 5645.688657336745 -4893.610052393855 -5242.579893468027 4262.66524829463 2029.2331831512292 -7292.738489267547 9912.356152010543 -4632.624155736784 -1800.3336950070134 9750.813987307869 -2698.6324049225695 4670.10202772103 5253.128924456727 9874.162474941331 3448.022193024355 9668.783890386894 -2824.0585625701224 -5997.193338529307 5807.60640585476 11.787632501112967 4554.410921919636 2885.259636948991 -1858.38759485847 7994.058218355862 7107.554489929047 -1808.4011604718016 2753.206981740397
-3241.9640179074395 8928.85915840873 6633.120816297433 -306.8638642748083 3385.719599248694 6737.335084393635 -5323.200453002639 -1156.1761152064846 -5180.695511771347 2423.464056036768 5604.482420225542 7480.007738079697 8491.788336323967 -9756.142719433281 5217.620590751369 4339.724862458832 -5422.026912558337 -2131.8581057631955 -9273.30445813942 -6082.737565373568 -1461.1134218329025 -7903.306451804464 355.34373220937414 3985.3203504122994 -9563.289146071966 -1298.5210621387578 -5573.856901921985 -9684.100348201135 6376.508666606447 9272.215871907552 -5030.86795220951
-3646.0145161501714 6096.662489772396 -3081.774444853958 5325.727567689424 -7929.074754125571 603.837178966045 1211.8846856668424 6231.296113006414 401.4908655835661 -835.4056708820226 8860.115340997483 -2582.2650052238296 9433.207593023635 2349.2655445602268 -8815.139792064041 3706.8137324451673 -5043.629782109709 -530.4546889268313 3878.2821710396747 -7839.6262996910045 4922.5663966039065 4721.172911721102 6320.80014662039 3458.0481775815624 -756.2382698784713 4257.628887905286 -8490.255372527366 -5387.739027920528 7362.700057590799 -3925.0065536409484 7673.841396868833
1603.3897083571082 3789.831156851049 84.28214584085072 -3338.7375498423744 5735.295254349063 -3949.238660541372 -3805.0493026550166 3823.9894355588804 -5903.257998364548 4284.495178311092 830.9440091172 -4379.1067327954925 -1372.4576270271918 5630.568361443455 -5579.083680462029 -9145.810374460294 1309.5134392655018 1625.5064461868878 -4098.970619333449 -9729.174609266025 -760.8351561509244 -7285.298192076517 3462.8575790549658 -3623.873565645572 -8335.136130848303 5935.873188554404 2965.126397152215 7110.823016468068 7692.272863230566 1676.8038961958046 5200.99091919415
-1820.2679007892093 -4332.07544055268 3802.6993707484053 -2441.3089208555184 6258.80312153958 2812.527171851065 3224.1469580417433 -9916.877206188763 -8221.338552287916 6147.152202605157 9719.580630523164 7815.316455703829 -6039.3708295647675 -652.3743765023246 3043.1539447299856 -8250.5504951293 -7180.396315291096 -301.3115297743734 -4667.922825620776 -3551.137253215964 -7703.284151419342 -5880.865827873298 8897.614389349288 587.8762688173138 -5010.610843764464 775.1159369887864 -9071.334519253336 6652.442035934004 -6817.719899572701 -4224.413680605659 1747.459747501669
-8217.041804655373 2479.4553620918905 691.3572397770604 3775.9294886890257 469.18823256462565 -2865.6159474501774 6906.157484517771 9710.447055386383 8519.746764151045 958.6566365659783 -7504.337133026644 6116.608300460335 -8698.019990758836 -8675.839510802252 738.435801149195 -5756.630700678791 2703.2794643879515 2102.2284068796107 486.96684948425536 -3152.2859163093826 8405.032408549341 6096.646146089955 -2049.3001933357928 7613.485733701014 4678.2160134288515 -7573.563452073049 7999.409253357979 5843.508861645887 -642.3320956236494 -8135.279309219787 -7276.511204453768
1999.4265295206878 -6431.273941249956 -9533.2246998725 -2437.275785821853 7679.1052661813155 -7822.548086572217 -8337.811514875662 -944.8590661143317 -2657.43256603618 -8395.28168534108 5665.018617071482 5429.321696726409 -9488.33061303242 9751.649267421599 -2362.2514872212278 -8214.234770932142 600.7837051714068 710.6505853173167 -7091.258684633425 -8634.169947631613 6798.762258591552 1730.6411639982216 9632.733540519108 2354.180174075427 361.6592511504532 7340.620622630093 -7642.2605355820615 -4767.178323792751 777.711164499935 1047.8334112764478 7115.894598535258
8046.6860387128545 -5214.080883512957 -6416.133641789279 -9641.91932580863 175.45862837899767 -3694.0893510914184 7095.621821030076 2452.2879921158074 1732.1647566759984 -9423.51187917972 -6822.758802250313 -2145.6282233480088 -2115.497926714269 8476.419917758572 6570.082553215587 9735.294878037083 -6632.182631399379 4465.31831263459 7644.898170654109 9901.965273790669 9455.800267964492 -5509.3448204268025 4622.319920559505 -7436.435430633492 1547.410904258757 3962.22369561907 -4247.630058197081 1519.8344238022928 4121.430355457367 -6271.007863627822 7942.182363171181
-6902.286004902858 -8516.1508311304 6259.260798289128 -3512.048284381046 -4946.8048190836635 363.0706662616485 5469.495586168938 5124.808285278199 8926.887876840694 3880.1968626381095 7466.031996808881 -5479.688976592261 -9155.845606860765 7187.604355069936 3229.8248717375136 -2036.3024508866447 7763.86102834787 -305.0489198419564 9952.219048126364 5859.7200521311515 6664.699278345568 -1445.6675471633134 8730.287447261842 -1133.7936694407454 -9824.24288778881 8523.590173106182 -8468.035266240255 -3636.980485704933 -8889.964371747286 -475.83752010597345 6056.894977174112
6482.15278009211 -2311.1683702918917 -1197.05535754809 8654.918858118457 3420.7098835796623 965.2610264874711 -2410.635950933095 -8300.09622822662 4183.308181955837 -3487.5253585116498 -4514.306608578147 -6859.939890152485 9902.435664211614 -422.3672503633643 -3080.6500670973764 -4661.913942142825 595.0617261130956 -8786.226229368476 9650.126801012702 558.7542885155344 -6397.931433104911 88.45060951083724 5767.65759778654 3692.1035846371215 1675.102582955271 4558.18696884294 9197.80768828293 5400.393702475856 -5369.019906333139 1061.3168092401975 -2993.0773870134517
964.8202105741075 -5893.549138683343 8382.472048631429 -7920.883269520038 -3837.665199868923 -6116.1167094435 -2594.399677125605 -4278.887757757022 -1449.7595605804509 -9842.339690964352 5507.161404314014 -3694.046977329779 192.34222665586822 -2071.957700804297 -509.5902508013787 4258.278855460128 8319.315730155191 8728.168890787347 -5647.145184358391 -6616.597446427435 4736.485730189359 -9332.095324559354 -2891.080119004406 -6755.570720240114 -3294.518140142839 -8919.860718076918 -4144.472115633124 1157.3837097530686 5521.769759234265 589.0683060603824 -9424.35434025703
-8880.88509684561 -3152.2319254911426 7150.5252498100635 6703.763906395427 -9488.087555828935 4244.249834901486 -2326.796910549482 1369.743523305422 4145.958117253624 -6956.663412520882 -318.27578804693803 8260.652138286725 255.2986803576532 -1266.6354513229799 -6646.622955118253 5253.964485399862 -7932.208217366401 -5713.647345743103 -1044.8085782919297 395.86305169312436 8881.016659679815 -4545.073368932802 -7929.207121723504 -6917.480437994687 185.7120780999394 -5424.382818441609 1847.0423907045788 -1648.4588200830603 1751.5280279208018 4709.9597771383305 7324.330790267417
3432.853115809925 -9636.418311972933 -13.351832993859716 2666.0520524873973 5554.325055258318 -503.16520236788165 4107.444746047815 1745.4802448592345 -2434.7131361720467 -3131.9070486581577 -8955.058633259436 -1758.8502133922084 -4738.59265549395 -5019.38503058395 2428.5314209408352 -8183.387026539996 9742.559594604321 -243.3540205802492 -6350.269602839467 514.9468576746694 -7502.96460437331 -6514.93618256417 1095.903195164743 -9573.57720513581 3065.0976231648656 1185.354159485487 -9166.29760742694 8979.094910900825 -3812.21449945152 -881.9936514524779 -7260.438816681633
-7267.045512363213 -2089.88690500733 -1584.005199957859 9891.478934238221 6277.883140553175 -5291.583484075683 3439.2247481005143 8737.835569412993 2830.7044912820293 5459.882280499356 -4617.6086068282475 -9028.070227872833 8343.987464177168 -7200.403189129578 -6434.105749626697 9392.744959170555 6942.945196871027 7892.113847323806 -3782.3774163106227 3668.480593963821 -1665.8564698131304 5620.851416268608 9513.876742702669 2849.4712486245426 -8548.402029082805 -7607.703547366289 -3510.8693837643505 5098.193223242295 6622.643215114556 323.11387418413324 3327.9814417761736
-517.5738056103582 -4698.6154911524645 1143.548266259777 1243.1973903103171 7687.126576553877 -1947.81026951669 -533.29571395323 5786.820891464366 -1959.374852259115 -2632.8021014803608 -6638.1960625170705 9427.996876949841 9989.677828346885 8347.53278227333 -2788.4830974750075 -8199.778752957534 -2895.760195089443 248.96748489523088 -5513.516977741763 7344.499336788609 -4666.180278382423 -4344.9743631472675 -4695.598839665256 1094.9239043102389 6638.543730450649 -5902.373912170662 2162.348718069401 7699.3551136463575 -9020.288762497561 9210.331220450164 906.0864927294915
6791.077310703022 -1753.1872873025695 5743.355468100477 6449.958924672275 8059.688957791488 -7055.658056930983 8655.587744269706 274.66749507157874 -1492.3307512337506 -9280.073283611206 6824.762599246733 9371.938318084984 8051.552637175828 5144.697222438086 6694.825353453754 -4211.348283268619 6210.345833736941 -7452.730386844723 2689.318375418048 7689.7203561965325 -1967.6800585517303 6445.5434842496325 -4953.469273486191 8006.700692005688 -9713.120259761 53.59469344025274 7512.730838604366 4846.941983266286 -2544.77204761328 9177.160943813102 -6035.5523038629835
471.48116996338103 7134.95412041161 -5964.813017610651 -8227.124523121234 -3265.005174202187 5886.478150236733 -530.5506481152297 -4030.1546363606185 2335.6514129234656 -408.69918222079104 5064.825677837111 -465.97340446461385 -2369.5368145400034 3105.372608393045 9070.08194278766 714.5942082093952 -9382.811496746242 7099.179522939248 -1117.8022057639755 -5363.4306547672295 -3843.0041970349985 3907.5796434348067 151.67021873178783 3967.479118466439 -1252.9821739312847 1363.1507107921643 -1188.56301416339 -2340.8136375083614 690.2069186597055 935.841891972972 -6312.426400271956
9370.69241415205 -5761.390177492416 -3939.86681425821 848.2123391841578 -7411.888793682407 -804.8225646311075 -3194.371177337008 -5331.8524973079875 -8745.649647288303 -2476.0117568478936 7883.269602975553 9491.78919609027 -7085.550364545436 -3491.314725021397 -8582.688739196503 -4390.909085761192 -410.7574459732332 -2268.912221674146 4581.414901087819 -1557.5115814494475 2423.4473373958463 -3702.6822327111404 2433.799770438918 8786.582123826342 -6828.569166145124 -2875.78733393941 8919.866404500659 6272.645075008579 179.01330229086852 -7605.868606072139 -9484.894254577655
3707.7721734383013 3691.6710500263416 -1719.2229376016985 9883.829656258229 -7304.632611433391 -8385.571580307223 4110.022498910535 4608.881575594862 -2874.6931590676295 5128.943853289382 -7203.087401548199 -7493.5578399005935 7894.783274276899 4048.6964057640325 -6036.422597514969 740.9963271027082 2995.5165821645533 9232.762851913976 -9398.103807486597 -8141.56692573526 -4748.700258765117 4363.574130354349 9678.71418864253 -3876.312739236403 -4291.981612877167 2487.55929483364 5367.464428217243 -3433.1184382119436 -1983.433253366442 1480.6455746555894 4710.912883129276
1252.1661845684976 -2839.6773028012976 9768.916247837402 6316.7180974948715 4328.573898385306 2606.628326097716 6050.090598570308 6121.74061080333 4136.752551949467 -9500.725669680936 -6022.768952124539 1306.1223643522044 -2132.970136621544 3063.2246455361164 -4055.2032578247845 -1859.2478260790003 -495.1792761575598 7939.911567852087 -1757.6248569186155 -1059.3273879380486 5496.925259699985 -9514.670867520068 -2701.207933910714 -4483.515437763299 -2977.718476541587 -851.8424355215939 2472.9758821974665 8315.618592891871 -9673.446296744296 -7036.367027321316 3358.4646584508846
-6980.645559092933 -2003.1311192231578 5258.568868459723 6209.275710954018 1170.3453268441972 -2971.833931317633 -6061.676342518022 -6544.380555136877 -5318.126355060457 5878.695647742314 9901.284355493066 4453.551375472347 1924.5738803779095 -2573.55198051568 -9415.585935276868 -452.38018908402773 -7998.5654532645385 1476.0577321124674 9239.463429482967 -7786.989141994027 -3103.348895274674 5318.796445292124 8446.644755301437 7443.243802244866 5780.361894769512 7197.025172655802 -9370.05793988953 5967.578232205662 -370.6734298135616 2268.2648804291093 -4211.509493704058
-6698.206600487549 -3553.039165309806 4438.791846636575 -6343.261166064653 -5361.1534633655265 2550.108581964194 -3312.5324102444156 -3254.660748507823 -2641.3356556226654 -2546.844528136642 4018.5290529756785 107.50220103606625 4778.716476191186 8184.520986771047 6322.475257875349 6563.411892760629 8262.877188949868 2511.8311631238284 1841.9378590148099 -4073.9155732617546 -9317.342264089468 5746.989946618805 4824.742523420515 2326.8596859276204 -6767.29006076845 -6645.381482684823 6673.913875050352 5207.391636395812 -4075.7481884310964 3926.4738233273565 -1771.3090656676686
-8785.086174436903 1442.6713664066738 7951.473366456194 -1354.5381430546659 5425.957453210529 -1734.5853673251404 4497.346658714321 1753.2240727390508 -2099.337588098997 -6791.175019831031 6566.537080795872 -4573.6396733042375 -6577.070790507957 614.0290667158224 -9791.026581811895 -8028.4280051474925 5087.4834611845745 2600.545024100662 5258.718002746013 241.81809075815727 9625.280930524412 2253.0063564341235 3299.0367032399718 8367.756953015687 -1187.1412100950565 4391.740629717022 706.6388698106184 8677.964875891019 9896.260961636825 8119.414670067417 -1807.0081338734653
-4536.139188039015 3963.5096386565874 1427.2929839771023 4565.979112981426 -26.774266167825772 -9092.993268520297 -9640.97130113564 5078.012158089527 -9729.119330256357 9215.30877702609 251.83147469332107 -6753.090033721094 -6443.312339467715 3114.0490453569873 370.6965760841704 -7431.758500057508 2313.5453681510826 -2959.6952981533022 -6264.951122925359 707.3948413021735 1405.3866377183822 8794.776738724297 8668.181095971064 -6217.9935608084215 -63.32380556459975 8947.546136510657 -3453.931767486476 6749.054523672501 -6201.854548047406 5194.527933877176 1547.9234917208905
1812.9922254561188 2403.576625928992 -551.4883263965439 -4206.6566346437485 457.87970009860146 4020.862137305505 -7474.811381208228 -4843.021485863368 2878.114494606054 -2811.348448174005 -861.4822987445787 4782.46814731093 5983.361303935206 -5487.269014033905 -9994.229885136638 1380.6858681416143 -8406.859446998269 -1771.0453920202144 2020.5279832633241 -6705.291302350811 5173.114509157094 -7271.949670062072 -4704.377689965285 3600.609392955872 3451.8967906614107 -8604.462521116702 -8572.89232555055 9761.083201254663 -911.4896709295135 -6614.894454416068 2268.3841579218497
-2234.6862610608523 -495.0103800845063 -6754.559144185489 3920.3949057031823 -9597.276314532552 -8603.013431709418 4266.285525179746 5578.180351569623 -5908.230896398054 842.8512415610476 524.7948628970298 -8144.054164186434 6883.571547953972 -9028.675594666453 -8041.367114855205 5179.83001360954 6355.275252617197 -8707.588352155479 3864.0555093659605 -4485.490077706151 8618.895503632622 5034.817808305519 -71.50501131200508 -9519.77311719155 -9322.015882121535 -732.7707190937599 1446.0151293013987 -2703.8794695762826 -141.78550559297219 8489.626601557138 6016.038952458221
-3028.439316360769 -9361.56521243953 780.1771668657038 -2050.355230377365 -8777.596207853117 7740.9875680840705 5942.108247469338 -5790.249270976782 -6813.972979237546 5504.412227458244 406.7911579545471 7406.255339981286 6825.134143272739 -4058.3308745995646 -2026.643568430677 6019.762871698444 6905.489296286134 1461.4867674981924 -282.3383465335901 4889.179259730054 9075.338187093159 -2843.3214202244317 -8332.483345465196 9581.683692632323 -5849.119467931838 -4120.51820585134 -1854.1922426803058 -9411.169871151538 8549.762964392052 -8265.714224789384 4750.187938389261
792.1241563379826 -8568.326455543014 -3623.844619306369 8277.418517439099 -5404.701204822193 -7502.988376839306 3828.1342547543754 1216.2323769700633 3466.1185599154924 5781.216679841644 -2510.028972387381 5356.579871347954 -8049.268785484407 -406.64846137046516 -4620.566999202411 449.0443546201277 2674.7366047356463 -5729.607666954957 6920.419143550163 7780.671588646575 -4847.862792510773 5315.267746773485 8345.142482653653 8697.351043420036 -9892.145490703486 -1674.8865640579806 8262.46827956759 3251.130557534798 -408.790877319856 -2776.9282508441793 -6884.933587462167
2075.5637192193935 2742.5303905598303 9780.856990204578 -6568.566321394172 -6939.970021018613 -5669.862610365062 18.596109696669373 4216.547421577297 1608.5052644002462 -5727.637792794191 6134.594196045253 -4856.247944596464 2384.861479706091 7170.90939076191 -688.9202898276126 700.2211777835728 8351.383662045031 -5500.571864406532 8518.262292330306 -2619.680105426929 7506.093585799987 -3625.2061378603066 -5742.873031441034 3074.7643879280477 7162.934150097251 -1994.8460373591552 -5276.6358231327185 -4832.29655870965 -4803.670995494876 -6682.543040266382 3415.6193026298715
5094.503274785016 -2272.8102991591295 -9235.050660394585 -3054.090245124865 -6727.655590640884 -3136.681303284079 7664.873342281007 8662.649580846657 4402.128604118945 -621.3626508542511 1346.2453440938043 -9917.663039565452 1681.4257609972901 -7073.7109764049455 8027.445891855714 -560.3692049040801 4913.578059905869 -1955.0283773683595 1377.909059595715 -6397.6709370549 -6138.346908322558 7235.34234780517 -9282.010514736463 -661.3522279267745 6178.922043261589 3532.2848695254324 -9347.214279962365 -3501.5403129008328 -1287.7013385088303 2214.101257106451 -5956.607772566947
-7850.746172140372 9095.058423147435 -8099.18915129493 2598.4916497310314 -9885.898339070904 -3996.198246515568 7087.352075406023 1028.8236710380534 -301.21666424666364 -8501.746293714088 -4368.100751362825 8349.506111616258 -40.99425813283415 799.2428396010382 -6106.303370730077 -8929.419370519907 -9132.817555999014 -5481.252204917652 1951.9891627137058 7580.370948584325 2469.706640650078 -5030.546786835617 6671.461826106664 5559.122557379589 -664.5483702590882 8302.086709938787 5811.497204704614 -711.8749682807193 6571.856794919899 -7472.446941364084 6906.519353472035
2024.2325953749641 5274.255388021711 4135.627419222863 8938.74664653356 -2087.759567650538 -6939.7724248751765 6523.857840326982 6541.2673294872075 -2519.771987325872 7504.20558073045 -7023.869399017725 9478.108941627142 8370.977308157217 6486.982575001704 -5759.520417276458 -2335.2657747450194 1566.5939720075912 -794.7902835942969 -3005.298301906896 -593.8018858263877 4948.446085629876 -9001.514412520375 4438.962790384632 7765.63668268187 -1695.9838219930007 -6769.945685637215 6422.802253970094 6196.962891395313 -8672.209937995294 -3526.816063399885 2096.96176286616
-8143.614947609932 6017.299508566559 8560.381752783684 -205.92495662137298 8597.047371600052 -8136.663282673111 6225.061469678078 9443.437480525576 -4973.905644209946 691.8640228415443 -944.5573524934389 9821.23835493685 -437.1994930232722 1518.1263988643404 2328.4563994501077 3134.505269162146 -3602.066253289413 -8249.737675819151 5084.837653849872 -5540.867237674834 5511.475318449251 8615.330879834582 -4655.696916030259 -2227.915291358957 3294.860165494787 6969.853881878353 -7525.76239569708 -3576.9392371447757 -2654.765203629423 -5761.991727968456 -2091.8422748828516
9681.807050910294 -8733.648020615521 -3625.6692469078434 -9278.149192455414 -8348.25253461125 2975.660275297674 1206.666483828907 -105.07154585410353 -9111.910467691772 -1352.452724323337 -4435.987576970358 -8514.594415943515 1329.0512728281738 1547.4840684973187 -2033.7165648798018 -364.78534835589744 -6962.25286115651 8101.759675445443 1498.9547662304685 -3518.5205994560347 787.001627343081 815.1658101647354 -579.5811581120888 -3434.400329760443 662.2946575599653 -1663.7525998079109 -3560.5405856061425 -3363.2068508333377 8144.74072040086 2192.9554949859084 4470.41194578031
2187.084465007365 8914.196799723002 7410.745820228338 -2443.9164957729217 7957.516141923454 4951.78270354109 -3277.169442111889 -7817.247384340247 4065.941321573482 -5653.58759661917 -4417.700000626878 -5856.488581304875 -7453.046490019331 -486.32792856445485 -1175.890809266597 756.4098591949405 -4728.3293838565 -7970.934795781645 -5894.81559708845 -8290.31846001835 663.572713059506 -3385.295166506039 -9618.608129149343 -7749.097261563223 -1609.487556887454 449.1293882074551 9864.717545527958 5728.684119256801 6509.18399614923 -4081.0416279561705 -8801.493884663869
5662.555843229706 5593.294223460374 -8978.086016445794 7340.17777891906 -9441.308897456702 -9709.331902298178 3048.6306151234585 -4624.851591409116 6946.681901251613 -1943.2592613507713 -9960.538068650994 -384.0662602047523 2321.9041193778176 -1665.1644930139446 4081.664653150785 -6588.448532199336 4513.99278219989 4671.976734526015 485.9211412249497 -6357.88093409112 650.3735310058619 8619.06468576162 4634.782407954346 -7417.2835919053905 -9239.352371855912 2253.9417669458526 -8640.529882571143 -9597.942917314836 -5765.244143259713 8045.608760020765 -6159.866057494652
1018.861076441377 1777.8100629913642 7321.104804490911 -2004.620383291036 -5706.820476376062 -2229.9963597629376 -4151.957314356525 -160.95895076496708 9240.243137557358 -793.4762138636725 9068.691209549408 -1838.1588744129403 1751.868628820861 3766.215747314005 8898.072127065021 -3691.2433273203396 4577.980236508753 1102.5846334979015 325.1008318676013 -703.6883652039978 -920.6553440290008 -1010.3550653831862 2772.044393185908 -9352.712064099209 -4039.402899384181 -1533.2150398125304 2851.753555566949 -2589.98881271377 8544.487808456153 -7406.737337947964 4560.557765145784
3958.864829693828 -9830.460211684715 -881.6681329692638 9305.22940692451 8933.279813856254 -8131.966461444032 9467.939535363483 7312.079141621656 -1577.7673595767865 -7667.00138780039 3210.8004949786646 -7512.184282500784 930.8164419613659 9786.566214573948 -6981.115585609474 2043.6821152077973 -8919.648808198544 -5773.67638490732 1897.1836097198575 -1166.1812700818718 3035.7080704779764 1727.2781650485558 -2594.9260834068436 -6972.330150125112 -3094.455980627089 -5615.539346801057 6972.686326343963 -3862.8290984105115 -4420.389315056445 5056.885632882073 -4490.7278056700625
-7037.704853535552 3543.556682379909 2677.1022849595047 5776.504611535092 -7379.129796513997 2498.9521797699163 -6324.974653025357 -7598.2589402241365 1852.5351796310097 5790.91493058197 2498.4351806030154 -992.4952145341376 -4452.742837427608 346.70355747935355 931.6014915423602 85.98394676748285 -6676.814178511067 1828.619583383148 9969.417293181214 -464.29069354499916 4959.912331409936 -7765.7409662344735 5937.868154478529 -3839.9087134302426 -5591.778530824234 -3707.8538779736173 -9810.228892194156 -980.3270971511283 7033.708889269652 6035.930242210465 7262.75291882344
6819.101414555014 8039.237881792011 -54.353949070609815 -7507.990027867612 -6749.943060847856 0.8658612379731494 7409.9121355718235 9105.520437133771 9170.738678800244 4579.599024600331 -9384.388053800345 -8544.221839629212 -4605.863489190278 -9611.174142264794 -426.5416426524989 -1200.1347816402067 7235.607500719012 -9893.386538539098 8691.25843664072 -9534.851937724787 -4353.434962217373 9370.833052418722 -1525.7897862364025 7136.34088352953 -2576.8984335587893 5410.648681476892 -284.9104513287657 -7079.78257785952 4290.941720519213 82.9629824535532 -1305.921287372421
-8643.150444157189 5242.260383431792 -5141.507388844515 -5050.874143867639 -9126.691591816727 2053.436873429091 -351.36006257151166 7276.694833574726 -2896.9143935995326 -1883.8094784008326 -2942.385529956977 7822.450109616882 -7198.259223380998 622.2896112340877 3056.59007505467 -9243.850500776212 -8436.55101166966 6862.284823039121 -6482.7289696840635 3918.4441960748063 3596.639919817704 -3934.981980738703 254.05409279577907 -2668.6084139424147 -1296.444823672844 6766.790461668923 923.0012892795658 -2357.058328316797 9025.732074452553 6191.990704477683 -5061.923249176574
-6969.60176533288 -2420.73211597698 7959.276958038623 -3921.5503322822506 5836.795164201385 -5613.148898083114 -5670.411410006442 12.243044238990478 7917.827778320767 9095.803948820212 -8386.749255674375 -4935.604870911343 -7953.66695002939 -6911.71473669791 3062.3404556718215 1446.7491717688845 -8567.104993071955 -5090.197207225018 -3525.054079165632 -2295.401574766567 -8511.081541714357 2108.1976185521034 -713.9649696089054 -3409.104305271362 -1232.4886694659344 1252.6588695812643 3955.0743497078493 -6815.887054327827 -3816.1947554166045 -4083.326483798255 9694.454568508503
768.744868264368 4867.028600836718 -5589.221499926658 261.900947463595 4522.983543298313 7816.222338218136 -1255.8259644168338 -4397.348684487043 6787.813415450884 -2897.951565378754 5248.717023684452 7754.649942281114 -4611.316712738733 8398.306939419093 -7591.723568285859 5828.414369342343 -1484.4884615662577 -6652.842329661073 9425.647478532246 -7097.580697012795 3305.5581479889133 -2382.798428942443 9073.619176416585 1050.5502365427874 5117.017360685935 9468.38465729156 -216.05487872249068 1429.152469903518 1575.2225791028595 4851.503153174983 -6336.00111229583
1444.5312133990428 -2139.9379296868347 1411.9022089617993 9340.26527684438 -3460.9254282506054 2077.616956712336 -1628.157794230896 -5325.419146689936 -7632.328933789035 297.52241977992526 -1956.0919825126912 -5844.855460228393 -4145.938191629803 -8846.044247987293 1997.243213614678 -92.60564307152345 -5279.217602831381 3098.527840529483 -4612.9165964509 3084.5693365045954 4914.6960456702145 7675.70794615422 5277.454754898481 4374.53531962132 7957.718586813382 -9003.015485270158 545.8234322900662 -5.597343195080612 -3084.2899055342923 5938.59031016824 2045.165723348071
8162.712585050696 1725.6115669179635 -7526.233666662987 8024.514561978558 -1663.3902335458915 -6607.461036681024 9478.150922240693 -3939.7747068647004 470.3539795414399 6167.594072859238 -5059.798973537135 -8429.612981760944 444.40084665476024 2932.2614880691563 -9585.98408554339 8465.455375452286 -4580.946184942581 -8812.20003014305 -8616.585453084776 9102.601984951896 -9416.514391044224 4191.525918397405 3780.222612885671 -6666.500924944754 5087.77884533508 -1443.2063683661745 4796.564840133122 7950.559929679588 9079.930917776237 6936.139295696976 1093.7480952288279
4850.613807917423 -994.7420814822053 -2738.9910964318824 -808.0279094249745 -4255.016291494147 9784.762173854902 -5633.30646432695 3270.036311179274 -7286.841525395124 -772.8842100939964 -4441.176612815716 -4482.645687767994 8230.05198343967 5857.6436024373415 -5905.016224341264 8900.555095019663 -2211.61527217016 -332.6802459290175 -301.6526049928052 9203.66085116575 8890.750569295815 -6414.956855528004 -8937.319228986087 -3716.977215786017 -2472.043173304257 2134.51763926682 4945.049618227142 -9172.654652221781 -4332.411531063074 -6510.812156657939 5157.796823309167
-2208.7190134843613 -1249.4840170832158 -2225.1129407764083 -2858.1082093234136 6171.795075591817 2620.3915168871154 -4005.985623966666 -9039.91020358005 -2852.763177881894 5225.983093043053 -6659.5346067697465 -1394.3722465081264 1372.4991254959023 5970.481284154954 -7872.69793837688 3089.0520436132992 4431.8316904072235 1590.3118771214668 1513.7485791930922 3783.219139426792 -1289.8204225792488 6342.859641076633 9474.20294737893 7804.484877317955 -165.446169211069 -8811.144779420174 -6863.006358043344 -2845.2325572136015 2370.6664768585924 9626.085756250774 5725.112439401048
9170.755479647421 -1922.479118419038 -4746.325339068491 -5534.928482871257 -3717.883219249634 1090.0982114329508 -6937.513097244688 2149.702150933608 -8306.214950827942 -7077.772620902422 -9925.044791476419 -8378.12744564578 -5207.610048426665 2650.812482641697 -8702.118005041888 -9593.863979593072 -4511.517547061463 -6501.0377264574545 7890.50425083411 -6000.036839061198 -1765.7651475287676 3840.843233186368 4093.6703689654023 -7434.147367411517 5320.750299327352 3485.9205290589125 -1221.8970252221789 3935.1803566237904 -6158.563117569393 5533.197935313134 -3374.686515313896
-3977.034554802608 7280.275872274789 2760.9661059548234 241.14788457287432 8417.385826551468 6627.2191265408765 9163.60877051521 -737.1594401881339 -8746.58830638534 1397.351700636309 -8722.546554446435 -4317.8545462240245 -7945.1190902000635 8314.98811210785 5518.201468024641 -3767.331806476015 -698.6098152526556 -3273.848690570445 -4748.829543380597 -1181.727272846747 338.1397548649893 -7648.572773644746 4853.275015124795 -9119.914793822565 -1905.3005104035246 8372.294395772089 2669.0371416586786 -8523.4509729757 4867.824410515075 709.83106882436 -479.80252688769906
-7823.696394649558 -1910.5267253505235 -1372.0418912247915 -7336.489906331285 -3873.730141294085 -6906.143203210757 8186.116914906739 2757.1386936947383 -6880.066137705978 1815.7366546860976 -3518.881206779527 4599.128624617651 -6906.5507091872005 2130.2520642767413 -477.16748446620477 9191.534763277217 -7226.179252652271 -5470.411117638933 3085.6755516964477 -7875.511758142104 -2325.9860473236004 6573.091888718049 -4384.333195780923 -5869.866113519406 -8749.617240963464 -3415.133071227552 -6716.203617700336 1506.435811361307 2903.537053415168 -639.982585459431 7986.977021016191
6668.380335009519 -4536.894188731564 -5141.97241539079 4483.348614439379 -6674.923307494444 -566.8750159680876 9187.202987818539 5420.621041415563 -7097.215479189837 -4109.178208215729 8102.996760507118 3328.4211072918697 2831.2707143699063 1660.4902263253553 9870.816264534242 -376.13614184586186 -5524.313039214988 3941.5576752895577 -2405.4838586903334 1339.196107969272 6081.356858308038 3099.20583858345 9053.109161700173 -3233.5712224020426 552.8960161433079 1379.524184160493 -5723.9154395564865 5764.470653053564 -5829.189249572919 409.247998812285 430.4218553006431
7534.6078480086835 -6688.131470514125 -8498.763893073767 8892.091826904678 -3883.798520460562 1245.692979058089 -7786.426796088943 6798.851771972459 9549.527056949064 2415.100886866472 6139.769693151824 6394.634050267421 -6210.725117536062 4849.9806112031365 791.2444102126265 9121.71418954447 4646.73452667241 -9091.276827853955 -3804.8341519360674 9555.889298245707 -4560.957511533865 5516.785789009595 9575.571137601779 -3515.6914800235754 9558.094561398626 1688.0610996461746 -268.1044545030818 -9404.649333922122 3511.0727796072915 -7930.948481243007 1802.5306734977803
8287.581286212768 -8956.688130086808 -3856.381176409629 -9236.5137340537 2810.856671765565 -4715.979038594131 5230.542579884488 -5185.692961440897 -3864.63717560074 -6458.273905325888 -2377.902333266753 7942.720398073685 -4451.140374652136 -6156.958621658459 8955.176049385725 -565.6083323815219 -9183.222703002039 -9677.183617328095 1497.5247048561487 -3167.9332495374783 -4023.6265090900215 -9304.994989286415 6075.396080044473 -7467.742934029909 -7443.23589381461 6923.777333375245 -9832.202380677185 -6953.76097685292 -3254.8755555708085 -9813.81482529589 -9004.125942462775
-1630.295308854582 3409.536135084607 3122.11280724485 806.114454399818 -551.0266523707887 -7977.182761725099 -3879.902563647235 505.1289751772292 5205.799054045645 7340.568733915614 -5480.996005792984 7607.978522943406 -756.1704130179915 -5635.809687339195 3288.4940732417326 1391.4404448141686 -5855.233865532885 2735.914416130221 8363.66735972352 173.7471983012838 2098.7935480198576 1844.9202075642097 879.7805280889388 4717.46567650637 -8792.42897783565 4990.387063998607 3041.151240786885 -4021.4428211056165 -3063.6712034751445 3739.9720745373197 9359.805206909907
-4096.285601652183 -8052.291794870336 -3784.4972690528402 4266.052919311676 -5194.095509317369 -3275.170418089261 -2624.0471967373915 -3950.8751929158325 -2172.711936940337 -859.9261303537296 9527.022378099136 6454.626252085345 -1662.3303921540828 1483.2582176581745 -2752.7956855526827 673.9647766660055 -5709.537552782999 1978.4065931130226 322.63419573676765 -6631.843974726008 2307.6868166907807 4235.160834547491 -7333.243991339895 -6990.0407480081885 -6851.973614804143 3408.309758128231 7234.5421444756175 1177.7712606606783 2664.781581281708 7449.449106052012 -3223.2510343661434
1508.7548690340482 -8504.635849342942 5685.2648513308795 2733.855950097706 -2011.2493361674315 8458.50621526393 -151.75425241577977 -2807.5659740910687 3094.756010794965 1898.6040828156765 -5421.8825885365395 1729.2495736191631 -5371.384187722235 -7704.141463442782 -9426.444492923454 -8391.357457183703 1353.9878085805685 -9472.253279461056 9973.116531365093 -7616.919186444482 -6098.650234331964 1052.5949943944506 3143.711501798978 -8758.03049040355 -889.6315317678545 1081.937680935851 -9445.391552169463 4255.522029932161 1345.0812668325834 -6766.024497623648 6015.952437435537
5019.001314016039 5655.681221641633 -50.024112492246786 5986.693787295459 1354.7291993435392 5091.425243386009 6334.425102609965 4920.9776410423565 -8587.288122840524 -1682.6047660594832 -1888.8371200428674 -8447.537265270923 1598.3867239379688 -9092.09243762265 -7738.295818786205 74.38452340167169 3780.370073463033 4671.338430564318 -3946.581997242458 7688.31686939696 -6163.877178790788 3869.4390963562855 -669.9923927083546 -788.8001897830381 -600.2295450451347 8758.179210606839 -5711.573475107776 -9027.06092044708 -3250.385188810843 -2307.5939984808037 -3595.142550666368
1 31
7191.900965739751 1198.0100701599913 -1863.6142336671146 1771.3325274332328 6319.463371656966 -1627.5238236328823 -3614.5620119414625 -6496.286719370106 147.709667749863 -6550.342181452645 9245.012701417476 3184.2931999755638 9783.328229092644 4905.6704135304135 5373.796857940319 5904.26963027276 195.1651940476513 966.7520036710557 2305.59176322834 8368.031683319161 -9480.492128185844 6181.466726452316 3204.433719524828 6071.254305167557 -2221.1325495296587 -1447.783103200356 -657.4083733557254 8936.039237731176 -7568.379267374421 -1090.8186579196063 -5787.16645224052
