17 34
9888.890117132662 4093.211539330783 -8018.25457683951 2556.7882694571745 5980.090022010765 529.4248047489527 -8151.512763774837 8386.003002990925 -4179.641905666349 867.464412761381 5760.090003855637 3420.8405423828644 2807.762605599806 -2352.0659121182152 -990.4527083537014 -984.0043152573071 2343.0496113303725 -4007.0717254953015 4502.087334615477 5122.128048329783 5198.657505182022 -6920.402952802285 -7473.812945234064 1663.133486212735 3536.249422023273 8056.442351435569 2065.769417888503 -3238.2443485519925 8998.123905455326 -8754.479167810932 2061.8699953448413 3276.9905503011596 395.4754665999699 1082.0553086136115
-5706.550089894476 2288.271111751992 4109.176708582974 -954.0261671673015 -1357.1269872598095 -6836.2991081535565 -3889.0444067183535 -668.1773333904694 -1238.2748959922792 1646.599852330366 -3061.243469457806 885.2628233524265 -1547.184179780843 -7103.891773618041 -5098.672350051332 -8627.03229885587 2757.5081932433786 8852.840174766498 -3815.133520776777 1848.6967903675486 4755.643138979867 -8822.77080750408 -2281.2041705779775 -1264.306289208871 3071.1764600427596 -3256.5071080037587 -6366.429979703458 7162.166351911197 -6492.576596019386 7516.331150918657 -9199.21543087774 -5299.095424151033 1046.7591279989192 -699.8510581689352
5203.46660842655 3366.8134203743866 3169.700522908326 1327.0875185095792 -8979.414610353375 7334.172033625851 5929.587658222277 -9718.18071531097 -5140.3252016900615 4141.82671589488 1507.4804888053986 7079.56360441415 -3748.3319353749757 -9720.900997152763 -753.5869921450139 -7691.021248810712 -3211.273225881977 -8096.866788629444 8469.847492450557 8726.585177576926 -624.2498848030627 8705.934281348415 6947.067254946996 -9566.643107857462 222.6321748129085 -2343.1179759400147 9629.763723630174 7335.798475259682 -5140.379392271022 1241.912088831974 6114.637963710877 899.2049810100489 -3634.0005250802524 8544.442153687007
-1659.3029538232786 -1299.6206610479803 5537.008717055898 -5971.219499142733 789.2470294218328 203.69944678098727 2156.6488413776715 6386.015321365343 -6120.01727919687 3681.142501946948 -2013.4195220710071 2335.8340572225716 3292.3926216389264 -3320.8006943392675 2022.0541747191874 9003.531032550836 -4852.403802841243 -2414.514358315414 8094.830931125358 1169.4966779378774 -3414.2495147872796 6936.537281095792 3304.9736313276408 3219.2472083142893 4603.844471308354 -4115.890400919678 -6940.653758211143 3336.5429668109937 2399.0541578845023 135.94656949392265 6434.104978844418 -4924.873272065717 -310.3793425006461 -3459.628748908188
-7032.6409907942725 4626.377567346313 -9796.486810825932 -1186.1517280938297 5353.149617834559 1183.9059330664222 9130.276132384439 350.45848800425665 -7143.888902846232 -5126.477168210752 -5403.538387520223 1908.3215158749463 1965.3329780841013 5253.486202547245 6371.126757163531 -9793.17474016332 8402.454991867984 6732.289750697237 -4820.107023730369 935.2876705281051 9467.943965850456 3544.1879085525325 -6745.156835769092 6976.213258270451 4785.5919891752965 -7249.747433925147 4872.916404010455 613.9081329710953 9973.931901925149 6223.061091796522 6832.654154317155 3070.4794726585096 -7225.01274260044 5701.559446880283
-9223.880335010137 -5172.575829645712 4793.630521351437 -8820.05636527754 -7036.7306189352 -1871.4402541416493 -8778.910179344883 2042.643638381198 7138.665638288749 -2887.8870811718916 1319.1093954257067 -2718.682492551605 -7951.889139459707 4855.653259682604 356.59190083769863 -9480.609504560183 9854.995494811534 -1644.9908978832536 -9541.987810617036 3267.9958661078163 2518.275435868107 5750.948051641566 -8559.017587799528 -9659.060234870163 2175.0318522234265 2195.3534357624594 445.7235240442151 8194.206847665399 -2041.05662908046 7668.127859562595 922.2375210589526 -7408.690813897339 -226.93984273413116 2393.540207219203
-5216.295623646161 -535.753381492199 8161.713088842949 8401.33039684259 -1405.2432558489 -1107.8642574292771 7876.785532540045 7844.27575804009 -5408.025486228196 -6854.726130748097 -2284.2173285120325 -2134.0856934047506 -5138.948446399841 -8122.430207246163 -1951.1108763800958 -7564.929570170165 -8965.904618742088 -4367.4828028932325 1767.6306454496298 -8110.0311197140745 6995.067769824964 5041.4422017713405 2542.795637175288 -4009.5094803014963 -4186.026097910214 8602.702163098507 -1484.98762347935 4358.038733732281 -7007.466347423366 4222.133708224957 238.31000738184775 5524.407270207674 4228.518456318727 7753.727590532195
6234.747649905832 -9938.976121622412 -8055.907565653122 -8046.6308288608125 -6691.611405600777 -3355.05667731173 8643.48214851179 2904.333811435172 -9014.596109104587 -263.82514616689696 -1626.4527333787337 -6367.436003171448 -4504.191860364804 -1035.1750696180825 -1604.7380436218718 7446.195013919449 -8513.33190275177 -227.39388850067917 -9530.925965001801 8269.158170404997 -1827.768782756756 -3770.2649735656287 -5987.902287167965 4033.936846008386 -3578.6711371095016 9619.974976598947 1893.0594994692237 -9225.748303634675 -9356.5625276434 6534.271911617274 1453.1203714371368 2816.962218350136 3602.6043432155275 -6901.062039403798
1282.3023604690898 1177.1682692713293 -1103.7641097213782 -3823.4549150214643 -2705.793643193373 -6036.941905753696 4433.42541534456 -2767.469046542421 6018.87136076852 319.4842298177209 -1616.5817111103079 -9621.64153805747 4265.432725053328 8382.0494437587 9060.385573510324 -7637.883253743876 -3160.789112796673 9626.025231223528 5259.922807061876 3764.0264984737405 -4252.550730211359 -4124.36799839512 2508.50743514452 1487.8966049037226 -642.1999317215832 742.2297251934324 -2224.7693101353616 -3499.8576763170995 -5869.250692781838 8741.003463452751 -220.81592488000024 6137.395751881137 3963.4168075484886 6208.255066037851
6462.334196158277 9671.123208384499 -3965.354228715434 -9956.54124890733 -2994.874736893232 -6835.480118144382 5113.496276371683 8028.975634942413 3553.891953876391 -9936.546138259397 8127.5953843880525 9818.487367798516 9040.522088436392 7462.103976471124 1195.8754059346302 5314.729632115497 -3492.6406831915083 7338.815916966949 -4478.961956544218 -7.319202977294481 -3280.8882088989485 -1992.464907803639 -109.76854683965212 -666.3570315719699 6626.7057526049975 -4488.133488802577 5.977755878566313 -4441.582293973558 9578.32273827164 741.98036055585 7342.947943331466 6135.744192278769 8012.487254999462 8410.544488417792
-8046.206890376855 7537.202625898615 -2856.318773064372 -980.8633426214546 2906.875490685943 -4529.823722518827 -5354.344973537462 9391.54990158317 -1611.9042021604928 -3816.298912728933 -7996.824511296283 9453.595711345763 4531.071532230637 4303.261866589735 4083.629505579256 8002.328562216222 738.6950318380095 -1660.0710953567414 -7358.701683153366 1337.5737325412192 -6718.299649796564 3231.299281260399 -2466.7702530326414 6796.099676153939 -2460.195131468401 2088.4693358418444 -1449.5483328474947 -1754.0838054366795 -8393.35900248277 -3661.828980832498 4121.125585602849 -5347.521006549358 9801.051315884954 -5333.629160224673
-3085.932880546742 -1210.9486072980762 3870.698543700624 5322.108375019012 3486.2710242310804 -5497.3396329136785 -81.0519637916077 5436.8397054394645 -3270.9508775216345 -1339.8250871729706 4495.696698127045 -2560.716398866516 -1123.5231039373066 6227.840037773678 -4273.850857059944 -6763.522204625112 7645.911633023574 1292.1080518080325 -6456.178818463512 -6056.828939394703 1966.2566684589638 5584.988356802656 6336.606915327837 59.622827393635816 -4550.274759096058 4779.294216254233 6634.282050502941 8734.136759965804 -8958.45466733135 -9959.92121786421 -1516.2529658873082 -4809.500320570956 9798.926666134521 6438.584464030664
-9579.611347260457 -106.05943867415954 -420.5443856335387 9186.161643721618 -8751.906309504187 5001.864260888151 -7496.133416002804 -8617.796481183828 -1916.988238892678 -5604.394027285369 -7249.716461015447 734.3326411305934 -8575.008042905924 9352.440413547352 7401.486307052834 7243.023040649852 835.1927769369922 2431.265536570514 -258.83829658166906 -6629.663386811318 2474.652582820865 7810.764565182439 726.8933850238463 -7909.68000275638 -9434.173047978846 -2375.716663924818 9523.742140945487 7530.878953301133 541.5534477388137 794.196595319012 -4542.9709998978615 -4451.219006936071 -6008.695665218371 7894.774482973538
5425.275182144287 9589.746605261407 -2715.7570223145267 -7485.079374986052 -2205.2217583038773 5699.288758755076 686.1433640492651 -3796.9144789064703 42.609857049877974 -3120.3182706625785 1750.5579143977684 6807.025490432625 2267.822100190793 6577.4986876834955 -7927.638271321378 5158.611550740914 8733.737006916432 -3462.4360769243267 259.30475711201507 3399.235483079141 3214.2469119898415 4366.744725721977 -2432.6205628531206 4042.4961078126835 8377.517439319661 4349.864732500744 6923.994229569766 9308.73229646486 417.1810440019599 2084.775775027816 -1281.8958572815081 9629.662996173927 2914.009416939696 4947.577171781575
-1637.7278841014231 2529.2844946583064 2227.660585093521 8604.363292127786 -5623.899725382178 9684.159240548976 -1915.5293800513991 -984.5161604145524 -3205.234086802311 -6337.5043158936805 1959.5389850183437 9768.976161654082 -9962.045848542826 -3705.5922500022807 -6686.445397508971 -3947.8643268069272 -3793.9118034727644 -2430.9810751914765 6273.905036489776 -1496.4684449453453 -6628.560191822521 4435.843262496681 7728.173445881341 9934.35683476174 -3924.885769178528 9425.586627825516 5739.801578843253 7831.454195607854 -7504.904462562656 -1685.3362024181151 3311.2199014723064 1653.442192704364 -7888.361793992988 -7749.701064469854
-4974.534952704579 -5132.649201929636 -2525.372190832487 -6174.956142808838 6385.898805575984 -6253.61517578972 6647.865805909849 -1782.3278969990934 3941.242495740631 3218.8367473805574 8538.12640634525 8685.229186113316 -1138.4369588391892 -5411.674329543656 4115.266529881943 8345.732395596428 5476.713708652225 390.2333297652567 -2125.6042566607293 826.2337529415036 8556.627050072264 -4557.712795036057 5088.546371354651 4623.935083420609 8908.542855686861 -8986.358518644834 -9480.476135895073 1561.2045564005966 1598.4944453614062 3846.4415894791746 1217.1312428343444 6990.840474441811 -2469.0932763935125 -6220.796143081356
-5654.184887112637 -1695.5071069182668 7855.265670004617 9453.773286516207 -796.1839639424779 6110.841047601241 -2845.1535202945324 5059.201768603016 -7557.546713202812 4894.355392386105 5274.6536743078195 5984.644500504801 8871.183147989726 -6505.832104024223 -1713.1307794590666 417.2195838283169 5975.658560687096 8095.202373622818 -8395.603559801244 7236.181165150148 3617.201079447126 2976.286849167782 -7698.844168905037 -5121.770734189595 7703.182548368342 -2427.354188016173 -6293.2022002474005 5003.861035946544 466.3777971950458 6554.405090822722 -6893.468233046194 -2079.841783325651 -720.4430192202199 -3197.6158468518333
1 34
3845.2339490258455 4512.951100486673 -8559.608642414732 -6064.526091885631 9269.894155937145 4477.881797073242 5900.403740119 6124.66328037725 2176.332770315472 7824.058942637588 -9182.401599396604 -3098.8068910453603 -8497.544519823088 -1698.6572007791656 9049.626668570338 -6493.680311010355 8427.968051769076 -8076.116551960977 7328.370789128643 -9730.617518342864 8757.645525403645 -3633.051881417746 5934.871540974176 -3831.5256783161076 8090.960015610879 3936.635822065973 -5957.693438694611 -7900.6089633932825 7239.891662638234 -1938.4678400248176 5414.365247512025 2566.4982846648327 7003.336518847664 -7914.829631441802
