21 27
6506.869100750522 -3384.416343416121 1274.1426663754974 6440.878808379974 7802.125764177465 -3096.8880175652603 4889.588016617277 -6818.155441793446 5933.237249024622 1523.7792755223072 8231.69125069281 -4843.520387387548 7791.19836111975 -566.761283536538 -9455.729466076144 -7132.736472262804 -7927.831461119188 -4503.552049521182 -1487.34766603754 134.03480872820546 6495.404720960694 803.773887070718 -3859.066241306741 2074.5638495098246 4130.664665795592 -4255.732713626971 3052.795039241866
-7311.482653661549 -1079.0092344391742 7471.012844482295 9019.349851077171 -5522.024059790973 -7362.198162226976 -8456.868844353596 -9056.008734260871 -6260.042779443493 5105.311228562943 6004.870169700456 2732.957497648542 -9080.597120008617 4353.411173945869 -75.43418011980248 7953.745097515599 -1816.7629935229716 458.4479775945292 9321.096604283553 -7713.041209635842 6143.389380432231 -2030.7370277927457 -3192.305091770615 -3329.844471095049 -9220.19645933411 -7792.408497084456 -1626.6256738734683
4921.853941776428 -1848.7249425244354 8700.546148609305 -5307.156083579458 4808.080466332982 -5760.363595301002 1383.9809213491262 1633.8694633618761 -2697.0060776522105 6982.553751748674 -3997.852759267166 -119.3590460233554 -3227.2411546759504 -6361.695886776988 2610.406614897318 1220.116283193669 -3960.4538625527175 7255.275555634937 -2763.838453555236 -333.9722586792268 5737.164832310338 3924.874996925655 -5658.0363504396455 -4608.001112080149 -6517.118506839559 3995.251343192969 5044.986845618665
-3612.1126191646135 -7631.892676176771 5810.628489985436 4450.106721308875 -6212.048820734144 855.7600289603834 -2422.917931803976 -7883.965454076453 5449.451855791198 710.3174443900116 8266.946652867548 5492.062128901802 139.6553519506433 7351.201774550405 -4507.825905015881 2717.0717702406637 9708.45416804143 1602.251652599447 -7736.87723037737 -5887.006369343648 1288.1562725644653 -1.7810146243027702 3978.6871369916917 -9236.8276454865 6863.579497878993 -8859.315355908533 -8652.217028403717
3020.1349983877917 597.2272671063129 3720.547373979931 4559.043069140174 -2764.491013516308 -8247.187464529236 -1036.1500040588853 4113.06960545571 3037.197048504124 3425.1993789715543 -2391.008797895227 -5338.757830994749 4330.283182743129 6272.759542082595 -8111.640008014589 -7374.6814535966005 2724.735461993305 -1330.3747793276525 9957.88105390812 4004.6806469616913 306.2201425931926 -2990.272628314201 9386.074337447117 -924.4438669921656 5358.897212827682 7242.390732755794 -7120.5852989373725
8708.480901983974 -4798.630133781614 3511.4997725120193 3964.835456288809 4500.252162035062 -3620.5029050909325 -8939.292570434915 -2568.137744447942 -3218.293545706274 -5660.87782788242 6589.069188699235 2672.9608362183335 5364.225630269846 6148.461428597995 2131.816679164005 5818.114858382358 -8512.70704484766 -9240.479869465113 8924.638986188042 -7282.836498317729 -6794.48015840538 -607.3592611682161 -4728.399365901126 -5207.052210665896 112.70868116117708 7827.828745164068 8292.331784340175
5264.7225913241855 8312.199380617862 1501.975830200241 3416.1776816823767 6416.841372599745 -5265.646114313036 9087.838084334602 4992.623633121113 -2808.5849853726195 -4227.319907474712 1787.8741015078376 2042.812942618555 -6524.990659065859 -5599.402388922019 9426.660939469515 -2101.8099532938495 -6485.299467019645 -7845.190974576992 -3033.7641475606288 -8785.26263911519 1909.4518892263768 -658.5346919715757 6162.788311132699 -5826.682124559415 -2538.685738117275 -8451.049320281929 3450.3390244046277
-7418.164029660014 -4073.032470162865 -7207.903077894731 6413.205667171158 -7124.398952235142 -51.7485806685163 -7281.174505851195 -9132.076518135977 6325.010899514125 1057.7128695105275 -6952.2308564327595 574.8555431901332 -1594.2493156176988 -8619.651094922898 -5504.061941615046 -4277.225345754583 -6199.621279637886 -6375.035950128306 7975.021675040709 -9693.091483768574 -3332.4606771485296 -2239.842788219861 -2156.176742872749 354.3561201569937 8207.325223302592 8701.087619782666 -3370.6303395011346
-2062.0490853743113 9334.896328638803 1036.8858863611968 13.56418971525818 -3532.9017246074445 9295.853649150125 4108.648207790187 4876.5093080375755 754.0555546791802 -2887.70320966292 7002.592389043457 -3104.6010192281483 -7655.186730831067 5942.821145760128 1698.4669577846926 9876.266795474374 -7824.62246443794 6441.0761799549 5042.401449772178 4841.903327591743 6736.171699415259 -6779.229643608129 -1315.488182486968 8658.070479952985 5259.081277620839 1701.959664434733 7626.132509558556
-2071.8923846129655 5346.115169730141 -5175.155141412793 -4656.55890062358 1296.8767009670173 9406.140661842324 7367.143942047369 7651.773186958206 4501.160099371644 5745.00473306859 6842.894623781569 -3465.863293789924 -430.99594716805586 -2184.2593566947535 -7857.792033859092 2310.335220945077 7162.911188061986 -8145.853727417875 9060.057388490215 720.0727327991372 4535.467997863556 -1359.519965879781 -9698.1195939581 -7952.993387539897 -850.0471428043074 -2681.872916200381 -3503.1879560722628
9956.65481821413 3845.1443909127083 -8294.7270679111 -3036.757258704175 6959.480219790908 5120.6757893879385 7792.959670006323 2609.2495595440887 8163.597461993155 -9027.960754467345 4106.68984308463 4388.053516027116 8762.853228882694 -8811.090187473475 -3346.3938607561986 -6576.234988567926 4691.569057910039 -4320.502959216607 6024.234199034692 -2892.171358328608 -5717.012234131497 -598.9357146836574 -4739.505568793164 -3477.869362502959 -9622.722656783362 -4279.167235384429 -4109.420662765222
2925.620228476877 187.0802133677189 -9.18896771448999 526.8274635034904 -2875.500088708327 9127.624344375152 1708.0664382791929 -1455.635333211032 4525.031420881303 2450.716629018785 6217.635894106968 -6287.8044570298625 -3984.939272754651 7188.327975925164 8058.1456795234735 5313.8427513592 7193.569076748179 -283.8921924135411 7078.443250892113 6544.678586018061 -3708.808745374392 -5997.020807222304 -4534.838230355323 -4312.086281538856 4131.337962873755 9319.333827080281 2825.360995840574
-8594.315210309076 3660.2622802242004 -3458.518552247425 -4896.480900586893 -9327.20982553088 5102.770324734289 -1483.1647547317225 5020.855919425787 9751.440821779881 3473.8337716963197 8031.8039338442395 5295.363082006539 9080.298047628832 425.54806365894547 -7144.919675772529 7434.922203852475 9172.116886252952 8148.910962296253 8429.22246110484 7289.212188485675 -4304.093382490908 -4177.867845107584 5286.748944987772 8423.201569355657 4400.431173253099 -1413.3362463287885 4666.088080127722
7692.7925777023665 5619.1289221637035 3888.081340487679 -6385.326258097459 -1240.1294520808497 6152.360847527556 -9453.91042901004 -901.3143943474515 1134.4026408321733 5090.585190470276 -1909.2280442709698 2312.9273231191673 -2751.7940170275424 -3560.193840628028 2176.997411873923 1675.7945954382194 -1015.0174080105498 4238.2852541895245 -2585.5652397134763 -8691.56377196582 -9742.575064571212 -3280.4241619836457 2510.69225968747 -1447.7340523761795 4666.319669481394 -9656.261955742815 9720.274857207474
-9256.286201902449 5699.490002364599 5203.817606011999 -7510.910584864514 -8452.897226467354 5708.030365287368 -8952.347434618046 -1234.4781742032847 2532.0940309956804 3073.30196160408 1952.2395558477456 -2071.298581488967 2233.186077943219 -4277.9730537715595 -6035.992817349192 -3277.719470241389 -2096.7896205640727 -6000.183441777232 -7797.264841864096 -6883.5564185992325 -6511.692316834934 885.9271259927409 7761.301249620839 2931.6863584730872 6775.992492960151 -8971.464251698482 9358.441420979416
6586.929918966172 -902.3153088106701 9237.503680324051 -2884.6183333109357 -8171.587622353151 9415.706852812924 -3739.6481656663673 1382.4247700591513 1350.9211896563866 -6061.31914186518 -3353.1285715472723 -4577.310024902253 -7755.682989531719 6550.48877442698 -3863.9164274917603 2320.2751125108953 -4422.911032167145 5730.6534110754765 1660.5590075625587 5147.725081178807 -4617.936936215661 -7425.043213692114 4486.854465738874 -7341.996868233498 7146.608424208924 4672.166756698989 7318.7222612658115
105.35512914140418 -4126.81319565646 -2988.453131720059 -7002.854761815244 -6611.796329113606 8843.085085134935 7654.56765733505 1117.4730126990416 -638.4655764101517 -6289.363454152685 1406.430414324548 -1398.5196900068586 7909.643857200681 -6664.270319959971 4404.674353202703 7649.9743259070965 7473.379782089101 -1144.8958428859332 -4428.740942162046 53.31608338861406 830.8882597857919 -2239.981544688818 -4430.675880153927 9727.407210355486 -516.6238594170318 8126.958956829767 -5218.157293018439
-8050.5093770512 -825.6653239557181 -5297.600100054229 -3727.6220670303273 3927.327530484832 -1035.3784361087728 -6721.562082251844 -1400.3336992381992 7503.653465354826 3198.3896545961434 -5368.2619225071985 -5428.455156866235 1081.9548433942018 -8353.763810300876 8799.17052586532 1338.6464537242518 -5624.992790400934 617.1110790714993 -5173.034671557639 684.7760298404246 -2707.0409112782336 5704.789955298715 6662.3370855675275 8875.671683426288 -9454.143473490396 -5843.069625163959 -4247.408663893024
-8322.068650411606 -3926.2544721765935 4575.257962586815 -1833.2396918654385 423.69538239640315 -5197.367551075656 -7982.639804144985 -6818.2227411002905 -3738.160060617626 9587.500747285038 -192.16790472449975 9214.931514912274 -1713.4888172856336 1716.2200952007825 1254.0953878135697 -6479.046042217289 1045.761191170779 -2918.302766506813 7792.516963259321 -7060.337848990592 3151.762414117964 4461.3673318981655 -5089.372004545092 -958.4013178005516 5475.657496247579 5718.271844047213 -1174.8855693554524
5624.9461351657355 1504.2545459128596 -3838.338605807774 -9179.757241770023 -9908.849721047784 -2591.604110576948 -2866.3182262060373 1447.2837707187791 -2529.146740139763 -7446.968871767838 7956.795697271526 4376.001007064395 -4273.488580927329 -1863.5173897572658 4125.6785629005135 6762.831046532217 4742.762795675415 2213.816900165888 7889.328751696907 3471.5581615363117 -8894.587441449074 -1105.2666726961597 6186.748984525575 -2714.279968102728 2386.2750314019904 2144.800713158931 -591.5242478791552
-6710.514256958871 3898.246049430587 2614.4074927000966 -6918.097109051127 2369.2724188486827 7855.1397749225835 -1062.775380835441 -7554.250094227644 7989.021194690275 -6834.5626933305375 4259.2493467565055 -9781.927722593207 -5943.72182453321 -1602.192835313981 -3989.249258817922 1733.525438273411 2809.8246712066975 -5214.251577822582 5301.616186213636 -2210.833587366985 1014.9738338276002 -7159.6651919337 8490.020957535726 9571.997451485571 6703.378439079708 -4772.840313668656 -8170.300629619858
1 44
-4206.251620484045 7612.076700144848 7906.385989690811 -1338.6887912522252 -7779.188594455233 6713.057576102106 7009.225990954237 -8393.820657336177 -5063.119237902336 3476.5882583622006 -2859.793434453988 8453.862337017588 2512.663270085688 -5010.902347969939 -3372.973005805684 -692.5977970850927 706.0345986852662 5755.7613369279115 -1003.0112701895177 -7603.0630085026305 612.4110071128034 1208.6445703135942 -4213.403965788069 -9221.63721083211 7022.3618580144175 -14.561945953097165 -161.41014335366708 -8048.824584918774 1003.9876994939696 4858.631234092663 9889.486622987883 -7883.367795944731 -2464.2653977311 -5644.927476874631 -8620.825856345027 -81.91348997687965 7848.466233875068 2087.8182899945896 -4243.432968110496 6559.453093210352 1637.410392293972 -9448.84750049182 4197.829850834869 -3007.3690481375916
