87 27
1200.9596706332795 -5292.000793506381 6678.690518454434 6684.758183829388 9283.340793419866 4845.58628057866 8076.607622934043 -2324.9468410044165 -5483.804524025118 8119.845704491585 -7030.879339486784 344.44322143022146 880.9430492052452 8871.631554666685 -8385.341213390784 -2466.2770672184515 -6741.018041619515 9338.565169829108 4925.390869530469 260.7140022286367 8844.126673985538 7644.221136223114 -7148.010837846897 -9270.203783809477 -4034.9631868128836 6512.845319084052 471.6076127812994
9939.215637049023 -8522.211911912138 -4757.132247407776 324.1707331002199 -4486.06433917333 6536.58807339138 -9401.707251768763 -8793.684339539412 6653.116045575698 3306.033120047714 5216.910558632508 -5955.740865977177 7993.170533891229 617.7350519133706 -2732.502859191506 5717.823328154434 2114.9431627004014 -4603.554471530571 4614.347928189731 -2638.7118086900837 8125.742428724552 -6828.618972150351 -3928.6027947484545 5031.885976584597 -9255.772964154721 -6699.38549437709 -9567.905724392145
3019.1884564443208 6209.561245831954 -3816.0500877380455 8435.883037260559 -4567.4696379133975 6587.366152674884 -4183.645779244403 -2.8980026868521236 -468.48130386088087 -8586.508429094985 8749.163359709994 6665.348981997482 -4336.728072010849 5874.48086275234 8695.480773066094 4978.158278646604 535.2258324918039 -1496.079706634122 1011.9027737793458 -713.7253121936519 9826.14187851936 3643.2633029601275 5092.244575918337 4678.914579619308 -1022.9317452270934 3105.59875841955 822.3570765355234
3245.717251937638 -321.639867304797 4305.041733332184 -4747.948961912422 -8677.348670243033 -3864.4794453616996 -2204.0433651886215 -3026.639911865658 1818.561354944146 -2483.1087300103545 -8206.959652284238 -8370.139348452405 -7834.102785026593 -9756.971750186367 -7678.352147038463 -5388.742405739102 -9854.87555000591 3268.4587949979123 7990.281589683775 -7688.5115364787835 -5393.820217663525 -1211.212205701806 3453.520363167543 3913.140339955735 -1841.2816453926607 6890.369995343513 -3242.040370654111
8067.708919671866 -2527.2513129902154 -4224.797515929761 -2228.2546324018786 4698.453549111609 -5287.089905600493 8453.655832069755 3612.5623575952322 8864.12590625259 186.96842090199243 5119.642995996681 -9525.56489385363 8278.021388423145 7401.2647631411855 -1268.2606838788543 -115.06384385280035 -1350.3663672475086 -903.5374555120779 8222.48099365081 8565.45620252718 1926.9644837507858 -1851.1470770045335 -9715.479083988015 -7737.758154854781 -7272.0578973908705 2716.9436754954604 8666.06336621967
-1454.8916423417631 -9679.926742214637 -4847.735066267142 -5470.442455028739 -844.5027249270697 -7540.877697266342 3809.346092755837 -7022.57973416194 -7563.936101863069 -8894.286125448032 2312.57697352546 9784.406833403937 1882.3077600725865 9882.35387444001 -8060.053457995802 -7524.278231072947 -3452.754711904693 4111.1217337633225 3685.0536120013985 -5340.829168463263 9906.88940505328 -2409.440378198351 -3133.4428558979034 -1888.5229431920661 -7194.834962258161 9127.378540514776 -9750.738848407307
-9640.551395629955 -8987.612838369494 4359.432836407144 5449.775657419925 -3436.0672457582077 12.031259213974408 8402.153836855261 4017.0177750828097 -3326.7400589003882 3905.8740200458305 -4926.879011534511 5302.669394339329 1483.910378309134 -9787.124743450835 -3721.6784600299734 5020.681087999534 2106.0885357465795 -1682.625616222762 9552.85126792495 1420.2867698040354 -7062.157862028629 9323.010477786836 -5953.617950777996 -7116.527021976526 7802.735430570403 -3311.2697436233548 9967.65371194925
-4847.6065672560935 -5428.832549721849 1222.701832836381 -7679.627306027374 6459.670490129814 -3908.4909618821557 -891.0564079082797 -8268.32170463051 -6371.635193296992 -9625.543291700751 -3784.1034495236127 -9920.33025178045 1732.4257169470275 -6260.786235428955 -7979.237248686184 9092.620873644835 -3995.193942100421 9983.588459773702 1123.4164798401816 8539.604398616972 5300.473452102266 3247.3970738412518 -5286.755155665015 1900.0733301632008 6628.2463860317985 -199.99556692014994 -6598.140523465303
-6670.4130033088795 -5637.566332956339 889.5075202938551 4917.299610200811 2966.0306939906113 3.4135178046162764 -2361.2952433468545 690.941238341602 -1772.4188376416805 -1642.2975285199464 -1249.0913377965862 -768.73128964036 2349.6368101687985 -8707.432372910218 -1289.7137964992853 8305.491744188403 7858.081763896793 9949.519686355477 -9757.940161115486 1357.84171557614 -7655.199010369957 5903.173296244069 6309.097463125781 4400.574891254 -3384.512906323911 9912.368744381121 -3483.665791594459
-5369.892963177647 2363.085926943553 -6437.627723380246 -3678.1010743874012 8816.704258647016 7512.973581918875 -4076.9303714038842 -7960.384085253338 3025.571043628348 9653.515218052351 -3238.1747687707475 312.8782569264986 4096.255481487497 1939.1997159517268 9876.930196946236 1970.8287971760965 -5612.314527804121 -184.0202796191079 3435.0048209674496 -7030.0034033274205 -1461.8759925018494 6494.93092908552 -1163.1512183395207 -9802.974495135757 -3507.0125230777458 4688.561828372518 2832.3491949785475
-9160.534828762286 1993.7105807051266 -5595.895169328255 2440.9996722296637 4492.1076398082005 -7766.57202526555 -5500.529835238077 6080.028392993139 -1178.0174007728565 1330.0745479737725 2565.1263396932754 2379.243948542873 4046.242775468947 -2377.6041955458686 4274.68346505758 6742.400805769725 -906.9086248842505 3335.751278082411 -7385.378811404619 -1099.6294627599036 -9879.146055410403 -9357.786849787224 -499.33002249924175 8545.56484203372 -2332.5923437399897 9503.988097555397 -9525.046344045031
-4822.371557684329 8323.379582636979 -5442.399514779626 562.1689122757143 2450.852471281609 3922.058067857115 8654.931919456314 -3743.8275407499978 -7597.184193840223 4952.199033317067 -7886.454544331749 -3858.273703884247 -9663.72840026775 8512.692511882582 -8032.877177487221 6112.799507276419 -6023.564061916684 -1981.1510932290212 -4973.720888158 5612.597977826303 -1150.65186483869 -1391.680581569286 -7868.291604636537 -671.71139066867 -9604.020287896477 5854.534365171205 1920.2964835124603
-1366.3511713966654 -2483.9237228745815 -1979.4299325944812 7066.061965383895 7205.718732898265 2877.6647243817497 -8268.340227423072 -1085.3875372304483 9620.372606582543 -869.1915803517641 -718.143049230086 -242.00350522899862 9795.861259288806 7184.1645793399475 2757.677587002163 4390.427273769807 5806.939281876177 -317.61537924944605 4714.575775521442 -1053.019223236639 7588.645818159439 7146.903833237517 -3626.493576206427 8387.676456450514 -4963.570433816145 9028.54398626302 -5806.708451844431
5110.695281699149 2450.809884677723 -395.0245326242639 -730.6552003410743 9890.288852365538 4132.162617216409 9277.4734131179 2863.483291094117 -2913.021926745074 45.44460154872104 6552.8546625450435 3581.5033922318325 -8291.505390586644 -3224.664448545509 1418.2418756838942 -1935.6775259679134 4178.791087827292 9771.34410260227 -3554.938153892306 5518.6560265837325 927.4515446214318 -8258.331746496111 -8952.425852517234 498.3867091092561 7861.14821415336 6862.315019164307 4346.539765176352
-9764.675917216722 799.8465750320793 -5683.979075192871 -4496.1331072783905 -4779.931380165179 -9867.074254807218 3515.6225548206294 2307.368029547688 -8193.786499677939 -5453.02559113573 -6763.4698249829 3284.162160971431 -1761.8066058863733 761.316493113005 -9906.729370667073 -5984.142317623205 -155.65250513115643 6643.893287971154 -8314.699485797839 1042.0299677024777 -2351.898469982383 -8931.803090185873 8434.942733061267 -5785.934748279425 6054.266291862246 -4735.51247937346 -3139.781558988544
-2285.6394815240574 -4401.260672695526 6524.918443474668 9073.04506976332 2796.837614648377 6178.645103488609 919.3622649923182 4516.417172296657 5522.011131511585 -171.17840850769244 -9091.003096012555 4714.913360919967 8207.57201946554 2543.4504537531375 -5746.74291429345 -9229.767134563404 -6403.027083567666 -1630.811384017783 2432.5248866151614 788.1938799786276 3727.903071574632 6949.683720628236 -628.0256292520644 3713.0482446369024 -8998.700397260498 -218.84362079131643 3967.6898155873278
-6632.054815828512 4493.668474647438 -5997.35472550061 -417.503471899121 -6133.19538589437 -6739.441022858036 7808.445699765922 -5763.166124365417 6758.055814872205 -8193.993754616351 -3989.46288576401 8139.043847328248 -1680.4520781389801 8476.307524479595 8986.715408452532 -748.4550978555508 560.8782208353332 -2589.607527181827 103.17791146346099 8315.51647416388 -1920.5715479599776 -8016.699651402153 -4196.55163119908 5078.602282520727 -3865.9228302119873 63.971639798315664 7761.454767321142
-5108.62149876707 5437.783787553066 -5803.1195677216265 8874.998059482492 -8356.99542643544 -8326.524467634263 -4527.739683658678 1682.3374208182613 -9838.017465694067 -5104.022935307562 1635.3163324285888 2235.2982447921295 -9568.34411338876 4690.412614415178 -6205.69528712634 9201.49378638361 -4146.751629040106 1022.72935842267 5133.654935745541 -4024.7447920588584 2788.4818021736082 2667.228594486307 3252.5065970558826 8082.057591007615 2565.833332329432 -4077.0539131253972 1105.0591163934878
-4812.135817190486 -8974.747646525379 6925.609618768667 8649.777958083836 -3863.360696446299 -948.7918268527665 3396.4128993440972 5060.516196241742 -874.0373089010081 -7150.473030016648 -9138.565794911572 -9320.078267899285 -9266.521539807403 5634.532813591162 -6193.41921658169 4467.5765461295505 1239.6860052269985 3152.2629949121656 -1411.4207104396864 240.3088927814315 -5318.910825442571 8198.426745650988 5215.276049618909 -6313.773725753437 7077.780567959635 173.1360219634662 1599.2911799694066
-537.9984005566366 2862.2419409216454 -9986.629209372211 -9589.701052217417 3079.970090092589 2698.911990727702 -9504.81238343288 -1708.7916827605895 6457.377507868332 4512.7521221886855 -9375.60926293662 2936.361956188566 -3461.795416080875 -3428.4649520124485 -772.0550317593861 842.9846161734295 -3055.9677499572426 -7198.607716451999 -426.3933196042599 4583.9200019782675 5125.23757320442 -9534.619789999007 2615.6233482615517 -4479.260811817103 5018.26946749241 9119.203938386861 -2273.8065238297804
-9796.927262826843 9969.57427391849 -3278.9937738020635 2187.547298974674 -5154.102840957373 7147.082936579798 1126.7905287613648 -419.2801766441171 703.2650897230396 5379.4362241859035 7772.502414780753 -6740.128878646365 4856.829902229949 -3100.826640893062 1273.7028021177503 -1939.167705365172 -3336.3029108020955 7519.986970073667 -6306.6082412141095 6275.984918564593 -3055.5111111627366 -7993.3131486765815 8631.472269114387 -6867.099657799691 -5850.652117032358 9830.856260366196 -5761.99055087748
-2547.1684132289065 -3685.842540992646 281.2224449378373 7685.292294165327 3337.2587876411817 -5078.287216824766 -5540.114554590465 -6055.788063380858 -4245.537567516802 5987.81539403376 6380.103847390386 1694.186824655295 8642.443316490542 9099.154359597025 7089.125767309859 -9652.888931198917 -5180.843414523229 5169.484941094053 -1999.0902219177633 8079.597893299546 3518.092211147765 -9227.59938443358 -815.209947592899 7446.686397697038 -9950.417704443746 9144.036153293717 -3193.222769551582
-5731.06482000876 2753.25564236856 -2887.1880037077526 2659.619591912093 -7217.230590593577 8540.50656254221 5702.400818547056 626.0795356129402 -2806.6172256055634 -7036.57129643084 9501.434736585423 5072.095650264982 -3688.778979293419 -4860.003766960485 1422.8419893246719 -7783.46620527681 1430.9818960877328 3078.1545749382894 -3998.0347811368965 4269.113239201239 -9190.43479391462 -5740.475940014074 -3948.230484749027 -8665.56155546883 -1309.9180058391485 2862.7256992507428 -9247.860596250308
-2118.6575932822207 -5707.737579887109 3023.9946940937443 -7207.212966021561 -2767.4320163828534 637.2110323473516 -4331.948978831546 -8079.315642250175 -7791.367992761709 8637.592236046301 5074.547696616777 443.142156745178 -9552.84735439348 -7282.3279159552585 -3297.717871223882 581.0742057810003 7981.374570945296 -4384.579434418918 -33.950769977913296 7207.0787320429445 -1148.6206079614458 9551.450864747858 6855.352912909715 5903.454567073542 1183.086193713918 5841.0413745482765 8057.204553208179
-9098.864823489714 1963.7363484226717 -1566.8579582168404 -7581.40771048084 2114.791534270955 -1799.0767151707132 3554.9092152849917 2367.2365693456995 -5051.258580265879 -5845.839826185337 -2339.692789453691 -7626.794052481023 8331.372057441618 9163.6554528692 7143.821190198923 -1470.3474063596295 6328.228969094338 1579.7073602398486 4235.809897575105 -9478.46498098287 9062.658255875307 -4913.078869164485 5384.311363620518 1066.6531979413776 -2689.4522482211205 3238.825045703017 4491.488273953659
171.784092110649 8067.1902559966875 3218.9238498874693 8179.803428002811 760.3970036065075 4392.292416956378 -4256.78077368359 4946.298127129543 -5494.476716927086 -120.91551043053005 1240.03104393974 -6514.546439122412 2302.4913704315313 -6924.02313313893 7347.42647798542 -8801.483412056903 7985.794115273366 125.0223178715969 7389.375683911829 -8453.938784508158 -25.547785159149498 685.1253042269163 5319.4857047175265 -3693.3330453518583 -3574.638065762665 -2960.877493967635 782.2808549480669
8503.650935931026 -8522.758522508822 4527.074196688975 8744.81294000183 -3143.4277617515054 1664.9060535268782 -900.5059775517002 -3794.5950825249874 7688.542092147367 -8628.826297281948 2328.974004498119 -3558.8551257098297 4568.295005445116 -7013.39124562311 -9347.09596613045 -1747.0365185207156 6561.099796311519 -1935.525681132728 7045.94821375961 4776.176462351916 9761.987249973372 -7367.647602000069 -7691.474344698379 -9508.61067700657 2240.981805842017 -4809.620421936045 -7439.744465086911
8887.246983544486 -9938.202496922433 -3918.8073465254547 6705.425724219618 6917.967742985333 7856.538706862862 5015.719104584507 -5579.293819696693 -7191.481514369752 -1690.4184643236204 1252.4997220702844 -3463.836773426183 7294.603400956756 2639.7297438684072 1935.003253426874 -3910.0473394207393 -2434.714375744622 -8367.732187714406 5679.635772183192 -852.850363279369 -6787.934655574306 -3230.404313951214 -5331.048075821987 6680.086765227519 -4711.0687799514835 8304.137039179019 -2941.810601797816
-8579.63466212219 -52.747127565948176 -6042.2718534352725 -6381.968404221981 892.7380253526262 -3405.641296054303 -2719.0028021502303 3117.790710932255 -4633.813604276742 4230.580347490582 -5926.779694946503 4777.324396430273 3691.069311202151 -2162.3102242764317 664.1570232536669 -2320.6935940655967 -1998.0346116337832 -2557.396081266059 6591.102554175959 3670.619169272637 6979.710893814034 -9222.939373538355 8496.97180593283 5002.717555954532 -4197.563926083916 -341.5728157110134 5182.094770723277
9000.856224326111 1574.9452712340917 3962.364084675857 -7906.0072069158305 6273.9272065231835 -154.74415926003348 3088.750886095926 5099.890116758399 283.62863601193385 3488.0922753753803 -4147.902231124943 -6132.792372011102 677.1735941896331 -5047.827567676608 6117.165633323239 -6788.750274342419 -4365.657466441706 3050.136812708395 -6864.192938648437 -9863.058847092576 -5207.040492577373 -2599.553000079244 5621.3285577637525 4136.549176902403 9743.66293353542 -8785.115022815426 2489.7282183230254
-232.74154306983837 -3389.470462332778 -7551.22747207428 -4198.402272207007 2654.0219285300864 8895.871425742735 2328.888726734147 -6840.109982569984 -9415.382020653402 -9482.180804789354 -5366.302569862607 3649.3960318281715 7986.255345611346 8062.732253374728 -926.564877401428 6941.239214384797 -3151.470195972457 8167.744675284655 -5339.262289944784 3508.2019094416482 8572.368648201998 5136.2308413688625 7793.509708047339 -4019.2188446656082 -8714.298205125033 -4166.80876300846 5170.526136494247
-313.86594565539235 -2276.288393336383 -7663.515048131655 7517.061013523311 6654.818058274152 7208.476828278155 -5486.691498998053 4992.242818514111 9746.214235963285 -5091.262876092291 1782.040124106239 3902.5464202472267 -7553.239328080314 6439.445430165208 -4668.367780066132 -768.0633166528096 8257.354799103126 508.792626930961 -1376.5844954975219 4931.012130875291 1462.2979258620344 -5967.106148526011 -7017.752972562696 5959.752497492838 4250.523869006089 -9476.878520580955 -3422.541194057696
-4188.76363940967 -728.4904845911933 6243.697328406344 -5319.579459293016 8091.985338221868 -4371.5047989716195 6938.530214718248 8555.86341597022 9286.663390582056 -2573.7569289580597 -6045.485034519862 3753.5967260393336 7830.980101340669 -8829.727260318787 -74.60204422111201 -935.566558458655 -3695.466615380862 -6878.654421349508 8299.411029427218 -4354.08250667241 8371.971717335855 8755.111169316351 838.325528115598 1374.2896195936064 -2595.5247429709098 2488.6898226500107 9984.590285380833
-9746.650243605232 -8465.081719349077 -2889.501214797314 1913.9564568511669 2684.8709402344066 2538.309761936087 5093.127743606119 1985.7648070481755 -5427.225370919733 -9859.612955680388 623.863568513163 6512.414711143974 5677.884369524369 -479.99209249381784 -2122.0162277351264 -8931.114840276858 -7889.221341758521 1306.8445906887446 9726.574488584407 8630.57079977768 -7749.577642995793 4433.640271764036 -7512.597945640851 956.5103446753546 2214.670674627021 -5751.665079068056 -5743.060056204623
5701.8164028686115 -436.3155777908087 5738.474710396244 -554.4395217147539 9316.986474323898 -9807.45009211222 2152.5699283502945 5904.143360993825 6932.612710180587 6341.514941622781 -9643.514082873526 -1326.628960613516 -1729.9925750844322 8640.749193332817 3470.4275247218156 -4721.2822652328405 -2978.942457142113 -2492.388189604313 -2291.1313737016962 -6766.51495363617 -8039.975503785988 -1365.0754516827765 -8030.483052691468 -6303.718021496461 1010.051278203202 625.4388616104279 -9361.198132613928
-7792.413862513093 2984.556989704004 7474.532908949048 -9083.009868172905 -4944.594622886347 3695.552596001655 7652.003989060275 6376.6222169338635 -7740.613345766625 -5213.747593350177 -2978.1450879417616 3102.7309354527024 8720.74631769552 -4267.182803288396 -650.8072592975004 572.2849213010177 -4151.394732547984 5962.9558101249295 -1574.448938425372 -9996.357512903405 4398.203910188016 348.48942304707816 -9243.249567332845 -5992.221787650362 -5333.0000695637245 2254.714681111953 3021.5901905545834
9104.762133712211 8778.992887239834 1932.0396082660354 1367.0047603537114 9620.219100369588 -5812.228646045619 3988.5155057220545 -357.54199608995805 1739.041519728593 5335.516163214368 2969.8980494825155 -3159.2020120649213 -4280.123172161913 -8765.377047380194 -9147.388156750903 114.53246046917957 2561.1424547637453 9670.524720912446 -824.021677499315 -4602.561839213626 295.57311419328107 -8000.48129584314 5016.029272635058 6217.032029906184 -5229.952866336786 6502.002423920429 -9321.563860730308
-90.08171824658166 6788.152162723956 -2314.4916005870655 5925.53585196827 5665.579398306587 4105.0416399185415 -250.22225760825677 9820.48376291936 5305.59913743027 7869.004987369666 8301.9379990534 8425.261232270335 -9265.079490111757 5712.179084122299 4439.012437693231 -1921.9216987364216 -7712.824707436123 6058.119166911032 -5214.277662409625 8397.862701395057 -7006.559547948399 5192.555056874455 -7732.982698100237 -610.794055548462 -4073.2067753216343 205.1699711578276 -7254.981960620484
-5946.231502677888 -2775.7325077970836 510.9772066909354 -7562.766400565532 -2580.598801182863 7820.440313648414 9928.148590733748 8922.77270192928 -1426.374284329826 8511.514016160341 7504.102095988874 -7457.243683645207 -7315.567288599558 -9425.962565125448 -7844.536318305868 -4124.270710861815 -5511.389207326299 -5863.106478169689 3517.8745770079113 9116.172170452985 -1261.1622087555243 -3785.2972674933017 -2740.607686877119 8797.214482674717 7563.388239233358 3420.6526716411445 -7659.760223245773
5282.777391587657 -2914.134495068437 5906.969081893065 -6980.310305710005 7101.082227162846 -4957.059690065762 2976.4358336940095 7147.970030119952 -7419.932096688924 -4599.158198388939 -4093.167196325853 -975.2168228483351 -7547.133873476763 -3657.46444942195 5898.431215333476 6277.807864442235 3969.0667719773483 1150.2243243142657 -466.9801874143068 6391.721467554609 -943.3033404538983 -8092.173325209842 1396.5541509525447 -3917.723165472793 -5031.889984581537 4660.539841041864 -5442.765216177408
8277.226701829051 -8461.154884847108 -5708.237374782521 7489.104159170569 -7291.635545580779 -8888.91415662032 6959.374028730752 -1571.6574897080864 -9419.225701908674 -7909.216657361569 -4767.851983910003 1892.9276182164995 -3099.504571397678 4573.590375648926 -8353.866080929118 -5199.492026559614 7699.672948302377 4029.1310409383113 8165.7266487584275 -2082.223225909883 1184.3885758382894 -2446.0453938544506 242.42388727080834 -5709.044316085832 -5007.444248265613 -2892.0623364945322 2743.2627243623792
-7416.647532404899 -1639.3832817543098 780.3127789828213 949.8643405323874 -8103.454173260687 4026.584626090491 -7914.176819742899 -3513.9299568617744 6672.530785971041 -2551.9469519311124 2862.465007780671 1703.7260817535516 -4774.041854410147 -2269.784780579107 -5690.982066498374 -2483.006042396385 -3658.7886375307344 4420.54394570391 -5054.151247367882 -2748.1038443590514 4324.559141747652 5872.370607853698 -197.00068299702252 -6674.329690374552 -3678.1508381988815 -4966.1755259583515 -3934.1369968540876
7505.104432989454 -8915.628593758216 334.79550212878894 4962.500200224773 1461.8454855214186 -174.39367511175442 8006.611675058182 -7753.648837108269 -6282.180876081216 948.5352075109095 -593.6265863292192 -3451.5090842684003 9208.294950096271 4913.765870496585 -1306.7751558116124 -8709.597410070139 -786.552117470359 7160.975713782373 -9898.966967809994 9224.929572214653 -9003.317500347031 -1247.3719775850677 -4652.48794177995 6948.905228605003 4951.78114405749 9345.385569759415 -9418.588004037645
-4672.328107355855 4615.281383834808 -4673.651851914553 8494.968343076402 -5244.352160742309 -4877.66210236235 -4983.694819178706 6540.74034177222 115.48454865231179 8709.997987235194 -8147.905817346878 -2337.3260960309535 9154.415293803162 1486.3507629172364 9351.58524527754 -9563.519521809929 1906.499418631607 -3862.046926453213 9041.078896927767 -731.8778398487029 -1200.8142535623028 4592.916556554575 9942.070599878149 7935.674638705095 -5780.5141950642255 -4570.602388665803 -9713.503230394594
-5969.910848830912 4788.738060370364 3267.2726275483874 -4890.523533568882 -5645.646498299568 -9919.551922594415 9200.569611635376 -572.8322464242683 -2701.706762417646 84.90197934772732 4008.709318472789 -8610.167509505718 409.35483967775144 -5110.5519307018385 5228.522544004454 -9685.164681229096 -891.0901540174618 9132.418279659916 4046.7228478854577 -9141.539032295908 -6269.376120039274 -724.7292351641172 -4070.994382257136 -2814.443829152533 -5402.321108046022 -2178.3377870417416 -9746.551597339349
-2325.5230144866728 2867.426046582599 -4210.581583788025 -3163.4667660494806 -8482.374714228106 3863.1146468552797 -4706.187801151993 4541.722775359072 -3963.159080739769 9700.510343617738 7113.863649921452 -8625.955339915014 -3301.238380661104 1308.2000806489232 -4174.411088687939 77.46803997612733 7448.616979592254 -5841.436301354439 -5971.684648318682 8292.385339558772 987.687508201052 -9368.00098241204 -3228.1084116288202 -7037.624419534392 9586.689799078285 3327.3029334338644 8003.515184895452
5042.501308725208 -5850.472771567969 -4309.800055608839 -2187.6306549410747 -671.0276732162438 9230.094600098015 -7064.537420117973 1113.4255023351543 6389.643076396373 -1359.478426215679 -1572.8915253367468 -6440.550406028895 5226.442226313484 816.1289096290457 -827.9083716136429 6231.013872479338 4915.3162764238605 9350.155164437165 -3485.769363437048 8133.417836596851 772.1433728863285 -8997.085956914261 -4981.22159166664 -2174.5180576229786 7508.557378224868 -9637.367729349935 1407.110769298859
9840.64737260597 -8369.084512747813 -8796.916548372596 -6505.245875158036 -9312.65558807013 8344.01294399357 -4759.982054049232 -6284.137829967207 -7237.404143381532 6134.247565188167 8382.660056924302 7128.308041513668 -7652.078931749433 -5578.410971392654 3852.868839829416 3339.165275507896 199.87420071792803 -5942.797339815574 2568.816442484329 4970.533212562004 4110.633597911279 7979.989716977823 191.26388531061457 1105.9756789761923 -5789.263448015911 -798.0223509748139 3094.748592372325
-8499.210448204793 5821.418822475702 5677.347544860371 4160.716183007058 -28.83533075392006 2553.431433713553 -7378.171765689434 -4009.7761127375134 -3511.1857965151576 9989.597770341257 -7298.019114502583 -7227.096545253668 -4814.628617009346 -2110.6170201190835 -3423.8825802268184 261.06398023627116 2894.7966519679994 -7409.804981647432 -4960.005354531061 -43.7954424412128 -6609.368246054492 1512.541826381259 4492.701204867175 -8651.038796278428 3458.9666237712445 7070.401856747245 -8514.800425000036
6465.134244996112 -6705.3119797197105 -5490.577587846279 -7208.325285202004 3751.3335597978275 -5738.119884276278 9562.44877356026 4900.388622337798 3629.802466351288 9666.981816230113 178.82241584201074 6727.697530060275 -4515.568810404618 5586.909894257235 4716.268085279538 -6351.494004309327 -2999.375337467658 -8223.714087395301 -7610.847522652984 4344.704903883683 2497.1585190201513 5318.451182071391 -2383.4511999886263 -4516.438555657609 3458.4178540703397 -1768.921994922157 -5419.087316639401
1758.860045584488 -635.6739563380852 -4939.577302267455 -4809.694879596183 -340.06533934609797 4756.109230713559 1031.6096435081927 8743.800412388438 3444.873728374352 -2700.5858173634924 -520.2569106184728 4219.754038754872 4884.990356746752 -8977.547277826043 1277.3625896962876 1586.7677437029251 -3207.8012985750775 7317.721260579587 -1083.8506081866362 -2029.4570548041092 3837.3292944280365 7213.34173551857 -9517.813065851626 2289.972298578581 3974.674292023172 4041.098776349343 7487.52799361389
-862.6175118845586 -930.2835466806628 2590.9249776243087 -4024.712754638822 7530.439262284493 6862.206112738975 803.2471841759452 -5424.10968164321 -8758.160981107958 4938.791015060133 -9059.111759093927 -7450.085142400211 6610.602613979965 447.4666366708516 -2792.9548696344827 -2230.6865037068983 -1947.3413715774714 6889.781649789878 -7856.386756657792 -2528.9534246187204 -767.5514511377587 1981.8002525288375 9698.233607778679 -6655.091430179953 4828.041890646877 3361.861389320935 -1813.0397784248407
-4260.790420172997 -8513.420625688435 -5904.564893866167 -3848.346651289594 -3884.705887104811 -2016.5102634410514 48.342675391799276 -3059.8157786403535 4255.083113474564 4679.944926544973 -6468.348494572422 3849.5865470830904 -1373.0242809638949 -9484.38460413237 -3098.718406829408 -5176.1410414457805 9309.2351538377 -6383.838566812155 -8441.000282575995 -4481.543273121946 5634.35575086823 653.8614730921436 -8557.12675514594 7604.887798384527 -263.96949154896356 9379.316256047507 3775.9469419593315
7354.966296371909 -7447.766936959495 -2740.5567277471255 9432.596875004383 -1375.118856941177 9506.600321804443 2144.2273414089486 -6296.5385344724 43.29038931918876 2736.1843640702846 -1104.9529869172165 2465.4169836390884 8318.41437416232 -5417.321766588434 9494.784431128228 -2567.0576103669982 2254.2180544889325 -99.79243713522919 -733.3609461531105 -8708.316718318221 -8751.574772452353 -195.49533042680014 -539.3097450057885 -4571.497795628236 8770.697945665986 -7813.040720958542 -6058.717585175171
2920.1301966089395 2849.821232620514 4216.748322993864 -721.7169290930942 -7840.416503775643 2633.4336250538763 -2291.9923411445025 -3946.2533086814046 -1097.4531144165467 9377.461019895396 -4595.932099430764 8951.713598654842 -3943.359582019648 -2159.1587339014677 -7043.466985725347 -6771.303868557139 6632.555985505274 2245.1126662352362 -4842.699007062028 4724.058759533978 -5841.560747390972 7305.984317088529 7769.49401567606 1802.290378384223 -7584.389867534817 -7794.650090749517 3900.2471096056215
-1347.596247211557 4182.922512081883 7901.740187058465 3354.3928505741933 -8441.526575713699 6774.682941217059 8220.688460476307 -5855.091203921157 7201.264437949914 3723.3908657610264 2968.581736767017 6417.415908217536 -5336.936559739463 9526.84665074946 8186.291034221726 7346.610281786889 -1475.2334679762898 -1426.4932921343188 4850.379716735717 6516.504401863251 -245.66901245060944 4247.641475480956 4846.3000266936 -8504.296274436401 -7428.209212918533 7567.546451747698 -4267.772161037157
-660.0248718005423 -1852.4110673593404 7498.379975110001 2930.9892835550436 -1801.9234593959882 -6102.649734984103 -1176.864471606652 -1283.406460686463 5632.718042968827 9162.00106999794 2921.4498962777416 144.46348228986972 2870.9324381740316 5465.213218227405 -81.51569732146163 6674.319486700653 2514.8697454230587 -3707.19352251671 5474.931436849623 -5732.080967982795 7849.343563400347 1879.890189081405 -8101.190616392726 -9930.068394758006 8824.51037259253 -3709.222348487784 9993.050603384996
-1590.5281375285904 -2646.2249458045762 -7980.355520869911 -7712.952511300166 -3471.275482888287 -1239.350996580375 -3573.4669932962215 1582.8085888050755 -3292.8221264827107 4709.089762510101 -9370.082879074704 -6866.621301519742 -3497.1493830582094 9738.534815521616 -9278.935573239347 -1926.2202490291447 5706.5589078344565 -7129.8188503558795 5118.375305255115 -5812.6871477777195 -309.6882185066261 221.25006394293268 457.96947244356306 -5520.70550192876 7871.328505765381 6068.699337464623 -3841.7754836882104
5010.45250056499 5979.281845848231 2952.9630308205706 -5682.166133474325 -5481.7417017331845 -5555.471624992674 -1935.0922049256305 -3570.732506819714 3628.3113773768673 4870.911903282005 4313.413678901423 -4029.69709324988 -8741.35393791206 8235.419249761635 3775.4705107592054 289.5552530319874 4478.175234490194 -8716.559892090467 -477.5354020854138 2313.2845418502748 -8474.102987915207 -9144.953127912479 -6973.97812462379 930.5786461661864 -1623.3235943269428 -5974.892647007997 -76.79019825323121
-2318.833991743987 -29.505819040516144 -8769.026006129008 -4522.272861913292 9167.34984585724 2185.7259697530444 -4013.4032702623454 -5297.422474974686 745.1931533370807 -4358.370166080638 721.4898809515471 -6472.921595663251 -4909.7210566133035 -247.91482923882904 4297.598541071084 -2578.375387265044 5165.545561329402 -3165.2276269954973 -3807.4921289822323 9.89641990547534 -4990.2423576094825 -2172.127660041454 8241.820580898817 -2021.820211019407 9815.64275765741 -9130.027523151975 7485.96390108838
5466.583386492097 60.780237999111705 -4155.474910138497 4768.249050975004 -9914.906239184704 3886.722265126613 3731.8530781955615 -3725.478145535337 -8728.186600309815 -8435.220026625462 -2247.380818485154 8893.007007412169 1937.1749730598476 -7276.747391330756 -7832.656609948986 7354.282359281613 2457.8318351931157 4422.202700881515 6269.697685658346 726.5505534264685 1322.4816301292922 -6523.037436641653 4710.99719339373 5337.710641915588 -7812.35922300253 -9845.386880107922 -7466.220129001604
-4957.512066263043 -5413.714869867765 5058.8984225505665 -4488.534549154393 -8907.738389941518 3936.6242961612115 2897.421877296767 -9520.868070687975 7878.826659956518 -4074.539635454599 2163.628237038316 5878.891222880353 -4234.624232075068 -8152.876208449428 2230.954095318173 -7919.673716028539 9414.589177777998 2157.3894093962263 -1850.1026556913412 3422.2820701580804 3178.466781666233 -1839.1652005800815 9842.299836063808 -9448.431556035779 -6802.861060555822 2736.4905476842323 -3279.9137470710702
8023.034362846443 -7727.027265865667 -2141.9207707687992 7608.6617752031525 2175.01964116797 2249.8777576302364 -964.4601023832129 -310.67731512154205 -1852.8798796573747 9278.128520247126 9451.561223686847 7134.9766385566145 7326.940209338394 7007.196041104056 -2370.541482932078 6639.464596156016 765.3870917196982 -6099.1323990747715 -715.8409020368654 -9406.85723868313 6425.9990898472315 2708.658760235614 6468.669537403759 552.7311252396976 -8724.025234526234 -2527.6537899700616 -3363.2014889577986
-3497.680116143387 -8970.063082146342 5249.920991205425 -4201.678196882426 -6507.847950290028 -8382.010974126033 -934.0449967305613 -9592.440128137632 -3428.6621453188836 4767.87851498688 640.0673320891055 -7750.421203596612 -5088.786375625247 -490.67014046097574 5725.438070907936 -6866.302892560632 6222.562623792084 -2452.9560630292417 -644.5968260970367 7359.27961259909 -2658.622773965293 -9653.875498282512 6969.304297790139 9897.88877400956 -1229.6367100377247 5196.131013898781 5858.441461275383
6536.943041779148 3460.722685330891 2132.620865349598 4437.811416939003 3945.438832913742 8243.204503223187 5231.769840787731 4525.422105330212 2009.4757892069429 -6233.714213757753 -569.0024907877814 5433.708616546244 748.8555069184731 1081.4808927617414 3631.086023188853 8601.538048029492 -4089.223978064103 -2662.3268611040494 -5985.751396128422 458.9166301061523 -3962.9991251181455 -8232.348812781447 -11.679162363871 1054.7786668504486 -522.3002203645065 -9973.735202907317 -3465.4675845948304
-8215.054022272896 -7038.890091569432 -6235.851556981515 1290.2540471916745 -1659.512011682933 4305.068761648032 4100.25678157605 -2557.424067422129 6818.891025930141 641.569522718768 5175.949390822208 3157.2282665966013 -5098.121348130085 4635.633153171937 8061.283940165762 -7114.326129517903 6503.732817654574 -7737.836290533962 -8351.818214090257 -2731.7572384481955 9495.832088995652 8993.038594718742 -6574.84183326011 -4229.163726691973 2811.4698134178543 -2844.8298383859874 4783.145184863173
-3504.382169630864 -6133.8805069832915 3002.344421853133 4507.14542287828 1659.557146912828 -9498.670995735418 1543.339251295838 3687.6977306261124 8897.11534727192 2558.247734801127 3760.8067681135053 9552.292870360747 -2701.067921322975 9629.916620106716 -5387.287269247882 7380.7014217830765 6271.560443170636 114.20762371434648 2890.8059023239166 -2271.113488310619 -2966.6688972506463 -6051.51473550404 5580.403283046564 -1799.6112763908513 -1467.8567105929615 2647.7226706360234 -478.5232434369227
5108.112577632843 -6632.241319092942 -7775.781825506454 -8477.413493090058 -8429.557969134474 9575.738357634957 7157.532803493275 705.1505615922451 -3833.3261064546705 7014.991938208605 -4072.081127023539 3441.4142448351668 3470.0962195463144 1571.1541291303456 1501.8704051524328 150.41477102261524 9516.785928949419 -3007.3385143773867 6844.2150390595125 -9586.428565795577 -4926.333074752851 -8994.200205041185 -8501.156432686294 5213.2339833246315 2108.258565641838 -3564.060523077668 9916.434593210834
-6654.319831677989 -7435.0183026648065 -8299.67153359621 1230.928914786602 -1453.1357757850328 -6620.491067839019 -7686.8952788336765 9927.269586277733 -3363.9617990247507 9693.785787875357 -1683.3159577571805 2736.2851317634468 -4959.804443651527 7661.952336626928 -3952.8465457134844 -7641.62357675283 7007.701488616585 -6522.801439759072 3952.5811813246055 -2623.335523377322 3127.9594772660075 7216.545156223361 -4277.279024835437 1924.1420507479543 -9893.688280039714 -8479.405654110715 819.7619870214567
-9571.141857281316 1784.984510511902 -1881.9548163227373 800.1084097021776 1291.0223846288773 -6081.634180799864 -4666.41640568926 8452.845408379075 4413.044225940004 8120.974232092958 -767.7448854317863 5279.468735844888 6620.180753421224 -9274.095091083096 9950.056478670464 -5439.826205299434 939.3402930846914 8547.02919205053 2761.853205515723 -5680.736888748299 247.43844510665804 5204.735483508059 -9500.640361673994 3704.228174075861 4065.5260983055978 7922.239738770062 2533.7065333821756
5048.519512408111 -8031.685639627226 5249.338941549022 8498.521577897412 -251.51186979877457 -5784.82863428162 -9784.831683042052 5627.189623520198 -6572.070232483218 -1065.5116469386467 4284.602599277536 1307.8383148495905 3776.457394359488 8122.172197162981 4762.792962343938 3674.5445356875025 -8969.465031350916 7129.937301608556 -5611.004342470005 -7096.250061453251 -635.0753182291028 -8467.710199065155 3607.427958980963 9560.03895210931 1063.7766347225916 159.11066890568873 -4735.586509536971
-4751.008595890594 -961.1759627785978 -8864.158290524703 307.7950609130785 -7650.757676673718 9534.01633249264 9848.388462511946 7758.102259456573 -7521.782550493819 5301.054848842987 4554.898801181722 5235.679351200848 -1866.951081100001 4034.0168491026343 4200.766274867719 -3300.786815371275 -8741.175160299641 -8149.836616357206 -7709.852947138019 7302.147712321872 2857.429586198765 9506.792706336768 -5631.7487079860175 -9530.695720334583 -341.6293396543442 -4315.893249579021 5172.197756510617
1461.3547145467728 7101.422943660746 -136.37454633659218 3372.3184166501687 9775.788139109885 5542.502763992352 -4836.137406831033 -4612.9411094169745 2606.280199827548 -3796.54642789625 7760.27842876787 4466.677654011262 6851.954563312131 4353.456976101115 9312.444777628345 -1826.763735771462 2017.1452400872477 1389.4450334489702 4087.309343970468 1575.4153054076942 -3963.6489064831703 8032.654011432038 -6632.6460353757175 2531.341526033315 824.8684996466618 -7988.350416114922 -2249.75117096091
3077.8278401536772 2107.946666269989 6478.52004175595 -5120.488320130638 -9088.919448390478 3718.3096921606157 7829.260227224342 9712.64244081284 -424.6969103097781 -2931.6020587881785 -5734.144403934458 3517.366468013388 -8093.2103321201885 -5428.304166771401 4643.304410508024 4816.573909501296 7978.3537337271155 674.7500907027807 6414.667244482236 4056.714312002776 -3062.137020014946 -8941.396745607477 -1419.6819984326794 -9655.44849868804 5129.12067644896 1178.5930344444969 185.08656234919908
-4644.863957274046 3299.2817698965755 460.4256186606799 5392.4803171525255 -1272.2979347753735 1686.2834891431285 -859.6244230888169 5276.968035422273 -1736.535743274182 -4631.093847480878 5316.528754694136 7334.960251266501 9720.269994684695 5772.058618061594 1121.4399700374834 3158.810965875 5798.305846005938 -7607.190312556462 -134.47355814560433 9499.441650959176 -6405.439810467404 -1341.1507354366204 -2429.768330857929 6824.463520713307 1110.6438691740532 2078.543785695052 -9467.737115778556
3817.654190190453 9431.593191467786 5081.211147144973 7835.8086449300245 2282.807728445354 3200.5305636297635 2017.79721652624 -8044.712821531625 8151.32812292633 -5161.120549742901 241.18166073746215 9552.25387555619 3103.3270095824646 -8981.846577410224 6158.673759616589 5706.634928260319 8386.920574127125 -1926.6999137278935 5619.289439464281 -6672.747514212673 9473.806848270095 9255.543257063986 1433.3902841344989 8123.2907021973915 -9179.033559930842 933.4516596656231 -9708.699602111537
-6223.30518941714 -7806.394233666929 -2423.2307179917398 -9524.175805287654 -6204.1421819089155 5674.523806369882 5814.311042415289 -6516.386411746626 -5140.84472639623 -4139.2120375604045 8489.382562399765 8063.972074445417 9843.373227884698 1417.734193027576 -9606.690720031966 4657.463772233237 1300.0432565075262 -3658.7937515875483 5995.820678587284 450.0710435500041 2850.0320125015514 -6611.810934291411 -9930.245450164848 -5754.27679046062 -4211.291722288733 9974.483646952707 3530.336940371959
-6787.599091249479 -5206.776157399513 2521.432217987207 -2310.4533068982573 -5245.572979968602 -1982.9276517817652 4648.869201605055 2323.7101154683933 434.1173509361779 1936.539478595876 7484.436553125401 2488.247872517655 -5405.962273651188 -646.030978106699 9528.669285933982 -8042.999362073202 5181.121223499133 8017.1229761892355 -3821.1782253090696 -5176.568301614506 -7327.2254506795925 8862.635613541937 9589.715033715758 5330.289142940786 -6219.273591597712 -8058.615620105931 -6140.562245759223
-7645.356626021216 -304.90888525763694 -7705.6351493676 -9311.996780585636 8808.149458447406 -7431.600756640435 2542.522048784773 3911.7676640154805 -6737.399305253993 447.9247277455852 -7679.13537297812 4569.856158988279 -629.6319667047774 -5308.893343822238 5111.257291583972 -6050.886737731844 3641.8458985987545 7747.314305529388 4141.779490850384 8831.842249028457 -160.071631220364 -253.3243398266386 3512.3184133952764 207.8304784060274 -7638.992103601366 7105.010049290489 -9538.702011686753
-8703.221063026016 -6472.927093273417 7214.267424816222 2827.435009627852 4687.618004685148 5141.592491422103 7324.156809419575 -9954.584449311655 1136.3035451289488 -1298.1880749901102 -4280.549128544635 -7837.145647321766 7381.3850010789465 -2760.8676246859477 -2540.2154655469803 -8840.823256926218 -1664.7223595821251 2557.4930396588006 2505.8180455818692 -8513.019942729336 -7719.784482294823 -7000.646815667166 -9699.906753747786 8142.144933473628 -6604.431480596455 2441.212813528582 5825.73117023556
8954.20742910785 -3950.632190553715 2623.20125094178 -4930.36519033675 -36.57501392055201 8024.302528538403 -8920.215900088217 -9933.505379343065 -2712.7647048631616 2554.392823466258 3826.635167903347 -1959.3717390912798 -3944.439141603795 4989.955087622759 -2102.769191006717 3979.3761073192327 -2383.536912524147 2235.7278662132485 9866.299301442567 -4134.252120554118 -7444.911386893891 6662.6198156278915 -7961.02078266639 -5901.288101808888 -396.21811804577555 6400.35909769186 2918.933283246155
-520.990075777996 -1128.7685560134269 -9854.05689007977 -9734.010078677124 5424.58631234986 -3239.934773417721 -3034.909935537926 -8662.826542219422 -234.81252392384704 8163.600330498048 9930.540199641917 -1686.080561953082 3311.477354122513 -3581.8795567871557 -3365.13434310668 3996.416807068741 5988.584122430468 -5241.264401286263 -321.5463120055756 4585.292646285794 2984.724927570838 1220.9205365411835 -2042.6130236485833 5959.8302033115 3096.0978895467215 6637.481178633883 -6807.632780713368
9958.946389501867 -9369.97079947939 6033.829086471162 -4138.978379542495 -6453.317982209028 -5832.26883637586 4661.8579374549245 9297.474189218443 -6749.407553430562 1106.3683357837854 -3399.1352495982774 3726.610948663565 8221.753321769935 1054.7046920710582 6328.622846166458 8440.605176937239 -1467.4401705352702 -7240.609886162541 -7560.992753242839 -7316.439444716976 9335.207699319239 -597.3550940374971 3321.3984258597957 218.56966143009413 -6858.549792517539 4736.420237349495 2598.8623710793854
1506.6678784236956 9351.631524946617 8014.18294594375 2146.248283814153 4562.643801910142 3768.4080923142847 8620.821772775358 1593.9855431174074 4632.543512235816 -4537.649759294649 -9135.789539460693 -9023.053520649195 -7364.429169176585 -2386.0058383433634 789.1437234953064 1214.7238674702603 1293.6567286805657 -8570.665075262708 1224.3682157154235 9915.683021560326 -778.0835922275692 1665.4782735969693 6104.57330537489 3727.567451485229 1998.547549557139 -3641.6813320807196 9612.974321708469
-3968.424979265191 -391.34345790173757 719.3338002930632 -4003.2976761595673 9739.739102017898 -7041.231722500241 8418.033795560728 3059.0401099585924 3183.227750023254 -2036.9621966112118 3088.203591718988 -4935.727869626361 -7745.216104466235 -7276.035613743928 -5114.947881715446 8734.31155009671 8224.501270583736 7367.535068930683 3886.0442159078957 -1761.7827946699708 2362.647111296639 -1857.8570157030636 3172.3219657623977 3548.148512985579 -5131.891643727194 6407.064165332675 -5398.636029287214
723.4471456425599 8700.858113700302 -2178.104629815607 6556.575182231842 4321.260710303126 -18.400153960876196 -303.08287639858463 -282.21619255326186 -7123.543492936071 -3937.6285086268026 -4777.882330512229 -4643.147484669694 8954.512357414067 2105.814117419135 5097.8434928121915 7678.578765744915 -9037.300094072554 -8971.141971625058 1846.2731106556585 -6986.1704715891665 1494.512509037977 2161.5234080032424 -8482.847376753154 510.3840614252367 5976.747155137367 -5297.419672873704 260.03345732331945
-5233.987347805005 3124.655288218548 -6118.342031643193 -5266.686062100678 -5075.345036110386 -1116.6895738367039 5288.350505111572 -8683.46615242236 -5213.729973700578 3727.928088315055 4595.5958212869555 -2843.3267957223825 4336.058179126983 -2727.9067769518915 -6829.862699301659 2214.925144231689 -4753.359233118943 6230.50571761866 -1567.4594465305563 1449.8912974354735 3772.027575148819 1583.801444550194 4910.89892649887 8352.860393245595 -6501.616184647884 6918.641817042895 5921.851036292057
1 27
5122.006084885668 6557.0844708940895 -813.9644939421141 -9607.034791252026 -4537.631414479013 9544.442375812214 -5173.2028629029655 1312.6841149919692 6763.018071346087 2621.342841853111 558.2838286306196 2855.801046140883 1884.1195221723756 2734.150448555285 2984.6405428068356 7838.342303683552 -8015.04926143231 -3605.245778477375 9129.768009584677 6190.808006183572 -7765.694336765292 37.34152678340797 4411.558779772919 -2222.2095505799634 -7195.916926336469 5310.036531555117 -6022.854021359653
