64 12
-732.5730443301218 7664.607720570893 -435.4429902549564 -5754.052599955626 -907.1949535762596 -8702.090168622472 6694.731438783914 3866.94355130403 -194.61623500009955 9840.149514374327 -4696.306499645823 6831.304702214664
-1130.89775032356 -5867.930788902469 -746.5198530173893 -8837.38223396154 -83.32491723507701 -1411.9426161932515 -8387.217077805546 4668.5075139328455 -6292.167018052351 -3333.223090581183 -2117.6954885781133 5901.314057525822
-4669.71167689759 -1953.1771454008422 5644.911948606088 5411.40061038251 7143.147381043891 5368.121462840418 -549.933043466699 -2925.408862997838 4336.2761355776565 6439.767343759719 -5213.33463061415 -625.3446689953216
8193.581326953536 9533.17446952796 -2027.730899642379 -949.6374612473901 8271.158375349838 -9014.282652248903 1074.1456158208348 1273.8693572690536 4732.300980189595 -1521.2504070703708 -7497.245546209286 1097.5439864583477
3506.5110945744746 -8172.093868402326 -4704.342993625774 -4723.342438606026 -1886.8833794308484 -6378.399551248051 4592.6492658641655 3903.112336041464 -204.17516519118726 5537.87377175103 5302.677832922773 -2180.7485809991185
-6279.163737254436 -5693.971756596236 5047.563034796276 2471.16312579226 9625.995795567294 596.4051095325158 7890.3313858250185 -3668.249707721776 9868.423704932262 8731.562882352511 -8817.82006572163 -2810.4581560144634
-7905.634225774121 3817.8260936034494 -8561.42862154931 -1759.1536017630297 -8431.422813779793 4978.357465743082 2754.8023627733855 -1091.3456684150133 -4601.623180512526 4089.6019087052046 7045.269776279678 2621.3884488889325
8053.801477091987 6985.102970376396 -8899.453378914635 -7186.685093097007 -4352.383857205981 -7338.998067460176 5856.431965983389 7844.223669240571 2023.7623626046334 -6815.262609008241 -6816.0626001366945 2692.0769588324783
-6617.991758977298 3503.843492813301 4679.423849813813 4719.569843083769 4786.326508767002 -9412.07692892467 -2020.7585688547351 7431.463477057252 -8456.131647690521 3450.725170890413 9724.442164333475 -815.2120214116949
6722.2744155255605 2710.5448424212173 153.79917239106908 -7006.713274348124 -5889.649092316778 -6155.448219036332 -8420.435095294939 -3766.009853038541 5140.496210145189 -9254.030608182518 -3534.5057630947103 729.5108693933926
-9253.961510358642 -41.96613277486358 9876.440780887744 -6058.860281953853 4895.978118904186 8931.50777903818 -8000.977278816675 -8923.460113840525 4817.5388636801745 -4935.1595043990155 1304.7634304967723 -1642.8590704115322
762.9720904657515 -154.33682252133076 -7961.632930525104 212.00282610467366 2256.2814346127107 -3312.3069496113476 5893.215350346616 -582.4227300213206 -6329.654948993735 5755.303244802784 -864.3483376729982 8428.56986125511
-6906.948637716863 -3919.6899007590537 8729.09407871194 -1540.860038313167 -5258.767735316876 7044.837550999928 4184.287255386815 -4605.644903751265 -3977.278335666403 7974.573243077477 -3202.059001751736 8451.62048908931
-5849.115314114557 1148.666543780162 5706.706390383373 -1790.391861641725 5786.908130855834 -6146.066006527775 -5126.185581270497 661.5363841709623 4339.024040704373 -1775.8714507751556 6792.787383206876 3920.388877341771
-9000.875959119672 -3107.8667736704183 8675.24626818292 -4047.4880274521174 7472.814970564097 -9906.826738693111 -8504.832739979123 7395.350580487764 -2968.5338896387093 -4105.591437394498 -6629.352054224646 2488.0210954415306
9759.318183268504 -2395.1529091740786 -5614.733232093671 720.5113780940974 -5744.648121554492 -1045.7074705526556 -9885.467578204696 -2166.1367413508815 2513.6097103803622 -1814.6209638129521 1988.0510604955762 6274.883244251449
7925.856607196969 5452.392497589475 -3559.153690053058 8572.791467245239 -4521.98633798281 -4626.178472848972 -8642.554694987612 -4946.99238093937 -9289.066338940382 -109.62091710381719 -7886.302172379438 8432.177384138784
-2676.900618571154 -4716.195717962566 4486.52794544381 948.9625222487612 64.2243349609198 2866.1134978961036 3949.785145445987 -5001.575083247513 8256.407888192338 -9024.57674861067 8336.042779084506 -191.79398320457585
9911.00126488226 -8988.109629122893 -8665.03924213306 -1793.1361303804679 -7656.506095047215 1471.0596362748056 -241.20838761239793 -1312.2915105309476 4195.817699216646 -8838.034321921334 4667.389559406294 870.8289951799215
-464.7763260792017 -5816.8816524827125 -9751.161421853443 7539.637212745161 -3528.6391597141865 9033.139123934918 1691.7765850787855 1293.2392841686906 1851.856489129772 -305.0027874524694 -6280.86063501249 -3395.5131849524723
-7753.915519256909 -3850.56600086614 5230.152219408679 -9371.04856654934 -2945.959161467884 9274.528906431231 -6040.925049385431 -133.66276909455337 5765.842390123187 3057.230917206045 3772.8621474156225 -6403.11475918881
-7382.942867579128 -4164.228847872929 -5038.762873789968 -3002.5793584283256 4620.843773223682 -425.57313935156344 -8857.155079380262 -6613.826663769655 3700.0340980920646 5742.983902493477 -114.32384151914448 -9581.680241659691
-4131.501395700199 -1242.528210858478 -9541.235150239414 -8414.190423371776 -5965.406414550598 -9145.499685549705 -4968.10754686003 -3452.7603749018217 -3597.8952879686976 4769.904182450582 -5111.687723015905 1910.3893007960687
6388.097613116846 6339.167593732929 971.4921613700462 -6822.939718439751 3224.3786592454835 -1368.9079707969213 8587.163276758129 2379.7359878028674 9616.0838525533 -6477.350766635402 3734.4860226241526 4175.473723920848
-7714.934942768179 -85.16454099468501 -3922.761291046506 792.4377149639076 9688.859785322744 -8509.738276008382 -2398.930968209487 -4669.776057344246 3123.092178488567 -7413.261289621314 3132.3375760594117 -6630.837808602865
2231.75418969559 5706.834306770099 4958.993852987114 7208.861057549151 -3822.5577822345103 3609.143157138131 7155.394702135825 -829.7415247565314 -2074.3222858169784 5451.825910074358 2983.712538800304 3889.170584147403
7788.5520194148485 9452.063698360093 5582.5617759066445 -9651.82360851344 4663.914785859863 9060.464124804203 -8907.863409767851 -654.670558315509 2409.633544149352 758.9269347680074 -6491.236469018686 -2944.9803882712185
-721.1700187332772 3720.816619001276 1718.339683738679 6940.848278144971 5550.117091978975 -2117.4067579103476 -2298.093775533872 -6717.173761516344 8641.196332874624 7180.142981951081 2101.195958514987 -7007.306353562939
-7432.036789906835 -1225.3138311807124 -473.8103815103841 4888.464411950365 -5993.074063117349 -9746.360681190105 -1369.2041594813854 -126.13718599923595 -8735.676427754377 -1118.2847524918598 -575.9495259327323 -6386.940897266793
5688.901854876667 8043.304931332779 9419.644108733275 -3481.711785165354 3067.3727242164914 -29.69842769445313 -6498.492886748712 6174.457087271197 -2840.0623064027104 -7834.131180733861 230.76340468036324 4569.590055158131
-9169.410197158088 5169.465553768816 1193.197149535019 -7292.413894551046 -1628.639755825754 -7811.0875324760955 3433.116086400323 5580.616363450603 5757.165991930071 240.1013469494883 8850.965410175737 7340.553543697752
6390.914081135965 -3457.922718159143 -7647.90904245841 -8440.993484037548 -3089.1684074283467 2295.9645778321974 -5143.322148571374 3316.4613291570367 -5390.871498071888 5312.391915749597 4763.010973952383 4018.5702525254856
1820.539934340126 5371.234022955225 -4959.084121800636 -367.18980111576457 -4253.825868229511 -2991.622937108118 -393.70175028302583 -6199.446314350005 -6672.017952650071 9644.254827952078 9178.696996141975 3778.3910429891857
2374.5078337287123 -418.90409446985905 -1543.0984427201784 754.5870769680696 -3246.3860836804815 4418.9966514838725 -458.97731103888145 -3190.373158237194 -595.9519505446351 7193.870021983101 -7675.365606134241 1154.7554003868136
-3957.4717620186047 7211.039868763826 -7942.167255569488 -4643.572439308606 -8459.400407299363 -1780.0820460108953 1919.6647994466312 -584.3839340490595 3958.3745900633967 1168.0693013172386 9776.262845342819 3955.5710945576484
6703.881562010789 4983.576597574409 6743.48368641155 1035.3795028752575 3146.681222029518 2416.106420014903 8978.293420197031 -5173.471353055299 6940.626263624927 -8548.06025902967 4319.168815321957 -2957.049465157782
6360.489397807858 -1917.0972098813336 -6700.009894946715 -6058.094763573996 9584.216663997293 6699.508700829803 7288.612877099062 -8823.252136053732 -8217.357651210186 -3669.2233392798926 1963.4071891375934 -8094.718284148408
9109.939460339989 2164.585533708345 -3285.072459342935 6168.668424568654 9936.476290005103 3750.890561881719 387.4135344198676 4208.083677336344 -9719.631923421828 -3449.8087618713025 -4874.273333712924 3651.188782641346
1355.997547539806 1648.0734831698228 -5827.564866627757 3085.307816103277 9105.767145465183 2526.417581615704 900.3252871810655 5884.95161210193 -3536.8529716124476 -1320.6725677314043 -1391.284940030795 -300.0687329767752
-3041.842690562038 423.7171628289052 -181.41647541672683 -1579.1092743606569 -789.1206850923718 3228.5938087350496 3035.6045719878784 -947.5782898467405 6934.054383880088 -8998.157725830322 -5392.851926404367 7551.559134034174
-48.43695674632909 -159.04895227824272 3924.177858939667 297.0891793310857 7354.240725766336 -5174.003275759295 -6882.600604502384 -1328.4074863661863 9677.211103169153 1534.984114060042 -2125.6456020450432 8525.319135674257
-2723.2744163491907 -7519.436791997318 7474.006747902731 9500.008396238409 1908.40022356169 -1171.1420900158228 4097.217566765614 -7021.697839766721 1631.6699605601261 -8963.126101171307 -8402.76950733731 6802.371838608022
21.819912658045723 -5296.51291474462 -5235.312668933867 6199.011193797614 -2374.761289320444 -8529.877922604841 -5866.16518639713 -5380.723711227056 -6724.077724079547 8510.51572639538 -8379.910576937109 -9907.248884481189
-7562.944215492695 8625.138716591671 -4478.661286557757 2888.322132139683 -1605.9143039579976 -8095.743207122734 -4478.576643582317 5838.167993354673 -8031.056364865716 4820.083708944632 -5265.4862723264805 -6709.406961535427
-7050.311381995531 -4251.494456127863 -2227.5986406351803 6908.9168160902955 -1324.5484860129473 -4904.337795652229 -4909.9746849296125 -5108.853594524039 3362.2156116858096 4645.242600927755 -9578.08740457234 -693.5770349396334
-3852.6289522669213 -8833.586720528474 -3053.6596033344576 -2700.10660330507 2234.729353202614 -5535.076767521347 6172.670855688641 1738.4120280539591 6866.386114737175 -5486.411683283792 4797.0201819704525 -1120.0483024162058
8313.30103358152 2876.4766833820013 -6426.480359462492 9913.599535514604 -3783.797195148757 -7193.820757060703 196.21930454341964 -6985.212935158235 -8967.98691628285 -4995.572245889796 -8813.374679079165 5427.658759173506
-314.23386339113495 -7259.894174783237 -6994.41362158191 -4733.721665711927 -7796.717369483561 3553.37790558863 7249.307839034256 6663.673127256843 -8192.885298182602 -1444.560569287154 5294.8217910728545 4795.192740035407
-9817.834634369281 8131.170085103331 9730.598499416981 6019.660367690971 -8607.947250385774 5581.139066671949 -7570.44787198927 2915.7138632754086 6733.715892755117 -1561.9780242918077 8853.748994096608 9150.064406224796
-1304.2634674084184 1261.1098087457813 -3288.674100511357 -5622.274401627145 2126.4488246049696 -9503.582448390289 -5020.000135362444 9859.503094797332 -7815.702938320665 1163.6294982528852 5514.261389155408 -8796.780372529574
-4931.406969469672 4040.727849541112 -5589.28119454158 -440.91988416808454 -6272.845429945488 -8076.198526409875 3969.8679195077475 3117.381954020646 -5485.194379150414 5861.517429520642 -241.06398651272866 -8564.761472979713
6374.48407416742 -3822.863092506592 -7696.9221080227835 -9699.586258208763 428.4036086876222 -7168.887008878742 5104.041589710114 -7842.842550348441 9334.013612454837 -8492.46317128565 -4958.968119443674 -3501.042492392983
2360.4485892304056 -8768.502070259485 5121.223844374103 -3612.673994067328 -5248.374779969887 -881.6970099740211 7132.301689887114 172.53851781878802 -6589.3695827708525 -1143.32828122522 4643.438865301776 7877.6718097985395
-5108.897256531377 -8007.213859320168 1514.4142261716188 9928.86958668266 6522.94552775209 5631.862856266174 3802.2747229590605 -241.9969320827604 -1005.442909895195 -7727.18302853995 8959.301639052632 925.9090975710824
8316.914328318577 7296.77955632392 -1899.3284594403922 -9157.862465163475 -2033.0108111902482 -1181.709461422297 -7693.624335062761 3100.7547464517156 970.1496797275449 -715.8376279323747 -4383.024274027663 -8003.832777589765
1351.3839651516555 5143.808713444192 2293.5351578128866 616.6816236922205 -7775.2987461725825 2394.922094379628 -6747.6848273376545 -8540.755069577346 -5503.491521363609 1919.4622316251844 -9149.944555404141 2912.960612617746
-3907.125077297129 5810.622117451663 -1913.020791382227 -786.7462499950561 -9876.759979559534 3612.3450782396467 3404.3752637644848 -7349.896333601051 -8092.345959388671 -9642.404298339317 -2712.227573301815 6119.007132822191
9270.5795328762 -6398.968719013905 -9932.414890089074 6560.08058667781 2564.4039421947145 -7184.4370899946025 -7428.428981026529 8997.232310700983 5564.695083402377 -7610.039777830826 1996.6053211465623 -3861.9047822016864
-2898.7579308996847 4418.821354552614 -373.8597528530736 6662.885973240478 -4854.474335767099 4519.168274386004 4538.706794348445 9264.400204098532 9512.975216999414 -7747.637123694313 -1501.175017522546 6032.138541481509
-1910.4989580622232 5034.375998842377 -5970.679603938472 7016.259283359232 3172.6197583617322 3161.535029297078 2810.376970088515 8492.130307868523 2858.873175781546 -6086.291059382747 7432.4834768713445 -8552.665876790867
8229.656023870364 7164.525004655454 6705.002383946878 7322.866126442055 -4191.126219989982 5197.323232837989 -378.2491640300286 -607.6136428229565 6738.445034030523 7520.749158701496 5796.855863754032 4516.715727057275
-621.9971479717515 6459.008409416307 -4808.265383445986 -2428.8602524863736 -8851.93978650426 -7300.105333452975 5458.816490514819 4324.545995136779 -2148.603027721061 1734.6335441350784 1466.3912322808083 -470.93294488729043
8100.463849691107 -2021.9364392589068 692.3647638830662 -996.7910774326283 -3796.3968551362414 6341.156882300022 -70.25991131560477 9582.558339499508 3472.6378136686217 -508.71904517356234 9179.545921013105 9074.171282659776
1916.2343435728653 1406.0199135865805 2596.1586146839345 2462.2678597629892 1114.5963676286192 747.5813785796945 4542.701165687062 -5441.104985294672 1040.1061970619721 -9649.975143797034 -127.90202544008389 -865.5064600104033
1 12
-2581.602385883939 -3023.183627786927 4282.761120738485 -1558.1907339888494 6247.510093150424 -2017.8218282594853 7979.056919052007 8199.028834920355 -1629.5337041618805 -1355.653883157027 -9422.042522696154 -5677.672396337254
