28 7
7697.653882337847 2321.652145735092 -899.3617267324698 -3664.6470074894432 8576.280410139054 1927.8763769364941 959.4900415213651
-1883.798490709425 6495.996465927197 9804.163811207549 3549.4683606676044 5363.39272677257 -9180.125042512585 -3753.798694719788
-5149.276826257665 36.335816198999964 -4291.764553892126 -8533.341557445554 -637.6426098244301 -5909.24832080779 5302.673297504696
-9888.94347823284 3743.599897545706 -9461.99705737394 -5881.372685666089 4410.70192551248 -9220.836762864341 2991.2123520231
-1846.8918522889762 5160.668528329907 615.6884097215661 -2720.3928402030515 -592.6730511608894 3579.885924585915 -8443.136467308337
6430.211416485516 8492.43430894336 -5206.285856310639 -8714.567073877326 -1329.196841319559 -3325.6403948115867 8346.284017743768
-5109.518543672977 -5940.2926653038485 4950.7811031303045 5326.823474364264 1231.2386542272961 -9592.402842914167 1021.1166733298469
-9927.979823983856 2919.6927832329147 3299.1928697165513 9060.566227658266 -8305.689498034637 -755.3454018930879 -6160.678608881948
136.7932650540988 5669.546078561254 -4489.73016523313 -2408.626000367224 5482.0395579283795 -4415.998764633709 -3954.4773635278043
-9858.577043854857 9187.775134615007 -7539.401473245383 -1867.7340081321754 -881.6658029778846 -3949.359342810415 9691.144757894072
5577.0524007922795 2862.5424769445635 8944.527747588407 8212.300020720253 5276.508782716863 -7064.544525712262 2535.7726102096367
-2770.9438043897026 -4751.3842497886235 8326.694444770186 3362.7041979825935 4067.069970802695 -3768.3245634186524 -3464.645717195045
-2381.3035649985377 -6305.924821980225 3052.168893975897 1431.3638300096918 -9163.322603399049 5156.263384304006 9022.307700147034
-5612.181804945863 260.5749590786327 -6104.338119302594 7198.400862167648 -7058.123928259308 3508.2115372716908 -5412.186077804106
-7331.452787202059 7916.506146515039 2923.7248014673314 -9250.221607118398 360.4425956958039 -1667.5800093185117 5969.422145850189
8179.11076001067 -9458.21589626039 6262.430994601973 -6161.921248289912 -9756.671549635612 2808.2977304382075 -3862.9861245083894
3887.400048061685 2178.0773270794944 -2162.986660329433 8189.577184832473 3318.426333097319 -4413.801293914013 -3814.082858293553
-9172.14556184802 9140.143419406995 7164.001653004121 842.3477091672012 8846.64166747505 -4144.829129583496 7884.080735284821
570.2058009476259 6601.986945369645 -8972.190335790601 1605.5179863227895 -8517.561991844503 4630.932973080728 -2528.9075124886585
-4480.094257410945 1320.6905689057476 183.70427779439706 3978.620579033801 2468.2910511972423 -1501.4232460109579 -382.7601495699182
9322.110957260204 -1354.4088576832619 -4325.956008255016 6259.445767714002 5295.874158869918 9224.606458627266 4970.828584532592
-9402.240556979032 1497.8295396900703 -8861.070317037622 -2822.961572472589 -5907.219821154102 3636.8108356017365 5475.078586803587
1081.394922663576 2536.7193796549072 -6695.970661867894 163.40596672087304 -5171.958010948921 -6558.598190247601 2257.3835489595403
5369.729153053417 3125.729753426025 1487.166306082796 7568.443957792355 -3254.2732911871926 9332.94118228105 1059.3540916920047
-5492.385174013978 8821.96189594502 3084.8350176511794 -528.2723363438163 -7917.497399249145 -5810.951195888898 -1758.4541420673577
-1690.975969643745 -6717.471497712233 -9460.297493683938 5792.25245328967 8659.789159887103 -9544.316896472386 5551.80235749745
6770.977446623958 -5682.82353162058 9232.642533676357 5097.042661871948 -7726.744621369994 -419.59131295350016 8825.056488587048
285.51724842001386 8504.372379618886 -419.6829665021414 -4396.306495689528 -5333.356091901682 9896.72854369395 -416.0479930892852
1 7
-576.881567173903 7524.410723272187 9837.422519353397 -3755.4479323660516 9378.857032692933 -1802.666485238049 2672.3207724858694
