69 2
-5533.932791907919 -8810.160515035279
3863.055237941946 6977.400537082503
2444.809925254036 6935.394772706513
3045.763286595233 3923.508015664356
107.57161727306266 -4278.924136517603
-4525.919910566141 1516.1849165670155
-196.01369149695893 242.05759991964442
9924.999684316801 5167.312030228892
-2476.58222457422 -8885.692506566174
-1975.0808524843324 1698.9992041603582
-8966.46177970157 3627.4318145560064
2049.001268765198 4932.598208324354
1380.7449444611848 -7727.52937155476
8969.162255581312 -9825.64807791499
2851.110662723164 5325.627478213575
8412.9261430646 -9465.804793265022
3355.1518788975754 -9818.79864038905
6040.108955223703 685.6839118638618
-8245.311238863203 -5247.635355377413
6100.808463846708 -9249.082250228807
728.5254173876147 -8396.867086212105
5237.197870891867 6449.567290035378
5169.333086402203 1267.7418781222277
-5560.202092787081 8541.279276251738
153.4300318774458 2631.2761434246368
6672.787396580738 -633.5856505842512
4431.4214164654295 5995.054999152942
-5390.835924532808 -8369.572133369682
4899.411835135816 3304.785773883852
-5051.686521684056 -3094.991904593391
3187.4030904925803 3988.246113195457
7468.86244879177 -7224.076945547548
-8040.028078895997 -1096.3584064097467
-6076.82214582634 -8202.410215908656
-2477.4803520803744 8630.720948799051
-2540.149062958585 8364.855635790937
-2465.6687052037278 2308.390023576294
2328.0289732965684 423.75581944428995
7322.2028869038 -7856.966399803487
8026.73757881084 1201.6593745860646
4493.063068131678 -869.8141234641607
950.9835655989536 -2511.273681340591
-3734.3100453786374 8045.8015383153615
3476.1941333598443 3242.3056370404993
-1634.311572720031 -3587.954853489281
2303.8096620486576 -903.0199871064306
-8777.214164944866 -8966.187382155396
-5611.844354501339 1915.7783111411845
8411.320713626985 -1104.4501190663577
6874.771820442074 6045.754516549025
5371.7602889500995 4164.386793885675
-7727.364511460166 -2920.6269370378095
2358.191171521801 -6607.152266669027
-9849.107681432748 8126.539043660334
-7664.912701448574 -6298.1734461359865
8854.44617905633 1673.1183612565383
7076.0574971912865 8054.445414751062
620.8851297489746 -4778.357157209894
2770.2625474529286 -7040.0407948990605
6663.802746173111 -9995.399879676143
7241.354215266281 5482.236895241838
1768.7395586878374 118.56492731796607
8440.291906030609 -1867.224745783631
-3427.929045295715 -2204.9015344070604
4178.643274787597 -4743.036603018613
-1643.8303079807374 4974.452695211283
-4558.128989910355 -4763.048379017309
-2987.9007795465304 -3051.262009222939
-9691.820317319463 -7748.19120817889
1 2
-6045.3426280098665 -9379.325823704565
