80 11
-1181.9808395870914 632.7141824677401 1625.8009994932745 2890.866015406824 -3875.766136172667 -3625.485271700808 8068.597230738425 8845.254063095701 -8665.505322364706 123.6960816145147 -5384.666909672719
-772.6808015087317 -4135.737418522327 -7876.1929613619295 3893.3345360032217 2663.2925170908893 -7655.635071420393 -565.741120526116 6112.780820473528 9165.36429006762 -3752.10215207892 -690.8535076880271
4026.579001588929 -2102.9686270593093 1739.1017305466921 -2371.3409681989006 3483.753837883094 -3533.914587936193 -1679.1523893047015 6680.005757504809 -6636.763807132187 -6671.992129554629 -6608.631765332353
-5981.100217213801 6942.3270259933015 -55.92174630108457 5962.988045176506 -5377.374521493878 -6004.088604613058 -7238.335329569383 -511.522399813015 4502.567519176542 -3732.6811622640334 -2870.900435814261
-257.73429004844184 -4137.869007752106 5097.863860606467 105.72691826214032 5026.285176449477 1666.0503196887767 -8107.176742975502 -2767.524898032798 2682.452756816245 -5054.392557267529 -2969.0276279611135
4122.624679389877 2825.483814040739 -2763.327493870258 1312.6285850583772 -7028.592472815929 5908.032991839265 34.5795559636681 5308.164478899331 -7889.546109684154 -1841.7264580564115 -9300.277058566879
-5308.606292351256 -1926.3973837482572 3037.242182861941 7263.298884027958 -6347.570219585743 3715.7704013958682 7721.4765352313625 3274.0102712815606 -8898.29147614656 -6914.514676280769 3677.403687575994
5265.883359536048 455.4774739466775 -5063.748731363456 4519.183153790631 -9862.480823013271 -3178.771369824467 3623.276427650975 -9772.015835610999 309.9520854235798 9713.682287169908 8457.938379206054
5339.1311017567095 179.13819812302063 1578.92296914076 6411.697807853816 -9909.088648192912 5699.815591883089 8996.840633485113 -9501.767853688381 1511.8154696375877 8505.826562419374 2785.80729437041
-1264.6596391005678 -9527.495577598536 1285.6711418208015 1177.6726672435634 -2517.792744238618 -7513.616478259815 6980.603119198866 -4464.565278458182 -6413.233297663277 3343.865841650557 -3506.005577856604
-4122.2615885929945 -1041.1957677022929 -6134.515136627064 1688.6489063582758 -6956.712010725117 203.76346878195727 1360.9863734772025 1486.5473649863634 -9054.275325084407 -2714.3056727022886 -426.22212044673324
-8571.141429289444 6579.053646273474 303.7826510817231 -9812.681356784045 -3633.571876024329 -2547.5248198819327 9495.752822696693 -5092.881592473022 -2622.5059569379546 -3228.088824081694 5602.806848877635
-9749.898517299358 -6577.927094753142 -9752.317130136851 -4140.778586482563 5831.042614352033 -6111.214358849388 -820.9193342513845 -3488.9615636161598 -667.4406014690812 1679.7752721326724 -6945.1936770376615
-8316.994271569334 -8859.222135172604 7836.802698421285 1201.496759394484 -9967.39668781462 4654.823184068171 8049.16190106931 -1896.4741858147227 208.58256407420413 3081.114262886469 9111.677987799718
8715.087175626864 2281.706929331087 -299.15552619483424 -6816.0773697790855 -5692.554357558999 -3322.8489207039356 -4459.342291811035 1360.893509980675 -6763.74750289775 -5977.034305210147 6262.9083860571645
1366.690578370797 -2306.741088037438 -8741.29603387581 -7902.814578012061 -9386.343284012157 -4419.090743113278 678.299081641826 -1468.7040926518184 6333.509079016316 7172.005831410261 144.96505456564955
-1505.8703843765798 6164.676784459449 360.81166877820215 5371.062693974865 -8911.152325411207 -5723.480769029148 -7293.4745871677005 -6933.75262282161 9672.299795674331 -9230.752394787496 5613.910137470575
8082.66800271082 -9976.970855308542 -4854.636193821547 8485.700996383173 2630.190297112029 9154.518532405851 -5349.653647370036 -1883.2995749110678 8219.223650994416 -8830.671051925461 9430.263675306174
-5635.721645506881 7768.078610725501 2269.302672039432 -1082.1457918838223 6628.691504132388 1047.099084249483 -8928.862338408366 -4901.054962960543 -8770.08759611451 -1163.852594779355 6695.41785288175
-4533.093920100923 -152.05862885445822 -4431.671230803764 -3177.959169138656 -6475.864337088759 -7252.216911822066 -4541.070317683276 4206.156676351684 -9930.939835875512 8845.440625297972 8131.8358118738215
6460.5054485816 -6704.630434855408 847.1591836591433 5188.696277442026 6155.402788997524 -9465.937229262528 8414.186750459365 -8157.960423897688 -3783.3906022865067 4689.964304745332 8851.684816856607
7899.692634191011 7331.035982560592 2676.710181844741 7550.726638827229 9937.880020198678 -660.4790775517959 -7960.83950514704 -9706.160017370064 6816.759839857099 4301.152412084142 -51.17099414641234
7837.969560993784 8545.723141242539 8165.355333040585 3895.7281057766722 2912.47544369581 5113.121836481734 -7297.6286153491965 -2662.724016044218 -5086.005701504421 1540.86263702197 -6930.216508254425
1101.0823374755255 -4174.254600642999 231.82467511305185 -6640.68697247226 5773.953433980647 5831.415498981727 7808.246670306518 -176.0526947340204 5104.0391838428895 3843.910571654329 -4462.4914728123995
-5485.448695414554 -413.9687105678295 3773.5506728656073 -5543.265880947283 -7738.4761462274755 6777.612957828354 6571.830769909113 -7295.740684246899 7436.473332201873 2431.0153962091263 -4995.147374231974
2268.327355607904 3456.9784816928222 3657.7849226433773 759.4431663420746 -1493.2049171787585 -7266.555727962073 4718.178009083651 -5586.040676464414 8623.456690931878 3553.0674530827873 -4606.254764690448
3508.088923952597 3355.711554941663 2803.9034820553898 -2959.4900684397007 7978.152123937711 1301.0201292812162 1657.4583510312277 -7043.772029658635 -1484.5827954977867 -7043.488740079167 -9380.84407963026
-3033.5713628422427 -9505.737132619714 -608.4241929874843 6515.314021471466 -4213.193427777893 -9065.752335016517 7742.437917915631 -4911.3548723363065 -3790.021055413109 8393.585923426475 9582.206244655765
-8471.68848818509 -6733.619083210382 -7934.890236054913 8003.540161399957 -5536.932593407455 -4410.857168800036 6540.383052383568 859.1470850026435 -3214.6566349529994 -8057.231706748884 9267.090210283026
3061.480081271009 -6540.486642956363 -9623.671085781963 9939.880892076144 -6708.267292193184 8091.884212901859 8112.5776266869 -2942.2059524083343 -4451.007452216462 9665.070568172414 4333.662728097715
9524.308915086753 2645.636077230245 -8655.222975530718 -5559.777223075644 -4660.24315661634 6370.801056125212 -3002.6766101609574 8197.925481987706 -9555.04273926701 -66.91515062476537 398.59589182891614
-947.3065023313684 -32.32156945389397 925.6121861400443 -1983.788623325333 -2842.27969685847 2741.6310137421624 2338.4943765184526 -9308.679508190651 1725.465089273126 -8476.802019376302 -6011.373260908553
-170.85725379851283 -3952.1008439516427 -4129.214459314639 8682.332261015792 5811.510209552112 7508.294050659839 3202.3125886587986 3535.8138236139803 -3709.23345786782 4341.570487075098 -7959.305044763149
9165.018462397591 -8086.51193071576 -9996.92480450215 5533.885630398367 -4925.040041560503 8476.014898495323 -3789.3606530308953 -8835.597218152374 -5857.061861260544 -5961.832325652063 1589.226004045202
860.9777755955456 7618.371573706256 -813.5409326409863 -6747.020387893945 -2842.229053089396 4596.823561062694 1748.855770180302 7593.517864852514 -8366.925954757613 3466.580382989672 -4699.852828148901
2558.440687738368 -6978.542983554162 -5238.697133754182 7967.54955190164 -4031.561780762032 8993.759864255651 -4687.657778613719 -7065.214345123003 1468.6259059913227 -77.09432310625562 2571.150010062631
3226.256937280934 -7095.612597350687 5699.163682088991 4241.829194029053 -5858.267340860206 -4390.467998643401 -7419.539245904576 8536.823062794378 -8311.471772672128 4451.538838835479 -7933.140867884429
-4790.839242115788 7023.288608626564 -8464.062299118514 93.52255012764181 -1306.5496753582902 1629.778621526617 2239.6115687641886 -5813.145384228733 1646.01407792184 -762.9531521881818 4295.061139635209
4120.882138665094 6257.69745372065 1221.8742671401287 -5223.092498126581 -4385.4082045275545 6745.912573220561 -1613.4580542136773 -5148.044138168597 6124.800784459687 -2539.4968306489636 -430.7068680438224
-7800.153419574077 2254.4261148597307 6465.2942220253135 4613.763016217063 4888.94799988299 -7936.421924184225 -1026.4824931139137 8081.299293864016 -9811.215192013047 -540.7463306175923 8137.179170569521
-1163.5852064911414 2367.1605117376475 8404.666693281644 -4281.5970001387395 -804.9241793031451 4469.891734443303 5428.564345548708 -8331.97041022084 4986.487401763112 -173.5459991309017 -7444.956564366694
-6612.86414394733 6270.391823381216 -2181.3957593736586 -3295.5471745675595 -3819.3516520459016 8797.90546428549 5905.3573486526 3194.4420671351254 5251.165796584188 -4275.953440019418 5851.027886301541
-7817.432226418219 1968.4984065197223 3688.1709825177204 4171.909785136841 -3649.420891479249 5300.331805672604 1424.467127302787 -4094.0712446544067 -8875.550301095973 4821.271294615501 882.8839538629363
3504.1425656880638 -3503.4810410722093 -2998.92543216161 9668.665359575927 9722.523678035875 -7345.020004349843 9017.105977814957 9695.06690901778 -5400.049068208002 -1150.883898863951 9852.213082651808
-9795.204571613762 4853.558540251233 3908.778622020989 5222.291063070923 3491.32269835071 5222.417552551342 5728.087610283037 8169.360413132239 -7811.097136466534 5348.741207685742 4383.879523207441
6782.061121995859 -6702.568001516602 4958.946828400149 -3687.4128056548952 7961.244457549463 9693.470474002406 -1412.4269566968505 -8925.837380248648 -5250.451339487572 -6873.265766864359 5179.522680279968
7764.570470653627 -7044.152255139077 -2766.5575212142394 5660.331555777562 -332.2988557855915 734.0544460063211 2499.4709812074616 4600.652070241953 3497.1078167502765 -5025.001464876655 -5769.987068818161
-66.27414931444218 4681.355552894367 2603.0511222635996 -3397.109679236898 -1393.4320040859711 -9450.579190671859 7221.029928257922 5174.844283838951 1847.39067276676 7555.412995646799 -6990.07873663229
1128.8443336161909 5669.16869024014 -460.66904109276766 -1404.612928130633 7176.773728067215 4132.038211826337 3451.3736886323895 2170.639216645848 8376.722965491048 -9554.462526861225 7402.895957021192
2485.6627107106524 719.9841792628558 -5557.268043718533 -3125.167483335982 -8987.192776788072 5350.572006465327 -1079.0984855279894 4623.344791923228 3319.101208617696 -9151.144854558608 7846.932652540261
3525.578949214525 -189.33744595720236 -2891.7802862489443 -2011.6494912287599 4131.1818478414025 -4331.92373239403 -8037.035061371092 3286.894596314047 4091.317234217142 -3994.4941775720763 -6166.654331690702
-8119.037807995335 -9731.572648371775 -1988.7492397173537 -503.341413237953 7821.409575707345 9449.496203490467 -1919.891897480632 9172.551540102948 3444.204132455512 3992.1987807776095 9534.414493973007
5653.339642678135 -4532.92252068392 -3406.5151572341865 -4010.2984432960766 9581.483112029062 -9961.826679412768 1402.920298223582 -1085.0220774597074 -351.5713509874222 -5245.594724799727 9545.883275704266
9224.658013285018 -937.368361452136 -4502.264351568204 -3558.4033943805607 -3545.747890910109 6640.616510488431 -8291.320673805729 9449.648617085571 -1595.5976109643234 9440.261799216583 -3681.7683046032435
-4335.701213548371 3473.80809810911 -3963.615697428717 -6432.983399643459 4717.450460879842 -247.6304210641174 4715.034577386139 1133.179913678845 -3705.449002467254 3636.875480999748 8217.568269267518
-8601.476061560636 -8445.443939767756 863.456757409187 4336.932146727613 2425.0629503330074 6878.716839431338 -8840.040726972624 4027.7398734251274 -4293.760978832204 104.92423648320437 2062.049897654355
-3522.8911557035026 2170.987032297089 4135.056307017436 8285.19206337235 -71.2283920189675 -5425.762793432947 7398.483057426656 3159.5301461136787 3803.2240330439618 3241.07166294554 7055.463972541871
-7410.1838111640955 6080.224943616617 9169.251546076564 -2961.31268245498 646.7142459805928 5720.905465577893 -1267.2968843626095 -7587.2096718325065 7553.903298656893 -180.23786125140032 50.76764888264188
-1400.1712057698041 -8265.82064032889 5569.842588919724 -601.8287465122248 -5450.341706362207 1211.5588531354697 -634.4842216851121 6359.039386777358 -8608.403040496461 8779.211839319356 -6379.994139564544
-1021.2619758500914 3333.28973547034 5841.920197900208 -4745.584844301203 -4033.6732406844103 7171.018008195599 -1879.39670261227 605.8542783895064 -9548.003408080875 -9464.363760690769 -8892.067067563052
8480.174578776026 -7361.183181730408 7027.546120550935 2177.2678107294887 3253.477510835668 -9986.360298968977 9116.772295961768 9917.990813256529 -6898.7053337741 -588.1827389760547 7763.726964106852
-5967.644034130688 4780.572381840171 6666.275993932013 8044.870999274201 2385.105099586939 8261.349560284467 9523.6780657142 -910.597588374736 7505.559315544175 7475.32217635481 -7964.967403573766
2861.1732019099018 -5753.451692722949 -5875.460078779575 801.5374670538058 8950.850064911428 5180.332510342807 6943.391545746257 -3640.5401133347696 -1668.4728685664631 -6444.776827286576 4901.659240146304
2491.3541362358483 8397.221073242134 -8697.843274722563 1317.7420166591291 -6451.69106872323 -5083.2222315633335 -5508.299835694989 5722.158815339377 -4026.293535383472 -3216.780337389194 -953.9835368111198
-7627.085283605989 438.47407248682066 -1600.9401209617117 9557.071749887273 3836.066724482016 -9097.016367648439 15.742976281590018 -8816.041627249147 -9864.945812910924 5508.725759226718 9195.722592399306
5051.574210787741 -3518.771891182597 -9972.52888083868 9510.925094015842 -4463.534098004929 2361.7357725137826 -3825.6025845331005 -1678.791180569644 9490.419388098231 6301.12987591501 8211.761280894902
6950.470542546067 9958.579022150545 -3856.7115195329534 23.731588971666497 5207.886461907492 -6673.9007630288415 5469.5731687664265 9635.964267135492 529.2667742254816 8085.250077114306 62.49050585090117
-4691.9879497174425 -1861.5580550997947 3070.3468315364153 717.0575428865959 8004.973621748504 -6174.244391338799 2260.1552929488025 6306.215681694748 2661.98679949544 7425.972553479893 -4565.671941025804
1077.307185778007 3819.4168226097718 -1700.487876697909 6011.435065870242 1079.4489876172538 1356.2389324850774 -6467.535109789511 1388.2739630024462 4641.30672456253 -5758.039699318895 35.52527985492634
10.767204128726007 1870.6323920237464 -9823.808269723779 2900.0149107527177 -1215.5599593491315 8015.394651575552 -8269.85557325646 6839.745576221121 7312.678219451263 4936.211224723698 9371.414477669441
-8172.233972306597 -3476.1783778375802 -1556.9755323480058 7982.086638558238 -3879.2692213363944 6444.388606346318 4242.869654922395 5373.271160994067 -8868.569358550456 -9582.118372485224 -8144.999222770617
2861.1706758548935 3457.605835950766 9168.064849076702 245.55967050844265 5719.534530874926 -9427.993831161146 9975.579233706107 5537.30137086371 1019.1264522195252 7551.963324839078 9563.46768946181
-7653.58802950089 -8446.558076676265 -6025.353665876863 2924.8841730119784 1650.8624557746662 5562.345501225618 9787.614207750812 4582.810493416044 -6186.49185873186 -7166.424320760534 3460.481721117829
9710.07703176461 -2194.8152845463674 8819.343858842149 3279.9273207732476 418.81097673634395 8561.439805460068 4325.345206194121 -651.1830592982496 -7271.362303510545 3872.858200040484 -1910.2597506070706
-9733.837275992742 5392.011044645416 4027.1704042310794 8912.80427085688 4077.3157809819277 8909.299938382715 4163.480678410844 -722.4293196991111 -9777.587338074021 3372.8585743775657 9528.68076644764
9756.9451992961 -5606.060780027906 -2972.75416716404 -2298.092013517654 -8195.901190119563 8541.354129632364 -3983.6564103613155 -5896.507415819258 2319.078964303786 591.9452645641504 1971.3056770531857
5577.197218531142 -9076.320405212904 -9930.642573928264 4799.265933458932 1522.0236462767662 314.7867874588446 -247.47989740371486 -2650.450205192945 2979.6417406044966 -9382.841944539901 -4437.376390009533
3456.3352316967703 -3062.6599364640097 2514.9954050494252 -7846.536778131501 -2408.7766857444803 -2209.270635067591 -2943.1963567234006 -9593.977971000404 7030.154375917213 9300.709461631868 9648.566789990284
-4082.0957719468324 1386.336618436877 8624.976366730243 -8554.812224106987 -3460.426830065994 -664.7839284737493 -4672.275460222923 -7250.290773906838 -7380.860838323628 -9562.478671604958 -8051.5928716398985
-1620.662664711892 -5900.7983076831 1677.4070677329964 -4183.11563984876 -8352.439144148233 319.6409614643162 -2256.388061197059 -7795.4552092532285 5231.994684217445 2159.030707641463 -929.6395090429069
1 11
3166.340461010859 -9218.942512424519 -7965.855580705381 -6604.919666764142 2118.8275457625914 4264.300446982234 2883.71101190212 -1814.2884194838534 -7604.071429958476 -7306.462474580239 6491.800913003412
