408 12
-12.411939468322203 -324.7029272863447 -435.9810913743851 843.5369554706228 -772.1292474297892 706.0106344162855 -747.8119233439697 -889.093500008266 -699.0353946166476 -646.8969142916634 872.0701412491703 762.9993420963417
343.9589673800144 272.0091017471102 -696.0475245434275 -608.7010478981334 852.594467136008 171.6376139568206 -635.951229604605 -880.5595324912334 660.3694893374761 -519.6929483203321 518.7480135654712 33.146822135127195
263.0835329572269 325.83422119307033 769.7612612820571 742.128400619164 197.5732945725631 -448.6110908312446 706.6157114598057 638.7094371385124 266.7369163745684 -621.1062643273544 -954.0222923658949 439.36586249110474
582.1280765213016 957.9624673218491 557.4998353940159 -528.0663689396663 889.2484088717283 -551.272860297705 190.24434234967543 -124.30311570974186 833.1812969038915 991.3314281391918 -28.924851681927407 922.9288054560809
481.67529670788645 -649.4118065619017 749.8293152685733 941.6163757715344 442.5448087223249 528.7325060544108 857.881419746036 -55.741570086070396 -625.3556356870317 -9.525187640163836 70.83308853453764 550.4841113863665
350.30448960188824 436.35949262256236 -659.6453935513869 626.8215745778368 -153.01732491758787 375.16568179434444 987.9525103265953 172.0236368647361 -248.7665667959584 -146.57653362124927 -747.5487887829611 -690.8022112497327
750.8603576752155 -857.2871304284106 -813.4402657716741 97.5982093395121 -638.7557653601318 -73.59321697747362 -589.7904616517087 -512.0107613413771 -792.7711050455005 -410.9381801497916 -990.9235148349653 182.45381969928007
398.1579906219488 922.4640376088655 -376.6551522878325 346.4409482186368 -376.21840053941094 -265.18365910502007 -299.3774186107794 315.3560176213307 -592.770361525206 995.7776262724278 -102.3319832590779 165.09718564581408
-342.7083570220062 872.137838875449 449.45513775853374 172.9201101821909 686.7905662100447 541.1505374719504 -196.6190656817488 -507.8449543282064 366.31377676793136 -191.98098863698567 -768.1536101111734 -309.8184886745188
-72.32646402205512 -954.5557623817948 819.812701881161 629.0232711667306 143.8053978221094 571.1123893843253 660.5699732060184 483.03378648383705 599.0688715713582 -936.1880511863895 -542.6799782542469 114.1004679027144
-751.2781352570781 -723.1209796590725 -446.3195622004164 -517.7743872825473 864.2314260883311 -244.50554475936315 697.1718719470268 669.6124307430214 647.7997897651171 43.61186763341743 -608.5602785640789 507.457526858577
884.0301607217627 -65.62843171615509 -408.48413956118293 24.088542516491316 -856.5363992293765 -635.2563947159282 -211.15054685149823 239.10381000407574 -176.13365260826424 -602.0972189856428 -547.0196840783578 -754.8967419223343
316.05296912245876 -700.8903710673039 102.74774451862868 -798.4380949646265 -797.8863993240521 584.7643325130093 575.6521986561622 -213.87234130319553 132.2480210709191 842.8956787398051 -4.319808124122915 477.0094423018486
-548.0955993458747 -164.61471535910107 943.4125794788022 305.8363507918259 720.4119580443951 702.3237079281596 -843.4015732100861 -302.5284021577453 -206.76125588545722 -635.2311867164406 -567.3390498757469 736.038419228624
517.4441129401348 -96.46954634330359 -512.7495008621167 116.01460881458115 -457.8962356274774 310.32649274369965 376.1194490539665 -749.8225765863298 615.8621047728248 -641.4732959501696 -496.96457058430866 181.0759550383275
133.1438189806306 366.38656087424624 -669.5013228762234 48.91294177734403 705.1519258302706 -947.5471265789271 -289.3547537514552 969.7315583861873 -730.6847609497229 463.8237762960837 626.6856113135657 -243.6475895012686
-671.7258740396028 -993.8284514854004 -769.7625836237529 558.7410774466844 130.47894589278098 -539.9110061487409 -607.8000077127825 663.2679290315216 -463.0862929586765 16.73744546680166 833.1850649784035 -376.1661666919766
967.8059793626626 -494.9134162154811 -221.59557993969293 -511.35575085090437 666.5986042424295 -86.25180634013964 703.4704384123318 772.7763869617677 977.6076320418254 -114.25779305219555 -622.0447665351496 65.78286327388787
774.6919041731767 215.56619870139593 234.92374650614306 937.4318867903814 572.9994428258319 -699.1947306351507 739.0506836255752 -3.9576311129571877 -84.64674884053181 603.2715970048664 -791.1628709322154 262.74426057357596
746.4105417882201 -308.92619546530625 66.92493254992223 -465.23177836830064 -206.98276973127201 526.0426954847626 -146.47392034065604 -569.0652579749778 -53.889450534588605 -175.04124090809307 950.6546345881009 874.6152838491321
60.54813687761475 423.3161346364536 462.5040659832482 -432.76179701475974 893.0143004300808 88.20381601302506 -68.86166585255955 -207.97726227700912 -323.302597849912 789.9992887235503 -603.9301669750309 -221.28970616064157
-611.3861827840173 914.8053797093078 -916.3129904361826 13.28428807805858 19.450187772235267 42.6458059573863 -213.77952851116504 -280.9287973617942 -178.45334595168595 455.18763950157245 -911.6288502506507 -659.064810076992
-472.3592693272691 398.6307504374563 -663.2150702352777 845.8670924600099 714.5951877390389 -6.449320539036762 -415.5353750197854 -984.7224791229226 374.60900200319566 -245.52256176094556 95.81408163493211 493.85067422315933
-491.41221258379363 -123.79896114448297 727.8032936311911 -414.0441733448579 81.01650561528072 -861.2089239365288 182.7535548313274 804.1737032328772 698.8026001787823 89.01094131055856 396.20511798907955 -902.1227054276211
-359.5375904644826 718.9201630760494 -970.5369707574814 327.19549413835284 -330.76247716598357 -364.6110279625075 -834.3352359358187 -621.8477030797716 378.3738662906926 -217.06400946245049 -625.0046793015298 727.5410849281388
655.0591031347817 -235.16186482945227 -518.302966287983 -551.8360316346391 210.50614864558315 -704.9815961060917 858.5931596899852 -59.0749836154763 189.27441092086474 843.0218166572122 285.6972966719411 -227.8257404025086
54.45303202865284 183.51336200162746 134.1286872666401 274.6323967785522 36.972982835698986 346.8547302185955 -747.9481863812694 934.6492510424855 -655.5142484403838 -737.0547599192575 958.2129765782322 217.60298435826826
-747.1635382354465 580.4111164951084 -744.0762936313292 708.8116360672295 -480.92470430266496 575.6444074401811 901.0819561048447 -440.5960498484352 97.83222631185777 613.8267923453745 825.5075930319545 -663.1303702132225
-44.46338072342712 -46.022876257853 -423.47007163553303 -507.0415010599905 -225.74180768136955 538.4198558236703 235.94006241727175 -682.562772726091 -837.3570988112069 -96.5458306918008 610.7863842311322 384.4542335857991
-692.669430305392 960.976503465401 -144.22818039279298 -939.4168219304726 -194.22996841907695 -30.6900578831428 546.3300473306417 -888.5650216891053 -241.12388975705449 -33.40338068556912 -552.6277041390529 598.1545719331659
223.57588109700214 -113.01596050259775 -965.2982040500408 323.8314193363083 -136.46698532864355 320.53698475120495 900.3405872798453 18.799740007373885 853.6307723052641 254.80666526172263 762.286230159239 460.6579021166024
-845.719553588284 671.4709844317695 -651.061670478914 -305.15007878655683 340.3390367956847 785.1865912829571 781.9173589754566 538.7049598494241 -316.9845571096057 850.6328014052788 517.5303019042033 -592.2471790775272
-410.30186236441216 -77.43286276223341 710.135303649937 647.856310575128 538.3143315130865 790.764314425493 -78.58467330760925 839.1497305524047 890.3069263004834 -177.81748242609967 -424.28673775644415 644.944709100786
20.790269020764867 65.42429412008846 299.4456960919465 -817.3175837345725 369.89238415744603 -811.0177024993277 -556.2562694807118 221.83349773613804 250.39535739507755 -458.00919654186066 315.11948022594265 981.4396747844185
175.8763076661985 296.41413715663043 869.631495505884 211.22312683319342 723.0160029845949 -359.34854329857126 -34.69580794801732 465.38522086257217 -189.50127413125824 335.1799849708309 941.370383668934 465.95612032541135
-254.25945990725984 -871.7552408505436 52.3560556143143 659.3631164501289 482.7870511926683 -418.0290018191739 -264.9372427387184 -262.5184587190994 -470.73563698633075 -549.1825584104481 -342.14755142360605 4.050321790718613
158.8194810843404 -877.9132562470245 -547.7690152968235 -177.94393099044783 571.4974447727702 368.83613980944756 -56.34447833395973 -658.8361941488814 -661.5365465062387 881.2693648143722 105.13113196189624 737.72156801026
-105.07644670647505 572.2531147179441 -70.82535471111441 -890.0984056319832 875.1978767303608 -849.6556188115651 946.689469130419 -429.5483532014059 408.59129723878596 -876.5476309642138 -450.8132077293867 209.92528626893682
510.311853139066 909.5445568435532 -788.3128925863318 -786.0286975153825 -763.5794321554392 -742.9077618265252 559.5442188643704 623.5898678221968 -341.2129824090482 372.92016600445754 -752.1530080910435 -480.177345020556
201.89289469500363 -750.9565543882943 -227.29503389619526 -353.2252187768843 -99.36879896703749 -488.87216230125864 448.0408424209411 -399.3383174420651 76.46867395925779 679.0481414425994 -540.5579842197212 -491.55023037182065
881.9728396391777 -10.92854220180618 -707.8467333816218 115.92030577374567 -11.355677434556014 -271.67433729300615 -381.1946790033662 -754.9505367820976 -290.73209687321594 333.5502242793882 -452.0108341547915 -919.3189192046387
-933.0022939049613 -571.9774723987719 293.31431187304474 706.830388004129 775.3994239087576 672.4013082401227 214.81655282845713 -42.2936666756209 -744.528121466366 584.9506642731669 -283.8011875727274 -150.51884888923678
7.715860433400394 284.6108569414016 115.26703341268808 456.73428685356043 244.68518449193493 607.4169807032245 -159.35229236864325 -456.8190394783012 751.439875829705 -424.3307924338602 29.232484594267362 -156.0650444751019
-854.9419138562632 -62.100468687226225 54.98446620827508 91.87167159346996 -792.0213354934949 678.1007874742245 -658.2701236932746 697.4238067377557 -633.5374639176166 7.932742099129996 -176.60473057668003 856.2878026035264
524.5058742906115 286.07040033861904 -848.0533763692471 715.4854241087751 -904.184749671005 947.6811020775417 -348.7021855806154 -232.12905552185043 39.28885327137277 439.63999954673636 461.26716267707775 778.6333218927205
-295.4247967811658 -699.23864962262 998.3971879693022 -416.2390401684038 -513.6904684041828 305.8734276139114 377.2231984056218 -673.6174347837712 925.0275429439353 991.2143451499535 -539.2191480745817 -420.4742507496959
187.47936038220905 405.19490630689256 169.02675620663035 428.5245866539699 981.4920698950323 867.6732705847785 862.4376534868509 -61.5602838060538 -485.0245805756557 748.9800163488235 -879.3735766420132 -317.5993254649569
640.9226311915802 390.5500876865399 143.06366748865207 721.0528538429671 983.8789860263962 -971.8238737281295 -284.7544222134211 -185.79203115103462 -751.3141021088987 -1.6628464182361995 613.2913372921853 -90.06343590969391
-187.2701524138289 -676.2857721646576 -730.7973034122581 259.54013666810806 -876.6868365434577 -458.5765208995589 -548.563135366363 355.795981243366 -664.0754415285326 698.5121237065148 768.2826109170232 -565.3930230686317
-547.4567561519632 171.24634066142312 387.13776149231967 403.41599213144127 -130.73829859820069 -382.35642732761744 471.52709092021655 560.7539626806108 -838.2029276635161 -885.1142113396961 -405.34486952427915 110.96927822822272
108.1337696800972 80.83691386277246 449.7883285420785 -661.3277667150876 -530.4967239996432 -814.0785650024304 -920.6782358259481 -885.3684941395823 952.3872337379453 499.6820077979339 287.4301264458272 -418.6097969489533
107.68847228101959 96.89335250107001 -272.9446802478366 32.56928958153503 -620.0454050759868 -521.8369915193655 745.6421384444502 797.1289029053132 -838.5052462953914 386.87043286940707 762.0910018766056 770.1601504233195
-831.0036652603063 -539.034362657395 -679.6055243245243 -572.120823975661 -25.546401737828887 -292.99219182521347 637.6585728290145 -961.4176271910658 -578.0218868075603 -285.6506048392638 -761.4501004813478 842.1768538133088
270.75903107400563 -937.3140313139987 740.8223857935027 -909.4840313937094 611.9742345576467 249.86732914160143 927.9277093471442 122.25799399487414 -649.4697879803496 382.25575933546975 137.5470102235613 292.5789492203571
-35.72287684883179 300.05357432807705 -203.8222401580838 10.585975137592527 -839.4865024606879 836.729312881376 -527.1904865600729 -570.0183314577121 -46.65205123196256 504.5275671547008 633.4205356909931 540.9602076880317
-529.4728136859519 972.7873879646918 739.3570510525792 757.9875322815383 -808.362764787299 -408.91196771165664 478.4029103113364 397.06534159109424 -187.37151029029292 483.86081694569157 -432.9550830107862 527.1629809237768
-58.25212870373991 -775.759245459959 192.44610419556443 982.8557673596056 -575.5584234846283 799.1967781797464 -384.22076850315113 -79.37279760060846 -66.33295647137504 -848.3880347012216 -393.9747203052748 -12.901394573741072
942.3907431798746 384.7536973756505 450.4079907897592 866.1051259406081 115.34312962019203 165.25260948152777 -890.0416200407964 740.1142940096149 -249.21322548825572 472.91074040537364 287.74338420424147 -346.0902393422099
-492.5159466923945 -772.5989981273153 -752.410881835495 944.4388801272364 522.3345128899457 -585.3372309901106 916.4139583110202 578.4135740942033 678.7420881222336 -170.5120912189018 -761.5253893093139 -132.72111660855603
392.4901199164176 -238.04691861493836 124.15721296238621 -783.1225278520419 -604.4659546162974 -314.9628045905923 117.2205500290604 -503.1864426157917 -682.3474076905189 -881.6253639431351 -424.06596703082994 82.75922261747155
-503.42115336891413 -311.49205767409694 146.73284366180405 -842.3531084978615 440.49030334480904 188.65486755111647 966.2559597597424 -310.73740432034435 919.8959409875745 724.1163085492794 -487.9160887328444 159.54886229703038
-148.7957730159959 -316.89909684435986 563.3683682560072 -882.1983154712423 264.8799282322975 -475.2350096243383 85.0633484978598 -165.25821611470735 388.3680348645855 617.985162449698 869.2022455150825 923.3903682110536
510.0560300693576 -889.0599864198914 625.2621997073868 944.5231866787585 883.6314706580761 577.8520174310872 -742.5995246626933 409.11461867805656 369.6494388984804 -749.5280116571968 -270.75415188703107 -170.72235151162408
-467.72738266114277 555.351086204507 -993.730750073756 435.4276957559407 -283.4446217013906 186.74030341576895 998.9485728913253 347.8050449905261 711.4968890922885 617.8898078083432 854.086796221658 -764.8739451819368
126.98173109269487 587.3372058154414 280.68372318292336 662.4342662861163 461.5760499782966 657.2311442356086 -830.8471000564282 -152.80645274590813 11.003457682522821 760.5481236901162 920.1874516716082 412.5385118058366
-388.75636297924075 -946.4583262598464 220.62242901820082 265.57322426652627 112.4609995865219 344.21915635682944 329.90505184515723 -499.14954914073985 -310.2937687958745 452.5400749029652 599.890821735419 531.3623885843376
647.7320671975981 -212.15638396706595 -982.906332501736 -690.6983432886138 -737.0006685679557 834.9194667301222 -910.8326398578723 939.2611430206427 754.9947308457981 803.3685078322321 -233.42784909566853 -858.6152868947747
719.4896436649858 -238.1053506556101 -333.0991251847581 -97.02336081302781 69.84930588205339 -27.93466749108495 -260.7802909187807 350.66447355914215 -697.9971699838159 -651.9578726036489 -426.5247621980925 277.5701890421253
-262.83106131656655 -977.2337976568597 -301.1189470984623 -498.40395369409987 665.0954841773657 405.9069200914382 771.9623155113359 43.67327066509188 467.41214956268414 -815.5287280957075 751.9719907174078 360.71913059144845
-122.00912142375444 128.70957622071592 -648.2194961184653 677.1322931185562 540.7643279108759 -72.70365403807011 -807.832054087549 232.9642361531728 622.0874135449112 578.5821405060524 729.5738054926637 -339.4822506325472
-787.8245830015073 467.56447516843923 -226.7104165845384 622.8375595925415 -270.3932771692938 559.8733651763107 -473.9623466992165 965.2633656043556 -21.689828672985186 88.72877199417348 452.0406128986308 -760.8496721230033
-847.9542087567013 -272.09900515385584 843.5995760200533 272.4351194610856 -884.1790363979505 -168.19203079544627 354.99609323635036 62.17485250795903 133.16288596356185 -290.3712060642538 -506.97966535721474 166.19706142488144
-852.0796423931954 332.06252993727117 -972.4711192777588 -507.75801741601924 893.6666981369967 -722.851188987679 -381.99486529443095 -303.18049807645207 87.24086336626169 420.120231683705 -496.0575952478579 845.2861091285267
-871.4729572867939 -46.18840145576257 253.53210721358755 -855.2642348030732 -444.10653215010007 1.9686042857593975 491.97206182534705 563.9841266898568 -672.1085438545526 921.8481646256134 -262.0733665108586 -78.93761769536582
-816.0583708413403 -809.8499529261555 66.57261037143235 638.6217945289031 -891.7041371181384 -279.425276821401 -567.6239785391285 216.53315227152666 -848.1702807621742 -413.39730439045513 162.50990991847834 -96.01718881178886
-168.8934629408194 -516.4239569557232 82.0944546222936 -206.1111632583894 922.1250230880664 -808.9346800687421 887.8673714458828 -742.6834669107493 -561.9381195346302 295.6064387253016 981.0953155586815 -767.2191139175866
-427.58623168506733 -140.27311206640763 -490.49169455183403 537.023167466207 956.9894133964292 -38.43925318875074 389.49836050064937 662.4454824526592 809.0000487827092 -868.9568929946572 -946.4158551611935 187.252080715047
567.4702727140598 595.1728980086752 511.78960617311714 -464.3086638728573 854.4186717231005 905.0446251608298 908.4243497720806 461.68571491073203 234.30076899464257 -314.0205106860243 786.1832688258828 -713.2721512073725
665.4597316238662 -279.8508049238775 -557.025707485044 691.9809350049618 -121.16605622709574 -644.8596970499452 -785.1115759251484 -103.43813539313396 1.9872036652972156 -866.5296196648804 -489.12274549983994 580.7086109793281
-657.0216582315397 -789.600909247465 139.0836977248025 43.845577459978585 958.2957339521734 757.9543604713951 -927.9890326786934 -801.6536105784642 -921.539196228484 70.57381961245437 615.2794821125153 -654.1594372010088
-569.5652707527765 -656.6651033196855 218.87533058032045 779.113210481046 784.2230409777867 -291.50487342517283 245.2796624165801 -448.25926889954553 476.84251314618837 220.14663233539636 -881.2038898337211 -647.0616885846885
-352.0253527583717 -245.25350115975425 373.3346675578166 -484.13183152343197 364.7177219929624 -381.37955671539305 70.75939640231854 -973.0779673556144 787.8529809586801 -394.21164221668766 985.4654975711182 995.6352184025898
616.8762865062374 -188.0358429997642 -253.98593684001276 341.17670688177714 403.15294250879265 182.5215345827571 -660.124952801549 880.7029781277943 -119.43746355063229 185.47832841231684 788.9033186292677 588.6963190296694
404.08052240076563 -761.6480463555304 126.01052798187834 -551.2965582434254 -164.81216862419683 333.06447652696966 985.9674292393947 -577.7768221007705 -326.12163324210485 -944.3358109689109 -30.848687035752278 145.70995909177327
884.8034054460772 -800.0309633892424 470.80909741790765 336.9604311265564 630.2539463719279 909.1259344924699 504.9653544404896 -67.11849773970789 71.83344152295558 -420.4188938470668 310.8461258557554 36.4345603412869
138.66570061715447 412.5302768833958 559.4102004781396 -672.4990771258634 -207.54475757756813 314.1480292916551 -727.4766593411478 -303.5067826969373 -693.7786388036698 -419.2509021949047 846.5021977459417 718.6735589393516
853.0232889673305 703.6665773822481 -520.2121687150538 653.4265404794119 349.72063368705335 28.983552088009674 -356.1137689150497 -885.6726497882221 636.911964514054 -773.9078994536617 -534.7195096969597 123.69246842276539
743.8269793102452 449.0422330944739 -46.82616726869912 63.74887894075937 -889.5442080318971 -90.66333492754802 -638.6163449952236 377.94680530376263 -946.1407226063296 184.88019372038457 -225.88777004446854 -417.0368787701242
-319.4622567706484 120.00983509186017 871.5752644060631 -733.6320406015566 -537.1859819758492 831.4356058963097 265.55025673183854 301.8870549709659 -489.88301079464946 -898.943561603676 936.831253703783 298.23547214729933
-660.1654673374495 802.1485962796498 797.3402487252818 -309.850413003324 397.59755318367775 670.0371343206948 -314.58570155844984 -797.4278922922713 882.3207933363208 -245.61443950350292 -320.90497134825364 948.3845691203758
-8.241185414351548 -183.67754677386074 380.52760933153377 77.6396213211558 -747.4608768133335 687.9911229514914 -634.4054355318896 283.54449991897127 757.6295448840945 -980.0462510002912 -608.3391184961371 784.4014991219324
212.94208281247165 -660.9607667025475 881.821698091065 -499.20108834683674 704.5466697762397 449.3687089452087 -846.5743353568387 -195.36896179264534 -404.3102436609123 268.2173326672182 651.4660745771673 -828.6789192522252
850.8132160077384 960.4786438600054 -76.88437016532635 199.6029266304131 157.61319534773224 -442.16686761981896 873.8723126030095 -873.6238630959132 -840.5037357525782 309.92534572159525 441.1963070062136 930.7260273652464
-785.8880187095134 -434.7754048384003 588.0517430591406 313.8604794725095 -760.044738099147 -171.41676273105543 -588.9360099011963 528.2010763995452 -196.98399628743005 -126.28191729554055 965.8165848836222 671.8029247019058
985.9294756932709 -125.506009456156 -459.8258386922014 825.9664709608114 331.04986620361433 830.48670299641 463.67415284620165 -892.4337289928459 -442.4767914902079 418.1793144520127 -138.8851752824272 -471.91428977392127
-101.52951711220521 -550.5852848128538 -973.1050412831875 -428.90620606471396 -572.8318179108926 -682.0371740935047 -24.623516832100336 541.7966247559332 423.8687095814398 -116.80307119984354 -850.4723222517534 109.51481071234889
642.7024343237208 736.0134541724053 -9.426179864595383 341.78064953898115 -12.737717843176256 186.76170012765192 -813.7714022983142 966.7068075356019 152.1765100639102 728.7988338050263 770.5389464539187 624.9516786894837
347.46550623530493 -840.028226914369 952.7027223466139 287.40185349262606 646.9853083881471 105.05620882047992 -467.1740338484907 473.84033614228497 547.9330191295919 88.37604169289762 213.63248000953672 245.40825074990266
-366.1114891673516 -634.8067966017379 74.71520651240075 -390.0612739422613 760.6893902644872 645.0444240252584 -553.9380509268932 -541.7208215180829 629.6833243754704 185.21498823125899 310.0747373077663 -350.003105960071
373.4580858702798 442.4582623422548 -331.1914804575147 -349.78028352108174 -962.3745434295352 941.8144160297234 -759.8567000423615 215.2193664442243 474.4485296521325 -774.5834680663706 -833.8813130146059 -774.425230632229
217.58020397160976 473.62197541452224 277.26520583274896 744.5894150351526 -602.852696102226 811.5718744928097 -184.91171165410253 308.87291199172023 -307.51701941451165 -701.95533430413 58.41579671316481 -873.298219507109
331.5899719939889 -956.058961609303 -427.05211329861265 831.8932957406105 -578.4503837506568 563.1293101780634 210.35886141828905 -190.57649930027014 596.1578295991276 61.41508090118282 -134.87032155965403 -443.4190926447985
250.96284130174877 -260.43368999055576 322.2127218337664 341.42857998272143 618.2960056224235 214.4829065106917 888.7202896371575 -611.6174706881518 458.20920329964565 7.252848083560707 301.8261144730525 -661.5391116775884
-978.1155664882597 -479.95691595947676 -873.3404871296167 -423.558174438984 394.584335543414 -772.521708776653 83.29158178641865 -200.11630918116975 778.4179452977455 -200.43488486040337 -667.4813362082755 -490.6300677515025
190.79458365437927 495.0937136113723 -797.9823485739814 692.6771900995097 -609.2641500960578 -572.1897945137426 -354.6147609020019 703.8648181306594 53.95375402066429 -612.1370131122494 542.7144940159978 -813.119426907105
-471.2503808499997 544.7779912985359 -308.6367314974234 329.3443512107731 810.4936510046064 849.0265729818595 -999.3402423965563 730.6323229728566 502.55912439460735 413.0390195226514 194.57998982489107 821.3331188119098
-20.072128719968305 -735.0144033474417 -379.8534617931142 -934.4167676640008 -884.4494735199385 -193.26526384847557 -431.5385786392269 579.5811329629005 174.29201801263162 683.4663696359912 -733.9625642664641 838.6655249936325
87.20126572846584 -634.4330077898585 -416.11071507366717 -968.3812514152845 683.1997323855317 558.7266164441626 -45.88128095876539 -939.5112718130633 -59.680584362549894 -253.33094486821415 422.90735423904835 688.7929743089403
91.67269461231263 -726.507544058172 906.1121629641941 654.9361808437418 -687.9226842346269 465.0856934507026 -775.8046773017251 -897.376682614504 908.2575086999727 -581.6331736336645 -13.99051536677348 -555.5223799044109
-919.8401482753025 292.1636832070442 706.2897824056658 -936.3324517260962 -108.085102046555 -612.37316758224 -837.8209672660755 673.003449208047 -214.20695231071534 460.1057964045351 -449.98977375246545 -517.248616652146
24.980230652488444 -774.2174456253329 987.1983454821564 471.93697436535444 942.1650916490505 -530.0454463551769 920.8087992282449 435.9646520239278 827.8150146948931 942.351685929506 -87.94535481417756 -359.17559654007823
-788.7915475892655 836.5131159628506 209.40829184510585 412.97429642105885 -790.0444947243146 -513.8585586930961 -239.55763667225312 635.4320077750497 -677.1551664782687 -877.0460796155346 183.97428018797746 -267.99244136678885
-910.1780940445983 -717.0282439628356 625.9756829889734 -650.3254684105042 -735.7885392719159 346.65813828974024 963.2545977505847 -697.7011160921713 -657.348490493124 -251.0402562423302 210.180569828628 697.6544784879231
472.67839595274995 907.4424022722424 -170.15441491804802 -922.8277833187794 416.84628126159623 723.3334590562104 -434.5747336369186 -316.0949850165056 -686.576232205522 -397.4116505022233 -824.9064030198308 -216.37108721948243
211.05289028672314 -74.35929461596766 -978.5519813557844 -770.1033172421794 -795.0411455533075 847.8106652838767 -191.99083543111396 -786.6661467016849 96.01526134843152 -853.4919132692152 975.4180393585696 446.78895166807274
76.96146922885305 -280.88080665685175 -187.47478622661947 319.30214070486795 -53.91823869689597 -980.9676132211436 -544.8605519063252 -378.87723600458025 -37.91172221988461 805.4809012719047 779.6635954452067 -185.71782922533453
-198.3782145679205 692.7849639269948 -274.67100633617656 386.74415803856186 -101.37673926053753 735.7710632664714 -238.16576585120447 525.6886303130905 -891.9914287378161 51.649455899304485 -276.74429563847536 186.56805106110505
325.1193469489863 -176.8883084926813 -460.20873192888257 691.5371306870609 -878.9386876759952 770.2467258491154 -950.3004930116721 -261.2882139804826 968.5571742692123 -834.4435869198093 -421.87103307170617 792.5961181896407
-217.72706513536139 -515.2105549622536 -375.28608873197754 -645.9922937315041 456.7104108241906 -817.0780104343098 -635.2202272645206 903.995003152769 -726.7148626917763 428.3540448896208 82.5956797962233 -850.5543734620038
805.3831495590359 -852.6906839857049 303.7658935168324 -762.2510194595773 -794.6154266030179 796.0089760435405 555.3442191821812 400.39506669624257 -835.9385124619782 793.8879338589261 523.855310263948 417.3402275911196
447.6674739464256 -132.9503296349004 -659.2994925794407 -340.8827514395782 -280.9585273604396 401.7486366565713 -983.7892882279293 -543.3704030241529 396.0144534352005 359.5448651519398 -250.3944161421316 795.0210597508569
-744.1569551207549 -209.34551066052313 -224.18180694978878 -242.42049732439773 -453.5075913841589 70.86822886607592 866.3444480203837 291.79974599019147 296.97550808638107 -617.877425650875 -873.9158703993528 -978.3807806847886
-882.2308191642796 -120.66999659587066 -914.5554565599823 -999.8732738395613 332.5602590494184 735.3599053115038 -71.6583009442437 517.3316668278196 -390.2776608793854 274.60745755507673 -107.5803911397735 -816.5786032061302
354.44825117127084 -636.4318876981649 846.4965626293654 39.40754510234365 -672.6731711890093 308.78216267991183 -978.4286027728264 -176.76275978998365 600.1129186588003 -90.44370976712912 -198.16548450787332 -840.567411059343
422.00530143751826 682.0344842546701 -447.76326002929227 69.13581236720302 -785.2511259400396 913.0419419592758 113.44188120585318 -85.94420153612111 355.0002137682279 -427.31382235965157 559.7446907934914 -873.0936419855586
323.67514215772303 678.745564861601 59.090815061399326 -396.0726274748487 529.4891513796101 58.80848124076783 177.63111668407146 -383.5886783896574 -859.1768117179774 599.1948069429313 -832.0916950331278 451.29144939265507
349.05995272671043 755.1809868477665 506.88779971381314 151.87695899954974 965.7403126672884 675.1459963565976 -779.026989081068 497.7288761157247 -144.585934492486 47.105469241804485 782.2713486568323 -905.1820645257402
-154.985355422393 -99.62915930326324 436.7880250677954 -905.6584692648581 -981.7061113123589 92.98361677707203 -615.9064835551956 599.8085772005936 -265.1441982393519 -597.8715948959106 238.49200180987464 656.063969086053
-118.5807536692098 -852.7857125659843 103.82657486423432 123.06580183822894 500.3170365801891 896.4080332416463 287.53346355265467 -590.3757095539129 396.46117167782063 590.5071928189996 -416.00126805488253 571.5222615681944
130.65255663059565 -0.2603440672542092 -344.164484651694 277.14407983966134 585.8216259175933 -903.7716351039304 275.8826029420611 -955.9093621682653 -527.6327393167481 647.5577999341231 761.3029709352229 700.6189515305289
-686.9957271600456 -535.4132051571196 602.9570760547872 345.09376230091675 -940.5676458686434 -902.1380243023029 -926.8611132114996 -25.810927727593253 -336.8955180578728 716.5131942102557 -837.7224928806078 -935.1534768725355
-700.2672874943589 32.0199771119228 -388.4346080402505 923.1278828049917 -34.7654539100248 -902.8713405911722 930.3439756949656 -819.0199354893748 571.0641811420546 -827.5655164987115 675.8809123478713 -368.92509112212554
-612.4682573082628 -892.8386517365159 639.7568279696254 -609.336737986397 956.5965140205208 -822.8516587308261 -1.2073706765414727 532.9038377118368 594.7353473132782 -460.76639981209837 610.4084176229824 517.3472589792152
791.4807866407236 -683.7521744709645 929.4686651081415 -780.1129484106536 -642.1038657775189 -279.35916742868994 473.8769182098438 -530.3267417199868 84.52484458993422 -318.3988941368017 -269.20484806683965 56.92170627723385
382.8697942609849 86.0284566470882 146.16515273734308 -452.58114078271876 229.19155936910101 786.4131028233294 371.9846969980083 856.403158326656 884.5596637138685 675.6584410087887 -382.0353025232031 -880.1432187174889
972.6837499350036 612.8286497783595 718.8908920191991 -902.9283545672063 -569.1996184319496 -987.5623849454034 -508.7361138170936 -73.85160003081342 -663.6781144135082 -936.5099364134273 948.053239287048 133.4939025871147
-916.2507064605734 -487.96429498531086 58.98848255766097 256.14333079767334 -330.9242798552925 428.27132875533175 -606.9889564841912 554.8969910607941 -434.432614241854 396.92655516908167 -495.59651487683885 975.2221605811901
726.2423662459348 -72.09413506576686 451.6389603829841 239.54723486534886 678.6075629665347 -801.4829352453754 556.5235953299161 -553.2135774612088 -45.76032362758258 -759.3730815753927 -740.7757021914963 -260.83934502760724
-662.9333685606209 485.3882361770002 -732.8935684575168 943.2005099293499 -596.5322392994357 -818.6717395527303 653.5179832144511 -188.82310131468148 -437.91606953147743 -897.9775800852658 -904.4482855976594 101.56334763936479
-502.67195684018407 -166.63598538181623 27.127459017295905 941.7848624313399 459.08871220496303 158.5608151177762 824.3291345058062 -937.9500012216886 -145.24961578561715 565.817538321448 344.473664734493 -210.38512902120726
-296.8292474544252 111.36096797382629 548.0538405699399 -666.1483251518854 -269.2378685279715 765.7128560202968 -253.09419296500744 -7.084399934516 398.82276122204394 924.7202327853265 300.67246970174665 791.8271343300978
-343.1830032676153 54.81383039213097 344.2837156924595 105.63746923292001 -514.5689475962982 -265.58417664923456 -69.36747741517581 85.59873954118189 323.43813588989565 -160.87521217173446 -634.2086938467376 -48.40811490749843
-660.1892674259457 -990.3020600695452 -969.3007367353237 901.7831107689206 335.7207220811581 817.4753252451524 461.05727719024503 734.5595353386473 -981.081744373628 416.6726394503387 941.6494135894359 26.81405149314628
983.829353630452 -807.6005981764515 780.3390677645407 -140.6392294132146 766.0822280326531 -829.4459713646487 -586.7901614928526 735.062838698399 64.17269958716292 -407.41547251021814 -309.3241895425349 -849.4242228722921
225.03180900412917 26.420351690059533 479.68979920120114 -104.35166328261164 570.1770087521616 883.8048383685802 -858.4561524804906 895.5701521612518 525.3685461742386 -769.9562286792598 42.18880406254766 508.5967499808585
-756.0891400781367 627.0951944749747 240.76343665795434 669.2679575908405 521.3384632116904 918.1687680459308 -179.18564756016292 409.7084018107944 637.4717182709169 274.1812832126818 850.8973911141095 999.6094903388953
-476.53142048800714 -198.88768859847778 68.70622140145747 27.76068336323351 242.88915133511273 494.20732392889863 804.5770536282569 -873.1014094453662 81.73146732241594 -679.9084430615932 -437.54208378531655 650.558204822627
872.7421126421018 -507.6275891179951 -317.7400825230625 -491.4851180107083 -603.4301045734699 -439.86435448010354 -850.3141231033735 661.6112999624763 671.6335138674699 -806.5082050843855 860.4003165345296 349.7895524835194
974.5307328047484 561.9384542923585 -659.6297826441935 937.3250662733385 118.73547079536365 315.87433180268386 -462.9482272663223 -465.58414385468996 796.3224297683103 909.4983048860804 -485.63251813153283 -342.2548755117614
617.1265662624742 910.4046633452504 605.9617950485149 -32.97439588378313 734.5209331012281 -39.247021918662085 -114.43172441411377 561.5325816744396 -886.9812461740605 546.0032680721272 -180.18318512419796 934.4061730650258
188.12042228039536 -823.4613967973869 -68.23845715574191 527.7999600228122 -496.12227862926073 310.9960321416588 -116.44829204989685 804.9538739810473 296.7585155515951 668.5704738117504 735.2353181136223 -386.9646266931712
-755.7174370910675 -648.6249414659393 855.0473908957918 92.50474304484669 484.38797665395396 -68.97935832595942 851.0337935865616 -234.3586822742219 259.2664870723736 538.9423890440601 -992.6690965288441 624.7639279684399
-286.735894596506 149.5144452870545 -805.2697141422063 347.23103919882396 -89.10864124779323 -475.57383155630475 207.49616632468906 -328.0105559176809 -538.0893831814524 -204.2720588090749 98.49617842214661 -429.65908089107427
-556.5269342368664 -248.270955740413 820.1291421155147 -285.68226178293776 369.0366903756451 202.04809930904617 284.1506003730567 620.3195318061455 -39.64878677530237 -155.98851973344028 -664.1476440057055 415.16239903971086
-65.96919108778661 -629.1440643513495 -793.3971677878395 909.1806130452671 636.3516604823021 -885.2354720989781 -164.65109294355716 -268.5651665887243 -157.06568968090266 -866.5634834242442 -659.473614696328 697.7672021229405
-522.5642993097171 -120.61119004738737 -427.0845027000545 -514.6268875977362 530.8842960975969 607.0423195263625 -600.9949034261197 -225.51658969425455 225.83699988828425 -157.25727522184638 -29.57448716563738 383.99169137442846
-709.2786905607522 -528.1722981650083 943.4059352451336 -543.2179821965186 841.3533311007186 466.17926426984764 -506.0850541998645 281.22286129856434 -367.18692304351316 372.85195691797185 -577.1412023475737 347.9559371483824
19.255257007638534 -742.2285794397643 -442.61729576938853 -218.77857476801705 648.8976315904899 493.7069652103696 125.91109083951392 -974.6661923955706 332.9520402654184 -95.67602662371041 869.0667982785287 384.8577642438272
42.06103681743616 -366.2748934031197 892.25497164489 48.46910365234021 -577.6026728996083 469.76716799670135 1.6739646294325894 684.418758341486 407.756524057623 -544.7191378949362 227.13193971314058 487.66621235300727
-910.3463804359178 294.3434415836973 -633.2892431448018 -819.7930706843676 -398.55596887387196 -793.4952451835824 828.8781362770023 -658.8136918084093 748.1234771746635 -473.3227123758967 -99.68744273964899 -698.6790170721613
-201.41787012628743 -742.6190815478985 -935.2922351376844 88.44575389993224 -737.1526544653361 -463.00727209864294 963.4894327228142 976.4102294949521 -645.9599186005598 862.5309174280799 425.1891553306468 -253.3634088664461
603.0298240134202 42.14249343200186 -139.13726254796143 -513.5556081568002 -985.2353662259534 821.2934271670467 451.29924069390336 917.6250450790885 878.9868527077645 576.2949017203318 -365.703230392338 343.86342905502715
-56.59188344933261 -700.4278714394657 -252.47006468305062 51.440643406869185 61.93786200209388 -968.8472725251252 383.7807283833281 -741.6881878625541 791.5374601803412 830.571841735991 654.7324817924648 -416.96889174739954
616.4347011647592 961.143536394406 261.27343957141466 -934.0044921573525 -346.1579255013137 432.85944869714535 480.2393217966903 -967.6173424908266 259.04117429850044 -102.10232782233902 664.807694047417 853.3127342089806
762.6922687092615 -91.49082840332755 999.1169329717341 541.3296950942238 671.7948844858488 176.4212602530672 633.8551340114172 -441.10509258699153 43.7163276461406 494.49142226482445 -566.2325998579718 -234.41570717064428
478.933504910038 -855.4256640968085 -61.81646520798495 -848.6921998121213 481.4568143955971 971.7971855715848 770.0831794181058 566.6879689685406 -128.05355329620465 415.98336481044544 -263.5729472373896 -856.2981954326933
-747.9688934978624 156.09029830061104 -366.2607445381698 -629.0344880647344 -929.9592264768633 -657.9641786142873 -298.17579298099804 -593.2467998510866 592.9496280901726 473.14587032111444 -623.7312865577096 816.2630710544379
-407.4871213243199 -558.52732316876 825.1462993159507 523.3959944747751 183.5366031852866 377.0503333021045 -747.725070184883 930.2848749141363 716.8134043651596 -183.77538314167043 -618.7064812991381 -249.49482270784756
549.1239198963822 352.29563182011225 -270.7714783184383 158.4183340368652 620.886668532343 218.294050780303 -204.98415532552622 -252.0983250890398 460.73876454325864 966.9606370733507 -64.59319999633294 -699.2611471468604
726.3191641979633 658.5840403118666 -200.87967265849943 267.28873249118556 -297.8025492253904 -609.8551355914908 762.0434543137544 -972.1698782308162 -129.55495158493034 156.34803020975664 -806.274061577963 -836.8435228640608
194.45885043423823 936.0147318677314 -971.1514800103722 -36.35169413228084 965.5887532119946 -756.085184772628 951.649401408562 -937.7414262451969 156.28279865905893 92.0594631657084 863.1462104635889 593.610260511404
-785.4768865327861 -161.49850205567645 252.13606184568425 -543.6439573330094 -848.9909201584898 -72.53589336323432 -157.07979069089765 518.8880418780984 397.88199951772026 672.9401561717852 965.6637622181322 68.86589725604063
-957.8428105575751 315.8926609064424 -459.4270455965037 -349.56075696892765 427.4976542406357 535.1127679929216 -468.42250327043416 270.99213042676115 556.6811964134195 -417.0391405993896 -499.33128762565724 -698.5904673300702
822.4347047384679 -415.78706096639587 60.357252492868156 -297.4607952224999 -328.024819950463 644.54923707271 688.9641503812536 -618.0868534706176 -32.58808429957185 -258.88916071454275 276.47868097365654 589.6745947491279
-738.5138247372915 188.17497312489922 78.18031832808583 -91.31239546398115 -294.20653222507326 -382.1270407102053 -487.0562688697024 917.7533904284812 387.42090875745885 -33.78863710160874 -726.3694342643864 -91.32389058042543
-502.1023874316619 -630.3617005189683 862.8074682993356 -825.3190383245638 -145.74522078216387 -944.0036298680958 -478.21557055667176 728.0903953393336 -788.9793508155809 800.6807307873978 532.1001746657498 983.8911667033553
563.7183080841621 893.0765768669467 831.4356808937782 -553.7332696441945 -859.4037938457637 -668.8472504179692 -195.82059390468953 679.5362809255107 -255.29381312769738 620.7856809188352 415.3458365439874 -207.35293837319693
-289.9794360195085 -211.24107776455992 883.4526555663883 -259.30769235871696 463.2821074079857 -970.8083667247424 -517.522594515556 -668.9317466888754 -167.5980095234255 625.0522633358758 -434.65943986600644 745.1881570090816
572.500097174116 731.1528620750928 -262.24545818912475 962.0650037998103 -363.63510102299074 768.0222578215801 32.461962042146524 157.56505512587 -759.8098673651157 302.2173726597864 -14.24961235425701 44.12309960438074
348.3119537241778 608.0495178101005 -239.17798785536343 280.58984829709357 -827.3982435655147 246.12359045992525 550.9227528184588 56.02114373488985 109.27839930361915 365.1619684765924 310.8615622652974 -523.416793183736
-157.31939938742426 -340.6808712319986 13.384599941975239 -249.93883666582974 390.8121113997156 -843.4537543571297 642.772620291765 353.5757789095394 750.5028652876429 852.8551909927037 379.68751572100837 -756.5606424075085
965.8001041547875 575.5601850360272 24.67379608535225 956.8034920719667 956.1655526415936 -414.4350188916442 -761.339252672433 -478.31632921543394 302.17379304824635 496.272968856769 -764.5665397293577 -71.27854684874603
-621.7876287204502 -246.57676299616708 312.9268837044417 118.41566379937603 971.5515690509335 -79.59180569817659 -299.7967838156885 369.13077181796825 -85.64083121866338 144.14397838553305 -900.5188271836408 588.5397856742402
-901.6626764515579 -906.2347407850302 472.6716477907214 -483.09066358280165 57.39943393386534 -880.4501879523416 63.31536336223803 -950.5093611260634 -380.47004059034157 -860.3303201537258 821.4197775564608 -918.4517250414008
-736.9865566862741 -829.030529727341 -489.9054836247243 -503.3278871685032 16.254760395126823 -25.84158077467589 -503.4705534625661 382.01907676263363 119.32505037828923 63.9545186011228 971.2142315806243 -533.7441375623489
423.3139213354914 958.5904266955424 21.888132781244394 8.600209978735052 861.4355633617656 -466.1400181619115 -954.5905045605036 399.08578309284667 -980.382177060207 898.7220495634981 511.9936125708582 258.35266800919476
583.2213470158097 734.0410933046494 -26.260434065536174 843.2279843864094 804.6476688449577 -553.4110962434418 -256.033450879622 43.998968286296076 17.884114522381537 7.066710801769432 -316.5197365550225 -261.2392584877623
-278.597900410271 315.1816837248848 521.5815018549033 -728.5362360708476 530.5613061681356 -786.0368488052884 817.5308815531555 565.88040077509 649.3005496763244 -254.14201769215208 -997.3964564643217 -200.8753390920466
-449.81872092766343 79.67669896538132 160.4926502740966 -122.45889507075412 -166.45346392275087 869.5036206453351 -662.5665212690246 630.8039458301137 -451.4205174277481 -609.8077472499658 -986.3662544953247 -559.2622053768232
146.41332699835516 360.0830116939285 813.3050231369577 587.5473501235297 -174.21667431157232 -175.46729656825823 -381.8649366942291 -285.8700661444118 -869.588564952273 -393.1837420505484 -864.8487170109254 -885.5350047421354
-288.8181218656813 -308.5348672592976 173.19603291888802 -963.7863110217164 -282.9652628715287 -550.4420568558039 -520.0380823707078 728.3588887011365 -211.76757357267343 649.4318618408352 415.3771325258358 -940.6685596321582
-486.1464771746869 341.87215149038366 -952.3133522078524 -228.42227210863734 738.7385690743433 -201.4739012679887 579.0361590845973 -279.1470233410946 938.122239143336 -488.19546751104116 -418.2963607778098 890.4528037222062
-794.7489245125199 -827.5592962294462 381.1805687164069 -243.97607592150666 792.5303808391955 -87.13815194231734 -479.8434444170239 846.7245260021125 930.4769126124927 -74.30757282034199 -567.6519843480263 852.5540612069699
-698.0821309357652 310.8012859260889 430.8128475328672 -336.0876647634201 -540.0944413233843 -725.750658009151 630.6556349720081 582.8503701369686 -325.77345756184934 846.0504973366237 398.34503798854644 356.53824473834334
-274.54438026512014 -366.1198583456194 -372.785375671411 -777.2343332047425 153.10748916779926 29.182740461257936 880.9844425548761 355.6969361810784 136.94795388119792 440.05527966043724 -751.4590655072407 -431.05921974041576
32.15547018797474 -170.28769784430438 624.2612221704151 -577.8769230325081 797.5128779772435 145.23010006676395 590.8502952139193 642.8389162618498 -884.2655912810935 547.1205539732839 334.2311070088624 307.34966969343327
-404.8042245219534 -963.7872810082408 981.1104215609055 182.1802235147327 92.4025560600328 -627.6831997976535 -303.1256105474978 -267.38935732276684 297.9623483955104 -211.49234807847336 -334.34956307994025 -720.015979958695
77.69337693232819 36.822429841854955 395.3038890706448 752.4651597181946 -432.43071058471605 751.6608840438389 434.2957851673216 147.67508695920446 611.6214633719028 997.001488549545 949.5637070374598 273.60404977348117
306.60795216569545 773.7163010033441 760.8148333039164 469.92525563325376 -27.56175370258893 288.98412767947434 -427.7786734926534 -972.4768768000163 452.29635217762257 567.1833476953473 -631.722453948131 868.1822099629571
-437.18431584725283 897.2632532762241 576.9234870243001 -864.5193042522437 -716.4216505173729 -910.3765323991029 132.64572815113866 543.7982718538428 -248.29445837226706 -376.3943118111157 -303.978437101399 -517.3267527977498
310.320148545552 -651.978956013392 176.49120125591298 -944.6445418117418 234.45960851075165 31.83099438059162 590.3348113072495 90.1219231047778 -105.97248901819569 413.6260070841993 -249.9117296858309 359.082325175146
-262.7045797757313 -955.3809718253756 -813.2375697074231 -780.6772998444054 850.6366703117769 -33.4311207453095 576.0724399815072 -495.0879270212767 487.39073146579267 691.5696932257315 722.0661402480689 -350.38510993469595
-733.7679432125421 215.42065116412164 -814.2335175320452 -629.5429220693793 833.6017596941895 261.42061286890066 10.89118360419809 -489.7687919146783 624.5774294179892 149.00976926147678 169.97236199567078 -907.4004496486355
-974.6335651900531 670.841493189469 915.452088526587 -438.14572715606164 562.1633332270414 875.4370199711766 -220.854783733697 -794.2935564289681 -569.6765110089182 -440.35762425178484 -393.2177355806224 822.7578525943134
-813.3185642404934 -602.1814182265573 2.258430584580992 -701.1065555090406 -764.2716650716252 -457.66812863966913 663.9822738012333 -476.00564465051764 978.9226686086147 141.0724541409552 -305.62632228454675 -121.0713108043924
395.3746542435822 -887.9919600591934 548.7390162373213 -695.0095326540742 910.9200321011526 -843.0459685975811 308.072573111918 -497.1844302976145 -610.4644968873312 105.04123810008127 360.02653286720624 -353.68434152024736
-9.683144241222635 -925.1042921318908 -243.76647608129338 752.245685648717 -362.6596531995641 -708.8370167735898 -848.0586457239814 -575.9306232187764 383.94548145737895 614.9562510344244 556.6428116599118 -805.5902755025847
-325.6142838433425 386.950600612867 237.88669124484363 -565.2480345321205 -86.34204723668893 -319.5674222888267 -470.38127440809023 -656.1703468808678 -314.0978600885534 -572.2353113093696 -775.7746513870851 695.8983690473387
409.6941787242729 -182.47560631587282 -201.36654594580557 969.8077789315439 -246.59264096119978 -725.0688106713181 -253.13978954986953 -646.4839167966202 362.8767816888676 -153.02453601425054 896.836251533844 464.1113697072533
627.3481005621277 -459.6962512843435 -81.29994169437009 -215.3087887035348 444.9496917772583 -728.9801853486488 -945.8703069337769 912.6863860790213 785.6951818431619 427.4040098030405 116.13079747711731 -546.0700599385002
53.385573170035514 -265.01291965311634 -971.4959373604397 -665.3504622728901 374.69908383625784 -308.79680158273584 -132.6691611304658 217.09436429231778 816.6837773891709 479.3178619852531 -66.05181281747252 466.12268736921556
-471.31201340790915 370.58532080922555 839.7758858215727 -551.587476030903 937.1916945644623 43.1413645148034 -373.9395831088858 27.103533275131667 899.9980867045665 80.9418448962781 272.6602194899458 -360.51919745224257
-277.31993377629 557.0038669166963 978.0035709254755 -199.61972941452166 762.5121341514416 677.0151102919315 102.54248432160512 -403.83743692053906 -782.3389192452486 920.9005770664171 799.3969109536929 -667.9999857323289
-138.77712250036643 511.43673006788526 -439.9811928700068 -849.0805612784025 -886.0042173996403 -516.1899889637078 850.3655792067052 -603.0116254220488 405.52381513877276 -581.6546172836195 203.23233409159843 543.2831250610757
-44.91188521578306 -569.4125681391249 551.1138235997598 -608.5772116565958 -658.0673993756361 870.0640707944783 -842.1946842970998 547.5947969754563 -549.3574693722785 -624.4008328825807 354.8686473420805 -842.1029001081331
801.4223244783295 -211.1922994883697 -85.42242842749431 147.88283887354237 -944.8636723795906 770.4574237355428 -267.3278426851855 -441.81039988851705 660.9937745223997 -452.1558075204031 360.29029273673245 -431.34079643995915
375.1461016973469 72.82419729622347 -294.74729191676045 632.4756868545358 187.21081151479302 473.0856663808295 498.9011093410095 -777.885733971481 -64.49052486529956 457.59564686702515 -55.62062707414702 -864.7797201183338
880.0252780554608 -716.0552954894013 59.510758078195295 -902.2185707168182 864.9175638228485 -144.49266631196076 -122.88989075983147 -627.0130613652516 -565.7961174942131 -872.0946620848398 239.43947519768244 -274.8492135531451
611.5645392461392 292.2332230514394 969.3648533039004 -658.6532060928274 251.87950982941197 980.5855926641643 -157.65820703625843 157.94938327039654 69.47745940485152 844.1902661961392 -248.84152535602482 -17.20605754290432
688.356959495788 -319.25495453121005 180.3348754242079 995.5532282072193 -114.13767138835169 85.04938451960697 925.193535033985 433.8596322713238 254.92700941855242 -66.71484655697247 -497.447760991931 745.8786047866115
-960.6701417096293 37.351524428209814 629.3229768701347 -792.6526185315068 46.09659079236917 802.6724980196129 -762.8431465590176 -660.3427948313738 -92.5754818187869 265.98073436694517 276.9321525633386 -857.4295114668988
688.2154187668889 -206.0772585252082 -940.3278274902502 -12.031962234097819 397.5438091326946 -35.82978990768743 369.82124042989085 414.6217080429817 696.2920871397121 -694.8524943153516 -263.9603922677434 849.091244041794
-545.0792626577165 58.59737938626586 903.1611028493701 -215.74060000228747 508.14760547339324 648.8752852433586 -611.8621274147788 -71.73702777607957 -99.31422105145396 -0.3849804813918354 836.570182365665 -152.61434757430675
639.2986629709048 447.61289736558433 264.60128058478676 213.94809262881586 -244.46345041007953 -987.1968768570509 -943.7253510502461 -665.5029005611716 961.8995540784842 998.6717808046105 322.1052003208656 337.2924338538296
658.0782799434901 856.8654667638461 -488.1667546393795 -394.80206924873573 -749.3016538714465 -278.397809321792 813.3187563952554 634.474531580363 957.8456241625647 -331.7838923140823 11.136500341153464 -266.7449872071561
-492.0984803772432 134.0190501173604 -309.94096735176856 -779.1869204156869 -109.96513937963664 -619.5848655870915 -388.46265660357653 65.49491487320483 -361.27061038523084 -389.22010733750506 -558.1834171397031 -705.9859246308338
-92.32360431487587 -782.4142480137011 -697.5773762074848 929.5134372004657 992.3863047136997 -759.275150936046 -409.2264376737602 -857.4695127585196 494.41147495863197 -513.1949703148231 -540.7373377333404 398.66108045670626
-305.0570418836187 845.6491885041535 955.4843852898075 -987.7024416618434 -65.54323299075725 12.1717319006342 -543.6978904008577 -181.70254115141233 -989.1350682017619 231.33842672129822 239.87095970291261 834.6491492182024
-626.665514243625 882.1345397410964 -258.06207244186874 -558.7945598461602 -461.47815253590977 -811.3793087309707 -145.47583531210682 -634.5458961104839 -260.3767720391319 470.1105958715707 602.6848105795059 907.1563148942187
-48.74103043557159 99.64142838661587 428.9903523056937 -901.262408078577 -49.805141585768524 495.76550626214475 -397.75691758457924 359.0097611184333 -973.4321979594799 914.2819216520691 -576.5525577232104 465.3931946703751
676.2780215555772 -286.2454959327239 508.1812457900687 111.37967342346315 -367.515939019361 803.0616642036105 -187.58970038110442 -520.320285870996 -763.484605628169 -724.6425290520585 83.22215884993511 -833.9127638662953
489.7938752098262 -495.8279628362674 533.6299203973172 664.552847455758 578.0143627069426 832.2665234334188 -158.10598143089032 -461.4506519799651 -70.56816373090896 -314.14612104806804 -59.25656684222474 -550.6996235121794
-967.0083202699083 1.0438573875928796 486.11392339679696 63.89993290173925 605.9549463484609 796.3824277335314 -807.9605455517309 184.51313616966854 -475.8355915244599 823.7676521336844 -127.08614541626866 260.23583576806345
437.4580394410093 655.5121891211363 -671.3534031481852 245.65660055478838 138.85189416901494 -373.36882947651736 112.52513356480586 -440.2754932554427 -676.7867521077598 -65.68685897944567 429.0112754674997 -313.4567864975288
347.4212647392021 808.6749741443787 -6.27485817283241 -299.345807136614 -485.24467181808586 -761.4005117742253 570.1844993674692 -502.3975751570806 134.70362549461493 -685.031417531504 254.63745955000286 -987.1539576402486
887.191518808308 -876.2422992716288 881.8281590948081 -246.48225556017337 -483.55230572203277 -327.87416466471984 -442.7405105605304 -526.9707466098681 -424.1874595503821 610.2072848121186 699.1811618334384 -511.69325978857904
-88.89489096005002 -440.6497732589694 -218.69219853761695 -950.8503347760666 -954.7860443992306 37.94454174358293 791.9738009196831 -115.68470696256304 94.76420736516957 -762.9269090346655 -186.36513525282146 432.6395177943332
658.1851269074652 -954.8684200776587 -990.7321709944317 -668.4186855595322 25.259583742367113 900.8208683906694 315.2296114592866 -747.3530039208111 -872.9837803584894 693.2391351423482 -147.92553222998345 -144.80542313225305
-16.9309476832575 -408.36820190726473 -381.9619907989129 -198.63031523012057 -794.037553779136 453.06175527605205 -723.5821989350425 -607.2671010111676 -301.72556304286456 806.5984439146325 -584.641073750209 -395.64717293222907
-75.58490988361234 722.1825952575946 -194.31255598888367 433.80471099156307 611.7925333542514 546.8494969195067 -604.3148375707628 183.65034317364757 233.25324458813952 -62.79197026876852 180.96708644627233 -71.03671194582967
-867.554238467537 792.2498717524409 -892.2818403200095 598.8325195692175 122.80759363038305 -250.55176629445168 -970.7906900996328 198.46880202001807 -530.0100673238859 699.7710877597988 528.4740778067892 121.89000373867339
-776.0033888583471 -746.8570295321671 76.94251236974196 244.18442970937144 494.4004914566831 378.32354116262627 -376.6124646807318 987.2831615081425 -113.0239880316177 -725.551522971811 626.4173030007707 -608.6217153175544
-897.1435337417184 287.069205999147 841.9734959060088 18.47506310752476 -382.686839535163 -139.0889720367519 -131.32500152393447 570.752368120096 949.0441916087866 -353.68304426414807 -998.3359889387717 -579.4702558423603
700.128829682471 -518.8227196993764 -78.51575051311886 -361.6865583618925 -5.641316119402859 -669.9502085573893 538.6688201395666 -736.3785987020315 -797.1983142502359 -934.0631263879225 221.0218942865829 257.16208419745317
-123.80893516217498 -700.5498252223994 -768.7980945539942 160.74318734037888 -895.8091879316167 864.277585955934 -119.96141134466404 -476.01747502161754 -595.4483561575863 777.7649377115965 -567.586991577873 -303.5617798019448
-644.4896989079266 444.956147387564 103.86136541828819 -687.0067957476001 -572.3361398954719 -989.2000879141818 759.76212951717 500.546972758975 -246.982143789112 91.40209795326268 -261.52161560316256 952.8425710030547
648.651357430472 131.62144841982604 -660.7356654647518 961.3180721820477 933.7780658548027 917.2963356122527 -273.0115786172247 -323.09931407376723 -23.395161057479868 -962.5260155993765 -95.55210761581407 -869.5829177441623
79.39500357007705 579.750847879322 -556.267297202866 -997.2238368270195 77.20594517750897 -623.0470718972022 -603.7107709669433 937.0129696388769 62.82198193447334 -911.4952057169435 -655.7142075690523 -735.4957989090763
689.5519724190021 18.20846881043599 630.6586758647511 -615.0340300943411 -760.5402830111616 -438.2757011368159 -307.962516822103 686.2039470721663 -925.6440874662786 -947.3644127702044 -882.812175300401 366.2461495146506
-743.7974013623968 729.8689475512635 473.4911678813414 -892.0900229836808 169.53797331586816 -909.3454862072352 -177.66178052929354 -46.44686594210691 865.0249322174095 942.0020900003558 -985.5715112291774 511.2607770064219
-733.645669593231 -785.0013889771203 -401.6169540420526 816.8639308729623 795.9718289115949 -167.63174455121475 -503.05853889517203 -231.02815911473738 485.1578737693917 -51.26523553064885 -138.9139245180113 77.42938929175511
61.450147897379566 906.4513789188729 -300.7003278536166 461.7143652015486 112.27367982869941 -55.912889896920774 647.3383171323619 -726.0928780151281 -249.77830334894873 742.1141871776886 341.20141195375686 760.8367586835329
-676.276049511617 483.3577932190949 -509.1352150911059 -969.5853218856896 756.5691609807623 -641.4472086144693 599.4790302630049 -376.86899921204224 -0.10285612714301351 -287.7406901483139 -238.4433819991118 518.8800560226941
-723.3186144433721 -440.3759050431537 57.13194297513678 -787.8282405555606 715.3541735168433 958.8457814264832 0.9973362526989149 -560.6318144944637 -240.76121365374559 520.188434800473 -264.0512226415394 727.6794354133538
598.353995484377 832.0764506334242 -616.8956773938219 441.17979931459877 14.414310107202482 697.726850959561 442.5530753498849 -425.8986171700077 -723.3112593761052 804.8215016296424 -286.625214678077 -884.429298089652
200.60353166307368 -906.8261516032154 94.51544008565861 -993.1040263632572 251.18430339908923 494.8020479518523 325.4447287029709 -212.6473412248588 367.7395657858651 -76.63848298341748 825.3296224775802 -12.363571996971245
856.7906426098148 -196.14610526900628 -837.0729636243018 91.91789277712314 416.3907798003663 48.339294228976314 161.1051298687878 -953.3993075903076 -549.2841354450961 838.4759005631727 418.54419975009137 900.9538805880461
-780.4758091099644 817.898741972592 398.66990340484085 -124.23180488488651 -648.7959949353954 882.4654301709866 -296.1339124495173 -976.2563465282112 -594.8906446860174 -633.5090568677857 -163.27994368199165 490.06518282232787
263.9138623879537 -132.6121525043793 -356.79989226296675 812.9030804415177 -490.08185829744957 -467.48647948927726 198.29437334628346 -832.1344838952558 854.5506540297263 649.8468940830701 -752.0358472863282 797.3949664870954
705.5393211978335 266.221002123287 259.97808990476346 933.3812443996635 -866.5574545307344 -129.87940240107605 -576.7827939615655 -231.5275761283997 -757.7359302530025 371.58340349703235 179.8563618532578 -49.21395188747283
551.6798760604111 69.66942869230002 406.47891079081364 95.30532317040456 -785.815046929937 -416.5207611462431 -638.5980580667479 -904.9590086621774 -283.76453517271295 157.84718409719835 -476.2287646475605 115.6120642490821
118.1876729807359 154.59858155903953 -192.29128118859217 -95.67960482822161 985.4905722085275 858.2428343020431 842.3413272653113 462.2393535951171 -810.7439580378066 56.432390827445715 -659.427362303727 -107.22392581870736
-275.50784886225017 -687.9440944044712 -241.1073754156305 839.4929338042032 239.85150358839041 -325.6886784513737 705.2920043627889 -344.9358885846809 34.98533078243213 676.04338589753 -79.10470097744121 805.0597716785846
-623.744697068678 -802.5472369709628 829.058937187096 544.7030490182433 -693.8334446931309 239.1623916057781 346.88534153865817 140.40166466793676 683.8611620162173 52.11870169281201 -0.8679727061709173 905.9940677919415
-804.0753090802345 918.991700079207 -857.4421784886274 -942.1993054155664 -191.19585214813935 -543.4948969235769 619.542213180348 465.42538062237713 227.0214151776422 412.31282555239204 -768.3062642892246 68.37163090387867
711.2681750878708 -771.9743778113307 807.301498251667 -265.8933980055831 -998.5242731279527 -989.8596819222831 2.6666205835581422 -460.8168729055085 58.4890343157781 844.6090754263194 -390.32386356521374 858.347559376097
104.95990777809197 427.5963806826694 -310.8243226481011 285.4042587782137 558.7017129873063 551.4313520473827 142.56078660887601 546.0047102319716 659.0928616356587 -229.7361254471988 619.3849865272257 73.9416865859971
-931.9103024263329 446.0253880144869 -499.7506150121582 778.9934774666579 609.4857841295075 543.0541957857035 -201.55881017696004 517.4262079532687 440.593033957751 -830.7496593016567 495.44881874509906 -515.3411217595811
148.13599723885295 -820.0376671369443 -539.84056805296 270.1976822591223 706.2271397958809 141.7129054803322 -271.15628639972476 395.33382034424335 714.1052413507825 799.3141038462009 -5.623151363368265 -361.96689285405864
-235.17239736107842 555.9426037626474 419.6896408003988 -962.3346687433303 852.22600338597 231.61194719795117 -598.048294790275 -355.5231502477019 593.4529647503375 677.8265452319881 448.7020266680461 -546.4524181698647
-179.56295440813585 897.6601590352509 -374.1059407760166 626.5873645782021 567.6984795358658 -989.084990557928 -79.87801343348508 -993.9748381358336 -511.5057134900434 217.60777725581033 -61.15805270402166 -886.3593686322091
-375.06227956813416 -315.30066653151766 -161.08119051507845 -265.8831624523235 -599.9154328564084 94.98698423959377 -258.96048012720894 -580.0875026897231 82.98677280319225 653.0523250213034 -938.4029891576357 -335.66466169990815
669.4109896012285 -916.0075048694898 476.81707395338753 814.98621044431 -413.60508811861644 594.5957274789941 656.7972879379672 -499.39197297040926 -934.636123750936 -377.4737218700284 -246.221604392387 563.0661215409673
311.7650511965553 -949.0477685420913 -99.77399882414352 270.6970570867311 620.8720993496765 137.05819550565957 -292.59520935420437 544.270024033774 998.2346031019563 -532.7872781318823 678.7704772624172 921.129922331837
-551.3215110959579 458.05792010596883 -969.204460800043 878.9111922830184 -547.2531968678716 -761.721128207409 9.667181728185483 245.16084558726016 -277.8264868128748 61.73157450183703 -289.4331649834328 590.0249321645115
836.3133746706171 803.1684586024182 -669.5049703986513 -720.0266489409287 438.0067897642332 -857.5842698920691 698.1542043224495 -726.6644501166153 844.1133856506478 897.769986229626 887.9469198650356 982.1126344168936
-831.3919296746393 223.1661325207515 779.0232423514904 641.2312260540616 254.49921258087716 897.9723397767802 130.32991690782956 403.54193664646164 815.6521092050355 618.9345453780616 372.6119957749461 641.7619195778157
586.0084035147308 -822.6772949482859 976.5857473326964 -67.45006576518642 627.442491394437 44.61177796709444 617.2534165023167 -410.9523195649225 -927.1998221995879 987.3726423763121 276.5525859735467 -925.0081231963414
494.3826169628353 -9.58535225847595 -871.751081079472 783.4208051187995 -862.4789990633674 280.6555137736416 -323.7293351040214 883.9732513758568 -358.7480321183434 -575.6545396874453 466.1294620938404 -293.55795220035793
806.7086862547603 928.2242058397226 991.136471407001 138.88163460640817 -827.1559800355641 799.1276770873551 548.0217682014165 -828.490510012462 954.4701694110427 957.567716793754 14.795497201304443 -153.32339633282334
88.09196461500778 -696.1814104259761 978.0257963736951 -385.2549236534335 -910.3486602166087 73.6790510909284 485.9450673979354 -444.89311946052146 -112.84960447727951 585.8825471542186 965.8567419070987 -725.6615831227134
741.4182068771177 -626.824129375904 504.8838230669203 192.44687851004915 406.84496103387505 -416.8573133530517 -172.23573409775736 -274.17889252264854 923.4933192760841 42.05953242306441 -518.3942186412542 -11.0646455066219
750.9473081432313 -86.8413673569379 303.63281389928534 -709.0380567349688 92.81872563874049 -126.18806979720136 428.9681739784867 109.2643583258839 678.38792024549 -796.7280003478743 -729.64500391476 -546.794322446899
231.38233469201532 863.2892517142338 658.406174801682 -891.7787675951323 111.32052087128045 -572.7667773801986 -852.4795749909238 518.6126290746417 -81.76366751217665 576.9449353546202 -389.73531955691067 -677.7286958184529
578.2793608711308 576.8832250973187 236.88147801699688 359.75714500157187 286.7534354608183 979.8292962455096 -339.70229458262975 -120.36801129057767 256.7890949053183 -371.7840666561867 347.0638304405022 -927.8938085648214
370.3012148787757 925.3102726860777 923.9426036007246 -342.59564948980676 -750.8490801363654 91.1145134511844 905.5221786385591 -248.03026950647688 -395.7461719337141 -23.449155610290973 640.0845162861187 -417.6722851483297
-593.7561053266758 927.2860864800755 -919.5055798364167 708.0107403662871 -356.95143139242555 261.3614460018739 985.1313111593029 925.742799235228 773.0320433101274 -107.11484733038685 -491.26803873756364 -978.0298982948518
-538.4365428078172 -489.97049327270514 303.0564644183919 281.92156366819654 -791.4785702809048 -578.4988213885069 -411.6160212439124 233.41403978284097 75.91993760055993 -795.8140701606151 251.73461329574047 -299.63634947519586
168.35785239849224 -958.9640551470877 -410.89489902445916 85.6425213885243 -579.5880233173448 144.92194704309713 894.9511407287193 -991.8532617662265 -905.3194168882166 -468.43947431492245 -199.05372024534154 507.78922717515775
289.28947761039444 754.7553872213323 -706.0186355844162 -210.4415682949592 -599.62835165818 -827.2524075548466 -759.7040996140736 -302.30985679522246 389.10709368929315 -682.7057156479412 -887.9849476627257 593.8123378657237
995.0610288882756 289.77196722029976 -661.7582431244613 -946.3709413239271 305.7858027892105 -91.17734126612027 731.9588740139955 -774.8883012781096 -789.1243526646388 -636.3478615743381 365.96730477626875 54.52058432571857
79.2451491241784 -673.9645162908246 544.4352185836528 -609.4626742999467 -677.1463761865839 -424.968417388087 -136.70071070472716 -709.507591218224 527.4202264498131 -832.4211990445585 -309.3828617172587 -867.0814430685856
-235.58737675960754 -308.3757617277523 -632.151188685981 -117.9268435726135 688.2751302432903 670.4116130869054 -280.70827997427307 -45.101094532818934 373.2393440458775 478.3678619451425 -108.10986868122848 -594.2247524335125
-781.6645213320628 -565.8769889159183 847.6460045672854 335.96217704191577 -392.3838792959733 580.1013356649887 -938.3527081360046 657.8991120560593 -630.6932053362689 -968.5810734562867 -402.42326895160477 415.5537866310085
184.36539673659536 -934.0405112372396 998.252876098225 349.2597725961498 57.99415840897814 425.72714996234185 -315.5988295751573 998.8170182045644 -129.98422263315558 866.1350166196878 261.36448394946547 793.6236883142872
856.4527643074439 -110.94977839688715 -453.2557682449891 235.28156148276298 177.9136507486312 -350.32302467763077 504.7237705626269 143.13071908475922 -14.153715602193756 -634.1592624848336 -872.4024466054385 -482.39273799555144
105.35898967928438 17.47334913433417 -423.4770698693901 -617.4339204856408 -738.987965525306 138.67706695843208 -453.2466809114384 205.21960098066938 -540.291970281382 -595.1478612784324 -296.14567341662166 -278.7064041892344
972.1683085819966 917.1148589969248 -729.6113971977998 451.1675750152467 -963.4291582091101 -839.3871229176495 396.6881957548253 121.00993516966764 -80.31841722625938 697.6894720351315 -280.48651835202133 977.4442262592338
-92.01499578102278 643.2440738827743 -802.6818662708663 802.0756973711079 -802.4120300202793 -518.8888071108702 163.97980914164782 -36.50674789615255 585.7285036589592 -331.1884243657779 -597.4719167689027 -106.61721111148756
-577.9993364657769 75.11708803017336 -90.29307216439861 710.7204099176088 903.5237234840938 -371.25614484063976 -438.5026032230812 408.3911685408625 -880.0715146363866 996.0502286744661 616.004325575354 -579.1042513780036
-37.05557241748352 -21.830739217169707 -13.69255421435139 62.525972440042096 -692.8319153762184 922.1013690409825 726.9961701496111 -928.4748696141829 -663.4315359768677 -410.8576591608371 734.5221617986226 -242.96113497126055
-10.97934508634296 -678.9442185845933 -966.9104638417394 114.41007434355197 683.8410416749743 926.6336909982779 587.3586893027805 -182.6452404545746 304.0858244610772 459.0805917335945 -617.4148156657682 -833.1303972426311
-788.6518658855275 975.2969131275618 780.8573796493508 -775.1116446192507 -495.58868908373955 -573.4993293788182 -283.99103071280933 -285.15200435381564 269.38797383003 149.27146353842818 -281.87006776606836 -350.8811186929777
710.2259918936231 -258.01364354791303 700.8543800915584 -449.4000836953369 46.1241402775845 -182.72938813263443 -734.9601386608208 39.12109342173426 531.5844348510991 -399.53809138570966 -904.2791795837171 674.8503809865852
-148.7855683550863 -79.1515027663487 -219.52900565618052 202.64655045121026 -956.7867506893315 -784.4241965960427 289.09327928542666 -910.0110729677216 232.13118248103478 628.4533847319251 -251.54695837220413 779.3628272732697
-658.0175808845612 -145.10593184718607 -567.5458397933842 930.0885061487088 635.9363334232869 -338.56034789376645 -877.2260664578816 -943.0393603312519 -506.2488975442669 -256.3609680444115 432.76605454517926 -133.19621030254837
822.3671088484593 731.8797650885433 -387.11251194197894 15.743593197708833 -203.26106180225725 714.07099687555 -582.3291035072746 243.45669912168296 999.8994433395558 -143.4172304331014 -581.5334087479769 444.1848402805788
546.0988061606345 646.3662846913576 794.0135271666061 712.5322696906342 464.9094123540817 429.29918579251853 65.58727353529412 -923.5477305826056 -888.646204057769 33.036086350711685 172.96633445501016 -429.4931403219184
529.4183469299508 639.9058584224715 -934.4566748694585 -96.31605953332212 840.2871806005844 287.7011319189987 209.0151151566506 -989.381814350579 -146.38330722387718 -739.3744277230636 -252.9375449362259 119.73196610622767
-215.37356144748537 230.46265189087057 -939.2830154082909 -409.16158453536536 867.7624481693476 824.9157002684176 -889.6514110514049 597.1422740805062 -572.1008373208712 -971.8520134490001 -115.91428178649505 -66.89816357637699
892.4877649029302 362.4746721408294 -284.191108130407 -379.05281862969616 977.2883628570987 -574.4274803824198 -386.87143517999175 -385.35748356393356 -958.2936013703023 868.3421976521024 -375.7362255204142 457.44744250653866
650.7167316964453 717.2432938893721 -588.9188544010333 -792.1173095579437 -574.9295658380834 -144.16785525177795 945.6195711271753 288.07708664694246 44.54678562012214 -172.12517092517453 863.2752361858595 -0.33784611313978985
-503.7018937211053 294.80958223588686 723.1191612127798 -173.40050108079197 -573.6100958455814 355.89295631365235 963.0594728137187 199.50097736268276 895.6274287664646 -970.6918374033868 -648.188861085021 22.42964873510789
-756.0196596034439 -535.3904551815065 986.5460559994578 -666.9596569740943 -793.4069092064384 738.7913406761666 234.55283656803954 -319.0612271209243 785.3880284422471 -709.8543580883256 632.1937663108631 -140.50709271619905
-608.5450455138413 -167.03919893303907 -479.93600759687615 464.8285422416891 428.0801000443091 -67.70482171696426 -127.78000119098692 742.8851123595775 -832.5437063498804 865.0596995056108 616.4655309520667 963.9888907097882
410.776651530349 180.80365251381113 -107.88654414205484 982.7252283858904 -116.06030634152307 891.0088311153993 -555.6590693161878 23.67357586059859 996.4520301754962 799.328322569517 -423.5768658631615 -679.9415047410885
672.5442864806621 -421.6978835206413 276.7958342397328 813.930059716203 -832.4953879203307 978.4814363666394 -839.1199044272141 986.7334465971862 533.5929196168354 -483.0999267863672 -832.9817033822899 945.7348053658079
-425.4815829889434 535.3132596735165 -824.1009245173625 -78.5512251703899 -36.38435866628936 -84.36714596664194 -575.1623006282441 885.1506529625904 952.7416590278283 -935.9991487064117 149.42905731586438 372.02179218421566
637.2264132197272 -772.1670657773345 316.5192060083607 -949.2147069518167 788.5753969885752 989.3892005106607 -980.9844618446575 557.0802920492592 -241.63296506111135 -90.7054998370453 -911.1173421926148 896.0085924747884
-86.22333023924011 -96.21359873314407 201.16501221727754 680.614308766169 -753.9532126456214 296.3016813915965 582.1488079562714 844.8412566153359 937.3034531318021 -326.0770379544782 -529.8787972872996 1.2221003901962604
717.6715400150915 246.0176044190357 -682.8704251780791 -551.1009736111071 -78.53009516752388 88.14650034433657 500.60786275246755 818.1606563109135 -386.8879548840607 186.53351335013895 -101.65545195721836 -438.2006013341954
944.9874030260851 881.9862336366546 -370.37784148708624 -236.2674679520236 352.63733008263125 718.4010779766857 -383.5380792330021 721.1105210678008 684.30481659372 -314.2186230338999 926.1399150649665 -346.5546552787515
-606.5973581946503 -99.29690276523479 147.17524919061725 734.280154510793 -141.10158556610884 -897.1863602575283 -879.1619402829658 693.8401217560588 -315.4197662637523 -924.9272866205591 459.5798767054969 912.295974708589
320.6219450418753 450.39038571488845 165.4411379818098 -787.6060394049114 909.4673258364123 630.343905432466 958.6371334811961 443.02958877710216 187.61236274144676 415.6791889487822 242.96063587634285 34.92630012878317
210.11695086511304 109.90289627210905 -987.4391231892167 170.23874640013355 -999.9576481831434 90.65510188233225 172.27655696390502 -506.33894723011963 560.076821418638 -999.3854572667038 -267.9948791772715 -189.1995024744881
-711.9171865984553 811.3104178056337 -480.7037226835105 968.8357136243176 -511.4487233218541 -659.8842236911886 -561.4063657295076 402.0070248673728 -802.2391582226443 486.76576788893885 -493.53473393758776 -0.748766677797903
-616.9012849896737 670.1321272303187 -770.252061983259 -917.397947353443 577.4830283546453 -717.0811672749917 -997.4226363469476 -921.8364016747776 813.6743470956035 -335.5923188926573 341.0284197687181 -703.6027185443992
-946.3253262758393 -445.2790346407194 501.5971397896244 275.6691573951871 -439.5153905827726 532.9151362176242 723.5945466725157 -149.62980379985186 823.120121176783 -957.3291012965883 -8.301181377054832 233.90732885962484
198.23209077345814 -641.5695298022965 660.0733208372094 -578.3947811157559 169.87547246438749 776.4967477106152 -818.1054557701179 549.7383910628103 6.796492323400685 519.2914119853674 -544.129695543098 468.1880667335238
-299.5207580361125 -659.0332284280221 -432.3005704808569 606.4232696722345 652.2331238701947 317.07029102730075 -154.95439734045306 -228.84206231441544 954.77664437515 932.8414396667363 966.2900941196142 -235.61378220002996
631.1272589566026 460.0264048585386 -795.5634233734328 234.07169070425562 375.0369933409015 -282.04697419249464 -647.7203105251185 960.0934353964851 33.81395738615652 -178.53013196407392 924.962278304293 746.6755489515594
-321.77800678593485 535.6218871680442 -780.1062750754859 -342.0252809143984 -971.5812377076085 -37.86421218223836 -671.4616446357944 -964.2099618709872 -927.2571948860493 -311.47393310797236 -173.0298682544842 256.13091780056766
93.88178684516606 372.8893035646986 626.5894496393562 -646.7797663950083 529.5252040130058 526.7728778056016 -912.3230479988125 -244.28660727673957 873.5429399678558 412.9550581351921 435.0518732674934 -59.363693472131104
37.01311585844155 -732.6846158787444 -772.5754060684982 462.91623634272605 -846.0321383862984 424.823659806161 -48.33978643592468 49.5031196754162 751.0775313338565 -736.1146137332373 254.302449938549 767.7180327339372
496.54446245993495 -831.648624623776 744.9176316509133 499.7505729699046 855.8810925739065 -932.8624256497546 683.9042548336522 431.6233156855094 357.70785836587675 -112.87633916901291 -146.29828201307987 515.3833849093271
-434.71412019708566 -671.2164194895498 93.05631760633196 945.6200073367568 682.1854771280457 741.3523493811754 -743.598032032834 -5.377631126200868 -525.7306852021284 851.4387250611021 21.625017716898583 -246.10867562749922
-194.15213078434408 8.214524753243722 622.8502595355828 407.0260297567852 -611.0002664534218 -468.37876713874005 -320.5030141526362 -210.38673658000675 -541.361507327432 -171.6088517410568 -675.2266603775406 -896.7722365570468
-141.6366561149183 -128.19190579957638 -482.0371188900483 432.39111357813204 936.2787591687659 -20.109398117678097 427.6070288783351 -425.3554500213826 370.43287086377245 -777.8677840741046 12.49024530821498 423.0845911412209
662.9915669622317 616.1261810049864 -415.00423386665796 -410.418946996723 333.02114544041524 534.2314308144789 976.4004127489545 741.1939782262441 -72.39254199349057 -705.1721984873185 -104.1686828089505 -972.05388518889
-666.1725184978379 -897.2830865116094 433.1644003337062 -390.17225507729256 983.9648700424962 439.7575998584243 -792.3599240247956 -550.1784352212483 418.2105476049917 -960.9359729976114 629.9450088090848 -394.72797004331267
-451.71675881166414 842.1152787633862 -64.23355306807241 -203.9560948330536 -305.69396616825543 218.4201003811695 -627.5465456469325 -952.3163957603684 -541.3747969214124 -196.7427479908099 -668.4242489297114 126.02876541718956
-810.5155436257934 -510.96029299858594 -821.5025904890263 551.6759126103002 212.36388383768667 -603.176464208168 55.32597757172903 -376.8827057240003 -995.2804012276299 987.0808047014386 502.2831647738765 822.9499972629858
935.8273077706092 104.66352937309921 63.83613728263276 713.0822534977763 -306.384763091345 506.05475367078407 -813.2615706421229 -73.3290412477827 -548.9999934165564 -393.29082797068554 -167.8878025465151 -288.939617252389
-542.7900794846556 -406.90517769488554 -587.9346384159815 290.9197319432583 174.30587791517814 708.3376439234371 -253.64220488892602 -476.81153731538166 -654.9252392321114 -232.39879581825164 -987.804750561178 -458.8015396435487
-104.59964349859433 -426.99582804315787 117.93256490096837 859.4324308219625 633.6700939611217 -849.0099227989583 -584.631417470115 -746.5780266175221 -693.0255074834856 -30.57594829486993 -119.02037622930891 430.75742101081346
371.4876853395597 -608.2960878634474 -184.24728217370557 -21.00000128275576 877.744032063548 -344.16403942080524 -611.3783350891731 624.7012122950059 -708.5673256540024 407.77957283065393 596.3461916186009 -438.9474454017277
657.4399034993892 -389.7758410821335 889.269145699207 357.55237759089664 757.8823403010445 563.3752013517417 -380.594762851306 458.3726852711484 -16.72093714859966 -227.29528127902006 -274.1466970726299 -386.4556573143308
-665.3026763233971 -881.5585120472102 -137.548611397007 550.3011378342883 785.3330521333205 -17.022148603269557 -584.9769094680453 -710.5999273105949 148.85761817813022 647.7057511974256 -35.90021157845365 918.7293271143271
953.4000044381698 38.040849252644875 221.0536013972428 -786.3800727496284 602.214311723618 -307.6034468665572 -524.3613600455697 184.52267246158226 636.5317055755006 -182.5577581840214 -547.5406843331402 -942.7355419227903
-369.1294014243431 412.1722993684423 -894.192817509198 166.07402362567586 -836.2396681574628 698.4030715973361 58.51948217183917 11.147459145640823 355.77064395521325 544.1346878077502 -298.5295519431892 -596.6835766230561
-806.6527863858257 -700.5506421831218 314.2599055828339 15.699697869920215 950.9111084700583 498.25970759340044 471.3977290644136 -465.0060738217892 293.75739284091947 -975.7157609130685 287.6321234614363 53.74165230815652
-945.8936681037915 -289.52381509640566 158.25015138628987 403.9082243151672 -583.6762230515612 -6.256945652497052 -264.1088164347234 717.7698884917947 -250.0931268099655 833.6117627465026 -250.23782739993044 256.97178773717565
749.5777864382362 -390.4441367184055 -410.97254175797775 -207.59679525775778 -507.4328851363965 796.8795444858013 111.64073705585633 -972.9679943300464 -73.00037158241923 499.57323727530206 -598.0667479746984 -808.6955634866746
320.3480248430965 -775.8312610667144 -625.3034426886832 378.49517826757324 302.3274606814766 -32.268049638961315 -141.89633489246114 352.493925659586 291.51133398359616 -290.0629530028307 -897.99323336645 -906.2948482816597
964.0825783831156 785.5610112269201 849.8938745367641 570.5685550773458 499.55189708454736 726.9660554455586 -65.88529902308608 673.4277659965624 -533.5508901334517 78.71671539929343 -223.11293796308098 -752.0168016186004
472.472894635649 429.81385919510785 -789.5961108362468 -601.3039944635221 283.9538866941118 362.0016435726352 -777.1386945175493 959.5470830414517 -998.0751868806921 226.08766018469578 -691.931757336351 -320.39711186062664
-854.7236062617571 765.3089211536619 -421.4803922971455 -448.61431110153546 806.2900717453863 -918.9552427472321 738.4459709661637 535.8734366651579 570.737071814905 -807.1752712483703 907.0657169325486 -367.74115387039944
477.02611223892586 -454.69480637442473 -318.77920189040947 744.3678964563635 599.3476952717533 -117.76602906718222 89.7516704602931 227.35368969405863 -486.49533606690954 687.2514541416297 -584.9186671797615 -925.6188095542932
-244.48023193423649 -246.17622957762262 486.6640159574745 -924.4887928823173 27.28475136025122 524.0969828715386 243.68655502848378 -973.9545079027663 716.8892623305369 -959.1599795373353 -138.6334630857657 -297.03903448912763
-835.217947592517 -591.2946390196992 -236.31745457885938 -469.9751099457387 440.8640176376923 -437.728577056866 189.82937597801833 324.93427228994983 142.2769545196336 -614.0526859304955 -941.0293144312886 -533.9065506884198
478.054379574098 976.0147771494474 327.7197053452396 365.8543578090557 667.6395799847685 -103.81970515330158 -395.2430370152746 -760.1787451178783 -486.5555202505303 396.5656587081571 -86.47123480507491 765.4291347945457
147.23740827611846 909.7797153241429 469.8225497300541 -550.2929524994846 307.5955668622371 360.2557215364725 -23.364747836740207 -836.2475516444031 405.78705466933116 332.77604667900346 -758.2959361927244 -847.4936935058392
777.4529677195769 -933.5188152157092 -236.7514607304879 695.6822728925563 156.57309194666823 962.1485553429786 229.6632457123435 157.96298509127837 830.4919867859521 943.8880750673422 187.42876410509393 -124.17395403006992
-430.8060212700324 -402.2127172165573 -26.942112608020466 677.890973161702 -948.8428057178337 400.0311122134108 -664.5194018135464 -320.99851159181173 -779.8543405757108 93.18239850342479 -219.05166780092316 -946.1935505503141
229.77253112038738 -83.49320388791011 -157.52055799970674 453.9494694298785 -532.4075302078993 -743.9379205222479 858.2681960788968 -499.5007277615211 -649.254969626005 -614.3051653258105 974.7860936657739 183.70996719102982
-570.3475256410246 533.4794121027808 -600.3419890462613 579.6428828480828 672.0386998775257 811.2625027019762 -892.148874381627 365.64726610947423 955.1427135822064 -223.68703716524556 355.2274171162212 -400.1061566549116
566.1061138359175 183.1510724224072 -995.7643854206028 145.18049460812153 -238.57442626935813 410.3747445105471 -460.4892811684267 -287.4688961862257 -669.4565746573383 -370.56577622977807 100.31274350730496 -370.6601605711752
455.1897319932309 243.1575613753157 662.765174720055 -300.54915411537354 -968.4429643904317 72.04554173803695 369.5069078114366 -700.8634297063783 500.24434669238076 -919.7173563257905 183.7964116174819 637.909416006552
16.98832013280446 -767.5825287619514 -498.514810012348 -566.8035969052918 91.63496104738533 -128.88873906787614 371.17888229185064 -355.72311754974817 71.02412610551278 713.1205752339249 579.7286506539347 422.91573990648885
-52.49431021492842 -380.3193724652085 450.42823096034226 -145.28960197218782 -743.9158560690732 -565.6220692406362 -302.02443803184576 -790.2072050143207 942.5998294613173 842.8711741154355 84.27533108900798 -227.45444355230825
327.89405393143375 17.468633906846208 30.045123852378765 749.3645532932665 66.57415658531454 -448.853611451509 36.57424011433113 -311.1070105244646 669.502204938995 -168.454296658477 831.0601696824228 -61.28155187102084
346.56707795481634 84.28417019872927 -26.619071135999434 -386.66799949211224 -907.0706786054836 371.43259848667776 19.824314375971767 563.5125010243648 733.9727288489476 -521.9368372062418 -762.8413731145088 -402.23041985952364
905.6111876348043 736.789644539251 -57.92813567491589 530.5890337624248 -779.63423917983 -763.9570791173087 -160.12075981499606 599.6823372146209 -148.85223855885465 396.8506990332578 -854.4045052390678 317.96512040124594
767.567123625407 792.652121800837 -387.9721951626003 -4.69367149231357 -271.3792728518778 913.80993713304 -402.16449728322505 106.30539992519334 -454.83654123670544 136.96629454846516 460.46750830795145 205.56538792242668
-966.0098849755889 -344.90220620707703 -246.83890248020293 -115.19016598292194 60.79696193308109 -344.8790935221224 577.8611812998568 898.1914815992175 -712.5357696542255 204.11221860624732 -933.5962378628011 497.8968928453362
-10.87713894427452 -594.8577901199303 497.21733516483255 -336.6109683231955 678.9800385648805 -545.2826699655116 -986.0480668322605 -402.1791980820915 412.53406107120327 -328.16907146221274 -468.60437890625974 -801.6860480397663
16.720772979900858 -86.24030479410408 -927.2689444448281 -982.1764003051189 229.2974645316549 204.69638597397056 -16.11726806390061 549.4335999165578 248.1181035394634 -514.8851573659912 -856.0231054231202 914.5295351540494
-338.6582831030074 984.7130699351128 188.21871521422395 257.86388789610965 -940.014797058387 -489.29222648278125 898.8250690226528 -848.9995975887059 637.9551406548985 -556.1785638083065 -661.1324818190772 -886.8980827642863
539.8909148776333 -420.12571130130436 587.191179919955 907.8622872689662 61.62421117792451 -98.8939019424173 511.03088557072533 977.2768074116741 -564.9908493651925 -442.7295475377864 921.3512854568526 895.892553298585
-476.79234286766996 -807.7512408769003 -977.6419269865382 220.01751474402226 13.336708822605033 -812.2527092913232 -716.0936390691463 -332.70945225942455 300.9707337673444 -424.7215315657902 -330.4794773255537 -536.9445331575553
263.0674206845879 -142.4557433269382 101.94146372934392 -596.7198405912036 734.3827137050444 848.099956922558 -963.2676621894165 -655.0191577184943 299.87100532878867 -434.453067389285 298.7479495189357 48.02095140406004
-695.0810971759877 -38.690833290778755 -943.6196096430223 -471.52169510524857 827.6601873006771 -603.1594324966131 -835.4945333218982 -154.73428501482306 -738.3198337076691 446.89838953183107 -679.7609455005486 -995.7285109992706
726.5054440323302 -443.78623734813516 -769.9494327371801 387.44989779200273 496.4918686873784 483.43900864232523 -644.3449194298116 -194.6816335490131 -679.7208776698683 -358.2823376340258 542.3914853370638 -800.728882149001
487.3545636217134 -58.796102316476436 908.3156876304727 238.90447696853084 -589.3131057818404 637.5047553369336 -985.5832639251759 -460.39348252120976 450.33241512298855 798.8449257388315 -171.4551657713523 733.4514193254136
386.2904610880976 -384.7837723939747 -106.63525788594325 -945.1711896580175 -57.471684460336405 856.8752685735744 118.89115632937319 -344.3707033759505 636.8076329411635 748.298420524817 249.857229152866 -75.85519709879259
-153.67883586611072 563.3914437965739 795.3308269814429 -45.49619363759416 928.291767726625 735.7741521577709 427.9814921577181 -7.143469128950869 505.15137081236117 522.1785637020917 544.7759912161528 296.35773953901617
903.7535775410051 338.2919940063168 518.6479694178445 -475.61909154065734 -785.2854616676277 789.8105592143115 552.4287308031471 813.9067928557649 829.0669326417485 -999.0768005896762 -656.7015763764466 -59.88961258689392
218.09597621040712 748.4377875009113 667.1467883204314 -863.9623313335569 925.7159799853744 -580.997534453753 802.1389540300117 -494.40479897421375 -470.34080867969806 -95.26549581915583 31.22701527916638 -706.9835909077777
-111.24588872629613 -279.95514665812334 129.22242519157226 207.392079538934 599.0322054972169 971.2765567562822 614.5891617298821 -159.61373547834444 -959.9112415263958 106.97444637650028 571.9031013616227 -335.25440237261364
-425.9477720986739 214.19908965200398 -434.96706643079426 -813.3070285314017 -43.54253398252263 371.1656717330195 -141.43769500375925 -909.184464730442 762.8355209690694 511.5553372329982 839.7444992447424 29.768340488794593
360.4510587801574 -735.3234992006817 262.43607643566247 745.0468958766221 571.3707992485929 220.00701321317933 0.8912115312682545 889.2258030934252 638.3505802787281 -652.1816992761817 597.8380848646136 -127.60888063492052
714.004352438207 -182.35135158636592 735.1431947245092 -500.8819430465341 317.61644679305755 315.8934450278757 -922.2491787825518 139.3327612639107 -414.06255375439673 90.81810075917542 102.29434160608344 486.43153770211916
52.94992381498059 580.3532921237884 -504.0025808647435 -987.679162738208 435.53106509457893 -457.8112215389849 -975.218110055823 -761.5997464093847 -617.3039374141001 -510.72994662119766 -642.2603716449327 30.1192835129973
-265.8835835975972 -632.1403260888583 -476.2653317681147 606.3648830602001 744.9186974966558 749.9674399774256 143.33925662085812 -610.2492610226735 545.3003272340445 63.02389795774366 -226.92237382722817 -444.69367807405297
356.68101524554663 425.62569204995475 -571.008363180897 548.8621218117751 -497.7662435579517 833.7050102153455 -590.5385826811154 96.99842300084902 -21.362468009580994 695.5674776034009 -78.26787688246645 352.5874318077663
710.0710981042528 -498.02701428789754 -622.0787531411827 -746.7708106810593 -931.8696363787706 -744.2568723920351 766.5323011580522 353.0763572772926 873.3415375845323 -470.2713824087472 -372.64176446016097 41.859120836729744
-813.8280864228074 44.19994414125381 89.86768384369475 408.4670387671506 -284.7089720586405 -967.8131087989914 654.5808108463252 110.40207196747542 -578.6317322162054 434.84114810792903 916.8544566786281 -261.7440267041658
-59.561778006045074 865.8191328970718 681.0748522526478 -597.7524182069026 -726.9767047030997 651.2037235724381 -906.3565384627461 423.42099274946304 625.0023445956656 -219.56092428762065 107.96041634406538 638.3120141817496
-921.3523551469947 -389.76897123234085 -346.30190684974855 -260.7582062368476 -749.2014941153518 581.2841041007673 37.782138403692215 537.8104529553436 -228.06489611542565 -822.6017248030198 -470.88384021918 -378.6368634726125
-302.4285780008935 953.9216247696731 480.58450517717984 -472.5234162496903 209.87917308515648 -738.1367451638343 -78.06153697722641 -706.6761336368286 120.42968374832844 -303.0543620395148 148.20609857331988 301.5277289321032
781.0198709312367 308.1684569137369 -876.0644910616875 90.46365469064835 740.947481142468 -775.9636022742726 -725.3669310420346 523.0756904485149 840.8690627439803 -56.16687267730015 307.8798984865077 -84.93764708499714
-795.1577852834566 -565.2740917788519 490.540514131598 -737.634547788158 -498.1803198627739 -196.76533759485085 -892.2583964233656 930.3261177739382 634.8307003520993 685.7831988827058 830.8912071682596 224.0755111551614
-857.6102565648855 26.217934404798598 -960.4940244385385 613.0528260635383 -734.9510678302017 -651.7179591016782 -487.6265611100721 261.8112854941935 -627.2268915656714 557.9496627045116 989.7129337069389 -933.3956689117631
-3.346715603096186 764.3161958814719 -895.0508786821305 -759.8009230724867 -610.9891571962473 -539.3581006798081 -972.5398016865498 776.5907967951082 408.2277673395347 938.0968547459045 -0.9329281294862994 448.2101745032844
-527.828211689646 -184.93284463405905 -196.15457204865834 989.1835204014276 794.0707695449144 540.3904049739094 235.07415467466626 505.39139536878656 -877.2928708597956 739.0980863782597 250.26384238440392 559.3389554637658
973.0001008733525 -220.8128456871774 102.34563491017684 -203.12577707955757 2.1960917827765343 440.98642345605026 -668.1875719755303 547.7558354216346 -811.0867573092637 -246.98321249299977 -466.7617181014325 -604.1191387173149
-146.67657270140478 421.5655410821503 487.8247846163597 -165.20702677353904 -731.368783479385 158.85548719221083 -301.416295331626 614.3753577004691 222.44110537677216 -184.94100194292253 -489.0147938153655 422.60647941413345
379.2282730253328 -861.204833951479 648.7159353722775 -391.7436994995362 -472.8575278755394 -775.0745778714074 -189.824167522209 -329.9592601759347 -820.8253612597305 693.6169618510728 191.85913988489642 739.8508260630599
12 1
-300.26783465849167 973.2363258873295 702.9939351901776 99.83712796525742 89.96311543226625 77.82282650286857 -253.17089798919244 -807.1943049605708 -225.68762697506247 698.7460698964965 31.549170377580595 660.6046773008029
