67 23
5704.800820142409 3514.7430188813123 471.09301596219666 8811.058354027107 974.290741830504 -835.8604634439234 6111.077730949839 2501.9993164118387 -2556.2472123566813 4579.579469026232 5532.1598634773345 5266.18477998733 221.55345617085914 5078.406644063205 -1867.0139574776986 -2383.664008114215 -5663.915990853048 -8722.507567168372 -3078.497414823105 -140.6044181147845 6821.505440635174 3904.703569446896 9345.89535958364
-7837.502897537992 7941.098790952772 -3596.685470276926 -3402.3777886640373 323.7220694138523 3675.8521106131866 -5078.726079019555 -6963.276561752865 -9453.902915310013 -7019.233347397536 -967.883669404684 -3886.573161069522 5672.503397600545 6553.96684306048 -4042.426161332879 -9599.55379027477 2147.919547045327 1344.7906773420018 -9975.224598961298 -9071.748610101926 4243.283873575516 -1310.4277699292852 -3188.3458574627866
-909.5137187868295 -8422.62553011162 9303.204726364205 -2229.5883578437106 -6038.490049321883 9250.66567087141 212.48032662854712 -6087.705689799101 5153.156201150516 4271.811670771847 6797.9981188116 2697.337461161791 3768.429209981987 -58.01880149813587 8003.604601804145 5072.76956653305 5837.619906748116 5106.91101142329 -8001.99918315208 -8077.010357717733 4831.73940263525 -8942.811507869015 -7500.867430863423
903.130324399157 1874.4133217992403 5916.0777681604595 8947.023358514376 -6031.288272173414 -5830.734378032565 -5001.992107979185 -8633.75735376108 7169.1452009575005 -2379.5107784580405 188.6963142783352 9156.785505041644 -1364.9623562692977 -3145.416779151593 3958.9517426084567 8798.204689484344 9990.569499736233 3813.7043281181923 4609.03672431936 -7050.0460526451825 1541.8485270857 5496.396194770259 -668.6539388077181
-4739.119569319763 6224.67889199214 3619.2669355914695 -1094.9824237530902 2887.0764867002 4416.053523272361 3371.4466718081567 8806.34140683617 -8878.366715485441 -4474.673245186089 6077.540093763146 -4422.95738589632 4365.092592997102 -7018.980380185772 5259.45866264876 7184.519520628681 -9183.792535809527 9919.540672917778 5145.775172495314 3005.614262344887 5589.935186984536 6376.0643082450715 -274.4163942092
4455.520816203059 -1633.7121017806694 -7226.467146535975 1648.459577607793 3345.818451737734 -9632.551282864328 733.9014391994479 3012.8225585810014 -1583.1675191353097 -9298.774557037366 -993.4267586861206 -6806.627885005331 -636.1582333061233 -4699.7563659609295 7991.75357326596 4390.419543705908 -8007.932267009281 -9149.74612568756 5242.608769135391 -1894.4916329128046 5545.940541963293 4594.466786091969 5595.857553647966
6905.9666006591 -9461.606854359834 886.3013040617079 5207.609344113658 -8179.458727927973 9396.060163101898 3272.8347838585323 -8920.20528330102 6155.107242345899 -3484.9474614091823 -2422.0997441933378 -3671.4531851454567 -9250.6417120914 6675.945489695227 7921.72167258929 -110.9266643682131 8623.57115902082 1711.860514273496 -1708.986121616017 3599.7440715217763 -6527.305439219511 687.539972114022 -2857.664821573513
-6603.331889302357 8755.975235948474 -5890.723802741502 -9142.16749857099 5019.361598535779 -6508.944396730327 -347.2343299520744 -7658.884538369626 9305.580042131729 -2838.1920913967188 -8297.811271984761 -9170.601538267496 -902.5285701930352 -6775.98499683933 -6524.420826208761 -2792.871859856392 6444.721912721299 6264.465832625476 -8820.324910738818 -4553.09191584182 -5738.367267380793 3002.933426010466 -7794.505260441847
6342.811126694416 9354.584824805497 9302.264008329563 -8399.157285799944 -8869.99985686685 -9674.795661721884 3331.1395148242664 5710.636996495721 -1387.0537746815917 -1251.6487561053873 -1440.3215651601895 5309.135047702031 -9205.604420451264 9729.111425128816 -805.631726761525 -6567.725543109193 1457.4122294138015 208.10367405212492 6832.295822532709 -7458.646965285409 -9956.948648445054 -2766.4540008585627 5096.090365850419
-8931.230630353646 7384.957491593705 -9178.971176563473 -1018.485181293383 9870.363135343177 -8266.140300826319 4671.168025427716 902.8578304031944 8502.00144468798 -6661.858162244332 -980.1273215313722 -8835.332070301918 -1466.0549879260689 3261.4770776665882 -3773.8400674144887 2963.4413059427625 4304.147411056745 -9527.842653497077 7471.353019144415 3002.7462401536104 7237.818059451933 2546.473428305584 3860.1047587388803
-1841.9044954452238 4195.635987944708 2018.1585656203224 -8831.690990304218 -4323.33458705982 -7488.419155643069 -682.114606657271 2553.765572680373 4516.969681590626 -6460.965448103698 5031.46530981248 -7397.955171802056 8422.665132679107 549.5398193396759 1520.8177329624286 3473.3225369557695 -323.81649965120596 -1447.7338713214795 -9422.724915504548 -8517.66222701986 -9188.563614463648 -9300.892308615665 -9712.163307494844
9764.91128367008 -6503.883659599163 8876.818091703455 8698.284391914414 1217.8443687967392 9508.508486791696 7013.009672768567 1055.2285043740467 3441.375775820865 -8316.187798956731 7000.408887539084 -6034.796765522632 8223.807472791417 5987.920930599792 9511.908496266187 -8563.849430630262 -9335.318936012813 -850.0586036623517 221.81381902762587 -9323.241527602313 4329.692868556631 8751.98085807322 4003.6060258510315
-6853.876190777786 -6483.826949294584 -4890.8937160725445 -8532.749777294035 4086.964368627783 -4851.840197313346 3155.71780249716 3397.6982556583807 -8073.898106265951 6051.09178251712 -9775.739596347627 1582.0104974242186 -2862.959775330556 -6685.191409407742 4044.134082832241 3692.5711219351087 2652.6222965379275 -4404.047891172533 -4412.771877012374 -22.18834523220721 8821.856755473138 4691.850457300005 3757.8263062861643
9295.574785045581 9108.214991779325 4563.3056176237515 8921.306533544612 -3138.839453918172 6881.014567683931 -7646.260833144316 -6595.641075640808 -5043.654279966277 -482.0903883765459 -5333.765972934199 3361.090498210546 -3643.6911746071773 5421.496818764825 -3013.9740604577737 -1476.736547468261 193.47718358911516 8165.975059380071 8643.960620626502 -3496.3267811920077 -1982.0788917183108 3788.625399021026 8834.76011830373
-4417.993478130466 -2756.774132759805 -967.9243431524028 -9214.56496538269 -5036.415892790466 2030.4711774661628 -4523.507019092134 -1975.5310907885932 -6894.946120445735 3378.0045067823175 -9692.467056862628 6277.204085630146 5278.98592802291 -2937.6768916050787 4755.1095600995395 -6097.684993282868 3305.7863410097634 2689.4359690813635 5583.69723633853 -774.4390398547712 -9833.667779750442 6240.7697507674675 -3787.193447590813
-9818.211195790202 8383.210522676203 -3381.2938416032393 5801.913622223685 -1310.8731790642396 6872.626810721431 -9800.05919221514 -2733.0423407614226 3070.4397045461574 5001.494124859995 -4706.170550101163 -5538.22979515729 6668.932441882265 -4789.565578571038 -4102.951805988224 6971.494607602639 1968.2242931100827 -2101.6955587233597 2129.582899075811 -9932.15093482101 8136.340891966978 -2478.291376324888 1640.4049055349606
6312.523656169689 3179.23354909917 -3906.172668396399 2224.9819601302206 9865.148880548211 -1302.0926453540396 -7060.044089776502 9092.370714317807 -6314.002411153579 1987.212666239784 5666.891403177446 8681.047050047306 -9015.111007861127 -2332.3477445018943 -9887.3424669835 3700.5410648024445 5116.471944518895 -207.87181892178705 -5938.720996595104 2419.5721102853076 8284.167298631943 -5175.317110959132 -4645.426751972727
-3471.210962978277 -7566.8446855711345 -1236.2668311324505 6888.030969093266 -4434.625746787077 -2159.577359998857 2773.3665381597166 -1263.383482529045 7909.355886716519 -8942.574699835899 -5251.226462203047 5396.182188278392 1489.0226370940945 5997.113720058431 -7315.724005158851 3459.4364428974186 9066.168317360618 8405.311717392193 4184.111807959163 8731.642647082896 -5294.565406624248 -7583.3044981953135 3949.5106427649225
-7304.358455987703 208.77710254949307 5627.159263301817 -4490.735792276106 -8335.19638000499 2337.504492551845 6477.88766847242 9198.057337409828 -1878.8972242985083 -9252.553723870047 -1368.8283478614376 -7553.254846529409 6611.523693101102 -8263.00488163124 5686.758552286794 3893.29317418559 9347.568483728537 -5986.6378038769 -900.229516749001 6486.716617607275 -6758.402688109101 -6172.545564156602 -3085.625841462116
-519.193837197965 -899.8878328541159 -4421.295534699084 9635.929498193324 1510.7446443765803 -8049.4023814320135 5968.973220598538 -7985.114995927962 4625.000217143401 -3214.587721957225 -1222.7250482315358 -4893.820249934511 -9924.870285106479 -8679.203462924386 7922.197163782035 3605.5457734986358 6708.083381654058 -1178.341881683913 -831.6650585173393 8587.293334717178 1141.7835171010229 -5602.421593952938 4481.251830536352
4858.550587700311 9156.46071796452 -7626.5017122067275 9632.128134903247 2539.942964200436 -829.8454497104958 -618.8902882791044 -356.42204007864166 5050.334280443332 4193.997665842906 5778.446287162449 7958.422340300556 -3604.441942561707 -4714.251293187104 -2735.0358459203126 -7047.246211640372 6752.522379913145 -3003.6125885292695 8492.511833123619 -6960.652058032028 5224.81868606633 1802.2762537217004 5814.733875712011
-6028.14823942065 -5403.170612435315 -5058.318476741765 -1883.6779530916 -5542.48314013269 6121.052133830264 -2769.6338725146234 -2219.0875887634356 -7316.2997403672425 -7685.626398056229 -4051.9626920023466 3090.0667187326744 2219.232302214881 -9497.534116075969 530.684278391609 8356.442182908984 -6252.557171131328 -9151.460479621159 -2807.34746823335 6226.8110262055325 9062.448252793874 9991.970146551495 371.94065959202453
7173.144988337837 7102.195489607504 -4470.529374268551 -9959.712190171225 -4341.508773030991 6.104528107729493 9819.566332243085 2509.80606550634 5926.946738301036 -6810.191348287349 3386.487475042937 -7074.225910921705 -4278.241483329026 -177.5256665504694 -9839.028145047694 1216.504306951545 7076.211718466828 -5068.586757582856 6342.896813069641 3041.5301648053373 7251.315325708139 5701.425343247498 -2065.6904305913067
4224.241076922999 -5215.21968570142 3644.528404984567 -2678.4594087546984 9500.920042081209 810.46009239265 -6148.2301462023515 8249.537756564798 -8008.336677606944 3449.374067035631 9605.334596612243 9322.601503402751 2367.615608271206 3682.2579850147904 -8473.34361605712 -1928.246718940365 -3203.51909428231 3133.7002736732193 7559.453514668057 3937.068522531579 4150.391071335349 -7608.997789448098 -5341.305647734418
-1979.1566223442715 6463.275009812569 2278.4782538746276 -8470.42951502276 -9044.323973923907 1206.7855773186257 -9406.058536884642 -1322.1283154219946 -1164.013885423794 -4492.654784152097 -1466.7195057531408 2319.5518330214545 3168.788999541317 7178.811942956661 7507.269379329489 -1908.7782664010192 8998.155749130507 474.6114955556459 -7728.47706752225 -2400.2469637368204 1960.8631479301166 -6623.411084092189 3808.685715142363
-292.17708705060613 -4819.926287491183 573.3412334168243 6576.859843621853 -4462.856523466068 -6067.891105731376 -4087.329589634205 -9989.118358695108 7623.071961040241 -5175.89700592914 -7245.103823291593 -7210.346826021161 6077.422621582971 571.7982735075493 -8421.034037863947 4189.6063248055325 6905.366922746591 -5071.842493892685 -6933.8409945629455 -6667.156587766743 3929.1898479184238 -2491.102905125502 -9734.419176456808
-4880.372571150419 9683.769218306075 4095.5419957856284 -139.58058638039074 -8313.941784887276 5155.532806735249 3945.167356282398 5482.428804709998 5262.711048450972 -7520.367523217003 -3378.5951276238184 -3683.8427182416654 -9561.670267337695 9151.718279983408 -5975.723939047371 -2899.9941512783626 1387.5687537296708 -3019.763686683308 -2999.7159091853055 -5436.605026174561 8250.990647443326 4581.927624066571 -8158.577880538873
4257.560245033381 3497.851053670809 8379.379579921864 160.5246658863125 -3549.93623824897 3746.6963706602546 4543.50865042501 -1848.1300674007443 -5321.511551822591 -9843.93830039222 -67.0489521078398 -1303.1465841362751 1027.8589992014386 -2786.8017561605666 138.90505937453236 -6121.234194450398 2223.0139722167823 4009.0846575865326 9290.356443233508 2027.382928923298 3549.8484200214225 9415.540807836202 4483.83766212292
-4013.6099414299806 5369.31180512249 4707.283714031835 5869.664968350544 9788.47787855675 9925.55916727267 8620.35609655967 -494.51507150703037 1183.7334250293534 -1628.4482294000627 -5008.302266535813 -247.37042218024362 -3277.6044922961955 -4093.9345931594917 843.7250627012727 -6088.348631883067 -9742.542569773219 8660.430563159283 -6539.592105995202 6143.139742925754 511.55510608851 3645.473494901902 4137.338447090606
3506.846070317826 -409.7455966572579 9467.678683261354 6422.97032132501 4338.503602267216 7258.055358854741 3338.429909923725 5109.664132916709 1315.0267944580737 6837.664990554305 -4420.068834005624 2133.1323811687653 -8519.920353288193 -9810.241276312076 8082.241888754161 9072.91332580409 2969.0635010345413 -4616.076257131008 8925.470063150777 -6836.852408611336 -7727.248231333546 -8148.460955477779 5549.459402591692
2889.123860799922 -2128.445396361234 -254.12612833255662 -3099.8062174593933 -2893.142922748897 7878.435544589229 9177.63464523587 -9877.546548884802 7649.525907828742 7159.934690860951 -5285.901579895134 4826.665274371482 189.57942571550848 -756.6375941530441 -619.4083564738376 7017.061269224047 6039.972038540993 -5656.443898902284 5227.398500231113 5159.782383334097 2155.595626719469 -8555.551191370498 2354.133015325091
-72.65041797750928 -7195.021179281369 -5721.609283001363 -5626.685919616872 -324.8416172538364 8308.31314507349 3757.7141008695944 4389.7604064330335 -1598.5664687455755 -5790.340204084732 -3151.3288558472177 -1962.5089075676105 7913.680718181611 4969.343148798975 -448.80173169069167 68.13267123194782 -9889.476606653103 1192.9526320362438 -3411.1894301069397 -357.52715875077047 8339.323343209653 -5767.769053534317 9499.903441769078
-1891.7649216144164 -5858.053757863251 -2303.91898682758 -9216.046318672024 9371.551993362136 5776.541721747137 4709.186286502774 -6061.935861725511 -6258.915028743881 4817.41588884239 -8431.84478611935 -5607.439561815706 -4226.701969218351 2868.436854647789 -3064.8755196347665 -9139.794596002846 -9504.058610624923 -3498.1972260832326 -8209.101376575456 4626.490427567107 -6382.065015039393 3607.9823321080967 646.2933085187124
564.8968522182076 1771.163793217167 9692.727209492703 8010.356977497388 9519.747881171585 7173.971661114887 7623.901766765284 -5455.340049650544 -8906.589795923544 2315.0538358666963 253.54288594391983 -8463.61115653954 -788.319073170338 7179.576675126929 4036.1172923632857 8483.016640416612 4903.959408562761 -8923.097442514703 2198.972384549481 5107.163984559726 6231.197465703892 1516.551407605648 176.72968771475826
-7778.344994453392 -6217.869162879386 7829.817613635336 1468.957420070521 8588.665994735693 -8401.980291178785 3157.753717317497 -7869.261086381459 -3477.302213137199 7276.8209425638415 -3908.588549903596 2799.27811430755 -1307.5279153905612 1978.480970108254 -5790.795694299848 7712.003192194832 9186.110344278299 2019.078669595876 -6200.821563882306 -6051.191476846689 2966.0193012830696 -955.7163197037371 -2510.167068132765
-4912.129997081957 -1082.8605910115166 -7002.0312806511865 906.5412096702694 2880.6827868270375 -4205.529223063684 -6692.584132185977 6032.557152558462 6220.246720932155 889.3020083222982 5078.901489103504 -5864.908122683723 4619.603373689502 -7386.2900900102395 -2911.3715616467143 -5520.10823712068 9683.828210388969 -9818.590517428898 -6706.61821906843 3780.069836424678 -5720.8500510199765 6897.6540899682 2501.180070388329
4869.167612596088 -6510.741408956534 1191.7578300629866 4516.240361333246 -1101.8537267192314 3869.0762681127235 2375.451134804238 -3976.67995309904 -4336.29263515545 9590.190730669678 2012.8636425292407 -2713.3359781829067 -9462.275092314885 -9367.404760392337 3933.4097420836606 -3787.0691844711237 5912.272667316729 -5921.521392520119 -3660.6455756170362 -842.8513639334706 -2238.1472869925065 -1228.7463525579697 -1269.122068020064
-9186.344659578688 -6373.081258795517 1696.768057142035 7342.3484891462795 -9067.052222158609 6502.633452359369 -5222.339850112246 1565.1243708030688 -15.115764024621967 4192.443706824868 -9885.331146383725 9283.323679952908 5529.108089714409 -6461.511464371606 -4604.638940601271 8385.424455134395 -7360.15704647462 -5575.6919230678295 8648.04791007454 -3397.5660638047802 8072.483964590199 594.2332949726497 4071.272060633042
-5487.39061072083 -8566.430401851918 -1712.9296548412203 7119.8753698971595 8358.412896097816 -6186.726855606532 -6667.995878682982 498.1022117805769 -2963.7994439247796 -5605.6835380550065 -4208.579045627834 7072.630515045443 8892.89512790296 8034.525204522848 -1717.2383158229914 -5046.664858154044 -9268.011679632564 1430.016731838703 1323.751905191757 -2349.4760530258873 3055.0467818822726 5270.2697647062 669.3336466264827
708.4212399700609 4214.290614665262 -4783.016385013845 -2703.7706530331843 2470.0918461266756 5612.086490219639 4594.037726725033 5412.061241878506 4144.10610067167 6081.232851166258 -2881.2212873287217 5765.88616928235 -2804.0896877548757 6761.092430312023 8888.407543051748 7478.02868327043 -9787.987502015258 -542.1599715086686 9358.214071572056 -7241.97666137681 9146.446671611677 -2957.735385591911 7124.007560458576
-1550.6468079498318 -3295.7390358608654 7571.297979290441 -6807.904776555322 -6700.743776323677 -6502.368725401926 -6233.679543677719 1439.1881861270867 9159.99269886073 -252.67813328685952 2421.6085786336716 -6521.354492362681 -2578.0556074669958 -1631.619859959079 -8222.996342639619 -2418.6419142030236 -8057.991436065637 -6581.949871739838 5456.671254493129 3408.12735112697 -2482.0404110023464 6150.17552212985 4944.855804230012
-8657.370121577296 6814.967385702144 1556.9283046820547 1288.9762484054572 -9609.475322511402 7810.529506968924 -7720.792024533352 1932.6131241194016 5608.423363133637 7250.125126641487 -6317.87785860664 -3057.850073577857 -1344.575285088873 -2349.86162423551 -132.63181241027087 -9363.930741067146 -61.07532362629172 4345.111277585449 -9235.382317026606 7045.491065829745 2253.2854247852338 8015.808588018295 8592.123423565994
7720.9624751162955 4136.801646039034 3047.3277790966313 5885.497544906577 1359.02466506549 -6255.03882295499 3631.671472061722 -8447.917885398288 -8976.25935354133 -8950.608085859472 411.15385496548515 -1431.581918942249 -7869.314054389264 -3395.2158642365293 5686.418268478008 3071.279502739668 568.5464990606142 2006.0786291562108 -6658.0702349387575 5414.377299956754 -1876.2254091254208 -6282.335788380497 9354.090724770274
7957.257900804092 8090.155659823657 9095.232503962743 -1419.2147207944345 -272.30444176107994 -5345.301324875686 7156.273223258035 1024.4159233637838 -736.8136415929748 -1355.6166557720699 4862.307279876062 4616.621536272922 -5108.844467836584 -394.30129179353025 -7071.971156467085 9657.603603281212 -697.9323988189408 5937.054083605166 -9881.8324546606 6783.339412577956 8668.578617116102 6681.438735375701 3525.1790493414974
4197.397627368413 1276.6690988858772 7179.464432531717 1259.06798767476 -7254.475960389699 9660.211242373538 -2673.880743729229 2880.5183786312864 7699.29103327218 -9409.961122835568 9854.43159125323 -3648.5086235222707 -8259.075453666073 -3409.2045118370206 556.8048084221336 9238.46198390123 -3314.4078584190747 2495.4730924036357 -8804.515464100383 194.15551710997352 -283.6076484950936 -5853.8739499834655 -2294.5038680373164
7992.404571640433 2293.4783629392405 316.67025336271945 -7619.325854079831 -6309.114134204401 81.53085479166657 -3185.2980632305907 -8133.900007923047 4685.461074527226 5507.980738710261 -9017.31843852399 -4997.452412696654 258.8431690610796 8001.841038949791 -9376.510816693915 8373.81246138207 -8143.013024809625 -9922.467144887432 -9929.239637477516 357.2806477755057 873.4506939507228 -7653.307275292174 -1880.3375630594264
-6623.453099031007 2017.0886237727864 -6948.1921113103945 -652.2004493964523 -3911.09170357562 -8146.942888953941 5269.529764722563 6075.631227971169 -1717.1854583829809 2677.347191009885 9485.629449283984 -5114.570622008871 -7057.233260254226 2384.082457007511 -7414.900254222829 -5588.324420559087 6889.911906285226 5898.378224019216 -9115.775170633682 -6253.306779970695 -3840.5257213082787 -6662.488755050402 1767.3945312834876
-3624.453902649032 -4137.768020255792 9859.249728615257 5089.846817930877 6663.440723290605 -5502.61104110693 -8676.666585365587 -7353.2062220593125 343.04537423096735 5494.483392781509 3508.2697892376927 7278.837401037137 6435.755747821291 -435.4971392650732 6257.864616756513 -8573.041800500478 4604.987667197516 -590.6211055174663 9228.302764513894 -6854.437214475911 1119.7905202102756 9383.773334625832 -9480.524822600697
7207.971255545377 631.7554166039627 -9048.0224273371 -7578.133399023483 4678.143090760728 -1470.334408109582 3945.1455561175335 -7318.56625933258 4643.50323774702 -771.3992435315449 8726.08628346775 3369.812009531208 -7788.960112669665 2535.11126439036 8395.772536269731 -8244.901359843523 -6328.488745615679 -9309.486118010822 5630.3170661892345 -6645.384987080071 -472.23014722517837 -6305.427757138531 -3843.9377232104
6458.150396918347 5547.737979121421 -9234.962008031016 6845.667300334662 -4968.493188117615 -157.010440980961 -6972.368048733473 -5865.372001868265 8751.696319187817 -1521.6522025693976 254.71629649727402 6610.133774981397 9555.422235452683 -2902.696684766026 55.7817312991956 -9780.246744264437 7754.530044569437 4552.473331068946 -456.76449005714676 2814.5355864277444 8644.78543166526 -9452.569298135593 -7990.708001117011
7914.396772640121 2996.6632212486 6200.263443186623 -6291.577640724812 -6278.144935416976 1185.0615875572294 -808.9549728317998 -5335.712810732874 343.2914692503218 6219.660008491919 5287.517797403658 9123.278812904202 3342.7743658914624 -4678.3184145537925 2519.4481186635294 8364.688759070115 -5527.7791803063865 -1690.4460809781704 -4734.530577108122 479.71966498206166 6294.431006138588 3612.481962156682 8866.54293778781
-1055.8555604747817 4760.956826420186 -1780.7619890907845 3062.9138287501173 -3298.530485733484 9083.631721199486 -8945.089078305879 -4109.315459783223 963.4840099969842 -9930.912365562248 5927.884428441164 2328.9099246954574 2242.9894846937277 7059.196918273061 -2591.7171976272857 7692.159843440528 1496.6823188589588 -5222.093406020494 -5974.472639147905 2649.968381700157 3332.531265780932 -8018.807605288957 -4262.520434626275
3705.5211174607102 1363.936625036782 -616.9030757486707 -700.4756440518086 9591.853363843926 3612.7916410453636 6646.130381778079 122.83028140722308 -5583.2557927744865 3769.1525460461235 -2397.069053994509 3039.6758244660214 -8666.959651330917 -9798.585433226237 -7527.334805246546 7317.1374061824245 6594.888372825393 4327.125853678082 -7793.215389722978 -1505.0694941896454 -5108.816607832423 -6870.73347246439 -4223.882428180658
4378.254085645305 -9236.562743298591 -2192.783161155776 4834.296827795602 -7821.732195553939 -3259.8282958765612 -7191.748615191849 -7914.782549111683 -409.03600102085693 8306.42770834716 -5538.399527673281 4370.626085942935 1302.0371197803852 -2517.8689564575498 -1704.0335854737696 5908.300961432356 7717.3677304314115 -4858.601943041772 731.1444859553994 -757.5628753457186 -2336.7030269717425 -1575.2296739030717 -3612.3978731188226
5943.370759593336 -4210.51964765081 7437.528992720374 -6262.198379773381 4578.1833485687675 -9248.059498588073 -3022.4477806121013 -9609.01959720115 4808.624775631544 -6885.409876058131 -1913.1500055443084 -7805.352208092849 -15.348559748725165 -7805.8216445490225 -316.98068502052774 -3223.997215741767 -5009.275037233596 6908.6876825489635 6963.644467084181 -5361.116491565394 9265.206457609107 2056.5965018262086 240.67621036144374
-7885.874863280367 2182.5523400943785 8667.902872686263 8787.723109978404 6804.379904950627 5651.769362139661 8712.689489985103 -2187.7710056726028 -7182.533250357752 857.62338377593 1177.2228940926816 6478.3576897517305 1426.912732432882 -8874.927126281811 -8101.144578873187 934.9173206648848 -9973.854252474317 903.8976166417597 -239.56207110634568 -534.4825840908379 -8615.093549773625 -5170.250193555737 5657.458308842939
-2721.373824388391 9843.926403677044 -1817.0129223414124 -8268.429905627358 8668.224460178692 2606.484928531214 3604.251285016866 301.0922631060621 5703.094217770276 -3764.0196240744326 -5447.891850056765 9407.905831593122 -5042.675694988588 7478.066947357485 -9950.479638174143 -1249.9721356004538 -6017.123112854768 -3588.69415972743 -4042.045396078546 5621.622373562059 -2429.4842445752975 6933.190447400233 9181.999047033325
-976.0746904238094 9937.465993010788 -8451.97039123974 -609.4614139543664 5369.850271380345 -6839.7971582929285 -3662.391140180359 -9306.92975394946 -7971.903180267328 -1262.8848985386103 9616.059111099315 -9687.637282392669 -4414.40800716505 7693.42904715093 3620.684654064222 -9251.015653200982 610.2929430957447 6634.667356917242 110.86539507413181 506.51526250839197 -2955.2785617013624 6249.414038738098 -504.56699221804774
-9240.658291126507 -1876.6044369802803 -2746.1477813725523 5187.981489233698 -3839.533699946449 -1809.238146984957 2954.5613426223535 9730.85030419096 3329.0567498406363 3171.629404568246 -5538.389080258803 -289.2649527210997 2314.6139194416864 8263.697771058487 6307.656323755986 -3555.0150197138582 -4263.175630071534 -7649.428601960866 -2472.14103240432 1471.0550556886774 1110.9930178670875 5505.075114227444 1892.399200177757
1664.6464098902034 329.9157001753065 -947.9277403956421 -2102.8187048001464 4332.143212489527 -5857.811726704085 -391.6208780773595 4635.64926340921 7562.671591626899 3366.383646569044 -536.4110108896384 5855.711983047588 7986.833299597642 6528.929040833431 -1704.6119425251363 -2563.2432671925208 827.2237662479401 -7710.435327507574 -4026.708659241116 -1850.0944033898659 6041.478982734081 -8453.80894730278 5987.7874122034245
-2348.0507921285 -3418.58466376842 1483.9797096772854 1189.1855451106421 -4906.270894411884 -9185.091326920034 106.52354145886966 -1663.602901815635 7376.305421836154 3928.899719660405 -3856.160279010556 -1578.1731008878523 9947.161627924506 -9892.090083321384 -9098.867614744502 -8780.075882730707 8419.755352164226 1516.367981606365 -3625.9859106330823 -455.1192710440282 4361.157513202703 7963.850359250995 8900.20493930043
5083.248149690668 5650.038400972775 -1167.7821146632923 8021.9641704105925 -4607.42758714151 5829.2275869963305 9835.914329967338 -8403.307713082506 7696.719981750841 -3667.9182136754143 -1440.241790143993 -8436.811426197786 -7934.79178234195 -1115.164211434616 9027.881046565828 2134.9046403338034 -3904.132193482159 -1760.6814722455529 468.6315255826321 1467.4807680347076 -1140.2320343729498 -4358.001272940539 -6569.579616709171
-8320.79108429521 -3615.4123204259504 -2128.551771245484 -7783.872894679093 857.098635494147 970.3333252587563 -8375.562113973836 9563.748117135954 -9407.663913552029 -1049.3886390167136 -2945.3663255202846 1176.1580414552936 957.3199992223454 5024.7415233137 -2377.8541473224113 -7710.921289645554 -4034.5042542418396 -9331.329989859343 5942.812604769802 -2594.4660004214275 4431.781033509818 -7796.527035459074 3400.9186729500398
366.21632058511386 9560.20416614366 -5697.04898213736 -6987.794291818704 -7571.760775019183 8210.052863043395 1352.7149077780196 2967.7255557462377 9785.94121005301 4907.254136532403 3940.8528371068805 -6256.980134176922 7652.627464667588 -9114.291274227926 453.53676531221026 -8580.979451528947 7808.563682067237 -5639.05632265958 -4782.07998170312 -4031.3011659228778 -4193.755166021198 -4068.8386018846613 -5484.249243137556
1878.3690250762647 8744.812414182965 -5740.991674713227 8705.546121630567 3525.2294226241647 -4983.425845510678 -5516.369897994282 -6721.849576545666 -2653.504184038862 -8775.601088658994 -7415.47109913826 -6287.4626651558565 -517.2774360500862 -1215.8288856544877 9415.539657707213 8298.58380578211 -1895.598246265502 -780.788814858266 -2702.2117042246755 2147.0754653094355 -2529.3164467548786 831.4224276680543 -4158.353085015976
-1336.600310719965 8298.082723469233 -379.72248047790345 8164.328427334829 8238.126799968923 -4660.457835360112 -7445.568971698335 -3785.7145041262493 8092.149234840552 2243.9230750496135 -9610.21559433046 -3189.26996315396 8762.547731052327 9650.645197466198 9525.949308668885 6797.1114179403485 -4967.659471252786 -2030.4706095686688 2105.5176437988666 -859.570792650642 1185.8614820539115 8533.803828706186 4486.542958232707
9793.415098654 244.61961451128263 -6054.836948231472 6931.348122771287 -8477.784793667031 8600.68722079644 217.1457025306281 703.5295402290594 -5650.550532086371 -5983.0640774667245 9769.733352797666 -8899.800355626452 2031.0300406832866 -8740.39229011911 -3439.8002154274573 -4068.9259728235556 -7951.440868339543 8172.145348356302 -5332.143852312232 -7465.758786284582 -9058.262804177017 -8324.084245275062 -2939.9108304924894
1 23
5525.901003152176 7289.917081938223 -1994.254175609025 773.4029678425759 -5144.393446698538 4515.148292264621 7162.896469147974 5424.185061251776 -7153.249979491836 -2108.155625659225 8113.25441150074 9917.045789859421 1872.3806059287144 2514.6145459779327 337.1963874151352 -5863.4463397095815 1827.5331564422158 -8710.850453725374 -8000.901267726818 9085.857059272155 9843.739768941454 9218.711927245022 -2353.159597944048
