73 3
2371.5110728430827 -4961.120423360441 538.5714203140742
-9246.718079448188 4311.394945413347 1302.095281880116
-6194.562962459746 1566.3263214802555 -1831.0419378950928
-5378.756984807967 -7055.136222602041 4974.022059651539
6097.218496511632 -808.3906866389862 9474.790439860426
3668.472142940109 -1457.1083522639947 -6034.214147872246
7230.069672694855 1418.2580934798298 9201.704842279953
1989.9432751354198 -9609.214049325165 9465.230106543244
2913.697988446449 -1786.2624510056685 9740.459457162568
3001.002274798564 -1060.805234273108 -251.88271415911913
-6245.385006779155 -1257.4229585933153 -6170.118789648848
-6213.0647641126125 -2515.4743655275215 -9793.920468726994
-6560.84496787166 1263.3192030480914 7708.89134247111
-1559.429972884991 4922.3535685355055 -1767.4637703554672
1006.5129092189181 -1858.9175101397905 9800.222053898728
-6704.491839856037 9429.824898088882 395.82815258238224
-1271.1115184909377 2121.2716297460793 -191.12956854127697
-1240.7926459355385 -2504.9292453951175 1814.598219763886
5253.892959900591 -3991.881955988015 -3924.152061816202
-3020.977909902782 2641.5708307979567 5003.953465280865
3078.9196729920604 3479.1637854595665 -480.20146440768804
-4880.067380732398 4375.465720963317 -3195.727482378714
9628.801761200575 -6426.189062921279 3663.5944896804394
8748.487171140066 1838.2131049713535 -7634.472368601746
-7983.522722339749 3230.0498565055022 -7811.5326519326845
4728.192730495468 1532.0837638567664 -7288.382244580509
7223.094871320562 7323.637992106396 -4571.543910301741
3255.579727364877 4081.277669538311 6454.1584826415565
4740.547062373866 629.9024994149731 8256.632424567284
-4752.045955257858 9734.285125439557 2811.228564288449
7611.7161519982365 -2805.8550590003124 -2900.505523307821
-5420.922819263496 -2036.901675007639 4151.402605234211
8567.192807277308 6379.605824032375 7241.232981056932
-8934.114441778185 8578.931002247115 4188.279444416965
1120.3215103417751 -856.5347465609484 3374.608850522378
91.42401379817784 7196.794283966665 281.1812259459439
-9458.002038598179 9063.72731542417 -2923.112955556826
-7962.104971888318 6199.5409915264645 -4042.835230189061
-4885.2408530111015 2643.481808341621 -186.79424021485102
1479.4042229714705 -7619.862498718458 1380.522079882283
-6878.681699240207 -6360.241522533966 6644.746932065958
-5471.07819466389 -4532.759550884802 -5640.579774989203
1546.0187357158302 -9492.256610313505 -2140.3629174567777
6134.310416997996 7099.076860710895 1504.1101413067263
7420.687503547946 6550.4667310021905 -8334.01381352882
8617.660261037818 -5151.849259559031 9620.359988834534
-3742.185394834043 7022.660112670521 4645.264683298788
725.607890308891 -1903.1358560525532 -1872.0662346708414
6108.277557021171 1700.2293108332324 1924.098445947804
-6705.520501672248 4735.425283274299 640.6154541630967
-3197.7106029160304 -3087.282570816712 -5711.843429384023
6564.520467299233 -4807.460047200405 -361.88204551815215
-6685.981229512836 2998.2316573125536 7898.117168443034
3724.7207360419416 -9166.802427237271 5429.933061900116
2818.6123629542653 -8112.547374537516 8104.917713417191
3376.8514759039554 498.7396386577311 -6469.725076207911
-8777.367955232981 -5546.69548446586 -5407.988820154541
-195.2893790410235 2527.2387788310953 8624.288913814587
256.5786330881365 4460.549164821865 -9233.250326570585
8575.037764308894 -9332.47084926062 3033.9257950854135
1961.2879859426066 -6392.748235676031 7025.178684384839
3658.3191042705184 -2825.006836272896 -9542.855554954607
-4578.678821538313 5448.781336298147 2279.784512884882
9817.040204939673 -6511.628389615502 1743.6215581519773
-9802.709427802241 -8751.25189073348 6948.440137816779
6874.253806621 -5425.33005492049 8775.564526103924
4673.45901489971 -6274.27286019528 7620.363593663918
814.6567032137646 -1250.0142886625163 2323.9454231718846
-6308.291001805515 3337.2413457454186 -4246.141559305376
-7329.715908302967 -1839.485953237152 89.65856289216026
3066.545132406436 6226.60201821772 3322.053659928435
-1153.835277700282 -5145.611870468106 -2697.9339405111878
-7185.981227045279 -7888.040839063384 1923.2735771626922
1 3
357.08289336783855 4349.178688434047 -8293.010561383157
