85 6
-425.0985368980464 -357.86250554806156 -589.4977245981032 672.4373059748582 380.76920378895466 -20.61631883195787
281.6908043352644 -590.5107596877683 497.27091532741406 410.23688009081 21.73534968056083 -904.6770177455119
-23.29151734861341 680.8950466349188 275.8707971664701 741.8353451923153 703.0433972609653 714.1813219802002
490.8582917701283 518.1065531642753 -290.05072140566824 -543.042861513368 682.7235273919421 -140.09968557952197
377.8367191344455 -482.83443865875483 -789.594085670331 435.43787469562426 602.0833237506961 689.894501816156
-974.4860516350127 241.95198044407243 -501.1661643063021 499.8887555612373 -309.15173526893284 73.8434948041238
120.87416404710461 576.3093389878702 78.82023339249577 -894.6241458472455 483.9038708185883 244.24232919400242
-665.0666579312112 -469.07389404311493 127.3710412609812 -268.7457064647749 344.3772366403796 474.516747284669
-792.748890066081 122.16370818882706 -578.3941401151003 -344.16950872496943 480.42060684139983 105.5696150933968
922.1134851985548 -328.58565296284064 -515.5424141943805 356.1304361036464 -911.2211915347652 -548.9754603536443
174.63281906026214 -947.1172784159676 -911.5678313774702 -855.2311037186112 -618.975971553803 -591.7739289745216
837.2512984622208 784.7011223832935 331.6522882410618 52.73493244751603 -415.9505130113928 599.8068825762107
480.3891118320719 -316.4660839474951 307.91075267526867 -183.46798372455896 -84.40568621988427 -250.53346631808665
-459.9154632549181 -905.7886869173594 -975.1553671398312 720.6758279721319 -492.67263438310937 399.5044142926881
-699.5598076993808 812.9821142226563 -59.245933635345295 -465.9037157006611 423.18245371363764 -576.9744520721906
55.36426302181144 135.4950503295629 87.18632187746312 -343.1565410354269 883.8151937145728 -923.1604406517664
-979.3305032645457 585.1781443579468 -602.6137456226772 -324.20041824498537 89.17946310480738 -861.3163533384311
182.61390128659195 407.2645264691623 675.2978521045907 -811.3433783942123 -909.235712971602 -59.09594546400524
983.4126567968906 -532.4866096190366 969.4289062068274 91.67895456959423 867.1750112068485 -321.2138562977824
777.0725198855887 948.0621872140523 -513.6080531739233 -157.38724196447083 -881.2429786051441 533.1392736274297
820.2705835429674 230.7971852660021 -230.43707489644999 90.83253591558741 812.1933964692073 969.1318845121659
311.1411064402232 790.5373566051849 -266.38208848548595 -237.17351652452658 749.2354736819098 -814.8805786224714
-836.332613226729 -470.2575670467688 -829.3774947393806 -775.130355765584 500.7598875367314 885.8825668910924
642.8580364844752 -86.80752141177163 -637.3532567477212 747.0931542727019 2.866406336137402 113.14519610676348
-48.63249697431081 -196.45824756500804 576.1285432402935 -572.2325360385985 -987.6981065487038 510.1739294218728
994.9294149700215 -594.5192650620918 781.2076278964969 754.9195031707704 -330.9516473243606 -11.343005890854556
-620.7289377926304 -834.9754145062241 826.9175676495443 -819.7287561839055 932.8410349905798 499.9916926083938
-354.49873751083817 837.7295172209049 763.4922844611774 -371.2463505896088 -819.9285880114313 350.80043823787923
468.0464008372601 -986.2957635274197 -892.5892885125826 678.0207421674743 -451.52795594723943 -569.0283313221533
964.493106041805 -203.5926984016918 413.229325189252 895.3080322894821 48.93715221602815 908.4420944680014
-637.5192322986074 112.95232211651751 162.65434481033117 997.0743188763361 -76.27088698990804 399.39764004877134
684.5112708169488 59.75170804711479 391.2287741501473 247.30209143874526 -301.3566612841496 495.95668906342826
-137.58834067383123 -790.6545527415205 637.2888323265654 -363.8601961759713 474.629795766298 -365.3507731048793
-364.9385219950303 455.87042871752806 -531.952734266963 -694.4225710815641 292.89086557708447 -282.44623485210445
-868.0355019881787 83.2554978055764 684.2738812656439 -201.91644032403985 364.35941107335407 -703.3371388689942
-207.60352908527227 -218.7631261235947 -220.5674624314073 79.9069478895874 -867.0190145261652 -736.6306802185125
-528.3696255872075 -716.876446476911 -111.76435454742762 644.275708603808 168.08847124063846 728.616005038414
-186.6268609382646 -324.25103669265764 123.6835273044992 -494.6011429913779 469.9590312176508 267.4832204190561
-523.5869422416849 183.2676389727112 -568.5109273701614 141.97018343588297 -586.3126833948738 -176.77552635148027
958.6451325153607 557.1336591459126 382.7747331890714 580.0791872101386 -949.2628922785242 977.5665364931328
469.5804724584357 -930.2687286921127 -658.1427759538676 -591.2553676566057 -688.6672865403052 406.06325008206454
-251.63386530752098 -41.471679238071374 -263.7180611516725 691.1353772590758 -673.7314331646056 -149.0783591589602
91.08418076375096 826.1753333606355 -865.217090971387 -959.51591950944 -516.3021422961644 285.4331342334515
-3.183271920453194 -698.4659123159291 408.9831530930137 387.6834941818347 -985.390648190593 -590.053155868628
-812.5449124638853 -723.4927281583211 -322.17089722264575 -698.6777195273728 583.2020817585949 -189.28753729226776
-769.055675710446 118.8451494954395 305.37943007309104 276.98052605957355 266.86111191647797 761.3636381152755
517.3230932164247 223.91371648536165 -923.025952899464 546.2099795732045 -601.2724580590623 650.136843442386
-0.6244003313813664 -247.59935435540888 -368.774654055287 680.3061202968327 125.13304944809329 -926.3224400999211
539.9736961836156 966.3735916990966 -399.2545326867612 -38.73128167276832 -322.95303048512824 -970.4226649896035
-372.81830181772136 -842.1359899625904 -823.10261014317 -996.0045832673519 -725.1561245196896 93.6247719382543
792.0243415825323 177.35595173553907 -771.7884356098164 747.0224648393059 397.09366915560554 351.4460170249538
-818.392224754191 -303.4239782330843 -572.1611197898801 644.0444680033581 -560.690532427311 276.50903603373763
-37.19517301954966 -399.31439979087145 966.9091412253042 854.9484906562398 169.54993111790668 -860.6446647439084
570.7029554609046 -57.88019440786661 -462.07288899457 515.2395959846424 685.5262980436926 141.51798885405287
378.75561867288866 301.73945845123626 945.6226665646286 348.7202884400026 -803.18106747353 36.12360634140623
-437.6990422856517 718.5093216286286 54.83892184601791 43.20107789162057 -903.4211155479883 628.0895727281309
969.9429511557851 -939.1972934627772 -284.47443648836463 -606.2778142919008 950.0339458452324 -128.72344070161773
-802.8138066751995 -663.3736364055687 297.9744279940637 316.5237951452557 740.8291036011469 -156.14784948509543
599.4920606185026 -396.34378659239576 894.0373253692189 629.0074499738855 -350.902585608609 -3.2777521158840273
-900.1387491694885 -994.021237277227 -546.5759365018987 903.2349372494675 79.60503533428164 125.35587739711218
-107.02298790775353 759.9601150619501 -292.00057232611323 80.93304037164762 39.630217398985906 950.701843105616
-583.938477519145 228.5668639934579 -816.2141529826164 -76.16515290131542 -628.8899477034925 -627.8090401733862
658.1007635921312 223.56293457088645 496.96161520769715 433.11554283007627 -701.3888503774801 -603.7066888568044
406.33414793995235 98.93874318748385 -968.4501013896471 715.7812250778575 -760.4957524981276 499.7035922435373
-745.369889676623 635.5324688254725 -907.6842040980262 419.9790880256264 -235.7737906596891 654.6494215099765
-136.4695873295036 2.0100450685538362 -71.47773914579102 -623.572788538983 -154.99527424763528 935.8832350425982
-116.81905777492591 -828.0061396604146 983.5905673825287 -427.4222985990997 701.675653642867 926.7691165691717
439.53107143645093 140.03660189900302 -464.79532676447513 407.0879837851701 386.23836037885644 394.56021628398776
156.70500664538713 199.3041075009371 625.4019828327873 852.4566088814506 -454.6950338283393 -942.5041062041313
17.867969796129728 -604.6546092683551 -404.44199706196434 412.7614066339904 76.18306095254889 -947.1296134681588
245.3299690548281 843.4434243257333 -975.371233090512 917.5779897947714 217.529623744201 979.5091177705681
-76.09440985251001 946.1284886082121 131.54463672921634 942.2708493836562 -5.417819153334449 -534.4681455997954
404.2041398150159 -527.6201431647232 -552.3488876361964 485.8155157763142 14.206093963996523 -445.1995454510529
12.063020892027339 -958.3900459748739 -966.7234300182179 806.1137251459866 -266.1726789637562 -882.81173325116
172.14590271669022 -205.1182872231276 572.0788775697376 119.50145972827818 501.533527613728 449.46028409359064
658.0303104481443 -853.686369489441 737.5284298063968 655.203317790026 430.0328430443569 760.631598667492
-874.3595443872922 570.319642673539 -295.74115800489426 842.2306006785711 -315.4358733052884 -812.5698023517618
-969.5370319759169 -143.19796003800582 -858.5748576771799 156.18852855542355 -430.279383519592 -787.2896457191723
-328.477683591075 333.311433534087 834.4569677333659 162.7892145084004 725.0095169108263 -120.52299846218625
870.2591457372214 -453.4827506541244 -933.0993755582399 -566.3406360503432 -485.4737552923498 -159.50755453074225
369.19742196382686 906.8391881278308 922.3931854819921 -4.547390327104722 -68.90932442689791 473.4857049438963
-496.6370432104503 416.46262171858393 349.32748895271766 490.0101517784017 -948.2066301104505 -551.5778852036077
257.0140071366143 50.343381805954095 169.34039918635085 939.5500892824882 -98.74665837019188 -6.516565591285598
181.8110041322475 -560.2788105377903 0.11908673547168291 168.87162244391698 -476.77926476257176 96.02586440364507
-170.93608868772117 -424.5428717037403 -710.7183458410564 -359.8050152530848 370.779680869045 139.080938489878
6 1
-540.4819683545952 -786.2505648580413 810.4724479998447 414.6669679517572 306.83988933050637 -830.7153877001178
