28 21
-9751.536448113322 -5393.559159407016 -9761.254374278253 8990.855758510203 -7309.432731867094 -5935.056851913439 9360.9363622294 6339.277584180842 -9864.336554786121 -8491.963149948362 -7268.803233148939 5367.906305112052 -146.04488605725783 5202.780948373025 4961.888678081319 -3935.6075821625236 8216.192556145208 -2427.7887800645194 8773.788224629337 -8281.484315091699 -9647.580373666613
-2924.8444989221234 3937.5723659751166 -4112.084706304872 6466.154654475191 -4737.592320012886 -4873.763487375091 4335.863616285764 -3435.1433155501663 -1208.4752000307672 2869.818553260544 -8648.868153885112 -2599.1496336604732 53.186776436226864 1443.6033719889729 -6583.227583998687 -9591.147815744507 -1729.643247186461 5987.400821229536 6184.267142826902 -9870.653874728483 4605.187471267847
-8054.650400840682 7249.239467118379 2984.4938035354153 -9664.887686727232 -8289.30602573692 9437.121936482872 3540.008462176658 -1138.3471901196626 -2651.5665600639268 -2039.0588722759185 -8051.915252512316 -5562.501639473254 3483.131487112263 -7251.885035191434 -4574.282020925675 3886.8954718337045 -7499.861144436592 -9507.293170620222 -6348.509185357134 7187.812404417797 4776.5613973997715
-5027.060267451091 536.5561247978821 4183.283951244368 769.1692070645277 -2246.7605712539025 7148.1726807699815 7743.748379310058 8777.68441173506 -59.93611542578583 98.82277831832835 1360.5549917946646 9445.24322898901 -9455.240614497194 -5066.366046220658 -3845.03222112833 -1595.089355136828 3822.0818900954055 2815.0391758690203 -8580.425304562144 -5899.117972873704 -4558.301888283918
5302.052133429705 -1677.20944600459 -4825.197954005936 -4156.27149918029 -1459.8825512241292 -4656.617528805294 -8677.527976355603 -1714.166114808937 -4515.269756394815 -2395.448040508534 6923.07926152815 6316.725907012065 -930.1858835978546 -1035.915765632828 -6583.839704226779 1306.0619306170338 1735.901356209226 3312.2408768226014 9590.587860303156 311.1698127336822 2292.976431461684
-888.689824258221 -125.10321163034132 -6513.232073832862 -9946.50206824673 4179.938388446475 1211.994732790059 1125.0518552758185 2794.5003113348575 -3764.593624622292 6425.51753638883 -1913.3568768694322 -1363.6744337513392 -8997.583167346695 6037.373526994932 525.3317663570142 -8667.99281049328 -4425.25152381976 1682.0025251347142 -2536.5031236365203 4525.786377956245 9531.02989503587
-8480.840999264057 2089.9309806096626 9393.62912663215 9462.827273649127 1056.4664584527964 3214.936815521589 -4165.69456771815 -5807.130067347155 4511.188270854238 -742.7332381795841 8026.638563928285 -708.5156939938825 -9659.340643630723 5134.3374781837665 -4149.715475369869 5435.548181838949 6124.917954346245 -4070.890467732109 -2064.4763717474143 -7571.223764981161 -1807.1418002716218
-7035.065334686005 7465.365488384014 4430.160215698765 4833.442924728846 2411.6750551530804 -6823.697197243759 -4095.9063446186983 2081.133750337638 -7296.545775252954 5907.450680342683 3977.817781875461 5481.913434805816 -7694.075239160295 -7120.793645697637 6381.308607918527 -1555.4064790144694 -7849.136956056799 -8531.529556214202 -2366.779376478734 9353.885281379436 8020.527126555349
-2813.3215841019846 -3234.78866061625 3108.0914525777407 -41.701347752965376 1509.135844643377 2346.286431258315 -946.6639573596221 6758.3394183735545 2898.6847854115204 572.1226771215297 8326.958639665987 -8156.686219727245 5055.5540558675875 -7907.562659924442 -9775.040578488086 1556.7810682370036 7520.82925571801 -2162.417508428216 -7965.083326747913 3325.500793825744 -9508.781533974328
3781.25522320048 7290.01277026362 -3988.2048364937073 -7159.223553732179 -6055.743324328593 -190.49716047955553 -8592.745179164196 238.29941177498222 -7644.799745123699 7257.46254856039 -6426.708718041073 4557.856624175618 -6466.055258249179 -2513.1473118471285 2980.527554055927 -1110.2023438307988 2939.807497422151 -1058.3511879622947 -5985.091458851766 4802.344521734758 -24.709033883267693
-9473.486612833987 6730.244508482767 -7206.838224216712 -7717.434399253438 -4929.605887231803 4307.065183752025 7325.65676740247 -7226.060722246475 9412.588760137252 4086.7747051612623 -5046.992254265226 -200.70615789042495 7435.216537111803 -8659.672755454154 9714.797149901031 7176.335483627528 -2956.4948652557014 -6816.171705331906 8308.5810236502 9454.694491449816 1430.0340816141488
-840.8773073204575 822.6025966019824 2891.465487446285 -2189.0439460791385 9352.788791269173 4983.031185065667 2092.716821614531 -9812.878691328307 -3635.09042232258 -619.8306082206764 -5483.9521675285605 -4328.803762529278 1917.7198946052322 -9488.176553329999 4274.1852497620075 7078.379009059805 -5134.477524211045 1123.0344961168066 8777.256773850735 -8393.606774696353 2312.940794448068
-4370.160284723665 8995.368158911657 -4375.320958888247 -9902.807066478785 -6415.050407561874 3085.3588721253127 1789.8463204611617 -4553.0767486999 -5107.039486507368 1489.0278534458812 -4926.08423938911 8425.16454871705 -5140.801940102108 -7039.804705990271 6948.348454452815 -1866.663148053587 8884.25858193688 -9797.10772952881 2481.409100687946 -3654.4657442270627 766.2393575070546
6285.99969112922 -1301.5492203749254 -7746.343505853321 -1531.7633697609053 3459.1353597793714 -9722.836504169647 -9463.455390154071 7897.448607460952 4464.528652371495 5237.618203231945 3690.7343789403294 -5744.190495296652 1219.4905383337755 959.7852118886112 7833.3564409669125 8981.135456677246 1785.168907122661 6580.395414725663 -615.9314888690951 4969.329902267438 4277.667180490738
4149.083156681656 -7006.599362669188 807.6692760403675 -626.727862384425 -4336.434234570225 4351.00245677891 -3417.840409962072 -8191.664400243452 -7209.128292039819 -8058.462847089214 4873.5998461185045 2531.3082897793065 1333.7534005793332 -362.8691020942788 -2748.4863244337894 4100.586109109376 9133.214438132025 -1726.1889929058088 -1522.1283991723703 661.6736188452651 1862.7527311589474
-1238.4579666343707 -4082.1174073988086 960.5271563116385 9183.63811754089 2081.2563103270804 -7220.790337664383 -1815.864679585883 9896.94827018297 -3725.6988164757195 -4884.6785465605035 8973.807686588847 -8604.178817417293 738.6515848193012 5382.1425427654485 -3263.3521440885006 100.41755303053651 -2655.755850361563 -9322.958447054056 -4448.046495894884 6320.422072365547 2798.2286927390705
7462.722079627125 -7023.359314704427 -9782.734297480361 -4651.20445879275 9555.206613434479 -9954.610308818255 -9988.390579939696 -7513.746045193071 -8453.097028317456 -2902.399726678388 -6741.968669285121 -8597.886595049573 -5207.3627409848195 -4681.189797071162 -3098.682853126029 4230.207307863753 -4780.128938148764 262.14702880917866 3322.229958492957 -9108.313362555764 -8113.252599122121
7352.4797012720555 -9299.92175091712 -4193.160338163304 -500.2754827017998 -4344.742987554837 1099.5149312186059 5839.508821665848 -2040.0337631299644 400.3007364773712 6582.696026414804 -2501.962664553188 -2848.552846565158 -498.1002100093174 -5003.037221174147 9651.415857745731 3015.6565424075507 -7813.51222620342 7813.904637990036 -409.72745374560327 9746.247030008715 8517.791114085925
980.0967111868722 8531.272448057047 -8703.528960963751 -1225.57170109063 -4956.333491924991 403.2743401396765 5791.0920893844705 4929.732035036348 9068.44398166781 -2523.7208544852183 -1706.7978548775955 -7814.167631222812 -9338.51006697972 8149.558764418125 -9736.06774583811 4695.712474119129 -8856.612668637226 5501.706194927538 -463.33404289308237 1666.6664935679455 7218.752096738506
3113.1666791661755 7964.227122819291 4469.046362936178 -7680.443835752928 7705.220475066875 -2727.5373816310175 1111.7749886992588 -4125.459868700856 -3540.378060646867 -2038.7745743327268 -1638.5796440172417 -2101.247687658969 -5426.646175961791 -2423.7876690430894 5178.180414553781 -3185.510582394704 5820.836697315979 7777.782228987002 6542.246662577618 -1967.9474181166133 4309.969792692862
-7331.838108389364 -8912.160199825343 7738.714241255671 1486.2890867746573 2426.900576705524 -2752.5786743712797 1762.8884205626546 -2319.5701388400876 2565.424024731259 -2125.4570114588796 8842.160676718646 -6294.090572590301 -4768.24209106032 8151.087840142107 1236.6448699905868 -3767.508169008922 3098.850103650131 6664.9739077233935 -727.5015143253513 3397.8393684401453 -4548.76359704315
4521.355074003488 -304.7372407670591 4201.09903750466 -559.5645465305843 -1456.1777757054206 8947.643142324057 1078.3570438238148 -3279.3213533592816 -7320.884836047195 2361.739058107938 -5547.330994868334 -6921.569595758839 8102.641022511518 -6306.571752162693 -9601.998652932798 1647.19120163572 1684.7529390623858 8328.028170761121 6196.553665760832 -9150.681826641314 -2329.206522375617
-7455.741078711322 -248.3608505880402 4193.988614045233 -9074.360397595437 2692.234060202909 -7996.673060425345 7783.581346493345 -4717.57296073845 -4253.466237774779 5968.645661465875 4171.777591819857 -9622.13827828784 -2513.0080527305454 -4997.885811755942 7943.079322816971 -5218.6873250849585 2701.66180689415 -81.60766335387052 5291.085929884159 -2636.286588847547 8497.697121365454
-6034.1911931511595 -7651.575232730142 9132.33073517093 5158.221130072941 2066.772518342712 1614.3987665034783 -5147.111656976366 777.1045109687911 7721.315935196919 -5659.547815857569 -1460.5611318603987 -777.0174027916182 6958.272702672788 7406.400053389247 3253.821443435796 5911.5678472923355 260.87704003798353 -5468.174718165302 -4499.063354685153 43.58873209859121 6867.797989474799
7146.644740837608 -9942.276579370284 4541.118579710164 -2382.8981130645598 5895.357115648039 -9537.771135204612 -7097.458721545738 5369.271660303277 3702.749971537758 944.0594396611541 3886.5073539535915 6838.381677656322 -3806.5373231214553 -3122.1197647060417 4907.085381115701 -7573.675237251653 -6476.127693167662 -1822.482524416453 -285.1258990857932 3953.8137150940165 2952.389456682835
-4042.816195858849 -4674.792072216496 6214.562175825218 1341.0770776357022 -644.9966900732525 6503.974285083714 -5385.299683796327 5565.4887920603 1630.276402904714 458.0777015898002 -4862.143906286267 3262.30158025098 -7890.768220548267 7985.939841453735 3402.5247453327393 7259.323415188792 6349.071717420269 -702.0674507119566 963.9046037939261 -2586.4195212174736 3684.9287188555154
-3925.193934221511 -9617.826662035737 -8840.377652920422 6343.17189823391 -2201.6757026017285 8629.20900665667 -2291.958970712284 -8594.338635245726 4854.786639037531 7395.236839128571 -7333.533302992908 -4977.309555491274 -1219.9458476272757 3850.051132930257 -1260.5205449998703 -2523.3416795120793 -5545.228663765422 -8309.417826711622 -5683.111191338066 5607.797889369182 5296.509764702481
-7829.806390487171 -8009.6091100147305 -6649.224150301114 8236.176340749065 -3733.185448337368 -9736.774300891224 1292.688487581754 -1833.9035479533286 2321.258397812451 -3987.3769192721475 27.329394225957003 3528.4627938204194 7530.597963213695 -3886.604485474514 7785.743711621839 -9311.17976463934 3830.3517858997348 -1612.811675952291 -2837.169282353664 -2397.8971825156113 -3356.215680150989
1 21
4661.726130658373 7281.150320429228 -8322.375884151228 -4229.990496685876 -4234.284337675329 -709.4989147665947 5357.678726711796 9549.753390464299 -2634.8159989296537 6076.312601649002 -369.3156907659213 7623.019917113623 4301.326855318846 -8440.936704791033 4782.60485667504 -8060.141579158584 1424.4974202093072 1786.70204941858 -1357.0385035166182 135.31024624468046 2642.596487513043
