65 21
-534.7066700957157 -201.22391391433928 -627.1915660985292 -636.3586007847935 -666.1510730187777 718.0496598461823 179.27721665003082 -362.6186373128703 -31.02303797775835 22.02063580098627 -882.8363703340644 325.6246706592899 -791.2929423333472 953.4097312719869 -924.358169609141 269.97951104282083 310.9769908911135 728.8650149062646 197.1768427765869 27.17035992346814 -909.0140314248896
-136.05037321872885 -221.1668175482091 21.678677340656577 161.76817321083035 312.9413213490734 -388.27272405532767 582.9547274391743 -354.0672824360778 -606.4636349058405 -246.35643850549172 584.8813034225493 675.744241010925 165.17246378602363 26.99038053957429 359.78412775245306 653.3106554380718 53.60402570755332 521.6807350127935 957.411472457695 587.8459783267824 -769.5608621892918
-228.600070704798 -568.4803879518381 -126.32969752574081 422.0673355989152 -737.6940070098622 -799.2740658472967 478.1889285807979 729.8331079989084 -933.6385552392454 773.0860675166355 230.22522149994984 333.13748624121035 -902.6914010981504 441.7984345799457 -981.092178757371 698.9893840838699 -308.07091886826174 235.82806701274853 -657.5974155649968 0.8498781062667149 255.71477102725794
-952.651906137451 602.8624857345492 -849.2060362099191 -662.1096536231195 283.28510218625775 830.7201774954174 27.247055913725262 288.1693095757737 -633.560071067514 -486.53697176598223 -265.31058602402743 -414.9397068396123 695.5848630325036 633.1773450978492 -197.41457131451432 -198.19949505054524 -939.7006929441452 592.1689517684024 -995.2154061164964 304.0577764173545 695.991697092466
938.6321473095018 177.49255896262548 569.0773492800852 34.442791968969686 -377.3301839001617 -971.0934852489002 -691.8957731009348 -656.6808326802229 -106.99615824127773 -72.07969805020207 -814.5748887733513 658.7887832575971 -825.827790524384 717.7121411848887 124.98714160031864 -668.5695948896691 -484.792777550839 156.35846195327485 -940.8470370255 -979.7286408409677 -795.8208607070516
136.52124576748406 173.55854787818726 -501.8569470465011 -98.00558462802428 -47.510957272472524 881.9674112248142 -34.31413705400655 -234.36943961034012 -36.11403337828949 -106.24426868335797 346.621064625562 516.3255879086191 68.7392511091391 -318.71231334254094 136.6754468822155 40.77348443406618 -745.7320771617082 -391.86463238540887 730.0746706301629 -408.9926486306008 -217.62040929536795
99.29937811666582 91.10950242145555 -840.7514193325434 292.091433975585 275.8293387199167 -147.4598250915202 595.4316857476124 -951.3798407484952 -131.26138767537077 -965.8390455571342 666.2039024625358 213.8894986285277 -788.5686050866385 642.842280818598 423.15223447664494 730.3626074207757 474.35491263049676 833.8996848884171 -597.5306277350252 803.1783997277184 -552.1514869975723
622.7995157105388 -239.98482611319025 125.12068232922024 978.791519247035 986.6790097969206 -882.0088117751957 -944.2630452913226 506.2795314204143 -693.2538057088611 -981.6575669080776 486.535308152736 -718.2815623572727 353.2732099269592 -991.9390248447626 -446.5606530289285 253.3354176141945 306.82199127923604 -226.54713770147157 929.4894193732869 -218.69106032962327 -156.07723493875199
715.7971989891182 -92.79927581894049 -249.87215462552206 203.2119593165296 -413.2692079218516 498.332152573151 439.72739978363734 793.921586511407 525.8026268961044 435.0887319778262 -499.00941100948717 646.9472340140187 259.0349737870988 916.1624485871164 176.8720866650308 256.6447877209548 -997.6175526910314 -215.162815121912 748.3873072306812 -401.37880438179764 -704.6245360704988
39.21082239731868 888.1991222925419 -892.6427716897143 -792.8223074840097 778.4137272229891 -10.638372856585761 427.768396272759 -800.0326140669936 102.00772464257989 150.9312642202001 764.5480427021621 -768.3879610681328 -111.02378548118043 895.1102795376889 643.4850195706674 555.247271792073 -424.74039559266714 957.1697114237568 -556.9978742876292 241.06609101351455 199.3336308655173
-202.9040372125936 693.5171242612053 923.6716925490189 862.7258699498618 -187.12543818001734 248.0756873194282 -688.1552360649716 754.060905121466 -822.22518301143 -130.10084629495782 -974.49696694647 67.57096228368414 37.46253521333506 604.7796656353248 893.3106816393922 686.5630220862074 -633.2914077155201 -712.842704406437 -851.8136849649944 -345.43815702886366 166.88452851414831
331.2000814946841 -25.897781276411365 -415.0524787914345 -118.5613699316541 -321.91948296834846 -56.60992220352705 693.8122840067474 635.5091228433157 175.52043374631467 -775.1772411689095 -405.06550664628253 752.7682090378155 -620.2452715443692 -962.7697666222905 266.77921975975414 -241.4958145973991 -923.6223889705659 -347.8238552100365 882.2274453383009 385.4527297670861 274.99122257493354
-674.2805009677513 751.7723448114525 -594.916608434489 -853.4373638214736 318.7884007760174 -603.311125310727 -997.11211939208 115.10473647835965 789.5983871477731 29.008244680732332 -216.817836410955 58.293682397076964 724.592114518533 766.8230404485055 -5.024586598388851 -899.5904497798944 -394.92638062116066 950.8768776147585 -980.0449260502111 -592.7373095978356 197.7142091417188
-883.4357413747987 -141.85450111558316 463.54372453627593 -767.0082374727656 -623.4121713890581 329.5996809871515 464.08216942858394 -397.0790894546434 384.55696756435805 -228.26786387424102 95.32593648399506 -692.4740686770965 75.907222384835 -378.56605350956056 75.10372287493601 216.08305982186698 53.035407668125345 744.5995171390468 31.34591994539437 -81.86867542576533 731.0558727774217
-651.6498095265588 741.2610688456034 -948.3021167702999 -330.7108889074415 -857.9051145088586 195.26371400494781 987.4227812013221 797.6698517881155 695.3619213341581 450.5117310519595 -788.6995456667566 837.997385475137 -981.1987806964171 23.27806812152585 -578.0948551227555 -761.8070180794181 -505.5428538615279 31.953827338940073 -906.3450642582507 68.81917603975307 -141.62879244663907
486.6894627295044 773.3664418218079 -57.68391222673097 146.5485666156153 -776.1095052423718 339.3461145346089 -172.70057210635878 -31.089659799701508 590.160106656899 -308.85639555899286 237.11280889326554 -472.640605672892 836.6100102934563 -530.1752129853949 52.74669750259113 -99.20600280104372 305.99732138595937 603.0061142943487 406.74394824627143 -332.5303691621457 362.49296073331266
323.2130997600068 -2.6072935398102572 780.5522693646958 498.01107096652163 425.7931945530636 36.74382505880703 896.0859641473194 201.13798526655387 -204.74570179289663 -132.76341692612675 -449.62820008218034 -737.5542355641633 199.8275290874319 247.07646061566402 -98.03268080569569 -456.2834235199671 -941.8512793377494 -139.1833384056556 -104.14879852382569 26.254461436453767 297.10406163260654
-252.9784878246353 604.9773748175221 922.6997292635431 411.0800087549155 -507.285926336426 423.2332608117631 -709.414324579411 57.49544659228832 -821.8463426295107 413.1577814914808 239.6304789709186 288.6434653205406 412.3124561841014 829.500613486869 -765.8107590254892 227.24068168340818 965.445532850722 -325.85569693065145 -213.3165262730845 71.99548356085256 652.698289798361
95.97625530092387 -393.1854515143824 863.8707139190146 957.7980039449947 -247.83677334627453 -825.3727574618734 436.9570177964756 731.1670441626063 129.60209587933377 -345.7883194204205 -757.5804414344591 339.8717230972036 597.894541189808 118.53614258366065 189.2778265181105 658.6350879500108 -330.8380879875008 -491.00726417390337 947.0663935170762 -65.23219138734953 -93.83655815785642
348.4945783341261 308.9174708081405 -915.8968858874374 792.2956827858945 -803.541434885918 -787.4139759731336 -490.2939153182564 400.1837355772725 -450.3153987703689 242.01805251962173 189.90599199531584 955.9139628302271 220.37259590306144 -862.1290625373075 -577.7240946424181 755.1588106096553 504.0197651633032 -679.708104456086 -178.0738413215712 -162.76121186585215 -76.90803306940381
-359.65295061349843 -723.2712714995031 193.12018112053534 -86.23500932193133 -1.4663971619041831 -837.8078234371576 479.39096211720425 291.17234318335204 -266.73014707667073 805.8657571693107 136.78543695943654 45.70457065634264 -988.2057664237667 -842.8632910217675 -352.2249168715374 136.78283361227932 -87.57558599542324 137.34721665772622 -135.78383363998773 279.39091374462896 139.09418574459687
-180.37957002633527 531.4358330714945 -224.8646713693388 -753.2696617271844 552.8681741461282 -561.423294021802 -906.9238702194671 -368.3704553777876 -78.46970351753748 -97.40277268055445 950.7217991284472 -12.376579274894652 -875.2571142421237 424.5790790376343 -843.7038319833372 731.4465406623374 -81.54117075245074 -261.66247159360046 -893.5187226855157 -772.349701006054 -245.4427867401638
-61.71828164030319 -964.3335213831157 498.6689954504566 -303.7302269464335 -950.6508707664833 -155.0705865428181 -620.393058703024 -745.9536598492153 -946.322335247295 346.0743580735136 -190.9195368647163 -796.4344862990207 -191.6483791625103 -106.25759136202271 441.4611827850065 -575.4091923341344 -8.606145266278872 -280.40206056383465 997.1846433296416 818.5818855085215 -376.7886403039946
34.742998192107734 -734.331554358436 -860.3437970173798 650.434352601131 573.2836209050363 -822.0109299092784 554.5915290471323 611.4827704534102 -474.46798492685764 716.4612354130461 798.5889800006296 750.9952994255057 -891.2511113179778 -6.186161579090367 447.32150508906307 869.7921005094274 825.7503463950782 -70.22226800500994 -592.601933535448 -774.5056426912969 359.642795478351
78.59061439851325 -202.92651539042447 528.7102751066072 -417.12018215489604 647.3274045089029 855.7039551401158 32.28854960123613 277.68970793633457 -267.83389898182895 728.9745666097322 -83.50891002475328 -936.4817637990149 -254.58663108996848 -87.68803128686136 -255.07172839035206 -567.4175194240263 123.33161269128459 414.4232849198504 325.02114088379244 314.84006506506216 -146.58928605580206
619.872014380667 455.0131889130789 432.8953282000257 406.35735070477926 527.3415854887564 -201.1941599789842 639.3664039593609 217.7052052796182 423.7834695528147 182.97556999612038 86.09088831611098 -47.52102241088835 653.7377156903997 -242.10752106308212 669.3033909992598 402.0129798595201 -519.5546388107138 -28.42287542202598 65.98053699228171 395.7286694182967 751.050277424071
-349.5571124825723 53.17589360508214 -890.9344880221229 -408.16992478711154 207.7077766305747 -184.71765603227982 252.14707062152138 998.6426141406405 -173.1046709039406 334.0329540594432 -701.801072129328 460.5582116625153 -11.640013609967468 753.4689398612732 -394.9977497903292 -468.83049447414953 -457.3804456830046 -844.5885853817616 282.3369363079494 -212.7584185665852 770.2513496715176
647.4113668665409 366.03764332121295 961.3956609087372 -98.10196919767725 -387.2337655972899 -634.9779071007105 -930.8878615858189 774.8322921196996 430.46015832895887 464.1499668102176 -848.4780778973375 -306.2549036567532 -79.01282523280622 -261.09561558742735 195.03807780265106 255.65862000072684 -125.89618104229623 637.8335089996176 978.6282948058195 -165.9459070397089 391.8893518605205
-691.0148579305273 -396.07690955377234 -526.9153901104308 316.6365312400767 -579.1031751355706 -682.0980454943461 -588.4090332504841 117.23705371074448 -983.2888383763601 732.0255034451845 -33.616255856093744 -470.9993384745212 -806.7122187002327 100.66010478526005 802.5794843752551 270.7521848575386 -658.3536133195529 -186.6526866893829 -849.1322282371909 -165.06555639570865 623.7921136353505
-583.3596119001645 -884.661828192339 359.5036976644783 603.8023111598197 -755.511850929053 -438.2853872579167 751.4517642230007 960.5838390491949 -138.51007121942405 749.1748343082229 -261.9445869881407 -848.5888491469996 876.5961256643218 -993.0759367252095 668.833177768046 -213.12213919268345 589.7089337168184 666.59590764579 711.2727354276133 548.6466573378787 -676.0483433962586
-589.1761154699675 153.16553476593913 62.280842435847944 -369.48085385374 259.85403099989094 -410.26329752296715 -379.3646684943752 761.1949845860702 280.9768919518285 805.6334808833269 -408.6187382251853 -85.51111442522654 357.08336224220557 -341.3310381547518 -791.8073775096857 -469.47267119755077 704.7297854729636 789.8830277548057 351.6604453502689 -285.2830309441641 410.13976764932113
-61.347638903016104 -239.730964556309 418.70110787641147 548.1406769092689 68.85794217794137 444.1945845973821 862.0063721201736 857.0520838490313 852.4228319073586 -769.2920900248159 -561.8272013773765 -412.77646839905935 609.3617745930023 -883.7465893135006 862.354044661945 -951.4493141171907 85.25379311375309 680.0661095824439 543.6187210705648 482.6690882476548 429.67787417101204
-609.9366316734929 -492.3489402510721 -978.2343986233722 481.72266737920245 -705.8505439334965 -438.0189773664971 -588.3530728058613 586.2421203560409 634.9375887346116 656.8226413911495 637.0030693613494 -735.9236856481497 65.80359614872782 98.22728884357457 430.5015511668696 998.2888538408017 164.0393207065904 81.09478257415594 -768.8407902823975 239.59312395968936 -724.2588278356964
-726.3290000089137 -953.9622577603852 935.5184952085581 263.81547326903274 609.7035094882376 723.0403286793346 -382.19258238923953 -246.88874600813108 -813.1932227519168 -469.44354582556707 118.53338062298985 160.06177332604216 555.8182177478723 -888.9517767983361 -115.08016251748529 495.2720289320821 -965.2764055466298 451.6083420414941 -965.8042327887732 -963.751835306428 701.5720564137157
19.917241612340717 -658.9366407636119 196.85388579268988 816.8443684150334 -509.76746573527043 -833.582318886281 609.5524103563398 -872.9610639337754 -32.36505686936232 -781.3242637710465 -786.8545065010579 906.3742633339739 319.25116815308365 -495.8009427492664 216.50299138031028 -412.5919251769818 152.75750445882045 -201.80369180354216 -82.25128378388888 -622.2324141468027 -761.3377848856418
386.2081926168528 790.3370292727582 598.6394085197269 925.6760732967732 739.0009722459984 865.6401539188764 -880.1852065852324 -989.6625898388673 235.44371539166877 -714.2912269029713 -391.73888274246167 459.38763115859115 -853.5261016446458 954.2564596629954 -45.393048755200084 90.93307227919126 -896.7050610894869 434.14118654442655 -593.7598704294662 845.9423356423317 9.2625477402255
-142.43128459199954 -869.1209419265775 -438.85071875134815 203.05004670491098 169.83759917211023 -639.8437646016516 -354.58183619457986 -778.5442248363024 358.8876865694863 -397.1653321556987 -566.6258117000527 -510.0693177878111 -698.4827739737041 493.47984880251647 -813.1385486345741 178.32097613656424 170.15077389043108 110.57303198650561 -449.3863646391492 -149.77088527741466 27.83955243354785
-123.81361438799331 312.7248582418579 -178.75705273853555 -317.4971679916912 930.2914072977012 596.2154735421097 -555.092566258118 -885.0505330007666 -447.1051068933625 231.2549222145351 -36.11656878960184 -431.10837200031233 17.04680416698693 -699.3360478800798 316.11988206986166 463.17917681932545 968.7212819791876 -198.47889790952752 -841.452322930734 793.2085173791234 -819.9685607623544
274.7394012006828 -906.3963162547745 -71.55580789253452 -84.56360873711401 487.38271240178324 -4.150797939210861 -44.89360195562449 -62.557722966507754 546.7058533401662 804.6984595668057 246.30409937576928 -586.345962779531 305.3417249736133 75.41349379640701 799.3704208940965 128.26070968421254 4.983580126320248 -401.73702244977915 -580.6567696573479 946.8367113131337 -164.16244302312657
885.5963004285743 -55.146668633093896 -152.40790796334022 -504.90514798200036 -647.8880710101105 737.5693783360248 -517.5306321812739 -733.8261342683552 -833.8260562129497 -753.4385584921667 -508.22041330404375 -665.5984547966569 -561.9019545497912 75.89217580506784 -415.8053198341894 -162.15686402596896 -739.428194032397 740.9408549623613 631.2034185114198 999.1610172599633 -795.3596198039332
949.7790899204288 680.929212656974 335.95725315916434 -452.0430412074205 30.234648538714964 -841.1410691592896 -171.98625628382104 733.7062313397889 -253.56522336847047 462.900311126235 449.7428345457083 110.7601454119631 184.65297949177693 733.3986664119061 -451.7452261913879 964.4862506265947 903.728856802252 345.5338291187693 792.5089791809928 -442.9260219532754 -498.09444066928046
-151.66905898613538 482.10403812995196 -174.89449223455608 -932.7152146241114 -82.54966212762406 -120.7980979243066 387.77785997633464 -211.99490675196125 -449.43270712606306 -266.64814343256535 21.273702381515022 -402.2676532713882 -865.6588628061775 913.398909920099 -760.9140786212292 227.55370036870613 780.5340018731015 328.3164942919391 459.8498258495247 -432.7720406845939 102.17307772016852
28.78487935933026 -349.9669605153855 -101.38762958005088 981.6629597209369 927.8694463078018 -799.5115737021267 -584.066842735463 -889.7785021756588 -958.7412900755407 929.6424435093481 -818.0196884144808 215.02555046407656 -940.027872761899 -745.8205477487387 328.2303268773569 772.5278222706984 934.5922229790801 -464.6312036888082 172.89283559321825 329.42518793345357 188.05993473028207
-445.0046989578833 828.4638206147899 -732.2224480997193 402.00892135956974 623.3947220174684 718.910712395977 -642.8702970019558 530.4873899144975 -268.3233288362379 -825.0846851809392 494.3065351684502 -450.5381654518337 112.19478397896273 -137.48431425785282 -390.55895248908485 366.44300738930247 549.0888939851386 611.1852677873242 -121.79374231119164 47.649221898313954 431.2766236452003
583.6259733720315 566.7638003021334 -636.4943065684474 151.43365818609254 874.0981800848044 -553.739534612955 739.2797839084762 311.65626771844404 410.6295816945151 -985.8138501935949 527.8299285203168 424.55810987702444 -421.8046752824382 -364.96873220378177 -708.1787675251254 -24.240278459459773 541.3867752756344 -349.3340262766243 627.6956394789668 -237.77491495293532 645.8949708324446
709.0387922230493 -275.6144219295362 963.0157959890612 158.433163429027 898.8400425043801 -487.32399036275467 -969.344289351761 -990.8600444373226 -686.2397401427163 -444.6490901966256 -486.2607117306019 424.7439350060415 965.5193305312641 320.6597340902699 -892.9179365780209 143.01971552978966 -228.081361521546 -193.77122839263166 492.5930376529975 -175.60537189515355 -769.5685587780467
-29.434191062139007 803.8536878622288 -984.4142290365356 771.4381706297245 480.08649322019846 73.28394303057462 -963.7372362848732 420.311265247102 -262.2659635633371 -781.771932413978 -749.4864943177206 -277.8161247747888 -123.97488812207507 417.1692015011058 -975.8102209503696 -596.0830569937397 25.323693967721283 -72.24143580299142 -835.207217164705 513.1522924399474 268.4398625772219
865.3385834494068 -589.68645118408 -753.0821240988013 -594.6655481434616 -58.496999613991875 -790.3884035167686 130.94978685193814 -290.29974374808626 528.2863549798442 -363.21083522641163 155.7382299741896 221.5695675781874 -144.61052006772502 -904.0060742008728 -730.5762145303668 -582.9754736695061 542.4616346798475 -654.9711733076658 -75.88918504827836 -911.3564202686184 579.6242899258746
-419.7832473602266 -458.73169708560386 439.00679161436483 566.9296022049184 827.4720098088083 921.9588813559508 363.69182361616913 222.30114579933934 -892.9323041296043 -489.4362753982113 206.99813879611793 862.9057790126014 -720.1544527067381 -120.69910884586488 -688.9458895856055 312.5454783367111 380.22788213381705 589.8439956376151 784.3912275995096 -930.5093371705266 164.526909371712
221.3442394914946 368.1602091244051 -564.6301601536978 -245.3620539614742 -32.69179363678518 -50.24124035723435 368.35777115943483 -876.1198881749077 752.1098319787463 552.4522798353637 770.5101364188934 -49.45003766124057 544.4790061932006 882.3369991190377 -863.2687819774105 897.0053810419001 -380.35084545540303 799.0544664334955 281.92688071186035 55.905306494194974 -892.1767538115555
416.6915615218161 -23.959628060590035 384.18174517382886 482.82032269397905 107.26851987366126 -786.8331629161138 184.65027987620806 -489.6106620417837 -373.95234328868617 132.59890406730665 -868.4884925624115 940.7098709482175 658.4658485246953 -246.96421686600775 -353.02108483714915 -650.2252514140393 -724.8371143396017 2.26460589303872 -47.00170174553887 485.0004889587526 -168.22696104380452
10.648863888254255 601.0798995412088 893.501107644327 78.63058290321123 566.3617852167029 -206.0674881194475 939.736104844578 746.2262514762588 454.9756253812609 95.45487177258474 925.2747328993978 -497.0192340923283 -792.0182272857566 -890.3100805382376 380.0384437857324 -89.63577041587075 736.9321157794898 522.7344369704265 -767.6259975984212 -875.7434695046746 -264.4659722397662
-826.6169713396973 409.41487928713923 -771.2850041595763 435.02077113819087 440.6661993811849 960.222695779687 -176.959596136737 -874.7705569498343 530.2998696424393 -462.07400504483394 498.766923933774 -593.3461134644238 -174.75993760987228 5.784405773522167 -158.24996250742004 -352.6611358869685 -455.0433496256792 296.0103261790275 419.8277774849571 -205.744793344276 574.3666343600628
-243.95430213154202 952.3867891785246 977.7739859573649 -408.96177160844843 -229.8420555982475 998.2862264626544 454.19403150470976 -511.0267077474078 -50.555792525914626 342.1099232127349 98.27612072871193 -694.3745043694682 97.46882144637152 688.8195183895746 -460.5277796535747 -119.00259597687705 -863.1052186976162 -468.5985163435578 -765.3272798960211 720.0487857388432 -289.9716211168759
715.7361891558478 -470.1293461469767 -748.9188316350861 -600.6996061075065 -60.248754223485776 -71.12043461133169 379.0301340837202 -225.0750422248575 -903.2304415979912 -955.3004284618471 983.2358737660966 494.93477652447314 -905.9675035327618 -911.739803746622 -158.61006884073413 -446.15040842369797 216.33318356075893 -337.3713550163093 684.3343792695466 -475.2956886610102 -142.8080395218259
644.5197065010877 166.7257860355619 -7.768729481353148 -486.2389737465252 122.4514009731206 73.25342648516835 307.2767129144029 -161.66694072977702 -380.16193843070937 -560.3872634156171 -814.4053205710886 -189.5548394175886 482.76368357025854 166.56358190678884 578.3069232265375 529.1897112923987 -567.9407091346553 -138.49828707571749 168.0146779325089 686.6232877234197 301.31685074740494
-363.5263107501256 -698.0776992195304 340.29659322659563 -325.2747959955251 -456.7217306954632 -756.3162537980894 506.3752463650512 726.6460026865163 -371.7039763429026 -211.2768733875845 938.456973306226 531.2271361289759 199.4126546317882 777.6190796834023 471.7978351052366 -957.8821773752393 -4.544986521660917 817.5944282470284 -266.7997273773062 -918.1480067169318 776.0797879163251
812.1110706127392 949.1372046550196 -118.26886745804723 -360.160842774941 56.24733514177797 964.5810083331128 819.3431539100488 198.84181767480618 -823.5283799027197 -792.6997502717015 937.9237665883379 78.85221207032555 466.4108270973686 -937.3006406264506 336.6386586377298 -136.10540297059106 -972.3403821186873 -220.24742711833187 -440.8610750426385 -361.66793884368803 877.7465872964672
625.6753263051532 175.93507466737037 -99.50073946170448 -458.0565096321741 -979.6806725941691 -743.6636177099851 227.47622084318255 815.5978902676748 -35.713468910306915 293.1118192498843 894.9241765263193 -181.7576568777273 -638.4046860512071 461.23516923709485 67.60819349930625 793.3985291937756 -41.630070405742 896.4614488950249 522.4837470857797 -628.159175653918 296.67923925501555
-379.11387112300315 815.7480447184491 936.0818026186118 -366.8645393587966 -235.24545730685008 116.15986250975516 483.3170955615642 -923.9641538340584 -44.11358378377406 -454.9091132324454 870.6043015257453 200.31883267292324 -300.1795566292293 961.4489400474858 -428.49884177664796 -539.6826238248773 264.08495729292645 -606.0405817114186 556.5937746763611 -559.1740237851163 -519.1864714617462
-456.41696014573245 -655.1900233039023 100.31799025523287 -36.512807255554094 662.8901932413412 -211.8740581625516 892.8377480026413 -451.43019892775135 -727.6349301373035 -711.351603387997 -536.9158286509754 -166.24005037948496 -166.02120687675483 316.86280117245497 -693.3324130642759 -973.6611111048053 -810.8563902756747 -98.85274816031495 -994.3084728486531 -758.4840567251123 -344.3074448484689
973.7953426028223 -293.1633441531909 290.47357734473053 -382.90716662220166 578.8545298501742 185.38630351387496 -567.5325780365752 -526.5739496639428 -72.87464266926838 118.10189465727967 5.4245193408306704 713.0299910585168 308.95832647795123 -663.6124221986654 -371.293369435401 -552.9654480077947 -622.855207105423 556.0813859764855 -133.46873557540766 13.20126490127268 219.13574911625028
322.774855851284 1.8095076175028453 -435.5008491294019 832.3545875262239 18.512955223048948 416.2832383279922 -229.40391431589285 376.66305072776504 154.21294663157187 -766.3026436986464 -684.6552701799129 234.26971725795352 848.2116431846005 -729.9248706464073 257.6733075685488 703.3665796248438 874.665465438922 245.82538943211148 -428.87172863648334 478.798792563083 -965.6006042496455
177.8714567787872 -105.60686030663805 -153.5429189393211 -110.92767480764337 -53.153905120621516 310.2227364890673 820.2950254237085 -940.6314106064453 491.70076429914934 809.5703084662566 -824.2597854065767 345.7087487930987 184.7278090425632 309.7420359645955 509.51656887926833 134.64949305566574 802.6416142988721 -539.7627479268103 -293.36285666931565 -141.57488419769822 125.74624618429561
939.5391895504592 -98.25239265209973 -590.1015670381997 -540.0859087900529 84.94114175566006 -900.417219962274 305.02132065565615 -422.6630176238273 -616.1270767034175 -27.110257180986878 266.13011234175724 -517.5572702465195 271.0224031564169 598.5799118642424 79.9989558479972 302.80975372268995 547.6385107334677 -943.6441899365798 465.9425612734967 767.3648420055661 -685.5219825559964
21 1
190.18454956762002 -184.09880824024856 864.605292746689 -706.8803275952746 -336.1321551134944 -757.6256281691851 476.7891781466428 -749.4999701767948 -982.7137303665816 -312.2232254595882 702.274137568294 3.7597356082130773 -20.3862699009494 -107.96191755371137 501.07910339487626 38.3514589385984 658.9319264886535 303.247278284573 166.4504634715613 -148.5842230204113 533.7611690244817
