81 2
8861.903563043437 2029.4137601327893
1797.5068046769738 -3577.473690202489
2390.565199683677 3758.541412289618
-3600.4685248985215 -4605.184732094638
3594.1829455561437 -2025.7565369119957
8650.604711741726 2811.693712445891
4479.536432149833 -1042.5878713946713
3701.5494045111373 1504.1516058955076
-7154.423326226646 -7413.515302688587
-9889.388543757957 2580.561204824904
6712.3694896271845 1791.007185501223
-2557.6103263677987 2150.7312850305734
3662.238067213566 1277.5967882885561
5178.542622911282 8790.729563451947
-2147.4100652240777 -9196.439045184447
-57.690946691613135 -4590.456130140949
-9011.846746330984 9775.102355345505
-6720.484060960134 6700.910118524942
-1209.4593635133278 -9573.897875510875
-3497.9033866523814 -318.0299061845599
-5245.471322811081 -9704.795516341224
-217.9990831703053 -2794.0132482441295
-6661.82370677765 8861.30978206774
-2205.229627188254 143.98873583349086
6527.897397687691 2504.935895937333
7032.562076896826 -1517.9823518085104
5536.265392577279 -587.1894406679803
-963.6774384656819 -5960.9320233486
-8822.829896212128 2500.9040535280546
198.18998356154952 -6970.305428538326
-2162.670229692827 931.4202635617366
-8584.675713927893 -2705.0478885145467
9465.532584619697 -2386.4961109533915
-5613.107829337896 4953.801195586433
-5047.000665410084 -4520.053542175806
-8573.935642959335 5823.4665641711
4112.755186204129 -9136.05664605678
-2658.1059762118557 -3818.6041613488396
7855.64586362489 4237.500963350278
3176.0160478689795 -7047.291876974405
5530.4169383917215 -3838.145237543744
6011.985710154815 3509.04010964808
-5320.431180272382 -5434.3023162668105
1161.8795539765233 5601.416735078094
-3222.4816626061865 7444.987142004324
-8078.765894233355 5085.944423205827
9028.804981027373 -856.7652321290316
-9620.362885896455 695.5452071718846
7892.326328317904 -310.38836503931634
2581.3476075077233 9893.77569948644
-5697.787278399668 -666.3384993003201
-3441.18214642775 -7778.093298764188
1310.0208123863922 8684.609867969717
-1314.6240540194249 -5101.447992393846
-5103.227432701209 -5534.550211138383
-2195.285553148403 -7463.853131837297
-1505.8859544157294 5248.855624132117
-113.39883354895392 -7041.2723452758
-5481.774447485835 4233.310843302697
2662.103955606728 -2856.6799481399576
-8160.281326895356 9606.255758869269
8267.676344851996 9770.218510631763
5929.7575776864705 -4189.6802045180075
3786.6397058058137 6441.124875733443
-3526.3125988373113 -7455.217616429221
-3428.0882604990984 3117.6303415397506
1933.7957802333458 -2254.0527776317367
4803.177817192778 8206.801460260038
-2458.8653484499146 5413.348844589014
2431.6365896030347 -3358.9840479611667
3703.673613370911 1899.3026380525043
8653.278428037083 8114.257311103585
-6330.6876091953845 -3498.467314633802
4138.418601652917 4918.169412085517
-8224.489820740058 -3361.2444901229455
1236.492345130302 -1579.597360128253
9261.544661949498 -1144.4095942031126
6328.637184443171 6204.994902337066
-9254.762503838998 -7061.040505250616
8769.414127288506 636.7991278288355
-9290.075196279025 2339.147487004624
1 2
-6376.984223016062 2884.2084155557204
