69 26
4069.1228341235 244.5928490025908 7693.163668455898 -2520.4955008548295 2975.50085100003 -8870.448487660113 -200.35304966994045 -3422.8793624031487 -5628.461154039206 3974.35819071116 1795.8527803220113 -3230.339144685786 -4868.421173635608 9294.518219396668 -6152.303882574679 -4584.10856510763 1654.7282902147908 8169.082886693057 336.9724207985673 -995.4722532668438 7716.985255334301 -864.5822177882292 4803.975814269854 -7585.896849402185 1091.3869661297922 5281.857773901953
9355.773682308718 1648.5594330812291 3180.1363846669265 7635.287986779898 -3025.4056073368974 -532.0733193604501 -122.4915611204251 6836.600364037164 -2679.483935796201 8594.727644406059 1660.564391204105 -8948.642672950722 -2118.1237709403213 6027.3997562854565 -3052.180002539393 -8180.093555682944 -8194.145154455418 3975.7187729367433 882.0484768729693 4525.404920267651 -4270.141566923182 1662.7430946594995 856.3561765800696 -6201.236505229404 -4274.077484935197 -8146.380003333454
-3115.3703633676996 -2906.912788832219 -2213.9610960194614 -3767.713120153975 -8676.730353869989 1918.6853904196905 8029.91034715515 -9651.365642343393 2446.442986729935 5607.573262069334 4835.231658131985 -1033.6234729475418 4573.835516665686 -1175.4761994609871 4611.504503011927 -3340.6274850995524 4034.2928162288354 4404.604054864425 -9817.909260043347 -9074.522019247936 -9366.45855858312 924.2126486610832 -267.1525179539549 -7384.942412379434 835.8765807413474 -5710.954545585658
-2746.053298837721 9857.80700961248 -7962.944029161394 3915.071842936479 -170.43176200085327 -5543.453461692098 -7002.7661321302185 -5099.501451875772 -6374.343010044908 3524.1002962179628 5552.1943129523115 -5664.95416697953 1468.7046104040146 -2294.8040792091006 -6219.992327327166 9675.753338649462 9117.632510755673 -9494.754800101053 1067.6161996059564 -4615.795343092568 -3822.7661769198985 4948.186494623558 9285.321410930785 -7706.166920455237 -9153.635176346395 2660.14876468273
-1076.603621888844 -9753.454532499238 -7495.05739398701 -198.90113369031678 -4642.600947128845 7482.360541268925 3459.4719964687574 -7948.369752578122 5659.372715679305 -886.0232470857263 -1316.7859024375466 -50.97947877817205 -9361.876476797635 8199.929082779767 -8631.68000025622 -5071.763420262838 5549.905826784214 3214.8026887721826 4011.0919406699504 -3550.2099071487073 3905.3913002720856 1157.365496142531 3521.6331353849237 7830.995569235398 -9568.66833044756 5403.69857428023
-3066.9166366856307 -1253.557553670753 5790.541994773439 9605.079922713576 -4160.957855267086 6496.939664642992 -4233.92797879788 -9378.892601145768 -3955.2109486202826 9567.772970196173 -6625.362720506684 -3613.2118357144227 2327.8267456958874 -4828.44645224902 -9824.55133348709 4201.452571609321 8042.184538579462 -9380.274622246827 -2463.346243016782 2959.466155123753 5059.253334497147 3317.3925507537933 8666.16635385633 4894.618646569585 -6163.998488372979 3329.4938255735196
5525.035337232986 216.7920717180623 6593.849231140528 -2382.726690155486 4607.033684513364 -5947.8516716678405 5061.056296825702 -6608.406971897145 8174.68927308642 8549.214571723893 3042.1457990378676 1883.6104206283544 3404.789668306852 -5875.982685222721 3438.974456124206 8703.402055555714 1936.3891526878742 1410.0159117783478 3971.6628914904704 -6167.935416100791 1205.529931750254 -543.3641513825532 8402.589103206567 -3531.447841136408 5804.703038491423 9472.503085068296
-1607.8169489028205 -9829.536035365574 3719.302599180952 7770.31252189758 -8808.45591058365 1727.3000286863007 -7857.544581680533 -173.38944109916156 -1496.3687568283276 -3946.356224099026 3078.3809605072984 3694.721421229535 -3624.4504817589986 9279.840221756065 -8345.395989639468 3112.4794253863365 3144.5086654896586 4172.038304078842 8658.283743034692 4952.595358242628 3873.2073487190173 -9532.907964165732 9645.08643274938 -6475.498518617791 5412.586587881653 -9712.647252669614
-4866.900671321313 1850.5924911530055 -374.3510384250385 -4715.338207605231 -7242.348500969342 2850.8708956436312 5685.528484342221 9692.086024680502 -3979.643070148053 6639.8117457006665 -6473.865951760147 -5606.428987039028 -4096.486303041806 -582.897763758252 -5203.445933153755 -5174.150740442742 -479.57896523425006 2447.3784899107104 -8007.624826201672 -9259.665299898534 6282.230420261985 1241.9844410621536 -2780.9295353720236 4984.918674174343 7378.329150075955 -8814.598470815034
2323.3564812909954 9195.890185338867 5938.962640057396 -6464.674986612448 -2987.3148720164754 -1853.3405929882883 -3385.774937538795 -5601.022275536027 -607.4988741000434 744.4000813650091 3965.23652181296 8423.099894880084 6487.195201330087 9406.23344073828 -9566.603701848655 -8640.24042557351 7268.715548722561 -5291.901879453 -566.0314105814377 -4005.736691020463 -6628.711374539873 8316.824231063947 -729.2022706840089 -3008.923904217202 -8964.343070739567 -4150.942147070664
5496.165722414775 8415.03466974369 5623.546519928228 -9872.11617231276 7467.743624109797 -6128.511166494918 7351.894645275752 1617.4221227863636 642.7280788685639 -4963.54988917286 1529.3871274675566 2338.8018982319554 7620.060003155162 9889.119170768638 9689.889785332918 7491.606775424181 5097.133822256859 -1217.5657401368517 7509.157611433959 6052.141262755587 -2577.161465382951 -7929.694847743332 -3206.443007264177 6465.191116227761 -8568.686547175486 6310.204015875777
-3846.7538584071617 -5197.944665198009 1852.8656319113652 -6671.317486032284 1974.6978376055995 -6763.709853819315 -3532.767105314283 2963.356997181223 9622.371151106996 7028.382807866852 -3527.512314539774 -8703.133797780842 3892.025340804361 -9166.848830163988 1495.4701123476316 -8662.055566738592 5017.523409569643 -8791.540654915047 5863.882159006278 5832.680720584824 -3207.511502228759 -7983.298142469328 -2316.60487067354 -8610.055362822346 -6287.780672082079 5403.658244715554
-6774.152130917246 -1618.048823610292 -4913.645816325332 4444.444965753104 -1138.269716235991 5834.853288912618 6521.666506329206 -8475.187543779375 -9956.87008517201 -5285.9488661802725 3655.781929526871 9515.801394434246 9214.734975849711 -7448.12268928218 8598.476841668766 3559.753856798403 -3680.4765011616955 -1697.9434123759238 -2921.7909930294873 7843.461837865176 8795.041602312675 -2588.9311650873715 3411.0581086566654 7723.432471822009 -9416.848062824494 4999.264853606623
9910.286417917636 -4947.421072378024 -7253.701252266543 -6030.072984305623 -6261.740262189052 -3437.8868474425153 1162.765537130399 -4407.195158893235 -8727.649495664467 2698.39272052685 3328.828737910335 9992.105960295135 -6927.2517771064795 -8153.082863302303 -692.1057882849072 -1672.9461629112284 2436.836441101017 4094.6365615105933 9069.192154268316 -976.3132023225626 -9065.494157148993 5361.692806599669 -1388.8938402166295 -5879.630775904905 2272.7854716851343 2303.0779597104356
5827.581095565582 -1217.0575761371929 9410.372632751169 -6636.10103422265 8201.48316943755 -8986.204578467612 6061.5892290219 -2718.0892957019378 9478.076923105018 -5641.553160277484 -6744.144731716726 8119.402181008951 8078.3258002192015 1233.9034276619623 -6386.891083550925 -1770.8084465476895 -8965.152926445979 -2289.424707145711 -6363.067115534284 8362.890605772052 -8962.64187653404 5612.861704088806 -1865.841318396222 -2051.8314630328787 2007.5637544367091 -7071.361485954523
210.4984535155072 5096.491568828229 -8168.66947621536 -3590.2694168584985 6343.2559708136105 -9013.71086996905 8854.561987883117 8270.110329534764 6633.877749701431 -9132.298122331309 -3793.3700209366198 3622.7713617818845 -4651.153057778579 -8140.452512647269 6977.359402532031 5457.271431294208 1587.5321690823512 -6408.634022249629 -1405.4452865669064 3934.212312457945 -9109.513247707557 -8682.175377848831 8562.099979018534 -4149.915345922362 -5029.914137545923 447.41109904202494
-5631.456540155726 -1246.5935844698834 -5963.305017559115 144.20660430822863 -9197.211298808257 4010.633456839303 -60.913106897303805 -850.3100825302208 -4200.987119404694 -9802.961336793529 2584.2342972342176 19.255638118507704 2492.7201050540643 1551.062759272043 -3652.9648737687266 -8825.168101913203 -7637.23669050518 -7449.044490434069 -5958.483559494074 -3533.5790506850453 7100.6800085338655 -8858.461649537781 -3019.094116999113 -876.1125796670804 -8366.807045612035 -1758.9455737999197
6216.155353556394 -4319.401506048013 2693.2811106101217 -9150.318225125262 375.5847606000134 3765.411117421607 -6687.82959363907 -5454.466795464137 -478.0817099114629 -7764.122327746743 6533.285120262284 -400.3282477521043 393.6116368408111 9347.33711419021 5148.488854697864 -7359.14751300094 8817.062088603227 -9536.39904203251 1541.7312071610486 -5345.8074399002035 -9597.536447060771 -1675.2481396193434 -9323.826724974562 4910.921618322007 -9086.48526033698 1362.8518697187865
147.61590421737128 -8703.027538357053 2047.6494208166641 -7624.1585902707375 -9774.757305613224 -5792.217084588764 -9989.032501900389 8290.193828540607 1256.3017359326332 -571.9451879800054 -4106.58081758624 775.4534452912121 7992.891602928885 9742.266966626154 4519.296200619918 5498.492971728141 3683.587086430087 -767.2425053446568 -8415.71724020563 9219.117327775512 558.2680636711993 7181.267526786702 -996.99613232294 7925.674345556883 -9076.320044120172 -7395.349428394482
-6638.481017259721 5925.374994385842 6300.629356297533 4584.968641943142 -6977.160531558497 -1509.1998452104071 3532.7375314292112 3131.3710372008627 -1582.8943328357254 -3541.834967196407 -651.7868161969691 -5742.241623948925 3594.1053860684424 -9292.485240293585 3139.233852923733 -4904.17504073132 -6307.56155382822 88.98991442227998 -5317.399613710567 4139.646939417093 2407.1672095201393 -6432.636738742796 1775.033501509466 5721.657796901087 2723.1141162072126 -4004.368105296794
7531.761750163256 -3659.635829055179 -232.84671306853306 -1390.8670760531822 -2342.185793417575 -3522.3394473213366 -9057.638158138268 -6488.340626533988 -4462.009633467214 -6004.339551261466 -4141.2822822833405 -5705.303809286015 1357.140560916907 -2163.557617495535 -36.16295679347786 -6867.835543250474 7481.363323907459 -7260.699779117524 6700.588985345392 -4884.827850234892 -4260.949021093837 -8453.07193297848 5963.957018312338 -4646.437745721703 -6530.460755584527 947.667370410978
-4528.204720546884 -8219.903007879806 -8667.308845925838 925.7322869534564 -1141.0568032797873 -2694.2199931043233 -6890.415143616427 4498.919121207902 2201.046978241173 -523.0137869834489 -7402.015869875793 -8652.516688508733 8549.308282949889 -5997.891946877406 -1089.4292172934584 -8272.689541020372 -4394.081930699729 -1099.4607691394613 -5448.979319080618 445.77283681396875 -4739.97663343696 2927.169678430402 5858.77085025188 6435.508473652761 -2375.359962836943 3069.3778663878693
-1476.4110642299747 -7615.131071500135 8613.472262055962 -7482.446634496693 -4806.495231863788 -3585.5626450818636 7886.036035437137 -7890.110774812655 3295.437011343851 -8029.857970729963 2999.204674754863 -3819.026725671997 -3879.2262775364497 -8861.277390727662 1185.403285244347 8502.909607407797 -1130.6505406556662 7686.941013758227 3548.059555602178 4425.52948535816 6184.256390948793 -2425.0379154314405 5174.018550714227 -8472.487791357255 9191.420303907504 -5447.998148079798
-8648.534865091615 -7025.40531421314 -9415.057968758956 6684.2092952518215 -8290.59772017673 35.5396121875674 -6303.302957191363 -1091.4506584488518 4645.452387857546 -3315.6403557165977 2134.8804935276803 -769.4861041926961 -1654.5738529082446 8422.085791113732 4522.943830020653 -9488.325890978924 -1543.6985358653237 6697.861563168914 -1096.4450166236911 9794.95156923437 1843.2988136714393 5443.250666354183 -9710.988605163973 -3417.661614005967 -5422.853666354328 2969.373864325031
-837.2323471106392 4070.6977484452436 6555.878132551348 6057.229524533019 -4684.102731220836 9674.050512957328 6148.621506144062 807.3687485989558 8820.411482710653 -5485.962251116241 6252.43999310097 -3713.9330608588716 -2504.7965500650735 7439.753962217532 2441.686411583096 1673.6840161155505 9222.768793425283 8592.234678339482 4045.274302434318 -4660.554311318281 8136.655372237536 6.542487145155974 2889.765871751819 5387.553745927105 2277.0410372494407 -6345.821982154715
-6233.969200084215 -2404.2412524138963 -8885.352151544284 -9506.105071208664 461.2697398939672 8554.384914359445 4107.7033001863365 4019.9024801570213 8593.236093115804 9733.018082720999 9392.176569936037 -1682.2429748254217 -6379.686620618865 -9767.68191731278 130.89159299581297 -3403.8949100989275 1305.5107082799805 6601.899403736978 -7811.280254382129 -5140.116821832945 1219.8987091206436 4207.634652634391 7803.25904915942 -9024.076139471052 -5396.6874463858885 6483.774449497909
465.79845227893566 1573.8749985600098 6291.079302068154 5305.805688106799 3777.5507286220163 -5696.25928697707 -6358.345919857953 -8718.856910702521 1661.4632313989023 -1857.26978628109 8847.582412363208 -107.96950933047447 6025.987868613347 -1502.330238521885 -2436.3488148184724 -6768.623180291868 -409.55872730347255 1111.3686079534964 -2936.467134898715 4575.972065268599 -242.3126677175369 5703.816846174977 -8446.198286902032 -4926.874532503547 4823.910671435311 -6593.898140163774
1325.235093860194 7295.367752590642 1631.4014930406302 -4898.484610617975 -2676.7827616428667 -2779.3968465502794 8982.856533919607 8767.369049795227 -3914.37062473686 85.72397105299387 6511.847710012731 266.7076391018127 4592.552675936426 -4526.24233741169 -6980.66642997541 -1398.119209470433 525.9377027576484 508.1266805940668 -6460.318976961666 486.31190869555394 -6334.949403971835 6134.030720433737 933.925755856144 -5727.406069650816 3822.3777615152703 -6287.079534115558
-7513.080212171161 -5087.7686872128525 6146.1458311119495 -7559.316842220862 -942.202995070109 5235.14973786094 2465.043469115655 -9387.211302959193 -4211.114344306717 9151.644001365796 6541.943386970113 3901.9133406252386 1348.7800659356708 146.39274858207136 8502.747569780837 -6202.927855531934 102.58479863535649 -4899.736972321316 -9200.879786789077 -4069.629343489438 -617.33530931325 -3247.6836234130933 2397.1316723141717 -6465.3314132393725 1369.365244577326 5882.139989970867
-6471.162113477151 -5652.947020053926 -2114.0808788626073 -7040.979159816476 -6164.152837445771 -2265.6556748028397 -867.5647411469727 6306.3132585065105 5611.019992596135 -6777.615058832263 -6402.606315016806 8019.500807962191 -3123.1008018390203 -7204.637251622088 -1365.6698407209205 1430.9246280223142 7145.79059566951 -8413.57366410187 2981.7144055777553 -9908.406008516322 -4018.755601441295 -19.087972487774095 5327.381412675069 -9867.852186343702 -3326.1103548663714 2542.5940514622725
-4309.472079085596 3044.165244575621 -3553.2445279041312 -2364.342567973694 -1216.2039298192085 3124.8665267834604 -3181.5507417575973 8186.927808297696 -9452.421581405115 6224.1342487743805 -4790.544573185631 -5981.608428048963 -1112.3131638474479 -9645.998868788733 -7300.764639645657 9460.011228953674 9158.818171389594 5089.048095113878 8990.040739458633 5226.196840728173 -5102.043849718853 9163.2246885952 707.3607576300292 7665.810656346675 4057.205864567826 7650.917378981074
-7071.66513321309 442.56665259343026 2033.1187978135586 8446.23488867615 3328.9869094076785 3710.626098708555 8460.710019896578 -5157.997700643881 3877.910672570917 9397.100309221314 -75.26574561579037 -2792.845634082415 9654.02076055701 -8615.264488130168 -8940.046493255843 -8858.60032269563 -4737.094014782928 9562.73917424184 1110.5785164694462 4437.6309796248515 -938.5646301259058 6535.909820655837 1724.7246809621374 -9608.93438148566 7.7178871382529906 -3396.292872566746
-1467.8119161494633 6045.356132285127 -6358.886831110502 6175.1712124287715 -9285.909041351737 6868.871335384323 3660.868889435251 -26.313545476155923 7910.164010779594 6135.3881686822915 3968.790567802542 -3529.0230948251237 -9596.765533053453 3898.622059891575 2879.2409143089662 -1515.6897483588255 -688.8751966122127 3956.1245771958074 5276.769361148279 8364.732934436077 8023.736103510244 5956.0527655393835 -2617.7887686690183 1584.4167179712695 8181.758274496206 2225.4435114148328
-9042.514763443887 5907.6807445874365 9741.597400861829 -6458.710583827911 -7231.654094933572 -8387.129403099665 -1191.4789030188567 3494.788045072026 1968.341037227985 -142.72537471832584 849.9587007784321 -1790.1055914255012 7369.828956142381 -542.720669714874 9286.674891779592 3701.3825441431545 7924.250318768929 394.1855689173808 -9332.244830405614 1138.1353710264757 -8790.600826758795 1911.531861430105 -566.0564207406587 -6673.842702877417 -2679.7784422348923 455.0632332800524
9608.370141864307 3553.7864211379074 7495.311727632146 -5798.82977258229 -3932.072843678682 -1536.038837248394 3808.215513799043 -1595.3775294997413 -7225.080516797578 -2228.8351913867846 100.28974367627234 6059.577308287382 9886.955955282556 -7768.8562698202695 6775.083549099465 -1426.5108008331354 7480.808646187557 9487.617247345606 -6184.05107000293 -6184.546708549432 -166.1390474501004 849.1074782239248 -3257.3854942788103 -5328.923593120742 -958.8120148038051 -7116.897794755568
-2005.8973944468735 5432.363383448805 -9256.483804423866 9795.590634286498 -4678.169945798199 -1957.7103670854658 3279.988590351257 -4989.198501368553 -2309.879302397715 7712.3566114077985 -8475.27511595469 2776.2438538340375 5217.1374431016775 -9571.181351025029 5221.178940402509 -2008.6738460943197 -818.5066278458944 2529.6226078370546 5043.346720497237 -1528.8233598662937 -2080.13933738981 4235.9792679461625 9298.134969094375 -4196.553125731146 -5212.830983246504 -7487.957972820014
-4868.486037180044 -4623.625044222741 8306.301331795818 -7783.469037633559 7039.058551846418 -9225.05396058198 -4680.676168457157 -8346.759979429888 1433.7471480138065 -1440.1190445884586 -668.140746083518 -6437.254465057469 -3267.9421213298365 -5608.390998782817 1160.8441194171046 -109.59859895519548 5847.1777803309 3482.218458781932 2804.742973283941 7681.265607390229 6125.833466076669 6644.72810386548 2318.6862867619875 9621.07324757073 1193.838073504361 -1260.4462575504367
2700.529423628557 8312.505339909647 2073.416305416382 9268.80905962556 -8989.608331751522 8210.113720545458 7812.296375164013 -3544.702064713756 -2706.937255174862 480.35106745443045 5514.818578038899 4925.697954925961 987.6654553970511 105.40406927170443 6966.107479784474 3731.6787718588457 -4416.367039344857 -4324.125268842516 4132.074927408959 -1927.0316198177807 -2539.0750508946967 2428.8439941159304 2072.3273036427163 8194.951053620734 -686.1047160339513 -4741.6561115215945
-6179.393857274274 -6160.452393614785 4311.69124704282 -6410.963462693486 7862.781839090716 -7908.462712528257 -1866.9641240537649 7835.218535920736 3819.5701416551656 2387.6150824194083 -8062.255051542437 2768.6201630342093 5943.915765202541 6450.1660134766025 -3799.520588160174 -1483.7374219463272 -6090.597744488017 9835.061053901823 -8460.29809278279 5305.584859219442 -1425.1908749856539 220.95717999604676 9683.109982643662 8161.7175460082835 9655.598484142462 -6260.906299637658
9038.990068545994 -8764.378062090955 6214.668913634647 -742.1413354838296 -1486.050272749324 2890.379188214947 -8844.790617348395 -1525.3612830213933 2587.982038435568 1008.9105831424768 -8765.570887296586 8084.288307283659 -3154.2182900676917 -8641.738504000277 9931.106681772504 7651.639750667746 -2696.3131796701355 -8846.918244326505 -9846.170938490264 5696.594151925183 -1595.9557658693739 -9384.312197710387 6806.845998359859 5085.228244930218 5937.387869917189 4055.548634185787
495.5778193237584 -6657.77467788693 9408.889857408314 -9204.729877495864 7204.775700103139 -2536.957055435587 -8783.122965278932 -9725.15323930949 -9829.688494513448 7607.965389529592 -9117.494581146888 -1920.5252337472548 -2228.393652031912 -5298.1718565737165 2688.057873318361 -9000.94780029041 5396.8480258707805 1150.3670604509189 7532.927856488706 -7378.857621180646 -1753.9567058823159 -9006.22326978909 9413.91449046228 -8125.660247052258 83.46424197852139 237.10096254202472
-8305.274039898453 -1727.991189134873 1212.9615813759192 9548.371178875797 4598.612293288072 1059.5428791712384 9934.305662432213 4637.281958687947 -2707.5785417323696 -9015.306018424631 5221.917693800557 1840.5509587696579 -5745.352471406273 -8360.694542224011 -9157.696750458534 -3721.193136717642 1292.575066561234 -2075.3789341253896 -5428.309230856523 -4944.956224345209 8074.697136885141 8329.900246480433 6898.327353950604 -5264.940039908898 -7457.744253333935 -6075.827721891079
7621.543715246658 -9262.001208420086 -6531.203900168636 8364.146129020603 5823.898512127422 -894.1094105303673 10.372068519329332 -2831.0990185911296 -8979.060671332825 -2687.6979447087733 6662.058441384994 -8432.90576622183 6687.279956503684 8734.877393489307 -5229.466850828184 -3119.601981133257 7171.293803907254 -5671.09767517775 -5032.542837928642 -3522.232975029485 9429.244409778144 9496.144869850865 -7547.13376332935 -2354.73022067904 3778.6761470473157 7408.403202767804
-5473.069944818363 -7428.091793153788 -1719.0450105064065 94.49328287460412 6870.935513732202 -4220.507511093643 -9940.883234688807 -1693.731094379189 1110.287727339608 6771.268203408657 5135.9291185399015 8067.756036665476 3194.973134491669 -280.0879594589678 6252.58284773068 3342.0095671241197 6599.861317939882 -7504.345857602464 -3605.6782785529504 -8635.18970402892 6305.137777546852 4767.440685558597 -4436.9792309031955 -4722.665786207518 5104.760013761012 -5466.41739599919
-530.7256128199733 -3447.2712785563235 -3019.409340384138 5175.2659114169655 -3847.903455207833 -2166.5695137897246 -8288.761861256657 3488.1427725169087 2161.525957038679 -6446.734021816374 -5134.172381282978 6348.437138246003 4330.666119683065 7215.43502831192 -5531.657185032331 -8880.38911508592 6566.326298349497 5921.622882163465 3376.398360999254 -9569.079319878883 -1689.0819552069843 6282.872170177452 2549.0330563838597 -9454.713098934866 -8837.562430150381 6667.637310314214
-1557.5212135673519 -7257.9853379346805 6123.026115004202 -1767.6343427314168 4182.871378195647 -3186.8379130879275 -1423.2792637300263 9793.031535446942 773.5294922578178 -338.90557012991485 5254.386746972892 -4718.787301593062 -9510.945241654248 9242.317997175665 7835.820744262743 5387.511004018981 3728.806592858029 2018.895100578944 -5718.159854490667 7555.10225544099 5788.518255150177 -3734.8634421543766 3221.5591911068004 7136.585795981522 -6824.290413930159 -569.4595288091223
2313.7331334928094 3104.9943930046884 -1636.4889810200984 -8960.460619946758 -8624.614071557437 -9065.566316803577 -6243.302592049611 -6769.123804803585 9350.83393441443 7361.971050753862 -5908.888586804018 3840.443292205504 -667.8655164135725 -342.2643810110076 -1473.3417843023617 -5903.503103077758 -8602.149604417755 130.15061340676402 -9834.983056670768 5904.630591290541 6588.5038790250765 6963.670244968991 3658.437717074954 -8033.086197465153 227.69256984460844 8305.862230639552
-2576.649776176192 -2961.463621468949 1268.8651772282392 -292.0348447596625 -9553.590487426602 -4091.111654215587 -4555.300476525974 7405.780439167764 9312.793510901665 7486.038525213295 -6526.929302860518 -3968.6518559685546 -3740.7300724004026 -9084.912443754656 -1647.2329641227334 5320.405798015096 -6430.479363830575 -1434.6701062260108 -2034.6518953204695 3925.749352238261 6971.454805236543 4185.456774123937 7774.695280980461 -3758.813966782146 -2497.077373006933 -5683.42020694512
1569.1830391328022 -8809.151392070462 -7072.570994277931 685.532628257417 -2339.536928429953 2274.6317706864047 4511.422583764717 7965.215884659541 -8917.334012821206 1341.668364729825 -7405.494225827702 -3293.8275350425974 772.5147273422481 177.46264038419758 -9518.088549756145 7285.990862095041 9459.113626323997 5251.707332762546 2939.655579824048 3554.6528997037985 -1539.3630048737377 3830.6649867911656 -2681.022140531606 -9123.995486477696 2785.365558919557 6854.847471049394
3516.0365786468064 -1122.3496842246623 6880.755510427407 8971.599721140883 -2299.3406514225126 2001.7419608038017 7154.847163181948 -5445.368969412112 5421.329938996532 8771.656259791544 3074.0775414841755 -1658.848938108984 -2570.5020787559915 -8398.868989952141 -472.11760756070726 2757.2337352953164 -4081.7918565640102 -6078.972708279442 -3177.971570004943 3184.870527442421 6883.993805837148 5653.694136324168 3957.883893885546 -4541.676532254845 3814.361390388094 -3606.386762037004
8708.539107577628 6160.915047056855 -1406.2615407108678 4212.6977683315745 -3778.2358081504626 -5936.4083289384835 5784.478452555852 5979.817431385523 -8109.524036675226 -7054.512343681107 271.76117163377603 8045.755533169031 -6051.315074968939 6673.055881106229 9071.054152594497 1536.743993756334 -5946.759506893984 6369.309277018152 5935.725504321921 -3242.5548852980946 5344.389387688709 -1421.8119329165038 -3244.183829180063 -6274.397520721628 3681.654705420113 -1732.2913822457704
-6155.970070753285 7698.028662055029 2075.6920242295255 8160.358553534403 8169.831742545641 4947.954574885505 -7581.571947674824 -4871.186292437153 8720.149174900333 -3293.7402148712654 810.2923863411543 9069.909739759809 -3286.705434806314 445.11126172103104 374.87013340163503 -7325.782969974183 -3743.056170724879 4124.325694910027 1780.8308357223432 -1522.240711166778 -8240.580489542728 -2349.0698687361 2885.0541518750597 8781.263228103882 9639.844603217323 -185.5828967354464
348.3586864092176 -5730.302684983822 -4092.759318670809 -1780.876348361171 5751.805384241417 -9436.589136635597 -6136.677573238705 -3037.3166094912585 5659.49376915553 -4371.754354552983 -6897.2378732271245 -2474.3295819577397 -3302.36837502077 1819.0911006372608 1576.2753672051385 -8480.70983882183 -7773.977241444363 -5786.055512450769 -9708.317237860914 -7742.555494010008 425.2274552814288 5079.617956871032 -3985.679157935864 8150.582422412004 8620.716069806767 1727.3944379708882
9045.850319093097 -9790.89477927377 5009.595008475098 5663.657221346228 8734.435015828702 9892.621476364351 7999.243148034977 2715.419518489509 -4826.684983664848 4854.344138013734 -1750.60772156633 6034.397549614865 4363.030884435186 -8096.522985224797 -807.8104079626828 -6846.378528500694 6548.431468279428 -6338.399616829089 4484.646098044077 -1102.2824966359003 323.45119942862766 1537.1059281121015 -2294.139300199765 5500.101767447588 -7570.653063409296 4707.478196236963
2368.0921724160344 3712.6982090531674 7018.183873213286 4424.414415994754 -1890.006631448231 6673.767188903581 8962.43525499264 -2677.813323406537 7129.534888824222 -2371.069594837336 -5006.494318137038 -6723.938414069375 -1733.9947856241924 270.21975631500027 -817.2209322839826 812.4145587125367 -6486.360940811001 -9822.060980495417 -2118.719148067831 -8075.340343968381 -5453.53848999113 3205.659201766857 -7891.15903651497 1700.9044810000887 9363.140296403548 2756.5492895984025
-1613.5538020469994 7944.872669151133 4351.051531805628 -6002.950775377218 -1244.8591632311673 5954.640791058722 -7267.624038166492 4909.828943023993 6793.84677448852 -7936.120886001492 -2940.1299543345513 2350.1604718408526 6013.927677590998 -2462.287025743759 9925.645851417918 -400.83290022025903 8208.496678315965 3443.336185985341 6306.292297139098 1525.5124899443126 3706.556228833966 -2198.1046229526855 3711.8281332389906 575.6193394460697 -8617.026201523315 -8491.624013854107
909.0590323972756 8119.470329531792 -6399.660341358577 9308.425166717952 9594.740813054224 4404.1920285819615 -2653.817745542957 7687.587725024521 5978.817240290115 3126.1554223370476 9505.450600929584 8973.007014692186 -8190.502048052314 -4175.325891926831 -2019.6511004230742 -8330.498001082045 9409.690456184784 9073.869123794946 -64.71690790278808 5421.717456140052 -3609.224336358472 -506.79955825239267 -4098.1745197347855 9580.232221155013 1572.4233933833057 6239.812514749445
4159.662215802278 -1095.3737423332914 -5685.040841006028 -7944.218290758767 1501.450772396145 -7255.661648400201 4264.661371745462 -8579.555864722215 -8288.476357587673 -7057.040824882352 -8446.441504762604 -1515.8609338111346 832.9978810424327 -2924.369147921484 1805.0088441166827 6632.592535380325 -4843.267610568978 1053.0397010203815 9077.528695104975 890.1642405698421 -511.79998273732053 850.8389767289573 8829.115443113635 -3311.194759025784 394.9815621805428 -4352.625952889406
3859.247951718733 -9105.294890309498 4894.228467586368 -9205.398078163887 1614.4027517166378 2005.598000263799 1386.7602121231776 6871.563274051681 -3349.714952805989 -1964.5784411256282 -9620.977188304636 -6430.508576538794 2880.2434396545723 944.0823064050182 -4946.281309131211 -3879.228155425405 9074.61755145613 -2400.206999962762 9403.132036254854 -4205.563687880452 -8501.361273427414 -7392.359530745496 -8101.084094743889 -4035.1994250709386 -7818.679136820112 3782.972334918555
2517.4222252511827 5501.344559598345 1567.3790532077674 5210.873978656908 3750.223369150639 6620.899213331704 6440.076437226075 9135.712846987437 -9523.218692016022 5693.230714238633 -329.57719616454415 -7475.6728104521335 -6938.071628302702 3910.177938037301 -8867.897708007276 -8465.879928479975 9845.634830096533 -3943.49866029241 -1316.162999295786 -6357.817320515855 2663.402156373215 -4305.338851206577 8300.007563176427 -1375.4643857463707 6600.340750951429 8524.930788657992
2134.698203864562 7841.626284052541 -5321.407850885438 5158.930249970968 -9276.46385681948 -6545.679378961631 -901.599147376206 -5238.358059604664 -8242.161259028007 2787.804451139362 7828.630360858446 7154.394472397042 -3935.860200522441 9062.74485023937 7851.105269990658 -2128.3706391079595 -5330.839356334624 7174.512066178388 9886.755874721126 -7516.591322575557 6331.954100891577 1092.7734599089072 -3777.1913498926724 -9329.283295556357 -70.91987356938807 -7301.780573091341
1223.8818082651542 -6180.211945287543 887.6162509334499 -7817.583657394882 -7173.421343238262 -1149.2792621686403 -3433.655171492205 -3239.9339002091374 6558.630822346033 2706.29680421006 7497.495299374485 -4728.461453706423 7258.61193951976 -611.910156749027 -3604.3917369814135 -4429.583650607636 -9007.623233745988 -4394.650640319882 5069.1167616418425 8986.304256408748 8751.95091499334 1697.3459638652348 -5132.195038048979 4637.627297802672 1852.9838821693575 -9945.121575083085
742.9197059104099 -1478.8703357369268 -1270.3286942267187 3741.9923433092445 -9489.812561821349 -7709.298399693971 7848.632985496479 8963.373969449665 7892.704438545268 -2003.6371106785618 6084.194796484631 2119.7548618673627 7222.612036103677 -2512.3856507118544 1366.8262151868203 610.4729477392357 -6258.932370034467 4783.784812186857 1499.8478440087547 -5975.875094394403 242.09054984321665 -1590.883266878067 -7852.307653637014 -1461.621731786765 -4314.44544304763 -2835.6003986952546
4920.810066554015 2821.373822193569 -3044.6222543109225 -1476.2826970113056 769.1553060344904 3942.3331313690032 1524.5061363051063 5932.190939806931 -1049.7747836781473 -2184.4888790852783 -3768.5721833034067 -9687.062827967931 -2051.975827155017 26.929883353372134 4054.714964926301 6150.595029583383 5491.506040790586 5309.877001868439 91.88011434327746 -5357.845526478033 7567.631244656688 -8596.487176039467 6508.243329975881 4835.069050888907 -2759.2329131489187 -998.7623907779343
-6825.539535801441 -1040.8836495151008 6508.849696234243 -8918.719704971678 6572.863374027656 -88.70280496099258 -8441.878315365093 -8876.761607636532 -7997.08792219922 -5837.619259213205 8053.420967801765 4479.018934203372 8196.473792461398 -3052.0490283680892 7967.251251602316 -3934.625551624862 -1954.8126067404946 -6083.580887588462 9747.837355638538 797.0204355208662 -2969.8916024470545 -8234.644334936984 4577.306799105394 3638.769211020739 4368.467155273327 -1725.2374859047723
-8990.965145704182 -3360.6878562152633 -2282.7448835210953 3910.157608407264 9326.02028774744 4701.717089032736 -7235.939865624645 -4967.374473030483 -3412.7809986080492 -2519.8363065261465 -7757.055686241743 9565.70784097748 856.2789652341344 4238.419069714984 -3284.2122325343516 5173.353191436416 266.0667777504459 6815.086571401593 3569.36116604155 -1837.2255964016686 9819.445578064024 -1813.4706003809106 -3065.937418742288 -245.42905153336142 -1182.2421686674625 7165.135922241359
-5364.834863943957 -9387.458577083959 7275.744188693905 4023.946939330681 -9377.584303858212 667.1746315954151 4451.00188405619 2536.435177720923 1407.5685231772059 -1494.6605348760913 -344.33194148742405 8065.060334561571 8781.564818972045 -922.3426205677806 -1113.7775713615374 -1751.9470129452966 -2709.7241151856233 840.3083632914859 -15.714366994512602 -929.7456025371848 8178.3444580594405 -5951.312816675882 -208.89142163059478 -8469.12389113561 -3933.109607231817 8615.455474289647
-7512.210827981229 7330.857414242171 -2269.499419091714 4496.202155797118 -2707.885171083588 116.12570928804416 -8627.380468431285 8836.419803202087 8107.815623874747 -9145.34810595687 8253.847582524679 9293.275529478538 9793.257608059539 -839.6222144654603 665.7767552828573 -155.16994322199753 8038.70309117145 544.6801915815831 4460.701119488938 -7426.647820180628 308.80524695458917 -6565.574069883082 5725.436523508815 -100.61505110696089 -8290.928947068558 -5804.331858109162
3171.4998750695413 6017.169861484335 6128.399777546663 -9147.22553269006 4058.9098096352755 -4690.769071884551 6069.2482142677545 -3901.288529159752 7553.834228340398 7511.439889410904 -1296.078295008867 7196.404996099875 1389.686508093344 -1979.0810223388862 5899.438702027141 8037.292817306548 5947.535361768138 2648.316874119446 3150.079102704578 -8743.800947609678 -9466.250004056878 -1121.6239745420498 1808.5417620868175 2094.2721233637694 -8298.051958525255 8296.081021129714
1 26
-6390.852174521686 -1245.0373984382277 7638.419024878422 547.9700382958617 -6074.69049500686 2867.2027353040667 3499.97842048603 6728.417810156385 -3886.3941188685394 -3769.6029464265666 -6862.361071351726 1034.7853611911323 -4721.542877630161 7552.1817999051855 9745.998271413537 -8090.2460992676 -2464.7102770265074 -3952.814973345373 -8177.588763690973 -2244.71659868758 4983.230768765832 928.8552801083315 -143.6932822796971 -5009.482470800908 4998.271712584816 -6577.531610642251
