16 12
-6879.222735634134 -5359.973575651456 744.9536384622243 1802.236992424867 2358.293166533327 1716.898945668856 -8340.204527484952 430.20460784546776 -1211.827660005245 -419.8771222071846 6252.921419273514 -819.5272775649191
-4684.227068590259 -9707.510816817241 87.86416469962387 2407.4099439853726 -4557.9579668152555 6061.90353103559 -9323.21236708569 339.86855340096554 8720.692869309238 -1020.9642470710114 -842.6789589362543 -1955.0870161284383
-1979.859392785821 -2947.977418891237 6357.621426072652 -7166.714018358715 4719.032548141322 254.9199978351444 3052.2292124420946 -3959.0881465878965 8446.674457132776 4855.618203706745 6083.573640306035 8607.78712719712
3827.59250730263 -3776.6564833019875 -702.6881253192405 -296.9756112322666 1604.5747979030675 8567.593660092272 -6550.084656681051 816.8885633973423 -3688.322542236866 -8512.216133434194 -2514.8250884559457 2739.0920041327845
-52.21322803796647 2280.7761604510306 -4048.766659021774 4339.3618417464495 -375.3813292152299 -9629.361989342486 -7722.7366345363425 -4065.237248998472 3719.075460873002 1507.2156344299729 -5840.0380906568425 4627.941867561265
-6833.716931535568 -69.30888601802872 -2123.369305383978 -9071.074754664818 9525.93150007823 -4433.639268497162 2888.180087753026 449.8291192962988 9245.356331821782 -9855.516678568607 6991.8511168358855 6602.634749107932
-771.0066111440028 -3843.39962343953 9345.229862629149 -6320.004621075277 8275.283373858423 -7641.400183610258 -6140.274257275871 -4777.097552358316 4881.087027393116 3914.571862187906 -8557.954087191694 -2277.6907834125714
-5629.466300846601 -5899.253275760268 9183.307469104868 4920.412414363922 6353.686093511493 2182.758193026826 5823.0532862771215 -8303.191613676552 -9072.113475369419 -2463.972765065497 285.2736685194759 -5772.756418021146
3842.81791132354 -473.690054368677 1861.4828117100915 9654.003850729463 -33.938798018463785 -418.0155407061975 5944.4017432904275 -9503.162792584482 -8022.160677690166 4534.536165144762 9824.84150419752 -9360.38171008302
-8803.08555727133 -5660.09657874363 7048.128447431238 -7157.440148472782 2067.118743471794 9644.497564259455 -8614.348290806425 8297.659625508175 142.39451062219996 6315.477515726519 -9779.668337614083 6517.745097557985
-8121.569228431058 9269.974069457687 9611.43702908947 -3971.0556408795283 -4577.180158108329 -5210.245280645713 2737.504590252651 3956.799458162044 -3242.630481664499 -8651.720639379968 -793.4488535893033 -5697.597386714068
7816.945519767818 -8148.447484266346 -4695.1866608749415 2404.211373478638 5565.857450598187 8949.279714440323 -1835.0792492654437 9296.19264278009 4300.488682121111 -5734.585166041877 9344.776472229092 9198.697047507609
3759.5264595643457 -7351.052031068706 -2789.4449908066936 1966.2139342860937 -5923.77863878555 8885.08349479174 8391.448824782605 2045.6317185068528 1152.4501595781712 4088.9715205405955 -3049.1665620431595 4729.222409661315
-5920.60726526096 -6361.719895759792 3802.5547040741367 -3339.598572496332 9997.20100197503 -4747.172600183669 9895.719921412401 -8998.82922747523 8136.10505863656 1566.119365145365 -4813.27249321951 8991.791193009787
3409.4229516670075 7954.827056565147 -4636.297182468712 374.4329119982667 5080.377982113901 3877.306790196899 116.40878326387428 -5769.011313246555 -4525.627208961427 4099.720125972477 -480.8451853615552 -3573.906414607033
456.62507682118667 -3327.207426803835 -9863.913630702698 3470.722167972137 7456.36951821229 -5092.16528023039 -7830.694514108894 5373.890836590181 6292.785475262066 -1626.9868683958503 7003.644940741833 6779.292283873827
1 12
-7518.477411671736 3383.689746991249 -2623.9738839947076 -9882.694939790206 4248.316651094217 -9330.09756834834 2929.895801951703 -9478.506982687251 -1832.630306297291 3016.109573997188 20.727149734140767 2403.0504941415566
