7 4
-9149.693797207767 5290.564761982538 9666.970571879676 -2597.099386928705
-2777.5935434853327 -4983.442668850291 9731.574423927399 3978.7968236267006
3869.4225351018613 -2678.2300982668676 -2885.4640557405073 6248.284292928985
6668.4556402340895 8755.35503478381 -4746.384729270138 3365.5360264265564
-6598.598662462887 -1658.107976468118 -1943.7777980349938 5896.62100550809
-1233.4224346657356 1555.9432982968938 1154.047702282678 -9257.489661752936
-3161.740289520065 -4118.917471375205 -3819.803164371049 -7433.4023518137965
1 4
9425.44095290159 5918.129173728406 5667.977664117641 -8993.673299822573
