45 2
7848.638911860326 7864.81591269407
8754.837680270626 2345.5258915632057
-1308.0962438706792 -5071.339727428441
2609.5645084841544 9264.884057602267
8056.753105094838 -2469.9383006041107
-8200.199814634914 -5288.495891266767
7627.343379818052 932.7691436891164
4486.770796161316 7573.763091700555
1343.9857884103112 -5771.068664700066
7281.769244903535 -7160.392058847738
5949.9928157211 1589.6978389564338
-2433.156438299773 8550.420763294347
1960.0216564589427 6253.010015737054
9569.74876281287 -8492.799620657792
3832.7831287198296 -8647.764209224788
-5966.381153453056 9827.331311713766
7177.659528798198 6005.471206292772
-5683.503112910466 -4506.044887745537
-3587.9801109313767 -8953.537301254415
4450.851649733071 -974.7424127520735
3770.965943961304 -5442.086441694893
-8214.489091812704 6133.570790998698
-6607.261417809224 625.009035582485
-1718.3716935880348 -1597.050594582579
-2201.082050761276 -3836.170741474006
1357.286035985324 -6981.855157689938
7159.520333033135 -7599.104529734253
-4459.553594636003 -8278.690978289653
431.2010755286192 -8875.625631923705
-1005.9721481965626 -469.5837519655979
-2081.9170150797927 -8312.719991859758
-6762.928040270155 4244.506726330477
9443.490844929973 -2932.383460874861
7286.238604465267 2297.4126143961857
2661.213975326029 -3865.4400746925385
2261.651439518959 6303.117927321315
-2392.286497303957 8367.06463535292
-3879.6767922226863 -8600.006974314161
-208.01616512992769 -3481.9455586974527
-7060.101372326879 -2253.9776123969377
2915.1620748912574 -8538.478146419746
1107.2996484156156 5875.873613172182
-6991.938104624324 7921.496013032247
-9936.115576641887 -1652.3150139504833
-3210.938602606193 -153.91355838912568
1 2
4716.956659059566 6234.613082062977
