58 18
-7751.881789085839 -5347.634482849801 9462.54321167304 9697.191070613677 5648.615711292106 -9908.080872530623 -8088.844563378021 5298.495842582819 -1229.4977702216656 8613.150088039958 -2921.0030187643497 -5734.043635185671 -561.7657442802938 -7885.467727829747 3569.2212136053586 -7243.995571779149 9775.879843251238 9178.415793153417
-7587.035791090444 -3097.2927203972486 -4337.215533148624 -8564.843860804476 -1158.787493734295 8309.529755457675 2801.4549754797317 5925.385151069033 -3388.094886825099 8371.886787579904 6694.42312542097 6952.431785206005 -9293.108781670337 -1285.9424797789725 3950.763453615431 -7668.295531287695 5011.754737308922 -6415.886176993057
-6784.42131975485 -6909.196349814158 -6143.080313208547 -8976.34894752304 6514.6842619920935 544.9435200557364 -1526.852323342855 -1647.6763634285871 6628.640304158867 -9627.488552877914 979.4876329923754 904.3606892390271 -3348.962691968689 -7259.080922039949 -5915.465802618225 5417.535154734558 1879.6894956668966 3772.885923730604
2806.135994004386 -5653.848701047712 4936.607960736517 -3619.27409734661 -5960.7866860295 -1296.472850445978 -4729.4156135768 8978.896379378577 -8603.876247810507 -1405.6790505067347 -3777.1202251669347 3834.8657951660352 7402.089714524223 925.7893667555181 4060.898980978398 -4305.734728335177 1423.6818607038604 -369.13163790160434
3024.8714694745177 -1968.04340487631 -2071.506445340101 -9622.897324400723 -1594.8035480186136 -268.0879503606757 4178.874737306189 9441.41912063113 8045.407914914387 -404.69486781875094 414.54000277683735 3974.07537978254 -9437.04947382738 5656.577722176715 8036.084915132247 -2094.511360256437 5081.295881066431 -1077.5502648909533
-7730.350901413705 5010.729357958629 -7079.394387644434 8363.993935979994 -5982.263967251682 -87.07381877095031 6007.15221320246 -9117.885229945508 654.4526341352503 -1608.5323779272894 6582.054134386595 -6278.79609530613 -9607.962960902698 7894.18961503627 2980.6853240679156 -4286.766998533602 6814.710715764195 2245.9556232225095
-9720.79689134682 9437.581132913267 -2062.5041315212793 -3779.772646853161 5730.4208774371855 2142.63900156399 7190.84397269132 -3284.2958267543663 -6139.614356489596 -2079.894988825644 -5738.33268807177 385.804963429282 6789.30066723151 -5944.183462862611 -1830.995684580268 -8171.466940866192 646.1283718780378 7207.199342987642
-1151.1127976942007 525.9973810823776 9832.89108645905 -703.0159030363393 8704.23362537559 -5211.110557320213 868.2916899405118 -2039.2954553530226 3655.8409126109746 -5038.849776491176 8813.629924540452 -790.5175103306046 9041.172495654671 9202.238132170838 -9300.537060567734 -9324.904775182136 8794.32051887326 -2988.764267098385
3262.5209485681153 8220.726847084366 -499.0163958845387 -6227.022568157183 -2720.461116399073 -1455.7541970274197 -3091.190607156529 188.87350969759063 7761.7498186356825 -7069.839127430623 -3166.793102308383 -6502.189467381761 7.6335807361192565 -4099.18592359305 7787.046711320505 1961.0513295504734 -6036.935582204656 -7067.956834385068
-2612.189319846625 -6226.892824262438 -5931.306096231053 -9995.757120597069 -6814.801001541038 -4130.184578730563 -9185.564737148963 -8318.87833185088 -7475.280360231016 -7620.275655436106 8969.836644984025 7761.531388389081 -9407.529763224265 -9597.376077965117 8678.218757073231 4550.055777261745 9913.084346609503 -9942.888923874438
-5898.57410992612 1507.34538870066 3406.6965985686584 -2363.492226339321 -2166.303541129084 -8780.713604128163 -6247.568175422406 -6167.8139278180915 -894.7881764043323 1192.960198786921 -9447.705666155614 8232.448292323326 4807.179359154186 3645.9384218787636 -4024.751431160782 2995.978621488086 8497.407546420247 -3227.3313180408204
-4346.037925540958 -4918.492593221251 4022.2157708076284 3241.30670397577 6045.543273214238 830.1774716775162 -6019.624705798179 -9868.64938949721 3389.7438624021015 627.837550774002 1221.3938212172998 -8692.448104053401 -8054.603525661104 -904.8840299640215 9297.684057989798 581.5352220825771 7531.999492000399 -7254.695200523289
935.32409974644 7311.4912264993545 7262.806844416147 -9926.588705264441 -2977.007337855928 4037.52319443349 -9338.334249875506 6102.334898413119 1973.997711982949 -4998.618539738513 -1939.4632683177297 -2664.653037088896 1895.2009752853228 -611.8789699542449 6056.8967912019 2317.292617547828 704.8898869856603 4739.274128701849
-8603.086317527861 -5529.994407731482 -214.27931565312247 9582.992786282164 864.8431022780787 2536.7304779196384 -2505.1565844014667 9233.464378767738 -5561.397932568655 -548.9103345515705 9150.581465166073 -4074.9639436311027 -5373.405445779462 -7192.068318357358 -3635.24587850403 -4111.578537763829 8144.401602250207 -3733.2463283743446
-4932.870353106114 2604.5446832995876 -389.2687213134468 -73.30783536194576 -3591.0334121393 4598.566329500667 7064.124875895508 -6980.381659243309 7491.762450483093 -4228.584679344427 -26.529261665953527 -3850.475151902837 -2741.2229235496934 2305.922968243818 -6347.023180108137 -6904.182639097645 -2560.000410947984 -8528.34974559566
6893.853578889339 -1952.8835314345015 3152.109627197173 9680.750053618107 2002.1204099478346 -2896.6009699503893 7173.774516682977 -2116.5520546913676 -6047.155312583718 -6953.069823162681 -9705.151117684496 -1203.8422029901049 6751.812075440768 6851.5780012370815 -1624.1199745769081 -7970.553413534216 7751.955550128372 1147.1434014742772
5524.724904307517 4959.693417865816 4430.606510891388 4219.696410589633 -3799.0348718506502 8909.01183754596 -4636.796634557876 -4575.161927190139 -1477.549296439909 -3819.1575693519317 -6080.460566719033 8438.021395386655 -9926.22194422479 3978.390918046318 3874.8279073584727 -2510.493841972854 -534.9885998115096 -6169.817481687845
8579.123234480816 -6240.3929976204945 -9772.709380953691 4931.110726745183 -3734.544655282619 -609.1223243512359 -3754.765586579394 -2007.516244117176 322.59337274605787 3369.3069430902706 9780.553373112707 -7314.55532567123 -5259.113264386068 -8006.305303311398 2148.8551052660605 3825.0821376818003 -8808.2111987345 2071.1613178283806
9867.079033855465 1941.608526891905 665.3662796019307 -764.1420087845127 -6315.067538735577 2979.0094732480447 -6637.935020625936 8799.905258559651 8589.50640808644 -5091.755926424168 -9960.302843409274 7757.599530564246 -6441.785753963202 -5464.6618730425225 -4614.755986445735 7720.211614780925 3951.9865550083687 -2600.1196243585764
1819.4662915240406 -6140.727517520121 9815.289753890214 -558.7486248267014 -2202.6390033967273 3079.626260241157 -3444.9418333019603 901.8271048266615 4172.591841658828 936.064401333073 -4216.205031753899 -6823.570855803285 1693.32615898738 -716.5405586550696 -8004.546734950586 -5340.753742096418 9849.616785997441 6292.131050411517
3886.426907252311 5799.579397685562 546.6308705788415 -7866.612676694631 -5584.930508049273 3898.3735747777955 704.740672535856 -4626.288734248181 -6868.515212881898 -9482.455763705844 6230.949108163844 -366.1420335153125 -6830.981696592329 1728.5154453770574 1861.6904285605542 -3204.5186791483357 837.106260457831 -7346.92880712928
-1299.5669042306909 -7416.669839002701 99.87082905030547 -1555.959460388558 8254.057428263786 -3961.8652951991007 -6427.461542658344 -3911.23330733673 6747.709076936168 -8464.066460326227 6312.792793152043 2126.9084340017944 1766.6482580160828 -5738.165308990025 39.2868622899623 -9056.274697798004 976.2579854827909 9731.724633120175
-9622.420951449098 -7029.822777696569 -7330.515703961271 34.1718853767743 -2280.400218294625 3693.789713879689 7661.522652630385 6582.310322087207 -9121.651096728865 -56.76330671445976 3982.4977190448226 -5871.583935100905 -7594.299055101667 109.16059906352166 9247.06050885492 6451.854109833956 4333.455554028498 -1381.6622215653606
4964.041773084253 1124.5916998450975 -4754.411419220459 2387.3147302336256 -9312.904689179184 6852.731668146869 -4326.17511012965 8758.315278020546 2397.8277084892834 1827.60014102704 -147.14804814550735 -535.8203952890417 8309.619399079686 -4961.627563482227 4569.676046241757 -7266.230235383597 7367.53634691954 6344.3146347457005
-102.90201730099034 -944.4601909085195 7197.810890584893 -4933.891318181938 -7318.400579371735 5928.808222126045 5297.720253375261 -2561.0787069172884 5808.754237734956 8837.96732126625 -5939.292425774492 3709.947921311348 -9178.30276020621 -2750.979657413408 -5459.31088038665 -9754.924370835424 1407.6911035020712 -5415.861212541331
5499.263113300054 6529.9267940455975 -3190.2461941999154 -5328.88537071208 -8702.937180753677 1372.3539531282113 3215.788583239246 -5696.840702639345 -5898.686159720232 -603.9430727301442 6556.0360110471265 -6575.341681651738 -5549.6201209750825 -2223.1860465144337 3969.697295311993 -8110.881278922079 -8192.204236592897 3358.2796628244196
-2505.994390095594 -947.4997205711206 -9451.772898733447 5473.61505387802 4843.3078643132085 -8319.024457206348 5465.899184383659 -3925.1175247503215 2720.1038022730063 6962.123807513384 3535.86651345258 5070.269028839159 -8183.310782833287 3761.1020513223775 7639.2303195555505 -9870.164263119108 -7014.1875581147815 1386.7643393728413
-7657.777816867359 -5886.545037248938 -9611.377713649645 1944.9757656653328 -3023.2367916893745 -1399.5175565233567 9527.78803181542 -6366.949344093889 2531.322001647386 -9912.039662472218 -1994.6538190937654 8129.9102051611335 -1379.1264764795415 -9686.125704483404 -5930.483933729274 451.0630266040789 4869.009218269779 -2419.9237205281206
6790.113262716393 4293.164589695934 237.1311016259424 -3719.1874417105346 -2895.7272551722954 -6418.343962806428 9400.953704342792 5152.618173643137 1996.1327539958784 7299.289941276351 -3612.8527748646584 1816.4699120804835 -1356.7907159493388 -1988.650190756467 -2037.174317652637 -1759.6493289833888 5943.6091065763285 4719.041297929178
9090.926442082957 -251.87460826548704 -780.2483326174497 -9654.25814273658 662.2659954349856 -4239.843783708213 6968.627240209953 1820.770357219506 5507.512383596239 3817.5036787682766 1846.7254316613198 4512.6340925099885 6518.5055627469155 -5639.227954921839 -6244.671430670687 -4406.094788132928 6186.1539494311055 -3456.878110856849
913.2532452215164 5636.695903164435 5356.6464947980785 3417.405521720173 8270.283416113394 3532.495578262171 7172.196511206395 2391.5201607082417 -5911.244118093957 6665.061369999388 4088.9355302834447 6434.9498920585465 -2839.807867499002 7611.233783501877 5416.083015968377 -4457.671627406215 -7971.605992367446 5916.648352018605
-229.40427225316853 -1913.2052891085614 -4929.136691464746 3450.993813120929 4996.219878616086 -4700.342849558019 424.4302769534643 4271.3391208310695 -1205.59505568233 -9750.214803267041 -892.6395172624216 -5531.565050850573 -3133.0373446502517 -250.07579426382472 4781.9142526967735 -5988.467540372552 5377.884134560365 -4452.778645905136
5588.283505108589 -9426.370689739639 3076.1062131988547 4930.9583967396775 -4337.161411215682 -1415.9857293153364 6354.709825480295 2233.703438318287 -5408.603672980196 -3183.861036315576 -3666.26616427546 -8483.87488402712 -700.5876710375869 9890.288589288848 4241.46681323042 2739.1005739787925 5359.4438039103225 -6035.296847782574
2133.3971630141205 2001.2491409858212 -8924.04216382874 8258.994549838444 4439.680087745492 -1630.0129846479067 3060.2730208701687 -2209.1505512424956 -1240.9931034812944 -5322.8908274317455 9066.779961639288 931.6506480748394 -1003.832622105876 -1256.3213955727551 -1170.8102667038365 -2586.859789147722 4625.307369948956 -5356.860100931455
-1364.5606807820168 9438.978550529137 4319.034237369231 -1329.96416844156 4476.002378957015 533.6036409523513 3613.0144207066314 -5218.909898601815 5421.8709498240405 -3525.427745502925 6992.966090953731 -7367.422676580845 -6577.362614605171 2021.9761765863022 1479.5075847826192 -4517.252489159738 -7483.386995015184 -7397.108591180204
-8277.347935377018 -1431.8967022560792 8523.25417061208 -6404.9541298643835 88.48168141408132 1206.3221225342731 -4693.090407160769 -8423.601595447913 -8822.058563187322 5964.722241311063 5942.336199037674 4454.122770328986 -9148.758924540889 -9300.98026680222 734.3120249434287 -1733.21166603832 8572.378190333453 -824.2748834564591
-2519.343823674676 5012.463175628869 8500.446958828335 5196.43516226107 7939.192859460862 7331.075145368199 8088.87045821788 1395.1958963613615 6336.610061814927 -3529.1310031452513 4940.658364574125 9242.344136410491 8064.328789292424 6021.298262761893 -9809.403522112618 -1908.8426652880016 -7482.189273069251 202.16549236626815
-9304.148143862829 6779.350710183455 -5286.986642836527 2995.495833794954 -7466.84098010358 -3382.7081721294935 9763.390965998868 627.2450097538658 -9141.31116563951 -9360.168855623388 -3751.328348558085 -9099.485318360837 6110.462647245084 9167.735850759032 6077.934224175562 -3630.28700374866 -4269.257407109963 9701.329818422048
-453.2481986767816 -8370.019619482358 -5567.988005209539 -1615.6045830265175 -3940.433581984784 4365.435900910932 -9384.630756353245 8721.118445743836 -2416.1779347060983 -4132.378213398489 -1472.4350398734896 1031.6551144062378 6846.172026070355 -9994.900291927042 9171.46888663013 2159.841355224935 -4669.1668273604 3917.7449569724868
1958.9214172233878 -4355.889437883986 4195.663169154845 418.9357406587842 -9662.781314527077 6553.565071891153 -4970.05989116343 -230.04903006118366 5685.653053368833 4091.5073092619696 3506.4382632930356 8550.957218130301 2607.50000373456 8149.6009731091945 9411.955381797728 7095.056501542265 -3598.3504636243715 3751.7485552104954
-9544.077343858473 1090.4965014795362 -8872.921056646359 5055.117955726404 2169.0275349443655 -8098.875874480067 -602.7316058106244 7649.341213505213 -169.86588422751447 3473.2195511970895 -6565.842910184103 1229.9228100741802 2746.2182668243695 647.734446965409 2154.9424850011565 1512.755950829047 -7747.447073554766 -7479.902101562557
-3451.573516822764 4308.125920361397 -809.525083910039 -4486.077974805367 3378.4300713056728 -2366.9898901823117 6985.30465754577 -484.1584830844331 -421.33802612225736 2456.3002240267415 -6045.058751357921 -6430.267858400395 8892.643822740349 3808.3291687117944 -7704.625662429392 4807.979111572251 -5280.10802021033 -1021.893275686647
9885.597904889648 1645.4693142435299 -7745.6271283676715 5629.695030519184 -4647.3126659985755 -2443.942542511699 -9879.583176096125 -1852.1946279374024 9502.941719655475 6041.968876432833 -4614.62403831399 9661.864382614785 -3726.795689050339 -8802.748196209477 9717.156120279044 -2204.04401979617 5889.4958361696645 9945.803798207486
-2263.0259255607334 5566.659028563359 -9469.811797345365 -9496.624226927266 -7891.91649787162 -7160.938393060051 4409.584422509712 9199.47428991711 4775.929784117561 -7896.826019032405 764.8548771315327 -3200.1380197121416 911.1822776506033 -2752.0972627492047 -694.0556968971905 2080.631258971962 542.2549152410174 6331.074817015378
8201.188314152849 -8456.343929504132 1000.806165116308 -7581.4103817552095 -1415.7549397435323 -5255.525431589736 162.40128240947888 8295.0168359226 -4238.965311469474 -5501.048902717705 9092.288687191693 6164.7341914642675 3776.4934964206604 -9280.660898848855 -5417.594498230585 2423.0555489020226 -7328.55723644273 -6631.688141957442
-2218.62010810868 8107.942433701985 7721.762402071337 9887.306951816154 -2584.8308124076993 5486.508524049983 -8428.015152997588 -1497.305984406772 -4022.414579639668 -6070.803960385103 7974.355588173294 -9375.939247263992 4780.92415372741 6987.836983788879 8120.967115934676 -2008.3479450775312 -37.74291129034464 7032.877289901757
-4533.138161317749 7157.060090615087 -4820.717864038957 -4145.369632834161 -4051.4819546151175 8870.1428394787 355.25433482171684 687.9382417972465 -8983.963803479737 6165.097079264415 4511.488754343525 201.42473715060441 -8061.111051301926 -9839.070767142632 -4753.4866787632545 -8508.408598928281 -1179.8276971286414 -3150.6187821011445
-4238.902747761784 7165.046466397012 2840.401723824649 8935.667146158416 6639.33397211105 4416.4928481558145 -2881.988373766062 -6345.768187778398 -286.691078442218 8490.95693044033 1200.6904921049882 -1602.8323698484564 -2561.9859787108053 3691.5650672099964 -8691.143815425488 -1340.8084770234273 -785.5668180855919 -8658.482646059978
3112.9423574896045 1659.8725892158964 2404.1376221071223 3750.757407636791 -9837.584496485148 9696.560469729146 8853.044073667868 7956.279055641124 -364.7570939159323 6667.562148315108 -6173.124688401313 -2566.857799833937 -5762.932525940372 -4773.575223688087 4737.354875781395 -7508.493429801327 9619.86232294251 9173.701944598895
5884.541892031055 4649.687720070335 9089.269188059527 -822.2215206276069 4104.150572248936 6342.879343264169 4143.931456574679 5527.699626115353 -9849.698571741645 -1461.396345560841 4354.139723416727 8401.22433042985 871.8683943564756 -506.7654428958904 -5127.571456455214 -5159.1437821731615 5407.483900634348 -7330.243354064023
8554.032692322558 -3135.2508615234956 -523.131119515132 -3364.564842188971 9824.136659659245 -3717.3623920270256 -1694.5023824991295 -8542.538121869098 4703.258605199027 8223.088791602826 -9984.792133962073 -6692.571697033205 -2765.351200891295 -2632.5655315729564 -4512.867931304547 4923.331985896546 3833.905381233637 6969.076453007023
2433.182656178933 6216.590957907185 5195.536407243257 -0.7834997978989122 -7690.935389457807 -5410.368530743337 -7972.2933967183235 -7965.887495808004 1708.6621609395152 2904.0888937735945 8508.107468113987 -1472.9846327306968 6383.183553491193 -57.04382275029275 434.14806627408507 820.7525932387634 -7344.9520400809815 -8670.869503407013
-3385.522914735823 -4176.476669783527 -148.22123676865522 7320.42942786208 -5999.449280480476 -2626.2644337969077 8661.032003473367 -3107.9924042092607 6985.554885237467 1695.2829182207079 5312.825402939512 3163.150264297399 120.11218788446968 -5321.7439261832515 -1798.1271579687473 -8591.996986823517 -3064.6831667733522 1910.088273866726
4582.648112026976 6785.073588196963 -6987.247330307791 -4656.110223701555 6000.634384174926 9455.026398555336 2636.940293709742 2776.8887121274693 -5381.189133565563 6434.370760433143 -1674.3075419507932 -6354.688493251657 -8274.486738363736 1954.4479973093512 2095.9205205167 -2270.4241490808763 4686.735768877592 5299.4573102442155
3962.323484233526 -6975.1876852569585 -9241.486108766301 7356.923311497696 -5448.703096364778 -9295.213055998647 -5858.522519889775 -2997.7957841138723 -5043.658207796271 -631.4149940587849 -6791.540556394238 6621.773277870754 8397.476686565871 -6249.245607518455 4243.801761014312 -9233.405552397278 5527.6617254354915 3501.6483383459527
-3101.027141708033 6850.185135630949 3336.079683267255 -6641.495311423493 -4635.3627575607015 -7681.334772804124 7216.259440624341 8616.251327868475 -2765.8080635740735 8361.34362079261 -6748.844608318423 55.18308190155949 1007.3904902085014 -8133.289840448619 -7980.461107923958 -3684.8542967074736 4012.3281731042607 3711.709567073218
-4762.0117958211795 -4473.010229261096 -1772.5074234432705 6116.55930322637 7610.5188917874 -6509.46668430731 2803.667995607855 5649.090486697802 -6098.425377979198 -6508.8936123222775 -6918.357375699346 -2203.7246704806957 9484.210882675787 -1217.9533567097824 -4220.035363414209 3202.3840415584273 7753.036898491944 7046.105155948011
5658.6226173095565 4636.0691499049135 5639.488284183992 8410.489300726429 -157.6040488900435 4370.289189855534 7252.563939112621 -6535.2324995601775 3135.0021256887394 -868.3076410194899 4100.724502387529 -2920.8024124114654 4288.80820222241 -7993.945846726327 8479.772131194215 -5834.27204922933 -5409.606853598163 -6202.928482757547
1 18
219.79792618088322 -8521.241681975023 176.90507830143542 -8968.201079548631 1509.1858591889159 -4506.938713507325 -5082.143231357172 -4494.450140724533 -534.857619843573 2367.4103117891973 4950.133119356828 -7753.690323159879 -7512.859612413563 -3201.186856052572 3619.657878299171 -8395.714007816037 -8495.603802775691 -9593.453126060062
