8 31
2937.8545150054106 2579.369602847497 5415.151131718303 8114.133578639332 3902.0332481824335 -2584.9828547531015 8624.048785894043 900.4101777795713 4628.332833038185 -6563.0174270711605 -1595.620987698565 -5923.551414270642 -6115.813697600328 540.1049572259235 -7665.81611679603 5591.733322266771 8645.41857226763 4132.566717486381 -3091.6253665118275 -735.7703254788321 3349.7317156295976 -6876.1417084248915 -69.19221410438695 9231.936300715592 -9981.322754378334 9777.6603084099 8133.144355756387 -6459.772608670899 6631.218917293754 5912.03160829337 -7895.266958110144
9463.569551033186 -8642.924656449071 9480.98700650236 -9968.502333737755 -604.258536423762 6765.0664532024675 9200.828603998278 6013.504838261097 -2645.4823766220907 3626.2705445507163 -3463.682029505111 9640.854392594876 -2515.3394473713342 -6731.638373311642 9596.8229023713 1743.9461334480638 6888.579063418529 -7445.185132003349 -9051.942753968266 -2873.8364901973964 -3455.015175657237 8214.97380884221 -4555.221786156143 -3815.8053128336223 9132.086928935143 -1186.5415123375733 -4814.665512119112 -9510.730227817772 -7746.469199614097 5035.385057081903 6709.563675235928
-1023.3580623478501 -4172.755657058107 735.3014726806341 4411.762395814185 -2583.5467833671037 -7647.9970428591205 1767.4045593684168 5648.74851780184 4607.095109250873 -1974.9684208152503 -6207.695529268216 9276.799464132524 9961.972463621994 -7294.142717797069 3929.5569334518786 5295.919666527063 5529.648379670065 9833.638376425763 3090.8132080443866 2256.683477525239 -2706.1329250976814 6873.338941139147 3199.516910823846 6732.768996778501 -280.31989118039564 -9912.478995932945 6896.92027462013 -7017.890997451117 -8166.028419632032 -6631.259487179266 1169.5911935476652
-1579.7639515510564 -7925.340722538202 7966.921445978405 -1863.4904193583716 -6204.408343372481 169.5395216993238 -5998.123667447748 -6694.9086302692185 9805.682208861435 7900.413969916102 -4907.884906348201 7369.968796563146 9930.717408022512 1741.184958212778 9941.187908019761 2195.591996470861 3744.9346269652124 5176.345776885892 -3989.152988333515 9277.580092785582 -2603.972377513779 1960.0736178674379 -8830.817719502513 -4842.695329831726 -7680.531491984366 183.78793828583548 -2160.690882773535 -8959.86997588546 5526.024850492675 4403.42022920528 4601.556185913534
5576.557814674603 -8622.919665379542 8629.892524012197 6370.835456670888 -1740.7891660723835 8356.871291529893 -4551.537957403558 8101.451298268588 9010.980051697472 -6063.11821927253 51.330928963994666 -6177.322450677137 -1916.040758058286 -6994.435626957356 -8289.576288571889 -6001.182948424084 -4643.493012354358 3227.8684372265598 -9586.276328006004 3441.6627821989914 -1789.8074919240207 1139.599250140207 -7886.761503604805 618.990423051313 3135.5708529791154 -473.1195628040423 -8971.1953235952 8900.964693320864 -8698.840199840019 -2740.1199960785516 -5148.200999255606
-314.6826021788911 -7694.830750432025 -8003.685002531618 9970.583727257075 9564.270063547316 91.08305100018515 -7081.095138681768 -2089.4630495157744 -9407.381366653124 -4644.421251648405 -9283.184971852806 -2033.5504588859112 4562.288305153956 -2688.86201284092 5256.703028583677 2757.5107218908724 -2339.204970522899 -2650.276296748759 7195.225637757496 5396.095185988388 7754.787256277774 1811.4396559213837 2990.0793850730715 1648.6051532666224 -9736.618950826967 -1897.4176652084825 -1670.7796138899448 37.447127414412535 3477.010707812902 -6334.494866888356 -2354.5003003295897
-3415.0217192154205 -4623.6111263077455 5013.71055989731 -2477.9052196809844 -8162.52354966747 -6052.823102847242 -6902.345642636987 4930.270488491466 4198.666035276692 2160.369538487472 9484.211763760854 6799.889206047756 1699.0501603778703 -3309.68031528136 -663.657123049561 -4110.139532891928 2179.806560207957 5057.747789575509 3894.191612792174 -9090.75647296011 -2205.1745981991953 -719.4033086825639 1453.93031832801 -2746.2701400895485 -7146.663469175185 -8044.404618268748 -5723.17572248233 -3251.4726320397176 -2096.914314526639 6060.188544865552 -1874.5765275375034
-8452.640273379797 -5978.997488529214 9440.16566467554 -9582.35037336747 -7623.461639291382 7453.578754940543 7739.9438100846455 9109.540193077773 -1757.797866054807 8562.0648619993 -660.0182705378702 3143.1566239104977 -4644.576171311507 9726.74954137459 7797.108714353857 -1325.5263585027424 -2290.398463974848 -2927.793496695057 3397.6052644336523 -4309.943288975817 5319.009879689747 4686.244926498126 6634.252680833248 913.3480965264989 -1872.6382979104646 -2373.500162101838 -7719.940793684396 9152.561785898379 1272.8304701145062 4264.613009066907 -7295.287085033395
1 31
-3748.629770880483 -4904.315302488462 -6028.342258308745 -4295.4264133589695 -8028.726664599639 -5641.366025858088 7453.1246654629795 6546.780137750102 -3006.182074366441 9341.796183138184 -7324.295345701528 2474.477264493922 -8731.493742266653 -3309.0695339354534 -4158.220603453353 -4123.868877931715 4156.84791154105 8085.483631147254 -2403.1572221231645 -5956.486236356857 -5937.477138983593 7445.338572673165 7051.4668673760825 -8423.50392260118 -7141.239639362615 6087.334227325691 9288.631085041241 -7632.627847288689 -6668.92032341732 7891.50250800337 -5805.822995407344
