58 25
-9836.774339115425 1848.5703901708312 -8180.893505219884 9538.948903397752 -6938.486640989432 -5281.815466233177 -3620.1006824528267 6539.809290443314 -7018.728736594213 -7417.171803655562 1414.4016151529431 -3233.6769763575157 -6241.038226157798 -980.2356001913377 5895.817895634145 6726.136489639051 7309.60969367504 6357.258523728064 1371.051117447565 -7219.719792723993 6541.907145779827 6134.7497338672565 -1761.0127066858004 9972.31112509342 -2448.0101674527077
2345.3332626711526 8693.931882214165 554.174084447417 8114.519338171896 3914.1854287304013 9384.587267692747 9991.524401550781 4106.273621859886 9891.145577929772 7661.697422690522 9581.48912779296 7918.289424568051 4023.697397478152 5455.956041598898 7758.410308874889 1544.680763428738 1010.4222644423917 5364.91986919203 -9965.046610401258 -9392.253064754448 2703.543103004702 6565.432561853322 2800.757985000082 -7613.034905496179 -9893.004517962043
947.2819990039352 6182.119639336122 -1874.8181277105332 5631.75343152379 7778.099232134347 2334.1155277543094 -3312.0547934280366 546.2076915107191 -4042.5538629380962 -7574.849545416198 2520.13142225467 -5997.2728406183705 8922.637728436348 -4597.105261125265 -8315.81319718275 -7136.729107320769 2677.1923933827948 -8919.936123698626 -9378.072767785232 -6645.351588230646 4611.404199263252 9495.563255181532 9333.104617116307 -8641.597879821216 5108.029739079946
-6434.173461493995 -7692.530961605308 5349.415322826064 1369.9818209994464 1430.0326985247411 6471.778205460832 8153.143550686091 -1885.911534967966 -8340.861615251812 -3181.699799263296 -2694.810752047032 -1872.2353349047198 -1757.1149640578333 7578.266470548468 -7201.614396867442 8824.650228085735 -6893.904038421379 6723.472781039411 -8971.805304551763 9347.206848137452 3429.0251870755255 -8533.764957680321 -5528.3268658633 -2162.8424936586525 -9854.424111909175
-7240.136108042001 6805.94975110497 2109.0005290282625 -9619.314407959828 6694.749743360306 5701.032104194943 -5097.125341891855 -2944.918973497155 7409.952432024827 -5930.759415784794 3084.538452427707 -8121.9055671542355 7733.504399485562 1682.5276802572553 1188.3119119902185 5111.464166975378 -8251.168430954856 -8807.32010925411 -1701.0666267508022 505.5475114070341 -951.4672056451491 -7502.490230839189 7748.048723693482 -2454.152339660942 9374.451219701237
1873.2424503331604 1949.6309129752535 8288.87867650915 3467.3742131079125 9937.376985733601 640.3234650016493 -4028.054242481933 -3338.137533449414 -7420.84199446958 -8780.160220422711 -5696.271797751413 9686.174933862509 -636.8594407704386 -2284.455370163787 5078.011176036478 -5355.688513363252 9404.10143057174 1332.4697326674486 2986.831775210723 -95.68430601714499 3335.942217272972 -2843.363059191868 -8688.10843618117 9387.105695292477 8635.61586917366
-4315.783912924205 318.0242179810921 -809.6268800380258 7861.29292133202 5433.945120353905 -4438.488886185317 3793.281564164994 8.275949336924896 -5462.212532011492 -4226.403081203902 -4676.408873557685 2387.5793507432936 617.3025007199467 -8108.500842137576 -3019.930907553814 -7887.307837812683 -4857.095625762809 -4747.837910400401 9541.876620149229 2861.839140849792 5532.175003095004 7774.763813006401 2995.8954788119318 7617.179091239337 6447.599800948461
8956.579173250848 -7697.022741864576 3175.376618548904 -8192.158842267214 920.6820075116211 1668.3434421077873 4417.595277913044 -8573.48690440834 -617.7085237465963 8118.55245170377 -2063.325352031242 2220.5432964264674 -1375.7041045527349 -2162.3454020083636 7742.633633798494 -10.199190023557094 8758.827387195932 1117.3996288295602 -2816.96869136836 3950.9038585003273 2299.7939248642506 8895.44836892387 7302.167106291145 -8953.92213699075 -1477.1571723246507
6299.8605746566245 -3403.3166312229923 -6466.652250770945 -6003.016336902141 2481.685032570249 -651.5570180084505 -5835.874560114083 855.9747228618471 -8167.917869338244 -3415.342212949875 3411.0768711338933 -3672.373071950419 7722.200907420389 664.274435109668 -3516.4435567899945 9165.042770066524 -4556.482035943339 -6229.799675547496 -7158.59220477165 573.6024620850058 -6054.1096790261945 -9875.11803550056 -4559.925847102903 1673.9176777219218 2202.4980714232443
-7213.897693088891 -7524.368355013479 -335.29255748470496 -2875.179553341656 -8265.426249326158 -2880.8113789183644 742.1014040515583 6632.220050282431 6175.463255418783 1085.1415406499127 8010.062577651792 6073.080741087695 -6759.818311467978 8241.943949837256 -2457.249864155804 9038.322561970068 7612.634281649967 8480.636477799155 -8553.324062485925 -6321.312542777211 -2859.533395598579 -5567.43992024689 -3385.919815435165 5028.432129065579 7361.988126082713
9821.749323880991 -6486.712177319445 -4770.561723971058 -8935.822282323908 -6218.864791990645 9880.211852153 -288.19398278300287 -2071.6727520325167 -6972.971675960129 -4873.025239954652 -5996.831638752195 -7946.891982909188 -2640.328721616418 747.0264029364153 -7116.072352455487 -4057.59234808968 -9639.588584473202 -5924.580358273888 -2326.7572186876405 297.8829610652938 -3127.3592294718665 -6964.317576503694 215.43279912940307 -8525.989205668973 -861.1597961493917
6947.419205005517 -2196.7993311854643 -2268.7084576305015 -4255.699532626915 7216.930595084144 -8777.732377864932 4770.938412021473 -6567.626498816675 -9613.227528086778 -7530.507797625128 410.3553008673225 9987.480373183054 9549.939920396908 -6663.658937648244 -7358.9731183689655 8017.983248273733 9205.961735486562 -7211.58531485423 6960.304145021317 -2208.0515512180245 -3896.1469722670163 7241.436246792204 5484.57696879053 -8029.50274170486 7793.124203428124
-2668.408555243802 -4506.684158652825 4328.296405438436 6728.158600997598 -3625.8481061189896 -6317.169057830761 -7538.356646343587 -8983.863831111275 2516.7017673427054 2885.6157562209264 -3693.165319118608 -2713.1411447408227 -5514.345029389014 1155.798505548797 -7285.863786466369 9198.992092878885 1135.1497691828536 -236.51650015926134 7904.4050045684635 8710.88730157986 4547.897149848279 7873.142613957003 1762.6693027441615 9885.844562439986 -766.8793364598278
-1565.4685777590148 -6504.060091879227 -3046.6458251034155 -3756.3525217035613 -3611.4811374441215 6010.992436904515 6350.732637391266 2486.576874940911 -1951.9178500476755 -5232.828037237549 -3875.303621066286 -5708.146679244228 7795.0603938537315 3085.3533493182313 5353.7815399165065 -5904.149314632445 -3298.9371916122564 5647.063034540575 -7554.315783715393 2505.1948175001817 -4730.155859804348 -5166.169759775629 -8.598776446831835 -6364.503801834806 -3678.001786828211
750.2920143064239 3130.409992500119 -1466.5033380346667 9786.266377480893 -7661.840346602015 -3623.839284102961 6328.789749597983 -5029.401081169957 -5667.1852935342495 9622.430739772699 3163.838457057187 -8499.252962799525 2608.1889175315246 -8598.62902830061 -618.9783907189521 -1501.8406289816448 -2455.814045250997 -667.9698339105926 9267.109002841858 1558.7892001811379 -4729.3099136506635 5535.701609575381 1681.4764122927008 -4710.448158441672 -4587.435989824054
1739.875714736003 -9780.043646792756 -9995.661790920125 4681.301396882209 2091.0488080579435 -6017.274934657175 8079.899607943906 8548.406588362945 1310.6679237690223 5986.107556500749 -5264.93473596157 -760.6139136119746 8607.34209091253 2202.131041307144 2754.308297700896 9264.85847204533 -7883.939781529146 1453.0129261909278 7357.424863506963 -3619.48146371694 -2749.107326774867 4713.878233569469 6202.652259439825 -7355.261623532024 -5968.981719802496
-2445.5854032242905 1042.9124423433386 6829.688422941712 4027.6196858985986 -7540.201978954672 -7739.015280850863 9405.576566925101 7303.331112560307 -8962.487668711481 9.867021713933354 4278.295173381179 -8829.63712578068 7678.824403908369 -3628.495814744022 -9539.79654750714 -9762.594097427715 -8424.790041916243 9376.452758404426 3153.1510314852276 -8430.191961043465 -6690.309343932381 -907.4257729355268 -1742.2809634875266 -2916.2346699558066 9203.503535187334
8075.951585473886 -776.3007789007643 4135.388650237075 -5098.111725396415 -2205.9796302595096 9694.244330716185 -4568.578605991813 -2793.251951195248 2493.677209256919 9862.191026997916 -5004.187046018121 1642.965870098944 6942.78887959474 3928.5429116953583 -6778.049272268558 -3330.928980108225 -9550.615510401722 9459.850718424845 7507.766007258291 -5027.784557963923 2275.9983054415807 -3654.0199847935464 4864.716605026917 2004.4638769492867 -5766.184900387927
8318.383095690471 -9982.796231768229 151.29993912933242 -2952.424526407837 -1832.3819205415257 -2242.8766730652305 -3419.526035038669 1196.2271438678072 -2202.377099654993 -7503.948151856308 -6833.878898962052 1289.3408718327028 -9940.573724341615 2417.211097478921 -2179.642115227316 -9737.469923199373 185.82253768669761 -4117.218366575741 -2136.543195222689 -1984.4445548626964 1579.7210713596542 -6587.696201995548 -1783.892977351683 -5575.970038965767 6434.469829497852
1230.0060029375272 1536.4355620714978 -3930.7889783970886 -87.00413712662885 3942.274659349321 -60.57771726860847 -4757.201450216239 -8803.144775798126 9462.5286438 -5103.6391548848005 -5884.768913639178 -8430.62302506992 8902.56587559625 1076.98858798519 6025.114313253765 -5168.80767601071 -5475.877834972036 -2756.3327183784004 1349.0725111290703 3230.54464061402 -3322.996754245455 -5875.941669265568 -453.4191645502706 8418.28451531858 140.472585298352
8896.585188146506 -4646.839127796716 -7809.99926160584 6064.643350345987 1855.7948590703581 -2926.0144305607264 -2237.3624302457147 -603.6174446718669 1181.8381358157785 -6920.285541281106 2357.135599419691 -3347.4631828201536 -5126.419843325585 -5704.366634706519 3908.097894042814 9811.444441210999 -9655.705223384117 7624.344350026378 9916.735631557214 -6261.909759460714 -1699.3972160183948 7179.271618083712 9588.018273219164 -7276.071721009196 -6297.123813440057
8892.459227561623 4962.331246742575 1795.2620423022963 -7857.858528495108 3754.0390021327057 7801.957459645717 5363.75426860347 -5891.733394126726 9338.510932842953 -9676.993868405949 4298.353579019316 1117.6335189858655 -7849.843129550849 8650.468526129276 -7538.9344884130005 -5087.817185206096 8893.785358864756 4615.505078483722 -4503.418035638316 -7085.4179199638875 9822.681347187758 -6581.757449774162 -952.9352575424746 5299.047826875634 9325.36984901517
6715.842524159692 8542.929926551125 -8954.576742230547 -4092.7942216998645 7931.949018002782 -4149.67640165196 -7141.5497090429335 -3842.4829434399735 -2044.4646870060487 -2114.741349512504 7692.566981430831 -2617.6699739692103 1887.9546734946325 6426.812146341246 4917.885928169746 2148.2368848711485 -418.55895708668686 -4981.806835677669 -7593.295977774655 -3691.213914341056 -4929.865353270029 -3401.9193096601575 -7503.183992400053 6441.460581419273 -3726.6840249355246
-3142.2459125943788 6847.953651205844 -4474.515805791599 -5305.8514102722975 5239.1514205781405 -1.6348087217647844 4285.309564508065 7915.787788314483 -8704.639333701103 6972.874234343286 -5005.335853370587 235.92463338957714 1071.7552081797057 170.6094008747532 -2162.9930406585345 -1510.9668627819847 -4761.619083802031 -1393.7714629618476 -4519.483540787594 -9896.921314981162 4158.082341122337 -9113.416988448156 7103.196198547874 -4257.653005271671 -9076.859148056625
7339.156906195218 6276.087825316683 -4654.978893850732 929.3425882698739 6574.6125050775045 -5074.293654073565 6745.948103148792 7912.134674255252 -1530.158100930481 -5787.931413014735 5638.02328240924 7119.60812769035 -8061.086753549225 -5913.824127782504 9708.467324494522 -5479.532913455602 -3485.0113366953365 4260.012998253453 6645.458434428518 -7842.829152139059 -2661.107358180697 3362.9927632312756 4052.867895361145 7647.886849251103 3567.5897556509663
1324.6975805538623 -4468.667914883564 586.2777410915714 -3372.8977481170277 3998.9971245939632 6103.0589943847535 -4226.115095606519 -9609.65484777082 2801.0091910189512 -9773.020346190364 -9976.73851641866 -4428.065597188819 -3628.922386100271 2813.076339455967 5522.069317150816 -4509.226678638572 -5836.704682237406 1600.8202583906404 -7497.625096940801 -938.0401343362428 5524.844816194347 8719.87776770712 -1954.818993886669 -6674.492772717118 -9194.98037416951
-4769.374567201803 5319.194604192004 -5780.27832231766 -8726.359954026879 -1094.6821749405626 8893.946680145633 -8578.584069829598 2977.7411306319264 -8765.46183135934 -7693.728688540648 391.20601449125024 -5238.628810449679 -8924.187182730166 -6235.820991052674 4585.4375600782005 -4596.223274875011 5588.961599016109 5338.610105502799 5483.415082276 3930.47943113964 923.5405480379941 -3725.565036447764 -4737.027775340174 -2474.503820040064 -6886.301758588566
7638.560791967924 -3536.0422885044864 5526.115761097164 -9126.111200352409 3098.9201486586408 -6494.487452268678 9826.818104724458 -3627.954550299308 -9132.296766832616 4861.456743709181 -8776.793089735762 4328.205181561285 4445.47636391716 7906.07556847774 -2948.2118823955416 7973.62617723547 -6502.349543122618 7086.732130902379 -8712.348194526667 -9478.9188415303 4750.790246574876 1688.0424555074733 -9651.1157013629 9135.507075905523 9658.941058080989
864.2450527437031 9486.540432110745 2039.2777644907037 3771.486172168339 -3306.6349206880495 8132.267238768582 -1362.4571122506277 8996.4461399809 8981.418443424092 -4844.1066583436095 -9505.92831873829 -1388.2783644329156 -4785.34379442399 -3141.952443723375 -619.0206254305158 5279.042279260428 -29.60768387785538 6736.759404365905 -5798.7322845636345 -6074.151447188391 6964.879572049329 4592.495021349772 4360.8242806464805 948.5509911233985 2522.337760683564
1087.538013344334 3754.071945690479 -8152.021485092331 -770.0427340064798 8580.996213400525 -664.9195336271641 2479.170701212921 78.54691406090569 -7233.407326340599 6975.401013020193 7670.125023930777 6200.095860101066 3517.650424170639 -4960.692332693675 -2624.8640324441567 -7122.075275477431 -3662.458239151749 8068.404493292903 -2364.223404136974 9864.678489902988 2174.633564063437 8073.757844953041 977.6526209177464 2554.027499540225 2892.969324996906
8513.816816663722 719.6974062888166 2611.739094804312 -9931.967704243543 -5057.07819091385 5678.03185174084 1115.3847835222714 -5969.83737056465 -5396.490055525025 -1091.4331180590962 1286.3558420007976 6166.495354542527 -9557.3329064212 8298.757105222066 8611.379374197993 -3089.4802331275596 -6448.394659634601 9595.289615376103 -1605.5840269064483 -7744.2144591353235 -1185.4546170355534 9378.620840757598 6776.0379535480315 -4531.945909948949 -5101.201402734859
9743.097555196677 -9490.250097650694 1873.5686013239465 1063.847432057124 9074.476810356748 6518.182272347454 -2643.2690797641962 -1279.0126931196482 312.390594710836 7774.574845049883 4485.215830147206 4666.536421739964 2451.4134295986314 6533.785194165157 9953.351153788612 2056.638799154671 -6966.481156921964 6232.94933129635 8933.618187439308 -3144.4284879267007 2913.534379467961 7413.7722889765755 7372.791328166659 -9164.46560055577 1810.5036316846054
2359.36369630059 -4291.912364947292 8901.02885400656 -4907.678481439055 9183.628260694477 9998.693412902205 -5555.131730312582 -9739.303547960115 8935.970565215299 3448.918420560496 200.05202104790442 6236.549935935818 -6635.658061064951 -8398.866156258462 -8412.56909588588 -9793.19010315503 6258.673010736304 4655.442591520694 -2509.836688650553 8657.378049647537 -5166.273973360038 -4048.9373721062475 -2089.399107960834 -3728.7298430005376 -9883.820378887527
-5489.16135006108 2692.0484784142045 6301.891929268235 8621.860869431042 1806.0913306390394 1411.7132348965679 -2145.198765546972 -8575.519446337727 -1033.4944488374313 -8622.053328384305 -7154.400463740578 1594.0866081836139 9923.38546980964 -9252.498407201172 -5789.588906381895 2506.8370191072772 -2284.245317307663 -1488.993115940526 -4643.134153161812 -1040.2620678790518 6752.354741080297 72.4413715728806 -5606.207327849451 3811.769849068085 -9880.415990512083
7870.952572644204 8215.242288520589 5230.3287350100545 9702.808132959395 9772.705921808636 2739.8122645777694 -740.4598332892656 -9751.70418060874 5092.282303062748 -2463.441743356291 9036.270358226371 -6714.299993427761 -2791.0836579990428 1299.8439293580213 222.65824164760124 2286.0358968029395 -266.63580007094424 -2526.709392508599 9163.305293273843 -8651.477672298728 -5226.494165589613 -7072.924243042176 -8757.219120880753 -3063.776293889726 -1080.0241943591373
-3230.835479198937 5300.311033791724 4441.231719552867 1810.7306504317385 -1153.773836526776 9194.535782739422 -1081.4422098877403 -1708.3382038488144 -3651.544554169166 -9283.407907067789 -7626.639319947277 9205.238110680639 -5308.282629334982 1621.215933068297 9216.211779097746 8616.743190544938 3314.413948107349 -1022.9482095944604 -520.0754533430827 8076.727047038596 2338.0266105854244 7968.795406125348 3637.488117247938 9406.415237961548 -6225.6615479516
1651.8771557679374 3292.614078980714 5913.868289066166 5211.633296520828 8436.807391765891 -739.2782840585023 758.8989362542725 -4569.84797551216 -4727.824447263575 -4945.945955031694 -7856.503443116208 -2208.15184473514 3119.31029171284 -48.06266917076391 9180.059882956884 -6148.597884615268 -7868.982426278039 1638.4254211279294 1756.1237410503527 -3888.606307310216 5601.403785807588 4618.441578300122 -9986.531669637128 -2348.545014858825 688.1123078200999
-6907.675819969301 -3254.646691028058 -9835.6138453974 6799.0359937332905 3299.285639388987 432.305535969841 -5910.449157090747 9932.0882326799 4295.3208848912145 6001.579592943506 7647.910916458692 -5515.030515534374 2429.4683794458997 8999.881208464303 5899.952988946059 -899.7823651354356 4038.305049603512 -2738.6991217128952 -2315.951992224037 4626.231083033097 -3144.126860687872 7385.369643559188 6148.709311192804 1633.2636174674626 4268.896002791975
-1600.3793096034697 -7021.095725656785 -1346.7610852618473 -9888.378162093548 5178.321844689768 9124.534770714661 -3361.5963133812165 1218.5285347864356 9638.344457652209 -57.01947479474802 4316.357792338627 -9626.290434677332 7715.435933207471 8486.4572255793 -2711.607481396496 2302.5367392687567 5046.383330435012 982.3883942224838 2613.2874001293276 6648.887735004315 2314.1320758583242 -1929.6088677339321 4517.274048236655 3594.727907508437 4102.67076431088
9625.987094756409 5210.973485165136 -3530.706230398886 -79.89162074239175 8911.020145368911 -2312.151722004316 3335.0156791179215 -6527.084611824619 -1672.0211847115643 6676.942414053836 -5063.25557429107 -7804.243660823509 -4330.245457887041 7618.097003781142 7285.69861377003 7898.424671954999 -252.25516457341655 -8730.125956505384 -5120.158595311886 160.985630075651 1514.2939820363608 -5431.703267388996 -8334.506110181097 6362.40151208054 8014.624088608343
-6667.8217316819555 -3804.4471595755504 -3593.6238509567283 -9128.433421881215 9125.471744901257 7937.090760645173 4654.112229778637 1564.2920850222217 -1208.7618636121806 -2049.0234423710053 -4016.299691054477 -894.5613183089772 -9567.24276571868 -2642.9171355108165 142.20335459254784 904.8997479766531 6716.635846725276 -482.3486396711305 -921.0659347612673 -2280.4692865986963 -7704.935587687378 -3382.836701761443 1000.512962649791 9213.626892088563 -1987.5063095250443
9763.944391136341 1057.2880993328108 -3738.0929704121545 9927.315682857574 -6064.581782627192 3027.9920559452494 7560.52777855971 6563.938954851379 -8385.261395813313 369.0128235056018 1411.9842702592487 -2772.3661063751724 9337.306762277185 2853.1678914855165 3918.4674965541526 -6497.452279026239 7755.240414168664 -7116.056685079024 5021.248665573807 3635.4979364349056 889.6064517991053 -8737.304566146011 -9274.934980765394 8276.532035740744 -5395.984123659827
-3344.3291198659454 -3968.170988074282 -9205.210791758962 730.8234503071344 5867.679513309255 1122.749254034352 -8692.768752478569 9393.051235437153 9081.164492325024 5811.675197600096 6300.681695257146 5931.534017476981 8102.995328433444 4967.606166813885 -9011.010880732043 -4286.588181724626 -7246.662298825946 4966.695621873376 4715.089781920922 1033.0363517363603 -6281.046779964787 -2501.5936870752694 3033.6043950317853 -4757.315275442371 -5607.206674246512
-2039.2144713134376 8316.551230860561 -6059.777638988362 -5633.71191988157 8565.686285997948 -5012.136006797418 -1333.1429832803642 7759.664338748909 3786.3790716535095 -4868.951840864069 6719.847926686405 9323.15817332952 9149.522489545841 -9273.434220538165 -6938.069812968794 -9920.015622955485 -9369.641051508188 -4931.551805491438 1358.0958953509362 905.7659136760103 94.19094465102717 -781.5039749789339 -9471.11480122332 -1628.1960054954525 -5397.421488737282
1145.5743230398239 -9640.622459423666 2890.5099450452017 -7944.039656351399 4238.58642316039 -315.50228215498464 -217.99934592112913 -5198.210850091212 3883.8969797136288 5436.810972300687 -2652.2993217836065 4581.147190440635 7395.7812005611195 4448.966511926374 3544.331302036706 -3593.1319528795466 -1490.3512796627983 -8315.871603021349 -106.12253022902769 6363.690457547886 -4274.648910209695 -7896.742661756207 5775.042908637628 8398.635047830623 959.5864223122953
-9031.267355175754 6289.478679847452 963.6847039397871 3675.828999740803 4943.582853939914 5600.488655685691 -7203.779266500447 8033.621367093412 3838.315059955683 -7156.140214197452 2989.0027701303825 -2154.8061695057922 -92.00444972373953 -4908.663130217113 806.0491906423431 1524.4276057727093 -7305.13515727846 474.1236530111091 -5906.320077406411 8403.274751665744 374.04193369492714 -9333.519959520243 1643.1798160860253 3103.2595631123186 -7305.564985936908
-2044.1021782390244 -172.52489107425026 -3780.5434106697567 -9832.48844392889 -9041.809715878206 -8702.971262249126 9049.379944031683 9597.70747835299 858.0485907532038 -4914.851639588771 -7266.02425396551 5397.675222442613 -4986.85544829043 1322.8444373192342 7587.3199875873 -3266.854342313867 -603.0144145923714 -2725.8302812017137 419.9591488546048 8744.889138168684 4055.4775524118068 -234.93871214041064 3496.682149746357 -8291.519755864707 -5435.370893885422
-1732.8692206763571 9989.990573941457 -7216.647536061837 -8783.69977162899 1466.1315779900979 209.83507126694167 8943.01712460905 -445.6536663253992 -9458.624148355711 -421.8332695215249 -8494.244092364837 -2811.741857874892 1742.609363700658 -3029.2480473650094 -805.5619763365594 5938.963317289892 -9756.159755688745 -1101.7173511340661 1737.4583859987142 -9724.02046206801 -5154.506376989701 -8682.412466165879 3446.237344465979 -5208.104808517913 9480.205314868588
5153.982392340293 8943.356125561964 4870.635191320005 -6894.190067993899 2208.4531047038654 3042.942105040438 7115.503180075437 5061.6775160016805 -4265.690114215606 7027.586949087083 -8288.575344517934 -2939.1495597103903 -2113.805134884208 -5229.499743147024 -8716.43431571082 3409.5913580524193 -4985.342864910156 -752.7149520873572 -9451.541232008303 -1042.5521666983404 39.22520269110828 3443.3494120129617 -4.702657750098297 -609.1937646252718 6336.463752433392
4994.397687941428 7129.450981752794 8951.317230328415 -4172.930989795492 -130.56892686412903 1543.463837101117 -2722.389638714857 6100.770958618687 1582.7836089490538 9969.007736047544 -9260.254323187379 5733.2863159444805 -6562.3190594381595 7298.798383259589 2206.3107311450567 -5520.359268175821 -3055.973568302881 -3060.7025469805894 -3123.0350605050435 2250.437105093406 -9238.803070222017 6551.747367946362 -4733.389629344964 -1802.2485106526783 -9983.05818849584
5722.184744407641 8524.17652210399 -8350.46910288986 1928.3068994803652 4239.289802244737 -7920.156831963909 -2631.0351536778962 9770.868236655453 -9450.322017686369 -4801.307135238697 6606.426039140155 7342.094596149549 -6335.746113302447 6669.45423179834 1501.3674018431593 7086.851720140607 8774.790909505704 6385.4268856589515 -3365.9878821627735 -4051.0955093503953 1774.9643783666943 2193.391789991543 6441.562842253999 -9151.173292993002 -4719.73973713276
-1776.4652803996887 2343.90853952637 -1968.3156983509134 -1315.0247780716563 -9214.585608607485 7958.404646264324 -5829.688627277927 -7351.110639967212 4550.863960324061 -7632.053470719626 3663.3919006865126 -6883.978544508014 -4292.489513747213 -3834.9718798081667 4690.725739670828 -8503.32213378168 9630.4550256794 8394.959730403 -3594.680918820419 5586.028951206692 6396.897331224212 1728.2728460633316 2140.961838399993 -8302.214498684429 -7132.729600809369
8294.580320888475 -9297.269481322517 -2714.429199350281 6404.756326114155 1347.0698742932836 1072.2912079818088 -2364.3069865507814 -5017.640346480781 -5067.439691706175 -5975.48348441977 9140.656395528229 5774.117421049274 6420.626382700444 -206.7244613254352 1264.257084532912 1552.2316818952822 -4877.21844486783 7914.708835746907 -1499.459669805905 1338.4666573507438 -5375.201524590463 -8186.523563885206 -1478.4147963297892 -2524.618298507091 -5212.467831030929
2985.4778499036147 2290.7529406724407 -8490.669597719847 -4297.120538428818 9412.652435275722 -2906.7636065986944 -105.0988741284782 8261.458855731853 6122.859676675807 8617.638106034381 -665.457425812825 4965.322294175034 -1701.1968786683665 8931.965962806029 -3829.2012345256408 -2222.3212081266856 -8598.161047189353 2356.9877011386216 8814.445400597026 -9541.432499214208 -3169.9580483179716 5273.380782321114 -1759.6887699050203 -1694.70881102973 7687.504696228018
-4108.405382092835 -1847.443016356001 8143.98595945914 -6705.958059277415 -2943.179945800811 5978.902755829495 4703.923292662414 -5669.721313155731 4407.383742838336 -9038.414433120288 -1678.2663854920884 8153.571920527633 8286.498884737495 -5535.516365833135 -963.0156769076366 -7277.551719776902 1059.4149290259338 9225.388374404993 -5900.606450546568 -4624.4107394149705 5541.8033947761305 -6496.816202147848 7162.5739951983705 -5653.540629825889 9240.364446704822
-9654.798623369503 3652.5858073676736 2039.7605092628055 3627.539364610804 -361.75598241455555 -7161.570865528782 3095.8045173702358 -3220.9817309289974 1773.1733717581828 -7244.524362611184 -5414.758640987616 -3719.9045760028303 5317.374181805164 -7256.875842982676 7848.8948633507425 6452.588926519216 -652.0898070748826 -3802.8372892295083 -5218.063559028487 -5533.118710189 -4393.598429319714 -2915.1795146357417 -1782.6000596968788 -4010.7187293431434 -8412.534759362683
-9485.466157516094 7749.719548303561 761.9489847002205 4833.168476865543 1478.3905827251801 -9342.050692082648 -1576.4803423186786 3184.338756994661 6436.505901163353 8880.953708301717 1467.270757517079 -9521.39223709604 2733.813182368758 320.7505016449886 7246.4603123876295 -2204.033033013344 2402.058860958976 7268.48381348273 -3598.6972930198435 -1379.1822708164145 -5793.0867522591825 7588.043625571525 7151.858126393232 -853.6582666497943 1339.7622004890472
-8913.671804547032 -5894.496483096423 -6248.596069524586 7235.776056872808 9668.465906308335 -7349.291654055285 -6227.849153549607 -2282.4262873474636 8686.658613242147 -828.9028015799213 -14.194499284807534 1732.2007898190113 5268.246355560352 5048.5214411472825 -2773.0679174704683 5285.001970752208 3781.5031620208447 -5489.740732315553 -3890.3516135859963 9682.454612030084 -5931.2590466328975 -8160.723232384237 6801.207279420523 -3243.1735557749853 6777.0235441072
1 25
-3230.372862281237 3797.6013986149064 5628.784161074178 -4248.896949156313 5580.206838710674 -6509.8900568631725 3281.1222448686785 -4085.526610200028 3297.245774334069 -6463.166292629039 3543.3806270650166 8856.947519720728 8191.864375041714 8677.159102487174 -500.1243920361321 4833.644485370751 -8330.07910995718 125.66928014064979 -9538.674069709587 2627.996828104344 -757.4887235458737 -8277.75295235805 7046.097444310915 -5154.101435145795 9805.42752618116
