95 7
9856.17125278727 -9292.703996543945 -6453.408789098174 1120.1128086860335 9903.561953269244 3319.6171156245928 -3530.616382795577
-516.6313881756214 -6826.1057255366795 5488.086154293645 -4898.074542692645 5294.042165422756 -3016.7437792598785 9091.236297195257
-4210.152280509896 3191.96022613021 9004.966846419524 8686.0549951686 6290.444660592691 -2902.607566479871 8101.757479457228
-3096.9166302225995 -2564.7946598063527 -772.781103141424 -505.9773627626382 3497.0312890769037 1849.659175281553 1956.7909840917673
-6235.135858591679 2617.780841514199 -8154.105288024904 -3920.2271921862275 -5404.7540354144385 3468.9440144535056 7019.284777423858
5638.646563060071 -4461.225182496487 2436.9098924788686 3203.188698805634 -9254.714585661317 -3768.73247394554 -1038.7775967573725
1798.6936962166474 9256.042150948939 -8829.218216502197 -854.151318249862 1872.9878230736394 9078.618765373158 8014.521029220679
5868.795305221172 -1710.28591664534 627.2346298724715 -8670.551044322983 -8132.078625878472 -776.8942072559057 -472.6705097372542
-4536.7175276405615 -2408.767578776432 -9415.795446481068 896.5622543019708 -6683.927564752912 9843.569974621489 8238.279591339018
-225.71690995629797 -911.2964997121235 6112.429176447493 534.2187234371395 -2268.255984492671 -9143.11322450381 -1064.1117137783913
-1782.0722573800122 -6254.341908629509 -9628.514803678689 5371.21177150907 5340.991168883547 1762.255252927309 -3146.053310393815
5970.9132972953485 1273.8429726338363 5106.669963112112 3665.693923477973 5045.484481612912 2413.1614604498664 -7802.409059172839
3900.516844978314 -5559.048797798869 2512.8317207887703 -690.9393055950532 -256.75439930657376 5515.624706258408 -435.69502466783706
6733.2939748694735 -1921.6890922760622 -6813.94645921992 6303.10520313081 9037.840887638707 3052.9822064716245 3263.894783601778
-5480.637096396912 6819.997914985801 -8461.65527404891 -8370.301763385803 4587.596392639693 1563.7856983167294 -8159.660618509514
-7571.051329762928 -917.6116213772148 -8622.161959645557 1380.9684873855385 1822.4802181741925 3841.781845819931 -2408.8660654509986
6359.491047546755 -5002.697489998193 5508.648875865463 3643.7357618861643 -7980.280825901047 -7330.840663993848 7540.814279255508
6134.538115629441 9358.585157832731 1709.300670841434 -779.5902826441288 2217.9123249151653 3610.076349019684 3329.3938161449514
1675.5657294948287 -9934.086014788923 6659.392545838684 2743.059178653153 -5923.73987909636 567.9895936017383 6213.130246246101
7456.9196649153855 -4981.2273386431 2841.593139027529 -7562.578218209815 -5527.893289488068 -1455.7058175205675 -5321.371416970089
3328.5592980721176 6779.217629759329 -5173.400783728845 -6569.267749864207 -7773.319944021233 -6685.598461455231 -8229.7656372673
250.53667896002662 -6829.413417485883 -3823.562803938152 9568.482089954003 -9282.025175523471 -6091.555309190251 -1102.867850855684
-3667.9738742742993 -3109.1716124677896 -3657.6216825573147 -127.9947395682284 -7799.357304913848 -1058.82490957988 2481.588185959612
-7383.091562940293 -3205.827160225156 -1957.623752934789 6667.568199940866 -198.7629570618301 5119.466777488324 1131.847894697199
2123.2786375314245 -666.5525146244017 -8587.07990393958 -9426.570400232971 7865.378721117286 8485.021813480376 655.8100349774595
3685.563915744853 -4985.8051463486145 2539.621853726907 -2925.7066560981502 1535.5810415484975 4478.853728028143 8715.401714159641
-5079.080564030572 1619.2578451028767 -2686.1862818202553 -1414.5592977786855 7102.471562323823 -4405.614339634314 1577.9883782125798
239.21919206466737 -5797.364294594873 -543.1996812672696 -7741.956033082395 -9761.942262319719 -1150.2400165854451 -203.69319176165845
5385.837285641657 2179.8550269864863 -8774.921852246258 8295.903662046549 -2042.1382161956772 -8496.624679889113 7024.350373491532
-1323.4036588154322 -3651.847351262967 4740.059970082173 649.5400322685673 -3296.8353945398694 -2479.5394801055527 -5537.134596302802
6811.569949313027 -936.4114945577894 6987.151010894944 -8898.619651481398 6529.614096796802 44.02062767314965 7341.743074177903
2170.08192081539 -9798.026413226404 -6729.495796002035 5620.32100614055 4465.661604648656 5327.5078127524885 -8208.670499936323
-8656.320810323754 -519.6161115772011 3420.819744947892 -4570.812368788848 -4583.6372135199135 162.11727855265417 6232.746776542608
-5542.496516542778 -9138.593238460604 3108.2413121951886 6718.418066216967 -8247.78890548993 5154.882544943768 2785.3292772404675
8929.323076428122 9113.492519037252 -8369.087496393196 -8423.8574610297 3748.6247893389773 -2188.4147130572455 -5464.777001713051
6195.305370109632 8855.576899727617 -7434.8136979136 1740.804990505594 4213.088607931286 -5255.468711466302 1768.865680218103
-6947.509461288435 -7978.167711190905 -4897.14325657971 8539.906197306394 1710.8184522127704 -5049.183794125353 -7296.319203865811
7472.251828409713 5994.086034679187 2677.193669673383 9058.369590248483 5151.874697710236 8985.678610313658 3576.914982946173
-1356.093136776517 8644.060879179313 9209.577161209436 -9511.21078549336 781.4578955614579 -5159.9686598431945 -6808.579453993766
-3795.4395221060786 3795.004868277174 751.1911263252769 -8556.398715857948 -8142.27851194931 -347.08126886302125 7691.79296255649
-2231.813884057725 -8873.472661036272 -5598.426034086241 1464.5244168253466 -2625.4111531753188 6031.413052995453 -9908.95869387717
3429.348760783925 7869.84154019448 7924.010145493256 9114.498442141114 -4526.966898237974 -9852.314050348126 9895.843163532296
2103.278074402815 -4267.29801571923 -6033.660742821239 3612.1828135054693 3507.2242718659236 7409.142565788628 1727.5136124859982
-9976.149683492216 8562.96875797899 -6170.659100718665 -2327.106096921092 -784.8334585639113 -5432.540924213705 -7804.8266266424425
5379.168416511429 -8527.410175786836 -6886.153363895946 -4441.708057256641 -1731.208382475892 -4970.523583657824 7079.594364247096
7769.19790597805 4239.467779583883 2403.9601275150617 -435.5067555673759 -9627.791493774526 4616.175059752188 462.73878417816195
8915.022362732674 2749.783222705497 6659.0698468476985 7731.736315664846 -5344.595487702722 -6444.303092016934 8494.10787584017
-1952.4038307428373 3524.947696940517 -6679.791205717016 -3762.76491856758 -7022.255632771559 8558.568784604813 -9067.19370155438
-4036.6549486973736 -7640.4714805130425 4086.9791977868554 -639.1443837146562 -5016.667654567317 7516.0453232243235 -5342.794400978354
-2200.0738132577235 -8470.824402807522 6459.286619030867 -5686.265236240595 6507.81971832323 8833.75723162925 -6380.019476675574
2925.1475543512242 7223.649728943139 -7175.303907262815 -6657.412949798351 8555.186849450642 -3832.7489129236137 -8477.229596566287
-6697.773366016102 5009.831955241458 -1254.8237771765016 4680.615557940293 548.9708112383923 4412.585381257779 -2807.562124928575
1330.6297166988843 9091.430643946795 -2490.307977059487 -68.95614126241526 7890.32766406177 4586.163850885303 8369.07568420688
37.372623093971924 -3928.69105085945 -9237.717448905316 499.61898501580254 -5757.335990066475 6354.845060861733 2655.8252784846936
-6480.436156310396 6328.111451374207 4951.122311419356 -5781.752523313961 -5110.205279178035 -4144.225734930164 1691.3176135035137
-3935.8282692238427 -8530.813209592836 5381.567517722195 2496.845843549523 -1395.510597988994 9192.82685356876 -2882.1065388890956
2605.090188988788 578.2423965094385 6569.649021731362 2162.13097229543 -4353.100672079624 5209.764724829631 -7414.218832420831
7550.601391975892 7106.9201616018 6830.905956642713 -1939.509183928485 -2082.500808329022 8036.68764767436 5910.292920075903
-7069.148857974185 -7123.8099636022325 5548.453578542405 -7668.294984941135 -7992.825074202558 -8713.704911074867 4346.697865852273
3991.457036882368 3132.5150631283796 -5875.045982642415 6460.121231692556 6364.073443630505 -1411.9202129497753 -9888.790220868346
4972.123646119173 -2467.5940404226294 9208.773105563178 -9033.382123355448 -2581.9976791351773 -6114.88136557357 -9955.26814458668
-6769.410838530925 -9263.046038187555 -753.4159953261369 -6500.902247249774 -3428.425949299234 -4956.943441075307 421.6966964132771
-3137.241332422729 7406.826049189349 8781.060542150673 -7250.518165894428 452.98225843800356 4442.190153378548 1431.1773804651166
4508.945377361366 2345.8360600435262 -9468.427247240681 -1814.0757109150354 -3020.7246752671545 -5722.276044318466 -6266.636891012216
1608.8751786404082 2328.3022552218554 76.63103389864955 4944.861267606506 1404.9503579223983 -4975.807429930681 4420.380732461721
5045.858603211884 -987.7337459971368 1536.6197981414298 6966.31613442794 5863.227188138833 -5787.743113845389 3647.9744957880976
1425.2952775101658 -2297.2153131490213 9723.482476618326 6049.403361497474 -9815.867047544709 -5482.467175679655 -3178.492500232899
7456.760725344931 -3987.073653379436 -980.7132551147624 9521.962940154466 -189.18005055410504 897.8539290814897 -107.29525009970166
-9379.812197511737 -6836.46715042455 -1305.2109001678346 -1705.2848415447916 -8585.184906696686 4646.0434011175785 -8469.749109471371
-4872.055707286658 -3276.8547631892498 -2585.2623390495746 9421.780498986594 791.6135455779331 9568.363518430775 -3732.3975569563236
8433.513011124669 -2281.782392962821 554.4127167714068 7615.56783729752 1075.5258509977775 7161.510335427174 1322.9434413854888
255.74169213484493 9382.001306008704 5448.765017531503 6585.160153796929 6290.8554821189355 1028.4198106902313 -9497.655469195004
-9437.74894930918 -1800.7503012335674 3317.8198683993905 9196.659830234665 6464.315741165068 5347.022019512382 8701.026455989322
462.61709671558674 606.5479973947768 893.445125556027 717.1647495116667 -686.8126512895233 -4977.470958095926 4055.6079625409257
-3221.2994661012817 -8670.073817000006 -8694.616748956889 -8075.419186513836 1709.1864869451365 -3689.00874884736 3222.6208571026473
4641.537618195252 -7255.5787245628035 7966.754192151529 -2673.788475751202 5652.1391659268065 63.57056051727341 2094.9158040350067
8561.795925452145 -4287.079509565879 5122.848431984961 8937.231052892384 -877.3154847384612 2317.762386827084 -3954.9313592157187
-6306.115311761063 3120.5612416710574 -3800.632139448321 6486.223996698904 -8205.060033449983 -6569.361407180299 -3349.194182413631
6632.517761058683 -2308.1195719946936 -8820.49333844494 8297.063656976607 -1302.1584566374477 1494.861745790804 -5800.728665106228
7396.652803903235 -9487.7495120376 -790.6183317556261 5948.332928262251 9848.008914308026 -2673.048729919691 9335.189853884593
-4159.135928929251 -2769.6213285200465 9906.695466160963 1276.4357629848928 7793.070205113294 -9756.557137989108 -851.8720151004472
-7426.879081567575 -2514.29206587285 5180.911782255142 5025.042656963147 6105.597830793404 5746.620891612109 4287.65735759464
5104.588478011474 -2249.224804274454 -8995.29767431178 -4694.742483005967 9811.145116432424 -8332.077745536826 9521.104494604737
4235.901803049121 -3790.8476563049435 533.8102502664951 -5344.673048950217 854.1946221519629 -2720.7676844618063 -5119.913934447946
5677.414917747972 -2047.6802512942659 -6808.415982045706 -3579.328856668276 7392.796261614618 7147.289573817543 -1260.1321125436061
7051.607003259196 3597.463138243831 -1945.6788039327757 877.7810785683159 9742.622743090924 1830.804345955341 9697.192179536905
-9869.079834968781 -1614.5557410588317 9189.972831736744 6588.931762365155 5267.194231489615 -7155.850215021742 7845.443561783319
5660.826977954779 8880.93463756427 -9060.469765477808 6283.568364035251 1503.3766491759543 -7749.171575217983 6294.231985136621
3968.0075036743274 -511.1334311322862 -4767.913195934439 7918.989901800527 4267.9790984076735 -9966.77604371551 8290.233893514083
-606.7993365683997 6958.2995574555825 3919.2862689006124 6929.2583759006775 -1087.6825538750509 9749.902670177467 -1430.2255340050542
4005.9314553049135 -6407.479832856684 7385.038978780027 -2301.7348136133032 3833.2286950139332 1694.2058243506926 4768.368813229925
-2126.8195974757155 2864.707192694639 1854.4317225318446 2440.2265832309913 -8543.56887041311 7854.118826067821 -7203.344626141113
9374.717992852577 -736.967208617536 -3529.334319195481 2648.5913342928397 -5601.198670141132 -7091.5723909013905 7498.6546322964095
734.0521151136763 -2539.63356370805 6675.670399548748 5049.607555987237 304.9012672544868 -3383.8751565022494 -612.796826921196
1163.1550339416008 -9947.198013664345 -4432.766431919473 -9328.335804392127 -2584.594184049003 -1083.5174993406254 -2069.1316903559855
1 263
6738.519855991974 -2952.7715501012626 -2376.962023439415 -7724.909063060737 2402.0006088036644 -9907.746250034797 -3344.5177859743526 -2460.915393525227 2332.6875847074425 -2870.1178243581226 -7092.4964528706605 -6180.638381843901 8689.746492757273 -6579.187098484857 8120.986030284999 -7390.011694398889 -9071.98450873576 6237.738274931418 -2764.555781074565 890.680731115448 -9040.626479421822 -8859.361032093788 -8568.256155675417 -8680.13407736683 67.52553689741944 -2665.4957895853086 1535.007938226836 6373.411468775299 -4145.321656544145 -2484.65454974601 796.2826285805877 2860.4502937644666 9812.535526282663 -247.80217396541593 6679.457268216487 -1684.3059256653687 -1099.6406613290746 5229.771549728024 -4380.94122429723 7685.608985695304 9086.79843878257 -4602.027231787575 -2833.7619104680425 7.771392720665972 5455.333542146223 2219.6587572104163 -1554.6904794443835 7059.188703129126 5374.449074704813 -2456.009625120306 -8534.379631388121 7074.929865071688 2935.2211233349954 -7687.2895856788255 -1807.930191791078 8741.855904923232 7468.586812821406 -130.59639620646522 -1730.3768614632118 -5346.583068094377 -8773.955675807885 -2940.6229130395814 -4338.2437441589445 4120.545670963462 9159.75097025223 -3197.6407212245886 -6219.130264790696 -8974.499803787574 3320.2051698303567 -2904.0751999856493 -6100.3645127198715 3114.318479263751 627.906856628435 -8588.218671438712 -4805.0384584828025 9118.502229693215 6555.676107589643 -7222.020785205965 -6834.848722852269 -2642.116095426548 6479.605637650788 3542.513157222589 9358.687036629977 9659.399917181916 -4317.099190147038 -9989.301381997833 7458.886527626044 -5449.028489267689 -3517.576572577701 -8640.87434477478 1278.919261875195 -7536.696712572748 8687.021414142404 -7527.07929267642 -1385.398692417646 -4602.793006375688 5167.7163542381295 -642.0165366111614 3633.6871293864933 -9977.313309887957 3890.9551185797154 -9211.737564106628 6843.1407687667925 -4937.665780738765 -2559.4332063133816 -4479.007276854508 -481.71831322835715 5623.631921133205 9368.257653688317 -1230.5729311467185 -5471.749507025188 -6175.6027018198 1594.1406397141745 8477.630984095558 -3544.5079560669956 -3174.10833867771 -804.9116155902575 -8256.941120601436 1533.6035596406946 -2881.5163801663757 5330.294987282468 -8030.561512992434 -217.4952978637648 9791.215830091493 -9131.735626784966 -5727.92767422281 6385.900418378882 -6454.005825619888 -5194.328443543996 -2391.7913563104885 -7379.0696160259595 -2841.5741943761686 -5289.575320683754 2296.3183869967033 -1682.7687462282101 5804.119925756595 5555.374790825994 -2741.2665522155066 -5678.038780778156 -7281.367127486514 5274.3451670143495 3068.964039618253 3986.0180181772103 2122.2158738937796 -1543.4318697369436 8507.974771294637 -9116.578398795571 3045.5048881352322 1212.786632603349 1852.1551803380335 2000.5414607369948 1311.4618102127824 -1709.5925623467429 -6623.512908057077 -1033.6940734533 -7320.119204442441 9603.717564730076 -2664.7541309498847 1875.7442765771339 3704.0192766942746 1814.3376698517295 417.44041699520494 3068.4166528300957 5417.98058546711 -1130.209399413303 1385.4627507194164 -5232.702404173655 -7372.597637503961 -8140.928996340113 -2087.4747225700066 -1524.1843897705403 3513.444893846099 1608.9574380969534 -9850.579445676756 -4067.715676431034 -9382.457048986626 -2599.180624488162 -70.39944244332946 9469.810755382492 8625.238678324651 -7006.130680673712 -2340.4274981143344 9421.930938762172 -2171.872932044732 8042.673957819108 -7374.107186562859 5981.795270592054 4895.825149776327 327.91260998407415 4644.635190544464 5551.479031133604 133.93074706546759 6615.27988730976 4387.082531194126 -9274.786308494593 -4014.1167780325686 -2460.7434141890462 2804.0740635115944 4774.877685033145 2439.528639472681 1853.9576693310537 6495.238404612064 5349.455138450177 8510.59824502416 2584.4693134400495 -6039.728134494553 -902.9810720846726 4975.697663800562 -6559.664100113449 265.7390921563201 -6914.097868261002 -2935.83719856654 -5500.177278535428 2867.9364910749337 5750.434708883571 -5428.487392795185 5947.5080310263 -7166.737720044042 -6573.505001437339 -2704.1855812363447 3560.900548410422 -1769.634023850087 9317.129182455668 -6802.461136118907 7533.077103105545 -501.9054292965011 -6457.073985812047 -8745.011614980334 -3624.3397798968745 -8511.110892557032 -6269.566302127507 1064.151714184034 7852.948789770435 1131.8966126133364 9115.818026808716 8504.926413520483 -9701.207460821166 -7761.253571192614 -8577.541418522871 -5806.814875931792 -4558.872624419186 -3474.286405287834 -5235.2498534648275 -3634.031723479862 223.47777885337382 -518.9225235838348 -7223.880201536867 394.4560829220154 -9058.232192001962 1308.7718723359721 6981.6236630660605 6555.019773198379 3284.8119618149976 -6706.554055256551 7721.731614338623 5694.656744469057 -3410.8123418821815 -6556.624267570554 -1241.500012895207 -2707.4143797695015 -4220.409807064367 -8370.66989651082 -4082.269701445837
