21 28
-2773.3964739196317 -2501.015902826356 -5540.7344141686 -2364.773607882602 -2068.4131747765596 9965.609681404385 -2242.1849038948567 4542.621238151985 -5055.123945427529 7265.289047300463 -5845.945621612412 291.9601917617547 -8497.690911424455 -4501.537996413831 8450.243805785332 8665.279577921629 -4737.507917428656 1863.1679690898545 -8875.506746327399 -6067.242389347321 9340.855335345455 5005.211458368998 2616.5315658050295 -950.489029328257 47.5569717817707 2184.6083543810237 -4179.694302083035 -2289.6546677111055
-8539.79854814093 9515.12929624927 4283.290802634938 3963.7537786666617 9818.754520129754 -4647.827009951684 2471.5071554302467 4519.014392642961 4580.390798779272 7931.131017305161 6019.814991198016 -947.5897851463069 8381.146342062348 1072.9689360071534 -419.824592521114 1745.6972538939972 9759.985901624077 2619.9317909150395 2593.9353098689735 489.96116054603954 -1973.7686558164587 -2154.1056771330295 5880.430238593224 1010.2369122189557 8154.830519638763 -5085.547482893471 -9048.521907892678 4533.330149946034
-2744.255576177019 -2037.8737479433266 1566.8844121401744 -1501.2452169149874 -4117.812860243704 2928.4934936735717 -2981.927006816878 -1351.7991874475156 1262.3447702932535 7428.378974467425 4794.728362177302 2914.52491687146 -1547.7938428658654 -3024.2337419606647 1927.5702157253236 -3449.699356523286 -6033.594377477893 -1983.6709786203446 -5085.077076493665 -6074.009332495962 3896.9734110813843 5339.045267790887 2994.163434373133 -9705.514869752813 5656.880683590349 -5218.6198266039055 -4290.08553010431 2738.917487738743
8378.180555116702 -3970.614285149907 -5331.658053273481 6651.490082848453 4902.7772781193125 -6898.72300681163 -5961.07097816045 -5764.0612410619015 4121.492445402195 4794.37094170142 3130.851546194408 -5345.234442268596 9765.919718077093 8663.688023158735 -7039.481894320123 8435.181024806927 6146.011554995699 8770.112114719028 8428.628722102108 -4.075583112633467 1698.632057335637 9689.883552190156 -9246.909338239115 6212.418852717932 365.3725438570782 -5982.005752881032 7266.636834242974 8537.296676139184
-6863.16163610164 6206.967292212958 1888.4269597708917 1551.7897902270142 -1800.4164110980164 5332.194877456537 7520.673163487849 -9087.141167768486 868.9210713976972 -5084.084683887895 9280.03368655546 1912.100646368377 9844.258903802249 -2194.311936995161 3923.2149403822095 -7617.095591373771 3483.9720537825306 -5491.753601681379 -9763.840309417901 -5896.8653190882005 9295.87066785138 -5892.135196956101 3479.3935425405925 -1624.208568014441 -2012.8412918382855 7145.120587330872 -2472.172453751684 -147.72422277046644
-434.271635542329 -8243.64011029007 -5719.258960131923 4368.815752722048 7198.848778156542 -5516.076559223053 5650.880306131305 -3198.7555015676135 2312.5370955432154 5063.749820534671 -1395.3345509441606 9930.635945199025 -7375.499088855082 -6337.47691712752 1166.7355790007332 4261.57312538288 4566.6848658503895 6603.184632122109 4675.29394192634 2179.899718475859 6193.341086512886 4542.079523863973 -7335.22931994707 -2228.628833083073 -6870.1917503634395 -9809.496316687977 2507.547663394218 -4059.920396800363
6289.577392672794 5169.623639074172 9628.461532509446 8501.63110539133 -3537.3530718548363 3927.0593686638404 -1807.4053689954872 -2762.5691712259195 9007.835516249641 -8846.639067224074 2784.513065891553 -4087.439957334851 -2641.760884902822 7208.764655915602 3376.427659972487 -7403.781706937716 8074.507081337044 -1702.1207509861106 6355.75891558271 -1016.3645559556826 973.0043100055937 2831.0116051260156 -178.61101912826052 -7789.4368027803675 -5223.2502986402515 4688.2849347286465 -117.81668740500936 -2615.442905613183
8608.18089949304 942.504463946243 188.4948414563678 -1044.314307416329 965.1300251271659 3365.88379790175 -2034.1538088159132 2887.1421535430436 -9174.293968143667 -5931.405556544991 -7824.820370601599 8725.676905594388 -5932.552742230068 -1810.555643581386 -37.84482574782669 2053.010354378319 6352.087600353085 4129.650608048543 5405.74640205847 -8241.18011528041 -3079.5083845709105 4420.107978062595 5558.992762197933 7307.476369602351 4071.166472449997 1557.7557581160836 -2372.292768385054 843.5991224688296
4107.1090858809985 -6986.749873913774 -7072.666469457858 5950.227296854817 112.72737407789646 4489.451143555476 -2310.878630056456 -7264.533576829926 -6140.5177260934 -2749.6697474509338 7378.492445626107 4847.135063727288 -8086.404901793487 8408.176420583783 -8455.612704807287 -2102.005752199736 -9332.50543321373 9309.361256221666 8928.259294540028 5834.532566442005 -6224.358009015045 -7946.22310111524 -440.44463039389666 -6116.79239577358 9014.231724455563 -7221.150980510045 -1340.0613279815789 7747.761257588256
2188.996458720145 -198.67344725505063 -1476.3273438766337 1655.4950362689742 -8677.476579101029 -5924.799475377658 -634.5424127537117 -7195.079753893468 -6958.938762683373 3648.123699006561 4257.02106260773 -7135.152467358716 -1070.0628692932842 9294.531788990167 -7603.011341985908 6700.295905106032 -7779.418729875479 3130.7412542617694 -7913.503165208959 -2139.766263190224 6169.62810907862 1233.103858208533 -5620.026047250492 -6500.368634917744 -7669.080800534553 -5931.228670291959 -4098.449132974209 4848.458323370403
5658.872011185376 1617.1095183434336 -9237.736444512951 -5209.190640354473 8634.674466001961 -4078.483229322618 2108.1603500728033 3865.679183869601 -4251.838821903105 8729.37459430475 -3578.3967807694153 -5248.355428659071 -2830.245081461362 1004.7748532594851 9328.933570682351 303.8480759343547 -2989.02034218073 5750.9423507229185 6539.925512251233 -830.0296907919692 9972.669338342312 -1559.2685501453525 -9587.661149585003 3241.6559192553086 5544.60417821356 9435.944537652977 -7518.403779115388 -2268.7191890297136
1620.3368514303347 -8195.745267929193 4669.1757605036055 4107.3847117587375 -8296.636379999409 -668.8662610437186 -915.682974562611 -8735.002819484103 3036.6830394126955 3510.294299833353 5800.964679379496 1778.817410517273 9714.940807406183 -131.68645524023668 -1006.0467280529865 4783.508519923309 -6013.641363507993 8178.862283218423 -6742.982214577702 -6594.433439810523 2333.1718724092025 9188.686519281946 1629.4127388264078 -6590.848065676564 8021.560646252969 1757.2394554276234 7083.105850126267 8694.27006092343
-2786.065571633596 -7214.638847219796 2121.563456535847 -618.1484348727427 -4769.690530090403 -2653.507702149225 5496.584521891553 -4899.624853139877 -6366.3261585833425 4515.6062707089695 -1365.1685473135312 6086.050467755151 160.8592685235326 1074.0970148864053 -9317.916335772985 5595.3249431974855 9564.458552536078 3508.552201595652 228.7175696014492 -359.02283825448103 5163.493340142253 -2741.278355908871 -7722.089055907782 -8514.633432739056 3399.31805417097 -9744.164568342854 -8431.004217293019 2743.7005564490264
-9196.171850387598 9302.89042712783 -6481.347709724552 5464.021450744591 6786.969978498633 4633.3799707701655 -4395.742601631405 -7187.450448080132 655.7422959723554 5245.842068046162 -8892.512075557705 -7556.527274503224 -5327.140738423149 -1059.3158402340177 446.68613780861415 -7896.720612406798 9440.057343807883 1245.1096497148174 -9724.285048421167 4267.4212168791455 -7692.682629690266 -5648.334543541882 -2679.7922572054467 1415.838122698984 1235.0907444402164 9736.820011180884 -4165.497587726237 -9958.260991560013
5313.921599834011 -688.3063204069131 5952.4918148658235 -8730.664817945271 -2820.822801713447 5702.649902996469 2508.56426364684 6111.867312782475 -1944.2412212725267 4776.191788283262 1227.7821135082086 -9076.08804463378 7205.944299532544 -1346.6252161498942 -8516.255659738263 3501.5139122206456 7010.6770286896535 -7655.336802184292 -2237.764792383665 7691.947278126776 -5613.111503797847 581.0445809537068 2960.2068397729035 8779.588181614581 -1768.4962555070833 6756.511445770189 -3839.679783478622 8396.871416992566
9387.650568729838 4093.1519614432164 5812.93852859365 -1271.841366219045 864.6017169565421 -3696.739248878669 7607.697052582382 838.1397528301186 -5581.313873266813 2775.7454703757085 6112.9515183318435 -4198.852284549177 3030.1101325189247 -2484.5710820867307 -5908.310583549092 4822.285123779586 2830.0024587631706 -7587.111118452323 -6175.435543205776 -6617.071523445145 -9530.942863849072 -3926.044582726331 3734.4558716919946 -6193.684567399049 8352.891242388472 8632.571760702067 8997.22290108386 -2005.58979031316
-9994.937252992142 132.6235955108059 -9060.720809581653 1647.0778996601202 -457.31279460104633 5108.288819656034 -8460.775711056021 -6761.360248312525 -6923.041330162416 -9175.658414044774 5452.925350952253 -6457.25710211138 5676.4636847429065 1597.9790732597012 7710.004049379571 9076.36375570936 1408.0113888680844 3595.938898130904 6740.129136693293 5721.688898078222 -8595.332467047183 719.6735587478761 -7119.882532590318 1436.5246753174524 -3789.6366806550905 7335.841506998018 9320.90343814946 1276.0086328419693
2869.3418679344177 -8403.438336597836 2578.5785445657075 6180.401892410509 5574.980373679593 -7879.543431970668 -2242.6874356951366 9363.46671975562 -4493.319134187337 -9922.621767159855 -3248.4533004493633 -6584.165445191644 -5572.283011266426 1046.2942661934703 -5393.8386979551 5921.017684900851 -8481.054234765947 -3847.817815153385 -6645.494402312117 113.71869970594526 -2319.945579156557 9468.080178939334 -304.9689889922083 -3358.1523097977724 4586.822306901817 9535.22057619239 -8466.622136868937 9290.326594751245
-5627.022351718718 -5185.662245985241 -7893.622659905006 9882.604685253038 -3027.5048477710698 -3124.3976237928537 2401.4621165863828 -8754.829553655592 -1477.7981337273886 3416.3553342877967 7069.196423955156 -1369.5891058137968 -2278.5535267511996 2421.2310541192564 9368.563561376526 5035.615847388464 -2595.7080346349585 -4179.5545344150705 2997.0593072283973 -6744.683913845018 -4834.505390009283 -6112.853005232699 -2024.5448936210923 -5745.077255617439 -9707.240967799686 -830.7084921172755 -3772.084004474985 2552.929724184265
5571.549724636721 7132.663310509553 -536.6359772044289 8560.478474276835 -7466.114954007697 -2669.863495750782 1313.4195839351833 -9910.333524897844 2524.5630998462802 -5774.848509558695 5843.48676475251 -9341.190518781348 3244.8074273272196 -1336.791560207419 -8632.21164199835 -4435.064451095099 -9042.194268688072 546.7287317916544 7033.758230594864 -7784.654924832142 -4388.794456162548 7252.258118239457 3242.153843207918 -7692.456416316482 -8527.365333317372 -4725.995627746962 9077.4053991941 -1184.164221257135
5544.772159022465 1961.6857445633377 -8071.427731488357 7434.834558224851 9034.587018052109 6434.767232324753 2529.7276532439537 -1504.5305871330002 1991.1636514790243 -1949.984300715153 4045.4782415416284 -7250.40140873412 -5857.338301559163 -5909.619942689416 5135.304580037036 2805.9048416825153 -9594.553853437877 6672.43100195306 4951.543580946312 -1885.5107017710134 -177.93383415736207 -3068.5646060299778 -8350.630290335706 7984.20869148193 -3911.1203990664144 -336.0775397527268 -3443.9141598682863 -3109.599172503432
1 28
-1192.213124599819 6122.422203306933 -8997.739668908722 9980.033830869736 1854.9532319674272 -8695.15423129201 8832.47253879063 -6694.6905294687 -5493.262166160004 -8071.536735399319 4084.0481753182576 -7951.458736589824 604.2794813920136 -4850.513210235832 4088.546629532948 259.78161701396857 3947.6838135159633 -5132.679233028592 -198.84257865020845 -1852.8299270199077 -3682.0074124386283 -4033.020459758932 6996.708253947487 3561.2663765351663 2228.3202898071268 -448.673639675515 5260.017367154873 -4044.8725757436296
