36 19
-8484.675100657 3962.9565871402046 7175.500941493738 9348.791506103971 2475.925134431289 4081.381079187211 135.10021503226017 -3759.0475623998263 -9407.873927895225 -1197.1451525401844 -6848.32536256432 766.6305085274435 -4041.5429807193996 7254.762799046715 6521.416640163552 4708.478664911638 9087.400015120285 4758.685924987534 -6397.536939281956
723.9540074484066 -9116.442098191534 9314.810557209224 834.4852246539922 6879.7334705056055 5671.190297679943 8201.983882086704 7023.109734491503 3460.759953881303 -9398.000248450295 -9234.351444784885 8267.623269569907 9485.152093933957 8068.2657977845665 -2340.52634602522 -6391.167885350826 -1197.0236003629961 -8450.845214821871 2142.1468387304994
-1439.3734801527116 -9929.294525917547 5487.882422046501 -7543.733480793178 9110.839804138628 -3387.973311327388 8665.415301236317 8343.512541774955 6684.058941736548 4232.355529001981 -4562.269959395638 -926.578261095543 -1636.2919859059093 1143.2943194834952 2616.810682016814 -3100.3977098613977 6038.2519009270345 2269.571063617099 -6559.627904088849
-2458.2041117796052 3772.00944442515 -6373.029963136079 5073.724912478649 5695.347173079248 1786.2716491407937 5156.027720553624 7432.148130500031 5198.559633056206 3110.0563663105386 -7223.847084555299 -451.01533034157546 -736.5684992266106 6240.218511203941 -1809.3158751155179 8471.659086872449 -9200.561858718038 5101.56945392932 2841.873918141164
5188.965196049074 -8803.735450789405 -1628.4897858790246 -3777.755458408061 3273.2657344349045 -6385.265806217042 4399.137920592626 -2731.927283842102 -9534.559915095682 -2688.6735420906334 -9410.64376740192 2703.5844209058505 -5494.1975131994795 5317.05684191983 4727.099291238686 -4238.502964303343 7839.367095435824 -3252.4859600438913 9060.998461514384
-985.9197681356436 -7620.767937416377 -4712.200892981444 -481.42736927625083 7590.773280201516 2339.773549487225 -6193.557482999589 -4320.466602111966 4198.842235162452 -58.404216476727015 9831.42773807469 9579.708580578608 3640.594537019557 8827.305768688773 -708.7774195253733 -1109.4487442742648 -198.81857615430636 -5179.986893311135 4855.372002087477
-55.5061627135874 4721.022330964339 5413.6861740193835 9589.20778465924 373.9019867834031 -4031.699805555145 -6629.0295614383995 2969.818217009273 9997.94634498391 1745.8277699950067 3918.196571646058 -681.9368335003237 5155.9039326104485 -499.3084022459807 6232.063990755423 9504.809595857085 -8980.666592718007 -9417.832927301182 -600.8851429512779
-6252.024389042881 -1838.7265234924998 -4918.130274346784 -6776.526064386559 24.662927046809273 -2965.291962410981 5679.285991736449 3906.5689378483785 1898.9492244939556 -1504.8174904193038 9508.64476882579 -7227.707132108839 -1029.4814832327193 9782.029531420241 4030.7242014768362 -8187.574339764338 -2409.5289018545454 -7913.084722399606 3560.4998211001275
-2205.812871474235 -783.1993337065342 -8438.679504777516 2315.5027821447366 -2017.3081018316498 -6546.023372214913 -7230.707138586657 6462.275247551101 3830.3191989528787 -5375.097961065391 7663.851320401576 -9627.05268164498 9888.379181164863 -1508.8274285248299 7064.284819779365 2584.5122413344507 1512.4081637925246 3950.4627666093256 7092.88669421419
-4766.678254117389 6082.4410259557735 -8629.79150804263 5810.808558843884 -7226.0136460451595 -4753.367573885672 539.68863142804 -8255.368520157563 -2649.3286181060885 -9441.602132443519 2093.7560827881134 454.12300759964455 -2125.515920964327 9166.620053177183 1572.5470827507743 -1346.9872931442787 8576.354278072256 -1834.317930357778 -1176.651649327343
432.0319697352861 -3169.784752768054 4266.630062172731 108.20818344323925 -8280.777711426817 -3951.0009908901857 -3666.3127606062026 1943.5615816909558 8208.158352881117 -2693.576151575725 5731.376277425819 7111.018854885988 8290.867236862407 5875.905026768452 8609.979137545546 7820.900031937617 -2449.514403125583 2706.4702363200795 -5901.9217065822295
2658.677027689284 -9890.002781600651 -6003.520320175659 18.935249433809076 5056.7885865355165 -6272.981957309711 -6430.555083887297 -8481.543386663341 -8863.190365800341 28.93866017289656 -4926.585781711077 2258.6398487944916 7041.586640677215 1748.5980435457222 6269.29237248611 4263.110446041384 -4478.866354747637 -896.894361834984 8052.276397432153
-7929.4284268238325 -2626.289786293818 3974.556904345156 -1201.6064761302678 3863.942851612199 3504.521249283549 -2179.23538554442 -8023.255813099703 -2566.4064348983893 7666.449916083133 4828.65961323792 7994.976523315112 1442.305133963504 4766.788292735118 -3681.674653791143 -8078.982136302639 9525.852801312441 -5505.554523206566 -1624.6573390443373
4095.2482529104454 662.2099590976304 -537.8993270078663 -3094.4735831051903 9480.915855748317 2636.6124929086436 8904.645789862141 -367.1046326763426 -4500.110631328702 -7240.42208066416 -7688.38778512529 -5364.458338820046 5368.338829915549 -6464.835986706034 1399.3122998388171 5148.086128605864 7400.901260671464 -6127.3476191701 2703.3662386715205
2291.23781742525 746.0919862187802 -4032.0041705510002 5433.429924990047 -457.59807319894753 -8756.966464286543 -2292.4213249038175 -5494.560526761409 -7057.272133304639 -2232.1767108868326 -3336.738910351427 5620.060442452301 2532.3334980770887 5867.186501231054 -6395.741740481557 5336.4419737836015 -4148.960285244953 8277.143079817171 2681.3566925222894
316.3516290762818 8006.266218004344 -9483.487114025747 -3019.6485539149817 5395.227141635882 5218.690507447613 -6992.8343166571485 6672.547375768809 3612.656272317685 136.38192713447825 2507.8244015907367 -2810.111103403048 -6785.307008067903 6909.790202727661 -9506.382101237537 4720.516580956542 -2239.1196959083936 3653.0985922194304 3027.575335124151
2226.372952595686 3048.8711345112733 -8254.465824632116 4920.25651329874 -7086.749592919077 6328.4603927331955 -9573.998036509869 -2402.8170250111925 9789.272236786586 -7786.540407114826 7819.748484962802 -6254.971174290982 7194.620596125009 -1407.738377862479 7537.7500001125445 2386.9575361200204 -7875.00339426618 3576.9907560138345 -2542.1543026864456
-5499.953792953789 -6298.874875291922 -5002.205570620995 -4709.122390971028 -8014.334455761698 -8085.016797506905 9948.060313413876 5302.800294898549 -7967.291845638225 -2470.0137913870713 -5825.331616717704 1965.2148235107798 -5046.805595548103 2724.5169208571024 -5474.594341418948 9340.66677839258 -3260.863014021602 1786.9217760657848 -6439.177982592628
5533.586681800809 -7876.029371400864 -3991.2898714603643 -6056.842983257256 -2473.5186751831798 -8176.777127188259 1991.9573990738227 -5805.4425052784 -6070.325184627405 1403.5809069832685 1109.933335163756 3983.9247747896443 7673.819976594066 -6709.001061546045 5259.53172559942 8977.287635637782 -8699.219228121503 -3600.5994087598683 -8186.169639581185
-7584.382673726617 5055.923876650515 6730.402714763062 3705.72779224003 -9141.328275618496 4541.416543112817 455.5281278555249 775.6799007721875 -5694.72421178121 -6505.032986009478 -8010.868374557802 7683.114494568083 19.518849897507607 -4619.067982736627 434.8493178352328 -7941.6199518239155 3163.2004627449824 -2267.6807937741987 3165.9761554537854
-4679.781859244851 2170.624620008697 -8382.61326029108 3772.1884971393465 2749.2990275880966 4503.101920592015 4866.730632138468 1853.7038302032233 3881.261276882651 -6602.372627686169 8060.3207236151065 5371.7608011606535 -8059.154143685616 1864.7520384257277 -5761.17138377034 4816.3413002091675 -2128.439524233965 -1411.8302372939488 3063.7085576295503
3898.0319247711104 -1797.5109823822204 8450.687332778023 3388.14846882436 9389.496627021665 8749.31921949597 5125.968664793023 1883.155457225026 3298.113877106818 4751.272382091944 -8462.324063169543 9503.199344748191 -691.8209510420274 7733.705726517743 5783.846837875712 -7271.483944416934 1449.2265687152612 -6992.724685344287 -2146.8403673947532
-5930.753394141537 -9516.544643367255 -2466.926381358192 -4716.914762981428 -8301.22362024386 -4572.887607856724 5006.714708057307 -25.43752135327304 -1440.135646888828 -3151.1697811783533 1197.2083167650999 -5114.42178581057 -445.4813564540964 8194.351021156126 9306.72328341231 -9651.92142453984 -9073.942087041429 -2567.008673967839 4218.750029650977
-6397.582406955282 2881.60143879703 5054.633012612561 -8711.616702095791 3578.663042381655 9375.954156548858 5568.632103111551 -2005.11564429779 -6203.392834140857 -7607.137617762365 7797.316365516519 8642.122583723547 9830.007789601132 5337.075966383611 -9295.639361943284 -7037.798857800506 -3888.2989742342033 6149.981110787401 9215.903308047902
9244.591644586108 3916.6404867695983 -6479.136860071059 2451.3210599186787 6782.632411565246 5828.768991820387 -5005.52493186668 -3911.6842192535214 887.0499520438607 7818.678779790494 4272.020410493293 6487.047037020926 6524.636828007326 -9241.440647739993 6664.399667480564 -1115.8975700591964 8825.054182210413 -5068.592380330057 -3807.1663603660363
-8908.845891715908 3130.918728224635 -3290.3395645013698 89.84703425136104 299.9519416883704 -9788.868118858269 -6144.321354817246 -7746.745625688225 4719.867401581203 2416.2506271567127 4175.355870445874 -9554.556634004643 740.2656968273932 626.1905279420225 -867.049802438436 4339.346478463656 -3373.7020862741083 165.8351349768236 8070.071333210504
-83.9982027869919 -3146.9270453063273 -7529.490932974443 -7572.345905528157 9104.173698831983 -6600.152956548671 4642.595900826385 -5488.251813368059 -9616.018436347262 2296.900679969178 5767.421365255535 1676.873914708618 -8291.165583683754 1439.1457062273912 2970.488172795358 4815.529696846963 1760.5049084028142 1704.294649856156 5849.5819647182925
-4307.185420763195 -7078.049905954187 5147.315127564847 -7987.613576341996 -4126.276530331287 892.7366077177012 2183.997719118888 -7465.340610758571 -2508.5918920057093 -5638.7129960063585 -7207.940957798837 5401.728922498271 -8355.942568021746 -3725.01204750383 4753.281938586248 -7152.50216323178 -8989.004105339833 -3737.6748608665157 9149.607563693033
-5002.705377758907 -5111.491694251346 -1198.163201678466 -258.94986754633464 8524.049304838129 7253.087473431893 -872.7266401079232 3529.5354511438127 1191.022224648681 3204.034784881909 -7958.867820888929 -5804.850256280895 7905.254317135525 3254.4475462539376 9789.254008404787 -6266.158110991407 -276.47214387109307 -5083.689993847637 -7438.259630621291
9822.370120310043 -3296.0222529555886 -3506.1380495710746 -4460.650556281469 5965.800109574968 6470.2892230825455 -6522.134722614361 -7521.6628834370185 -4187.598616382981 196.88139151600808 -7628.6169873509825 -4841.959510328086 -5720.0153887482165 -6922.145395765921 100.03914790576528 1604.0469704852312 -28.33542938917708 -5408.500243828287 4014.6131534895503
-9243.522289851535 -1158.57661915079 -6080.384912281723 -9580.795556795794 -4508.3998223297185 5911.2602445228895 433.3965252742564 -3964.394461714888 4853.622674390743 -9257.163741404891 -4.198466594787533 -7972.2092085338645 -1712.8905533591005 -9391.34824305572 -1633.6675101345263 -2075.6316723290456 4513.585374950282 7849.753352954733 -8975.407418733963
508.3080113783708 -6685.963011200158 -356.0023572005248 -3067.823204699176 178.45446717742925 5335.484712557023 -8947.738787962619 -1832.8755775633153 5190.581753818811 7578.993172912898 4679.112269396921 -9384.295587453253 -6649.122426018333 -8613.808759969139 -5268.448457154255 -3424.7237557995213 9549.19289126401 2273.997552755558 9417.677987935
927.1017962110091 -4053.8819987103534 -2711.653516928507 -6760.218691795252 9846.607079186808 7219.43754698474 -406.70736010901965 1846.7231903700758 6189.846850399359 -8453.865319924918 3454.9870160161026 3664.6991239755407 3878.44509008565 7953.887315547567 -5066.161301295538 -769.8667303745733 -5305.001456795954 8244.639629241588 5657.888125861244
6409.946035855246 -6670.720600345879 3958.0503251593436 -3421.041127781159 1168.7489762648693 6664.143489083406 -212.01681151336743 -3230.0817489065503 -2748.374346366806 -8608.798051585756 7208.442011159179 1619.0515199092206 -6081.65896099243 -7725.24278125863 5627.395533217099 -8403.64148439485 -9912.957352351701 5210.5601684713765 -4750.956069331869
3555.959772672002 -9141.869033173818 3289.4559914405127 1639.2449853784583 -8651.406391419543 -1914.6723501149436 -1935.2442165083385 4837.220158565309 -1223.641508185403 -2142.364838307909 2096.436241066176 -8976.07033419164 -8241.816817945974 -8286.91766286754 -4276.168596359844 5716.70200155344 1511.8168935280464 2236.1477965456925 4289.08189776303
5427.157447653877 -6796.44449752493 3708.3562683626496 2824.8811862882994 9701.226875598284 -4002.814729996 5554.902474073238 -5896.96024980904 5385.61328606104 -7865.055075261829 -9543.197091049075 3997.3784597133545 -7325.828411225792 -8322.468114832236 -8778.682148653326 -348.2351059232042 4835.210068952054 780.0410937099023 2507.3447037775113
1 19
-5314.048224394214 -3934.9219616483833 1395.8678920846814 -3832.3488574349194 3958.004272751603 4112.614740312831 -9028.624653800662 6099.6083984013985 -7875.656229556556 -9179.490054829508 -4002.613151951644 -5119.370299030456 -8809.161074321968 -9320.01043338762 -3603.894211279364 -8534.697949418181 -1574.5467591370234 521.9579636660383 -3891.6829354658876
