90 30
5748.56652142675 7110.584955234324 -4914.785576885265 4014.4486319641255 3753.780472368602 7051.260210906676 -623.6168840176615 7182.171483008438 5201.564521761111 -3902.094682095638 8814.193337102337 1867.7050308527996 -4538.507219569623 -6898.212227654867 -1381.525153322813 -6570.969797706317 8886.18115142727 8023.211207925382 -4397.881409594653 -2181.0644885170195 4868.594086143743 -8578.828150055324 -9130.927298562867 -7686.686835616832 3287.4359419723296 4054.396264999452 -2920.7088903466747 618.9247736908092 1174.931332625889 -2130.993002454491
6698.656048268873 -2564.838527756381 7120.91182862829 -1396.4951056345453 -1376.7764458701513 -8525.01001426201 5499.047227105777 -5444.941004617307 2945.9885456421125 7746.312770012788 -6074.8550043241175 -9963.672221719553 -7124.604723910737 2764.82464998897 -9865.283781170772 -7499.490882499793 -9352.336214819272 852.4487525958775 9590.459428499373 8794.696146555809 -438.3065919912733 -6188.001294236349 -4113.748335963394 9809.798005543205 -9251.75716876362 -2956.785442166043 5964.703411553948 9112.272259156565 412.83924156929606 -8733.137913547036
8190.608045796613 -4808.086781193863 8612.4427033385 1780.483738266732 8464.483661961924 -5276.867905855372 -9885.74407656545 -3713.4722843949367 4132.8213819194425 -3590.1641921363716 3409.502766715761 -5641.773295816112 -8719.680274909422 -9407.297523091014 3328.2119660023054 -6097.058199755193 4883.99044641523 -2017.3329453284623 942.3659129668486 -9449.244677161556 -1020.3942010250648 6342.444618478432 -7597.664672792884 -747.8220514037639 -1273.03287110573 5011.65108546193 9397.93592050051 518.685516037578 3713.3383714727515 -7974.280279525809
-8452.413370671324 -6099.272396350492 -2524.4123926182074 9631.398406244927 -2352.888177544334 3685.2029064222334 9019.0832905254 -2442.184494518895 -7374.860867915975 9228.350450225273 976.8298451108676 -6184.481912349502 -9854.838143205507 -1915.3313328223567 -2793.160548336972 1207.2088608063732 -9416.184073689228 -8800.3259112775 8087.265140652082 2854.6155749819027 -263.92049138400216 8615.588089954017 -4184.193445272133 6266.659174093056 -4594.500664288985 7823.388845672685 -141.60311267095676 -6355.448267054849 -7597.853875128646 -5458.193227277348
-848.2647494067369 -1627.0040003400445 2711.2761232389785 -1035.8445688597294 -6007.492277066042 9159.027324842944 -1865.5937371260989 -2191.91920098261 -9346.62961209568 -8486.639486159718 -496.24516682974354 -7267.207667856086 5882.298495651772 -8687.267475362585 -2183.4012582261166 4959.555059285331 6833.417639113424 -8712.019209640177 -7791.793883098851 1497.9596321789159 8338.284339373608 -3365.9121772546905 1174.1189397135113 4835.904052205413 -9172.054740008241 -2528.553928432715 -8936.567088575515 -2506.2879883015567 182.24115057960262 -3663.2753791797422
-2460.8930749525525 9187.348684037242 9926.122871550677 -9877.508535084608 652.6734894179299 3742.3507260521747 7729.143890882282 -3760.574461036499 7631.21910286228 3428.717392045657 -7069.835679996304 4505.35280169115 -4936.927098157417 8870.322089378424 781.7127554844465 -2711.0283276475557 -8647.15587542252 -9424.906605678769 335.076509459881 3291.1187839072118 2957.324174740539 -8457.740919760863 -8543.31520165985 7077.197257228316 325.28558624949073 1698.4396576065392 -9506.245012394367 -5809.267319759834 -2803.057248187797 9286.406782727947
-8226.00832136891 -303.9109233619147 9160.848777460229 -1128.8339021934753 -4304.124063820905 -300.240023789107 -3307.199143588293 -8452.291490987844 1159.3574366258745 3195.0036575765535 -367.89192787165666 -8616.014631647517 9425.166872531707 1807.3126156568087 8458.24506988149 -6294.0399989896905 -3005.411344792441 -2102.8061470270923 -7757.37009054716 -3929.2395457140447 -2652.52479749535 1865.5192269629642 2231.0299622503608 3033.653792152527 8300.995334856343 -2568.805234855092 819.1602384106736 -846.9869827567181 -8660.859072995876 4281.72154240515
8936.53100461738 -9122.75391994819 8331.197303752666 2696.739089653647 -8355.861019283475 -9559.31624262986 6226.925133818426 -7276.321886581831 5555.404516999812 6394.737212394804 9567.190550579253 8026.221073050117 -6133.460186537843 -2579.8621225954203 4272.625450441503 5774.307514038572 3586.983180198722 4600.140938579576 1570.9458703155215 -8719.369144042099 1399.3343961645096 1973.521314771384 2527.072365340713 6807.728005982808 6857.60618563848 -6858.1009887597165 -7215.092586705207 4227.6440634882365 -7186.504243526841 4574.259054767124
-7401.022973290003 5989.903138215575 2536.752490728966 3181.4258689502676 -3996.98707919113 2666.9048342705573 -7978.306378200051 1721.3949264824605 -5298.169343626002 -2721.4516381458025 -3895.3491558690903 3846.69924467258 7628.536581210785 8749.916561066897 -1505.041993092187 -6950.732891543225 6932.585126908485 -2119.4158898611913 -2165.570015377114 -4533.206174711182 8971.043969491871 -7983.5396931667565 755.9053176865418 2577.898359789666 -458.8569162136173 4431.792812020023 -4468.324374149266 -5138.154752479063 6143.70762182975 -7152.729081153173
-7079.740493253157 -3318.2032657489117 -9169.071880093492 2254.220936231686 3761.0679772924486 -5007.439043481434 -1557.0929800189842 3541.574745021535 5175.134660514705 1345.9288413058457 5135.716201314432 -5109.839276005259 -8428.89474952241 -1772.4670987090904 1874.5522746835904 -4701.007807326356 5850.663107863627 2230.2581981772582 -5739.18545834438 5865.196272350991 -8502.590760556486 -313.65203847998964 -9288.586206366404 -6266.759661403523 2005.563325165076 4691.1920636287905 570.0181755972444 -8096.933824604876 3797.67791340827 9378.332834261797
2585.025917791343 -2332.9504717997042 -8127.500276581268 9130.26478810433 -6156.353290227535 -8507.094052295684 -6474.810513709637 -9042.56835233427 4830.386201256257 3309.05373569756 8234.274535682925 -543.2245850927411 8195.863299357661 2431.855293757233 7901.302279886058 8295.352529255044 509.12085775320884 2649.1294300219197 8178.635766310068 -2254.0671704429215 7524.554627635687 -3871.9566253652756 4967.336215479938 -960.0880529244423 -9466.30820344591 7439.317604327505 -7467.1409398318865 -4631.406700316543 3713.990711161934 -6230.300009374736
-2651.463825729663 652.4427224649407 -9718.1095886537 -6317.953627072906 -9817.111730203003 5511.789984201088 1345.5312167845368 7528.157358462158 5356.805791108494 -7661.141662878825 3177.8360291108347 8588.025560106253 5009.64156543597 -9816.801585191446 4387.614184468977 8995.663665224729 9414.105304584875 -7228.39443617813 7654.229924359239 -4264.308435280524 -9212.143173250866 5833.808634668787 -5931.3465559601045 -9131.877355846864 -1333.0047482941882 -2011.7871533310863 9488.22459677947 5363.352901531724 5837.156172790152 -2161.416692748974
-6025.1732943715415 5430.417408012194 8137.57394724221 2863.00091427854 -3098.7002697189882 -9782.224847181908 3413.5628207445952 56.787316075515264 8198.100881496968 -8419.56673668081 -6769.472641930663 6164.154683669363 -8129.331547202357 -1804.556365357872 -1292.1436756047806 -699.131628409401 5756.457286890005 7030.925546692506 5768.926035712924 5998.088605480862 5440.638819286738 2821.0126762010914 3297.7324174145087 4723.055539513354 -8892.954770525943 3662.401281932962 -8831.512933929915 141.13869413231805 8100.293994775275 4043.35712957095
6209.184450923312 1640.3048882164512 -8284.944833696423 -3754.2872866859752 7078.609252184364 -4235.045620881086 -1872.9335033993948 2645.64864497933 6658.261146608806 -1688.9068489684742 7356.532855335357 9013.33727055776 -2979.6551911084252 -3956.5722738473078 5147.473826227999 1844.1577136200467 -9478.956678884226 9030.87678919436 2550.1814941958564 -2269.292335403883 -8441.421826608772 7526.197948281515 -8105.115953700706 117.86395942253512 260.8337062192404 -6970.403367357583 -5646.311827906007 -9318.708563707845 -3862.3702200636735 8277.254894202124
-2158.3310009230636 -3317.4455124490705 629.1475031642694 5409.713242692567 6418.688399786359 -9355.561587850054 -996.1322615863555 -8663.413393948636 -5524.224995622746 -5841.783275420036 -8390.63147242385 8480.149456075222 -6697.232644852329 560.5250359487309 9393.323738923453 -2089.397452500032 -7016.623447208023 -1072.7781130897547 9926.042591066183 -8788.215974187047 7171.09571742297 9405.40601541517 -1513.1597556223624 6187.150000124084 1341.9095301294346 -6950.568963338155 1392.3458018614492 3342.2167940720265 8864.24190266733 -7830.86617299863
-7004.055150386275 -1818.4345527536298 -5859.91796415978 -2740.7165601995566 -5720.080789282074 4623.052022563905 -1724.788519706428 -5729.908850713648 6236.899045588003 7197.019923852509 -9850.202159551833 2041.6580832696836 878.5016450763942 2365.374149238198 -2125.5418945242945 -4637.0906548157545 7680.634476064504 -4123.517390446292 669.6294741014208 -2030.7424296464842 7789.876566416744 9562.31438217152 9217.13478279431 4530.5734316402795 -2683.944289573843 -3625.2651816883554 9749.446342795374 2360.183941288862 -4254.766419452835 -5580.389148230971
6034.372369276238 7634.07805829075 -8817.97252217013 -6921.261904430819 2228.8740526608253 3656.6937404044584 1356.158192593295 -8378.690203751936 -3735.364803259895 1514.9189564510762 157.85853217616022 -580.4542765429105 -2977.8016394456918 -1635.6861948006808 -99.91236228166417 9338.39292238763 7997.76649038689 6770.5046988413815 9027.213220525857 -4281.7273807797965 -2792.5005525109455 -7893.657117363868 2957.8330463862094 -6690.829064080408 -3531.797554644667 6037.031519774053 1590.1346267029967 9536.178831742862 373.91214045995366 -9546.452238450993
-2989.470027913828 -1186.7139347428201 1065.7743375573664 -6683.823278927863 -2472.177870709611 -428.90483492158455 -5021.426100178505 5539.3793311651625 2666.45125832317 -3782.180011022907 4398.833120547019 5458.745049692432 -5030.938250579206 2059.649277089391 3156.3260321644248 5581.89620089462 -6619.752175739753 9341.402409455986 -7659.776218590173 1162.273603049096 -4604.153419721817 6753.265975811057 -9876.387670509775 -9273.86912447752 4640.037441652094 845.2512964702 3356.159982811643 1818.2632934121793 5301.28432915084 -992.6975502904606
7420.782895035591 8328.569544310816 -8797.605998660078 -5737.55307693216 -8813.251028710434 -4388.803616996595 7841.584348511016 6341.1500283732075 -6709.218574632112 891.3538493957749 -2344.234324564163 -616.1703024714734 4104.725392577169 -9831.150328250696 3873.9044698485122 4976.860140837647 -1596.7147584270006 4214.105121571209 6024.764263100622 8872.880247595214 -5224.494171881511 5146.62897007414 1209.2631235508052 8011.413785626581 3038.116068394691 597.7473602274149 -9233.852594171163 -2195.847056517153 5800.319485200967 9917.678350412618
-2457.3867461592936 -8743.490383639524 -8970.609197725222 6600.719420987276 4035.2924193693143 9503.24459437657 -5044.884776524781 1345.7305823617753 935.3842714531947 -9228.222499882659 5342.304823727502 2570.8097239741764 7887.894559637429 -3657.901210138354 5736.3904947502215 7063.228268744602 -8189.185557153149 21.690434769809144 8972.07659606807 8357.688645716331 4346.780947858431 3952.3160867677216 -697.8486603872461 447.57537883201985 7137.568958047177 51.96912974595216 -2603.2151795939517 -5176.939265982736 -640.8129192482156 5067.389405076621
3140.1971700770155 -5603.646530026112 -3171.26954279205 -3247.321562158265 5140.043631538292 -1040.534446056863 -9100.406988543567 -9045.799605254857 -9832.02341861987 -3252.053351708226 2680.488825702945 -6990.563645354319 2821.6866619496377 -3588.8916293126495 -8225.520365349112 4710.689938127873 4546.520943843841 -985.5310882001868 -9832.137774017749 2464.362899975984 815.3749679463363 -4217.366560772189 8359.880759048956 -8217.70410096639 6917.383890023619 8568.911272387428 3780.090654676291 548.5971610281576 8477.796752794948 986.7421104807763
4946.5391666536125 -4477.970366149449 5873.42899951963 8401.4027914492 2586.4948345332214 -294.016401075909 -5905.061294448151 -3476.0532338182884 -6330.414510151812 -1890.9510477040594 -3065.7594706779064 -2907.767172862603 5977.662488643329 -9831.47765729701 9530.408660223511 7256.870628436645 -6207.943108123426 5883.915443783588 5656.450025495467 5515.544994083501 291.6335944238617 1604.0044162043632 -8817.749213750927 8036.245151585641 5693.435189108372 4088.5005496055765 5662.956491817637 -5924.633040822085 -9253.638151772957 9965.347195369824
9305.162953990563 -772.1014394500762 5859.862480734726 6267.606494715117 7391.8203157098615 -5414.574411879072 -2697.404768055644 6767.184818198155 -3707.8185643423158 -4670.263112075386 -453.2747173722946 350.16784963857936 8311.556040878026 3040.2571024306144 -463.1869143460808 -7760.475498537742 -569.0791417866221 2944.6009391668085 -9646.03865470874 -5087.602542307086 512.0991789812415 -3492.265857742771 -6649.576470372904 -5247.477981795448 -1237.1460815116789 -4699.043049766143 -551.5757072605247 4806.055396622272 -7350.6786125406 8975.291856803557
-1017.3732243239938 611.2329255559762 -1226.5582079012856 -4148.631768004263 9660.227153627155 -7890.822060256728 -7154.2627840792975 8752.488338326937 -2627.288009975182 -489.0009473680675 8538.406275443092 5485.013606524681 3559.010912524973 2695.763402930186 -334.3707199153687 592.1098661299602 -3283.518368848715 -9641.148178722176 9256.0825579653 -5196.051083701918 -3279.545659874765 8589.933311466259 -8154.4486346367485 -2268.380926919058 9535.285016047368 9460.556743343284 -2957.165096423375 -2663.383184774506 7382.961423651301 -5247.458388886417
6393.893237913882 7593.736469523221 7445.17834878364 -3617.9146590769615 -476.2912532596729 3887.0683384720905 4207.830837834885 -8471.444142887969 -2167.593790852482 -3459.436691066542 -303.07298260368043 2416.3549627891043 -9200.045263941436 -2686.0202633328736 -6342.943868699606 -1239.3825070151815 6109.218426372123 9539.339372371101 -6008.3004651307 -3131.5307696974614 -8837.076146948362 1805.5114532164134 838.6608749510233 1590.0262551336473 2396.4278079174474 4892.854481125309 1343.931625132056 1379.3086875955396 -7291.237524461949 7367.885514199672
1039.3318907139874 -6992.973362823363 2286.20554996194 7173.285083466057 -4453.048815314473 8936.085459598238 -5035.928108089456 8504.002759475727 -3287.511762194801 3923.295130934428 -3615.3743863136633 6027.078987723984 3759.7788043622986 -9806.466965688356 -4538.021677729118 2327.5630721524485 -8607.289625042265 1564.470234877599 2589.2666608879863 4620.44336465533 3414.9466445124817 -5109.131887207958 -1521.4206359534273 -9390.967524383002 -5162.026518633979 -8129.704378421711 -5764.711787084178 2672.7831588844147 -4274.8653375025915 4206.741541451318
-4831.379820540058 9546.64046018914 6802.44441285951 6217.393968652654 5778.682691528988 -2496.4278273511263 -993.6368971342308 9515.509952518303 -4338.852954057462 -8154.193041340481 9862.929544435287 -5569.368102956 -4273.367521950006 9121.351689548548 4595.860263793507 1236.4936000347534 -8193.157246550416 -9063.762317604382 -6453.063017659752 8234.662424771239 -8920.664184987543 6838.87943951874 4627.175277511778 9218.066641429588 9015.484750755484 1877.3254859038807 -1169.2243403305438 7521.407377942705 -8892.218817479694 -7926.398635855594
3159.7309208105034 -4883.403980214332 -176.64890884692977 -9086.915140658612 7223.915986886372 9249.317150740397 -846.9971797658582 -2633.420599254786 4094.4763241218025 -4924.87064091484 -9628.268159894935 -9212.724161703576 1417.6836920042806 9434.636372470326 2069.0105934670883 -3047.707138737339 3760.3677259524866 7099.73745383992 -7239.746254635393 1979.2965973074388 696.2387371417226 -6093.433493327902 9875.445587314174 1140.4161760971201 4667.27298173051 4709.472228639384 -5136.926321930795 9919.691854560911 195.84094398466732 -5626.222026455727
-6587.717756159106 9727.502325731977 -8262.392218211526 9818.40535600164 -134.49464666423592 -7269.913330645157 -2269.963345632693 -609.6598054783863 -386.79341096429016 404.15537897494687 -9849.519671579921 -1028.6989197110288 -8419.292409287353 -4686.0102526973415 -7836.100797100809 -4780.389867390731 -6269.275753661123 -5061.447425012398 5684.181952855548 9272.15399960287 -1573.254619496276 -767.5575299128759 5752.26279272166 -3921.5848917305293 -2214.565025184521 -8549.06527951364 5124.194004922339 3723.832428317941 3920.0955597600005 7367.464682090886
4442.574820677171 -8081.83041440274 -1747.7757803351906 8299.18919443007 -7133.657043841906 -9928.971280782564 1349.7715257135405 9074.12726431158 5184.541279665886 4416.271914987285 -2489.1467427931266 -9471.527417659456 1224.4477960239692 -687.9904929821823 2970.7893759957497 -7432.167550352551 6236.010549396367 9338.952327514795 -2136.0782930339046 7810.698736257338 -8759.913725193433 130.89569129654046 -9640.595958887763 7682.833518270134 -9512.560338897707 -9155.00972146938 -2516.0868580906445 1763.2439947775783 -7225.2725546636575 3610.4386855352004
4245.231889129278 -5768.79324688629 -4059.069799619703 -9911.092321249302 7855.472795979327 -5402.825046665238 5818.090667426601 -3898.8437231838643 4289.501815926262 4194.650191317882 -2144.3572526928037 -2828.6088505283515 1675.5254066188518 5157.487860302339 6062.297256050992 -1661.1412471828262 3903.411968524102 -6175.869154465954 9013.745098009706 -3926.121979128203 6364.7635845727455 -1280.1209948267297 -948.5197911929172 -1736.8011693418812 -6590.651564204976 443.30974400209016 7584.563631637477 -40.15075476831589 -204.46424434396977 -352.8220174261296
-2562.938927166101 -9513.067391921648 -2398.652712846858 4442.348348968973 -1574.5251747603688 -1236.058448645972 -5708.184788345274 -7190.865782867204 -2927.6913828769493 -4689.239858173937 6586.189745833377 8569.976397139493 3174.405479693989 -6179.381435925316 -1754.7172249366322 683.3744900228303 -1531.952051892913 -9003.893577675168 1315.154678071216 6189.176406279741 -6558.402852808878 -6291.869680425298 -1945.0424901946235 -7712.733419466689 7721.349635023114 293.48127012645637 7177.321085655698 -5286.268025477432 -6404.636855638461 8107.209444882254
-1375.1270240448575 8063.757259910468 -1991.1337381174208 1231.5977967774415 -1214.6076904545516 8204.764192710245 6082.359915756564 2748.577480544225 -9143.264402231269 7743.697336308123 4920.230201572584 -4269.106504255229 3056.5716196460253 -9350.805465269183 -6130.88420790847 -2463.1404388409737 2802.69749398585 -2284.4609834089806 -9459.908835789205 -3287.4040427717955 -982.8954034576673 2620.7865578282963 -1344.8499484078984 -8491.295387983 -8078.76488212552 -8487.10971060011 1236.983879603229 1647.3708558066974 -562.6656005654822 -1135.8369621249894
7810.002212164476 7720.499857828854 -7022.348563828358 -8502.798136821122 1313.279025563461 3996.027427846442 -1074.119427870046 -8043.101815901341 -9736.803746624393 -397.37430793169733 7282.220258298908 2335.74910389083 6793.2212292164695 -361.3101355953604 2417.609820612095 8472.031039678637 5895.773349171863 -5431.550355027999 -8145.15291203264 4962.4725699713035 6673.189384439695 6560.606044827229 5436.511562396767 -256.15902386005473 -3496.4938996737137 2398.4209763049566 -3793.8749390050443 3781.282430294752 6922.308367217614 -9989.256384805958
5822.388439848533 -1799.2691130805888 4864.284785003785 -6920.893154065726 -8686.46855774711 -9658.500529335732 3144.793946187672 2944.3226483133694 1622.8786845612103 -2637.8196331228974 4977.9125726174625 -4858.091843644028 -5326.131500295972 -5248.982867969127 9721.544679035494 -6908.504147576958 -7945.020086965024 -1358.3812472152295 6623.660916442361 -2837.243716317077 6424.806309285799 -7194.487231213989 6326.0936976149005 6135.81918785139 7179.311549284903 9250.405381073058 -3567.0377350035624 1777.8337333311974 -5394.4778914621975 -3148.154321760372
5899.756114774129 -9493.554767270467 -2219.809226109959 217.99437966189726 4402.482692323116 -531.8821281850578 6179.885522353976 -4880.806914530555 6551.259974160061 -3098.4164018377687 -582.2234565430299 6811.6962256273 9424.152712312305 3532.0907529455963 9445.085424237837 3393.1924488759923 2780.6265627795074 2373.1807655455996 3583.7585085641094 3266.2043733397895 2109.092006187153 9782.774450490688 3817.2564522578487 -3344.95516713673 2025.7367928201747 3678.9322827410815 7077.650129215443 1431.482050343484 6672.283181799125 -9927.927132523888
-7915.509027524729 3751.1788928136993 5411.818789640107 -2480.928907930027 6968.633681362793 2198.336305668432 -3927.099391716575 4981.664863524402 2271.8041362815566 6586.275955470894 4457.695698298896 -5936.95084445161 138.9789767812763 -5737.85527071766 1465.4972731437701 -9903.400678570342 -9880.547185124062 -5844.8622466340885 2383.727034015379 -1399.675932530652 -5316.054322761132 -533.9656109971984 -290.55469875043855 1701.5018186999296 -1727.006919773894 3393.539767693177 3178.98038923531 2793.9097730998274 2317.599922681735 6512.64337082324
7948.6295006168 -1625.4715986890897 5408.14875598465 -3495.0749572272907 -1473.5692136862144 -6970.139714999568 7522.69098445863 4679.7332783030015 3157.6411877168666 -4703.852549203344 -5289.142046651041 8491.907342328941 8080.836867805894 -8915.364997973576 8063.00104140642 -5406.593121135404 7935.314054548904 -9807.148101520204 -1810.119586804948 -5044.91520022234 5210.177515734569 631.9696443959274 -9823.72917140994 -9500.711123307106 -4149.853958232133 6611.501752690932 -6130.02738932525 -7474.270054961676 -5031.9662223923615 2621.5015669268378
9026.274252491894 2334.959585789087 -3521.2053562567025 7882.535345300206 -4892.892588033688 -8574.454851590663 -4733.048013170085 -4704.873821790954 9860.64133192015 3171.029291462608 3619.390672689644 2652.6455632330963 -6595.190537506765 -2762.0773541846684 -1930.8706433396574 5989.345769958405 7245.088084344126 -645.502408740429 -2327.372865582657 5695.313805394999 5855.314529796919 -1157.8775770312968 -2564.7290410112464 -2078.2781588637845 -1652.3015022288164 -9385.365468852935 -110.90813907379015 8140.747674424772 266.863839778689 -8928.11101248688
857.6910114206476 -3317.214519257841 2778.314425274306 9318.83813579155 9221.226407946597 8141.782919760011 6797.711647584478 -354.78531262630895 7761.273604748847 -5577.822027698969 8956.501743149489 -7899.0124235236 -9023.233923891148 -1450.7864901316862 7379.326490884872 -2149.432791930175 5841.325458003672 -5196.996975456663 8962.002388522851 -5518.484755515527 6099.717897951523 7654.3580994105505 1014.3355603046675 8064.734701480662 -9261.647837620592 7429.5043580823 7473.544841882314 9332.094892068828 -6530.253317224153 -5916.792260212764
6039.233254814189 -1229.2208222580211 8449.786587557152 -133.68399055675945 -6352.68431987658 3232.9972062951547 -1700.9314505048278 7202.180263162671 -6827.669055963199 8518.663984233339 -6236.359444015223 763.1037511446757 -1633.682626261707 -2632.487173759424 7755.109888342522 -4967.625620247122 3216.476818440271 2403.9459899843423 -2163.010603996003 -9905.37139574072 -5723.417462478955 7198.495681845212 -4278.810939340689 1135.8037413414258 -2231.523933125015 -8120.8340704370685 6277.790915156802 8792.578952414526 7235.799112422708 9059.51004275068
-6362.404736404715 -5392.6215331211915 558.7139417769176 1873.859676611908 2937.545832163658 5953.851283762637 -5270.214307341576 -7446.706027719934 5128.518146137691 7856.1761266877365 2703.7108759560706 1394.300302853715 7419.325912261007 -2323.9574048593468 1848.80822936792 7860.834885982196 5559.4771597619365 4427.0764895592365 339.4744172422197 -777.1117638283704 7339.734649714494 -4555.927451263213 3526.6868930809087 -8108.876866043666 1849.6880542147155 -4978.1249758569165 -8016.265666985653 -65.71350139698188 -6425.816684355927 -5704.004614979803
-1586.0563584568426 7904.678689534041 -5394.590482957653 -4485.516887988525 6999.670713211977 424.34955986262503 -2395.9662151569883 6053.275490121152 -4392.227998269591 315.7769818898905 2101.900563769457 -5328.435534828238 -6782.211454722425 -7518.705380528243 -3976.8386995573746 -3250.5936261793167 4471.7761287433805 -7192.0311639409265 -2214.7954298155973 -2455.554949277288 -9522.71242336058 -1891.011104442994 7515.288618164097 8486.53290431964 5707.206440154245 9120.802012852208 -3328.868780309371 1577.5280604196414 886.9600924065126 -9759.389415559664
-2243.807457849236 5592.333514063679 6907.222661327694 5099.164683859819 -7455.874801080311 -7564.178685685069 1050.9473084986694 4739.46489229773 -6660.6896127313985 -9596.933729873504 -3863.9404293334455 8575.3719469213 1774.45131240925 -6169.215444854439 -6908.951582362166 8194.375151666572 -7404.865657637194 -6651.954012847823 2548.985024097041 -2240.6875979918996 2892.854154964807 9068.61322445457 6912.932111186838 9040.477932971775 -2665.36654741619 -2809.3740784155207 6536.978644346302 9345.807584731414 5692.487472002449 3872.2588964832757
2122.91318539076 -8533.788793008693 8038.1124515718075 8507.351935936556 -4308.545429399455 2301.301119473703 2544.3956950010597 -7810.803684503811 -6598.933183636528 -9806.187499236557 -9183.610543927536 8359.017201191673 -5846.819339129921 8956.940299146496 -4354.72195863291 -8723.26629200199 -4250.061040440809 -9861.378105185426 8487.71114927049 8391.571922402461 8030.3996245514245 7626.522626613809 -3634.647754651719 4559.900455705254 2667.2673397619146 -6125.987035169221 4538.481365536447 -9498.575370091608 9303.011667325027 -456.92538540064015
-7035.199681561777 6303.415059058685 6127.556758386798 -7118.919677049804 9603.638704762609 5661.892575229864 -7984.9862769004985 207.26729008471375 -3951.9386511605117 -9771.530037040508 2583.0086624431005 -5629.948287865563 -8257.727296046425 651.2947607654314 6479.696150652351 2128.6765249528817 3483.478760971175 -5293.246580718572 6738.303624683682 -9772.093951952002 -286.8675049678968 -7705.095607185329 3808.015840486736 -2511.7236651014864 -8777.745668591095 9609.025652908393 -3647.490889144602 -5385.004163867291 -6319.158555160715 240.96268857403993
-1177.4096075671478 6359.202664996143 -2469.7968260331063 2570.251472171214 -7875.991026783016 -2882.0995183341847 -7860.409608552587 -7095.211837067368 2610.267228915536 -5840.045855116831 5557.506957275715 6842.034924425101 1809.3821773375548 1876.1958374486003 -1589.3009219552514 8666.537266083084 1061.0347547204601 -5644.952319605339 5362.305492954074 5143.565740281276 -4620.115302792003 7708.757377350139 -6853.289866701734 8280.594064110941 8847.0689778581 4208.356414302876 7087.324728867949 -5887.5574958321895 -9988.740658083916 7738.80399921145
6379.059691975775 4832.8757099341365 5281.396207682241 -8212.023822826255 -5812.166570259834 1124.34315310899 5239.590122012274 -3578.0162919333034 -5842.736599510423 4452.251765056764 -8447.934229684111 4207.518885090411 -5831.033989975634 -9119.775522590193 -2673.5971744513517 6710.301259653283 5007.733863977053 -633.8239139971774 -3819.3739014819776 2284.7485433962993 3269.6694973843823 -317.697129471313 4100.984665769312 -9532.071284204461 7489.965692110585 8625.472968325961 8555.154332861977 7147.7853530886205 -5195.929858045219 -7201.602427125024
-7583.487560246538 5073.565604944995 4647.262813335485 -6154.260435003058 -5842.795851014924 -193.5010767989461 -8891.600632212974 5105.843857640737 -4032.6893662244292 19.364598752887105 5592.993947789446 -8594.871073740802 -16.697777897874403 9885.807654359684 -939.127460150823 -4446.685047627683 -8835.373011464118 -1702.879138336124 2363.8146901214277 -8360.912914943616 -4015.7309088538495 2683.3063619951045 -6.831103331396662 1527.7612452177273 -9581.006783103685 2163.1994057702414 126.18275274760708 -797.2744108266361 -1848.4480600923007 -5764.160223000587
-351.55188824391735 -8596.14333914061 3883.031292729722 2137.226614933792 -7630.813546991729 -434.73552026233483 -7095.286586274127 -4142.198813481026 -5797.495520931191 -3522.577470914909 -9731.076800937992 -6980.406204503603 -706.1423116729075 -7459.575419030917 3355.5506341358523 3163.454436485483 6964.50465813815 -8757.39416510067 332.1364496435999 -4450.720375284807 4093.932715483639 475.7710948207841 547.6011053426901 -6730.728301790465 -5887.084435193408 1065.9327475371902 -7518.099837678998 -8079.410265788165 3004.7157056228953 -8877.343607499251
-6702.756368312586 -8746.241554497145 -4736.361929534556 6095.261630685978 -368.23495090572214 -5588.502515655316 3425.2686213002016 1101.5711578975624 -3535.8889394738235 -9796.32263095386 -6970.709648699245 -5640.116481600035 -5758.834064998726 2212.9783206822776 7104.0468559412 7176.45096783022 7489.935514218032 -4472.142176370259 8480.948226327506 -2652.0602699310293 -2399.237592898291 1341.3095840573442 6300.112822439793 6619.223730970069 1497.7070945460018 597.4363356891517 3325.7153901861548 -1922.289024429846 6808.0981453593595 -3137.114395266938
-6711.60532618946 -708.2881353705052 -7572.865937677775 6388.343026922226 -7501.931935334545 1556.2544416548444 -2548.619007996891 -7748.703508640438 2304.6866230828546 6697.3020274920345 7164.747379480155 3305.6780549466057 5310.336393155438 -2065.5370769860774 -8311.636869636917 -1588.3058172363617 -375.2842913491804 -1670.1150466868512 3170.0832714331755 -6520.258841194109 3828.647770986152 2328.7935680930586 7396.2612356856735 -659.0394887137627 -2929.162833418166 -4615.771984419439 -68.75839799714413 7896.3199108284825 3989.395683783094 -7063.557827211413
-8637.307748228894 -6027.7340642235795 -7885.8675261038225 3737.236024771337 6832.606877627928 -9469.26972231828 -3356.9697706757133 -7612.381812945108 6185.6977255239035 502.4827041012886 -4430.531288701838 -7599.583412500832 -7278.465540070644 656.8104966906722 -5366.907911976326 -3642.148823690465 -3340.3510008062767 -5995.691856556308 -1517.474027371387 -898.7902189368815 -1029.0174984521673 2341.124536952855 2645.371592996562 5434.205166509075 -5171.4795278440315 9596.466242937047 -404.71691346261105 -8946.419648028932 -7337.918647039789 4191.2250350933955
-7818.771240839424 427.9799953679576 -3103.265328410883 1697.9452000793135 -5690.192684435684 3313.971315431303 -8780.039824421234 2984.9462690802393 -2395.918213592571 -8899.299132366405 2267.0440241202414 3312.2413780859515 8687.723561780898 -3807.7582100736263 -4516.355287587479 -3712.781623271044 -7319.161662295133 6959.5480756824945 652.3250789696849 6641.716115022195 7901.498290867334 -14.360359160413282 -2480.630605399383 9278.35042402443 1087.1546831072428 2749.5575977729713 -5038.680590288889 2924.354023124908 -4595.771640644588 -2577.940184362641
6362.755054574538 9797.684877423293 3433.9087726218568 -4714.462790141684 3246.536906780517 5432.1143598010585 6228.458078424004 -2402.9270074429805 -6581.455810053705 6541.384831076022 132.81835135051006 -2200.001211845919 -8769.894439553913 1574.2536284043654 -5748.671890085062 5994.141167543219 4167.672153954021 -4940.141675700996 9549.638113366844 -5697.6687044115315 -4592.316026390171 -7528.034149772897 -3617.7694389393864 -8165.18703352028 6151.016997221241 4055.298083246622 6144.042345199416 -9062.165559516781 -7751.9066924048575 -9693.61438935578
9558.94842950385 -1191.475776873198 4144.237450456894 3996.9396203913784 3259.658601047402 7683.882295560168 -9689.766975941642 5968.842523308282 -1399.0792079761413 -7315.579684979008 1662.7040022591682 6506.748743169395 5409.094796763236 5477.8884048482705 8400.132299153964 5994.122196399654 4373.553043627164 4003.465456253496 5539.4654494096485 2953.829798249044 -9207.977967187626 -1225.712666999627 8616.569325053657 -2411.3155963016134 6558.5181618280585 -7109.236318514633 -6946.232220386248 6949.19479893379 9636.978931885522 -803.9762753590112
-3755.228163705455 9670.67046407266 -3111.704291123405 2302.2715435183854 8049.657559023017 5848.83302400671 7993.068960624005 -2673.5147377361354 -527.9611549572364 8880.565999258819 9615.759086333674 3946.323176648488 3824.587069117795 5271.045897840724 -574.8014882422685 5626.591955217813 9331.315627301836 -4944.850829694178 2488.1073049439365 -3158.778108703935 9008.691778518772 -8670.143565115854 -1824.8959879553659 -1961.7031540407352 2441.9756608362513 8417.182858731197 -5921.039584326977 -4668.709344676432 -12.540454263276843 951.0846499596464
-6155.988761792246 -8345.781019131602 -5196.433189465164 -7272.642800790798 -3751.3267830472687 -6899.4374922831375 -9717.409664252657 -7572.171594010739 -66.20906716460195 4223.23753606118 -2373.1051875646463 9596.468229411552 -1329.7832653879123 4754.261658966545 -3273.0141075951806 7478.625150124146 -3163.461014442606 7860.0236917035145 7033.563940627162 -1098.9279847828293 -268.06547939828124 -9973.598652511144 -1661.0904164498952 734.3793856658867 8467.21129478166 -1432.4644159338222 -9534.62744294284 348.98551514423525 8873.679438239396 -8390.971943733151
5125.97631267975 9696.184488042556 2460.3328906470433 -7993.517337254592 -9877.406980528054 -5786.604423431072 6058.976757056798 -8835.806598974745 -1025.3911337565496 5775.351454820175 9543.36070172942 -2464.9361873920197 6864.731178449943 5944.076443438062 -5118.290972399748 -3730.2127838177994 -4867.550607056172 -5207.868166523582 3820.652718359397 -5624.867462118875 -4159.395192530879 1831.4378568678549 -4524.311975869162 248.37186731740258 -8503.403708708858 -5089.587445682538 -1940.590205417343 6330.74029963415 7783.91980782789 2162.642515681313
-4431.723667039436 -2126.8645840528898 9402.00390164094 5853.494227802214 6905.658674188882 5525.082942102923 7328.579266692708 5938.735595508997 -8846.839166101614 406.707484716173 7932.12052425908 160.57875407859683 -12.805827002526712 -1474.8377523930376 -6237.344759355112 5506.524127541499 5634.763862998179 3069.6346409409052 4824.813206847721 2020.829746783229 7792.615708665275 -852.433797784819 2176.1916860315323 -8413.27109050482 -5165.034775759343 2561.934166300134 -9984.647470174556 -3925.528433623751 -2494.109516331675 9463.565059834265
4390.091745775921 41.69073786306035 -9932.47881755382 2136.866048472326 -8700.872092025735 -3208.5541707945395 4327.53065062671 9924.268565786439 2612.7871963241487 9669.55045675983 220.35187187095835 -6359.284253143771 9157.863211097778 -5550.113127792529 5766.410666738582 7120.090170732812 -7101.808802032696 -7566.774280695656 2365.760575101327 -7528.020943171923 -974.6103114007437 3765.30858742043 8010.488442212893 139.668722557848 7468.896230972161 -4497.650164394598 -9351.685002872462 8366.01552926312 8307.794511956134 -3409.565324366561
-290.7671942970028 2509.8893672075246 2638.530144217715 1032.898204508132 -4082.3808345031694 -6396.145337303478 5121.816846635722 6666.802927675486 5042.362940990326 7038.855672672027 -6397.652472720123 4897.735242972338 368.44245278832204 -547.2822202065036 -2941.3033624134077 -2853.383621970631 8624.496998510695 -7783.851445788514 9746.612217455164 7786.385780325221 7247.536326819587 -9504.276644546571 8441.748838315707 260.0167912810484 -8231.322751815493 -8146.803613440654 -9660.145004045855 1.629904155195618 9285.895449103424 3959.9770750099487
-4405.123429759718 7126.995502215032 1569.145896684915 -195.793047768002 -669.6139740548042 9773.150665879904 -8652.089931254513 -4670.594647223369 -9638.610530424241 -9267.549161034705 -876.3385623561808 6556.363877381325 4029.6948413576047 106.03293728858262 -1413.8546908775825 8221.504345025503 -177.36409236473628 4900.163340335526 1885.0050348708028 -1498.901927192317 -4785.405638117229 1165.6211759208472 -5984.97591701417 4800.068123466079 -8857.947420857883 -1297.607651080818 1107.5137349095658 1310.4147476452326 11.816082649795135 -9882.318096051182
1044.9746366572017 -8294.644465209272 -4969.076352328907 4029.921980416191 -9422.292876835229 -5503.757418901811 4606.532938468696 4721.640907352341 -3891.1186949617086 -2056.7625057468094 1726.1378133212602 -8783.912318431027 -6202.753335650968 -8796.780794008326 -9438.017497253932 -9148.005571691368 -5615.723271251299 -4623.379500239177 8688.61734470091 -5385.822628873147 8801.915054618821 9470.296569169757 -3483.497008551897 -622.7546098779403 7771.818547628958 -3131.7122525468185 3472.18917713088 -535.9883267072855 -5661.221596247486 -2683.8824426183974
605.6851338820652 7450.047229980486 -6000.007798951661 -2473.2754643822827 1468.4750367091183 -4774.3062600427575 -541.6482182766049 -6345.909764421034 9245.61996368397 4043.9505535680346 -2308.799710764629 -6401.261015817044 -1667.0412442652705 1654.7482459372568 3801.627490924073 -2089.389308310172 8572.682382259038 3721.283752637337 1020.871824441545 2067.6321391361507 -8844.123323940279 3679.507204139323 8481.273696098582 -5145.297389203085 -4664.654329118925 -9222.073478067918 6675.494576398254 -7983.582956892661 -587.7934690420025 -8237.057948873728
6053.2203266438355 -3142.605823431113 460.86254612697667 4448.475986739646 7407.484480096806 6949.254690947371 -1146.2380119594 -4498.801022693728 9434.603724246725 -3619.168063507288 -9081.095542760888 -7696.266843883151 3374.5184214515066 8544.87467245035 -6458.861863922237 -7626.0290971706745 -3857.5667062830507 5324.052210953294 -7965.74495543938 6628.693683964884 2259.9530807213287 7075.510251974698 3110.4203651065764 2313.2567926990323 706.9949216672176 -9159.76051066685 5963.601686718992 -3773.3953666540046 3837.3274303802973 4516.574385762362
790.4950673474941 -8940.390496648612 6129.24313989986 9832.661342062805 -3604.3697456197333 342.03600271755204 9351.665107453788 4351.32075492934 -4156.518358177539 4390.093440311592 -677.0350682559092 -4901.960090769308 1663.2073443839217 8439.795752673428 -4018.4547549841245 -3469.8612693941213 -6590.800603548219 -599.0839924535794 9208.592222492553 7707.1616988063 -9861.519251676867 -3398.3447587630208 9805.439908292497 2698.1853935872914 -7304.761302128675 -865.3946500043112 5080.257505826978 -4832.621168049997 1438.0807614069327 -3339.047486490401
-4526.253471444555 -5621.13349208788 7708.835206491083 303.65226413281744 -7509.910535619714 -5666.2271168558555 -7117.2219674072185 -9527.305493980784 7380.183878550441 5835.8091870915705 -8652.40378448939 4206.86670529496 3504.3176199059326 -9207.694676213205 -8131.606249007042 7147.810487244271 -1238.4930583157075 8215.069641641847 -3012.9036137795074 1666.0375620341438 9097.805413593145 -3335.551804500019 5582.472083076771 -3493.0708324272673 -7193.070337129779 5793.6450944517055 5018.616733476274 1449.5565291933744 4348.841186400274 -7247.971732075777
-3277.322497083108 -9369.858778525935 2037.1408050803057 -9009.127605141142 -6574.196798777439 2011.2369183223382 -4893.974022785297 -3491.9203522081752 4935.654599450951 982.9042897716208 -2555.9885336481702 8898.209804213711 5052.429220945154 434.3600224345828 6277.980538791151 -6413.994265818954 -3418.2485277108544 -2422.492835715677 1590.3659124482401 -4325.495474945278 -2519.881226354585 1345.9851887804725 7572.974544591918 7582.9199467280705 9148.728779316105 4551.420797166333 -4974.672492922645 6745.247638838966 6844.422537896589 8883.756019721386
3955.3472933513876 -6023.84087536241 -4452.192781354261 5133.20940464349 -9579.167322129542 3356.4586928630033 -4041.8270018507756 6690.448112704969 -746.0945533854774 -6434.928160763444 -3001.031708305355 -7115.046560530687 1146.9581653046698 4838.438825178582 -8992.58391844257 9878.664868985772 -4886.20187138717 7396.323529595786 -728.671332256512 -2436.4838698333415 -5831.607469362023 6047.195289171419 -517.3085173038398 4883.081103113254 -4981.6481695668435 -5269.163332814893 -6267.617828308481 9491.30657251073 8100.7840059553455 -935.3773052499619
-668.732360635955 8037.205222192635 -9191.552557459952 -8789.51797227381 2684.138745261216 3891.543542329491 2249.8697054610493 -4804.314851993529 -9006.988718412687 -2980.361227682093 -2038.711114454457 -8251.766712547571 -9405.255433092352 -955.339948237377 -6780.770160357654 1506.7677154719313 2702.500024844736 7027.957290317445 3175.237504200264 7449.19581220785 -1521.9514315958604 -3470.342614426172 7220.342253530136 -7839.932262825489 -8644.796631851068 -8296.92266447786 7105.9039873525835 -8190.514547292658 -7838.286240052022 -2077.6482691750543
3692.5977008120863 -3450.3518924202763 -562.2686585056726 1983.5080413649503 6942.672058037027 5805.067645554376 3714.5380695342483 -2699.558236333013 -586.5462691900266 -1868.429079296332 3921.4420498359596 -8936.748206079925 -7900.402643900095 -7082.206889851752 -534.9139560382682 -3717.927749938117 3399.0965022195433 5228.38222136974 -9576.020582584842 -9317.984943400881 -199.79383372315897 1892.7931959051912 -1438.120021555089 4333.80997592315 442.66315124619905 3256.0738300092435 6476.6475357173185 1904.5313702137628 -4784.725718962249 -5716.009149939218
-9754.658130370428 -3563.0268813477487 1938.912559266042 -7329.222427804418 4909.715907918406 -8368.32180218456 -4088.6904593657937 3342.8753628763025 -7091.709694531607 -1272.2671456249573 -4800.818833668328 5044.89001618482 2289.714683373357 -380.9788764042696 -2918.9258938226103 -7378.3484838421455 -4745.697762237826 -708.5532811471803 1732.4465888863942 4590.854048467867 -1802.822987423966 -2375.799753602121 -6085.133826472122 8906.01767619542 6986.23502534764 3794.5433497108625 8856.744511904235 -5998.962368862668 3367.5812218722112 9722.359663487834
4402.530535152764 -8221.644190073825 -6696.096693849183 -7322.234904265403 3592.046459449826 -9692.716458451809 5753.755605814153 -8198.397897129567 7195.160429896023 4581.292163258124 -7065.224420376444 -8593.099937074887 6948.256556836797 -7888.964410518662 -9910.580106296196 1583.859909913781 74.26292370435658 5369.500875792992 -7877.0228253645455 7905.9258691913565 836.5410447285212 1235.4300453936667 2192.3688948276413 -3742.828544430874 9072.24890953525 -8412.190291251334 -6838.995697515953 -2728.99305246513 7318.484842648417 2598.052581899119
7885.673771188125 2947.228507133279 3555.0560987763365 3467.74443493324 -971.3710547077262 9270.341506926416 -4715.999610749231 4269.825383505022 -3717.8134350948812 -2272.7434267883064 5759.100689729277 -3014.4878159878317 -1311.1428670798978 8186.8080855195985 -1561.2592250873495 6775.522421547714 -9012.353464651604 -546.0818868981623 8678.739475573253 2821.5216191185737 446.69776342686055 -130.23422894341275 2005.5802631216648 -4693.067170889269 2741.246930136378 -5673.897179615639 1102.6716114568262 2992.545149254598 3450.662705197481 -5316.604065872936
7213.2373772143 -3722.6362266302003 5868.306611606351 9439.425622983563 -777.6603026131652 9090.204511317002 1531.213410859149 -2284.487504231678 4172.74493826234 -3552.1036028090384 -9298.959602869272 -9700.64915832625 -6881.313253152379 -8477.084851498066 4260.147368888969 2865.5249306195365 3035.95647393895 -6200.430855576193 -5162.499879536106 -4199.665820191387 6825.04269381077 41.272145606526465 8852.030779427383 -7008.813601310968 -6105.696028428096 -4047.1061782447505 8768.387784022838 5402.9071298981 -2710.737082414039 7020.4084210901165
7627.755695310414 5453.770748344601 9144.808888533003 -7026.260760632173 -8815.54974265207 95.49421840259856 889.2611147266343 8419.818773587096 -8352.723907002037 -6286.174713343413 5647.968981145992 6618.242069111315 5117.959309952954 -8797.992251760723 -8790.097141458222 1799.37027455715 -5384.200781484694 7017.078585626186 3595.332212691428 -5361.059044934055 -2674.7352128371203 -7483.219108836421 7790.700447919564 -8691.608710643988 -4098.323439640066 5155.179093849514 -4895.922788355493 -9699.725878932233 -6446.385936847057 -5954.6470766469265
-8973.620818736767 7836.794717340923 -1403.3700737901472 -1643.1941071216697 8201.098475310238 73.85170193218983 6294.717722558125 -2803.447491226816 -6107.327946489468 -3710.854179323588 717.3230752905274 9776.464444877158 -1235.2498803398466 -9833.020153484378 -8227.917843481966 -8523.604902014333 9834.949451716759 9353.374864824273 1243.4729762022998 4394.627931180559 -6624.834056584665 1167.2398461050998 5926.813783203748 3142.889365304285 4300.736596030511 -2556.026791845942 1153.882572875349 -5848.476675239347 -5170.979940280303 -3625.1331941036287
-9949.269528217572 -5752.326870570432 8235.721588041328 -3956.4207788740387 -9072.056992655067 632.9148005832267 8546.800117284758 -367.66903578679376 -3412.9277814646966 -5202.24820398933 -6080.967107899069 8804.213731314725 -8331.183429629851 3935.4994459344925 2273.044626913452 -6652.768807047735 9063.434141320708 -3839.707727808146 3424.5515942751736 -3896.290667766094 3923.08966770832 -791.7716743970632 -2535.5823652857825 6164.929011866374 7525.694678316067 -9673.370750552158 -9007.671005698901 8895.473120393111 4257.78914571198 -3591.1560444010447
-4059.681125010253 -2485.425958008658 -4317.954759328948 -618.5217123975199 -7231.267313229948 -828.1681310239965 -1660.7063705291948 -9973.65264971924 -1923.800512934712 -4459.9565978636765 1289.6621531574528 4447.779150124694 -6040.680492938109 4073.3227430188836 -5465.786324217774 -4507.583518133569 -7955.347945018733 -3446.386171297331 -3154.5507894235207 -8334.793828071917 7049.88966209822 -8843.50125440185 9614.483965348598 -5601.299992197759 5304.497184929498 2292.182258745919 -1650.9283712819124 -2718.848800673808 -5016.83365510861 7414.895992136448
-3020.8499526602454 -4483.727519486154 -4086.5743163245716 6918.895386343553 8364.506843770861 1443.0998614936034 -3938.0073397761726 -9752.634577378763 8025.407508784869 -2465.810510145774 -482.26915950558214 8059.498874258843 -9186.96340019453 -7911.494824579255 4636.618080225084 -1063.9256235733028 1514.2603037951449 -8498.817852324584 -3158.8959930076953 -7356.518846073621 -691.4031399664163 4377.80890249418 -4943.349497050677 9478.506538906298 5366.117907741716 6228.966814887153 -9197.432147225001 853.1851622528666 -7164.256022101812 620.528536896516
8750.277962463006 -114.22971320309262 -1511.828444003626 -7072.5372950279925 6819.979014698256 4170.821127665582 -4053.8593533778158 -257.0885485293984 -9482.118565763034 7640.408792564809 6522.011296457491 -408.8994196451058 7546.403757371783 1373.2353422157612 9138.449200498806 -1713.055349465254 -5091.135159564093 -6931.854291412572 9748.142841797122 -7714.512952391615 -3522.61688821375 -3658.239309851124 -5190.396562344124 -957.5500987482992 -3032.307983412097 -4293.120299978521 -9998.678968034053 -6968.701538916075 -6368.645106875015 5336.646804316217
6382.273158546803 1133.9914237449138 -7139.646311556007 3107.347045054339 5954.855286931734 1282.5440368206237 3890.2251871171557 4525.467681699798 6596.486572031103 -2223.928099079404 -6331.5161912489275 3482.2808757101957 8800.407887797835 2630.094988660967 2204.110303940961 1839.9838549208725 9664.984591125074 -5345.681245481955 6483.892149581006 -808.028689398805 6781.881135428615 3372.859083571986 -412.4521002244146 2434.5319962472204 7106.519751556836 -4976.567990890695 -449.14778175637184 -2633.023206794327 -5731.657570606641 8159.866958076829
-448.7289755517613 -3099.1755864225934 8386.782698186875 -8697.473938494742 1777.9501520401755 8792.747890509374 8492.256594701645 6437.408965575498 5096.948363633584 -2202.0464425327327 7461.326356302983 -5804.4650890409175 -2483.065062569256 -1844.1054825958836 -3666.9947376432856 1700.7046740331116 8615.499647223303 -4751.788268720132 -291.53740471300443 779.3264326889384 5658.953703370742 5054.538776241712 -3576.6799190362235 1714.8411017308736 583.8823415518 7968.568037055604 324.28067698477753 74.63733604343543 9045.331211366232 -3724.0583201890695
-8002.233849752929 5227.307323438497 -9444.402632000701 -9193.706467410697 5313.701080918361 3406.8465585869108 -1756.7402248683102 9699.079140364873 6104.949624787532 1034.8855600409406 6222.575460902952 7368.727231190318 -7183.22985057026 6690.97888151048 -1022.9002994017428 6692.515384718266 6224.570534638888 5111.656806404628 9587.725608652028 -5381.084223698495 -2044.3037688351587 -2025.7941032790486 3588.4490897871965 -2228.8960920375976 -4131.553899865698 -7046.279331949226 8545.874796600383 8923.720211118103 -8837.64156370768 4618.986189686957
3517.9035713060493 -546.6201231776522 -9058.136008997333 1030.2810482689438 4320.675064701274 9365.936859484722 5190.764078528704 6075.605522883703 -7161.966499061794 -676.1967735812741 5898.872188350688 9299.364091964795 -553.003198119317 7858.571335281489 7593.7012637583575 -9802.399510189989 1613.1484310346877 1880.623926217655 -3835.669692090846 3713.9137113383786 197.64955597715561 -2582.1624519858833 9537.203370025705 6611.147334175523 -9651.445315285782 -7454.601619871353 9733.82478512463 -1437.9851358435444 8216.744117101174 -7164.873749960561
-9313.001138931944 8330.481699438249 9452.939392503351 3857.6757693574673 1466.9140032341456 -3613.7994723418806 -2638.2106058660247 -5925.554501556067 8556.801673186736 -7442.769396158906 -3449.8677826692474 3263.4258580938476 2550.54407531964 -2755.316265636893 -2732.149107402919 7497.48191658533 -3966.224910498341 -2890.0619649366563 -6190.009519662672 -6406.554371419641 1416.634191197918 -9182.488448481537 -8012.879658238266 5691.935004516807 1726.9692728221053 -7553.391005710795 591.2876481803778 -7980.857832366972 -183.13254632433382 -9553.217646127734
-4324.017864192054 -6186.500616599504 4609.498202810062 8142.418916693885 -4277.5270575963705 -3312.8898246549143 662.8614958944199 -1052.1922095342434 9942.806773276581 -9207.605334032336 -7059.535868811715 8637.460873592849 8797.57675824851 -7764.963420929589 8828.696523076567 -3427.5446184381562 982.7996748040587 -565.2785090510788 -3179.880365533565 8051.409984927857 8016.677834388869 -4241.573430922219 -6803.391562799206 -3191.2245422308506 4000.580196681618 -4985.95243094426 9234.515827919291 -4308.767647742833 -3460.3805236861645 4890.926611911638
2173.5467816201563 -6781.851869190059 4005.9438436409037 5527.5011370867305 -4330.267595638082 -8870.824566050935 -9332.539421318388 -8984.46503631753 7809.6077489533745 -332.24760463226994 7966.430585995498 1239.8255532542316 1798.7218705196665 -9472.296807989005 2266.586269072215 -7055.708012145432 34.62112018770131 6086.971429493695 -1824.9912922526464 3262.7504101057857 9000.823907380254 3253.6274169694916 -8854.079883245071 2280.607128489233 -5040.317217391892 -750.2833098303418 1759.6285362185245 4921.1541689178575 3167.321536458232 -1639.7274183218506
8072.261199321103 -9298.728134372293 1997.1089374715011 615.6481685976141 -5210.610681196324 -5083.25000350796 458.57904423349646 5424.603116821787 7605.954433647039 -1141.9300425967267 -6958.791653824246 -7566.323963478069 5143.799296996091 1855.7249217687604 -8309.770916094454 2936.178526091602 -735.2110397418219 760.1959962497604 -4870.385693165303 -1366.6063151027083 -6748.964086634659 -462.54177703559617 -8914.53791972094 -9293.021913932818 -9917.60657760671 -2242.5929437157447 -1329.5448679731307 -7301.753739684802 -3575.410785604782 8456.362613224923
1 751
-7735.513797059452 -8353.979267547367 38.85790979558442 -3994.4188835466175 4272.991636448485 7904.675082415455 174.1589484280721 -834.5465692152593 -5633.456312221705 -2743.054693347808 -455.84997679453954 7519.996906271812 6182.334891253813 4670.723180276023 -6050.9640410705 9652.192365639981 4428.321437834722 7754.257666951929 -4572.531235340267 4589.0405706997935 -9654.96337316552 7419.253942560295 -8685.292645781508 -9347.004454524553 8230.414371220391 -4281.98087520828 1421.8334665036618 2384.008491522769 476.6014288269798 -1889.02734126202 9913.422546793994 7788.680571764453 3905.940897683502 -9971.604813395204 5958.624310737503 -1159.0936456093386 1237.432133654842 -2351.0104413968656 -8248.959987757336 8613.647254538402 3124.625372538765 239.31846159727502 5590.111792088537 2188.497864387562 926.0465883968518 -8365.720222356447 6457.977486547938 8183.726228528241 6281.026885912785 -4887.590685649548 -7849.785670382298 -936.7598706288263 -6497.066893646855 -7047.581716870881 9550.384268891154 5645.025072663006 -3490.081605410058 7407.493599261215 2630.8929008589785 1250.676520388648 -3682.2259835720806 -8038.588275731562 -3389.0580173285853 2370.4456517546623 -3960.3987785273675 3975.719794498291 -966.8589186415775 -2784.0049488750874 3159.8343616140446 3468.121244606 5477.4346161797675 8097.848913244536 4913.382162879845 1898.0625133221147 4956.728642487644 9672.910246146348 -5342.450719775807 1680.5083672831333 1673.8933348252067 -1932.4761643806696 -8347.13197301733 5453.727167292433 5610.079009734271 -9425.21731988341 -6647.961784698928 -7667.093740715482 4185.829129724092 2511.9776191148776 2985.4120878137473 777.6053108896594 -5786.380581762478 3228.6431998206117 8129.447416274328 3132.3110721640423 -3994.2739236419175 -4035.8101987128084 -1634.4982008782954 -3431.4574216843766 4927.231031348205 7535.744241253895 -2851.953382184067 9181.138065948166 1558.7274888387128 5827.535550804596 2303.6762070500554 -9199.87360296442 3105.920780979339 5458.452792392583 -247.69531557365735 5368.704459650517 2815.6205165460997 -4376.552126165896 -8572.86643611315 6583.651481947771 3713.380578619115 -9760.474112954606 8403.218532891693 8641.997495946292 -7365.444811854213 6487.490661556611 5989.266893449876 -8419.050973028927 -1667.1550999666379 -5462.749635915578 -2867.9826779566683 -9741.608035929186 -9376.323872249155 9640.192385935701 166.69808710893813 1697.0813703060358 -402.84281841369193 683.8423095449489 8759.426304385917 814.1696424848906 -9687.153573131252 -2570.49451822243 7666.30117794306 -8760.196999140844 8297.576298779015 -9907.325115233254 -8221.7978222065 738.24135852582 -2580.9748434001785 -5806.257429450116 -7972.446599169987 -3377.2413141661436 5469.163560189485 -6985.46316170356 -2168.0111701669566 -4000.142261052486 985.4912373961415 5744.068467283183 -7073.003442715773 3542.6450894640384 5680.9584922843915 -5681.389442849975 2625.052998122823 -9410.953119036452 -2079.403150246715 8889.438982640688 -9281.126590330818 8467.149895798648 -4848.148783597133 -4111.87553402004 2035.6088741857166 -4097.9317980911765 2089.8533386999843 -9254.475265936135 6873.748095930903 -9418.915313971504 -6792.475762330723 722.932779098217 4976.70696596247 -7789.658888617294 5308.1996734698205 2228.0102999580904 372.7201767294082 6316.372208589757 5491.0819617742 5215.918696274295 9846.262140027768 811.9966164238158 -8280.421245926305 7746.969311624478 -7871.243687595795 -4791.099382412715 731.1566903693747 -1987.912146669908 -5150.310364401802 1236.951820580036 4224.592200437948 1825.71744772308 -5631.5853495219635 -9584.695774207026 8547.43770203985 -2189.302302991061 7257.361501535954 -7424.293800520132 1166.4839734856541 -2297.34772557409 2232.351394732963 4327.4389719129085 3307.4900832572675 -6266.146565542572 -923.3078251763236 3803.1610593589503 2862.9847322198057 -1260.4647075838311 4145.358298022937 -5415.819174369738 735.5068606371988 -1716.8224485795363 -8379.642341025134 9435.69172069968 1945.9908869588635 5106.076590995419 -3555.401401738827 3920.7117841098116 708.25393419375 -5860.2237104310225 -261.33379271312333 -6080.727932018872 2595.776554780021 -4657.60213587832 7819.411979166503 7888.989865359643 -3975.249576978468 -1237.8550809444605 -9581.192469486074 -6155.006226127045 -1922.64019074712 -7144.507305504912 -1102.784711850778 9228.287945491204 5545.231916254141 4497.381208276025 -5700.847668252844 -2300.3045484535005 -2650.0092040442078 -9195.004307689998 4181.402295875116 1737.698088724037 6584.061168160977 -7021.911409810284 6628.124704401096 -8672.896798239526 -4490.746264594974 9643.656008940918 -8369.015986021408 5129.1255217624985 6484.043992268511 335.6256025871771 -1870.544204776732 -6481.2004618946785 2762.9059202511 -2647.619820693707 1948.263035491731 -831.2990139303874 -5281.848335613752 -6778.632463482417 -5655.7222090851565 -9131.121455585668 -5288.511611638122 6827.907416553637 -1442.764231381996 5296.552902265301 8489.991139749003 4126.35822810486 -209.30145868670115 -8426.460589469585 -5705.986362295094 6062.186109996146 -8162.432896011156 9834.856834689253 8935.576349097086 4505.671893983852 -5328.725103895584 1212.7637922783833 -4681.312457756568 -1422.134291115466 6472.67785582296 -3672.0777272718697 8216.634505663911 -459.89693825096583 8080.681478948092 6670.113140767109 1979.5883591286456 5434.656168682599 -9244.496386084684 -6259.17404276609 8109.896889211395 5710.259006709737 -8872.574259157745 3916.664219281576 1541.5482282818502 -894.0179824241441 -4786.13582530842 -6412.274568405578 7289.875787810135 -611.4561576735705 -6815.944951466262 -3139.617445548255 -1974.2655756462855 2212.8311586618165 3176.0612386124612 -1852.5747839313754 -3216.5097662226617 -8116.122400449503 1628.6003715444967 -7643.100019570062 4873.334420564606 -6930.123746590338 -2888.9168767577057 608.9784736929887 -7305.178226976894 -726.5875284515696 3305.838551524219 -1561.5165594918853 -980.8562957011454 -6462.472945002076 8929.868401271906 289.52127293237754 -1904.846839154986 9924.13252288433 -848.3840323383229 -1423.8150791678945 -9249.012355796074 5171.7918991188635 -9036.093927752234 6174.426209919136 9033.528470634039 2953.6661798927616 113.66274017370415 -4225.383760637118 -6756.086703738349 9681.163593911151 9404.235292812697 -4517.60321423105 -6836.390661072766 285.18593931566284 -1488.9869922079488 7608.924587767939 8300.951522704418 -7551.1073465946965 -4282.142448931243 -6405.804109526152 -6143.835469258465 -1859.991640035175 618.4499974513201 -5994.692171220817 -595.4545638683812 -2595.427528959016 -6216.0026599102475 -6123.072333869706 9750.713374621031 2576.0249118719767 -6300.380559873891 4559.24668948957 -1949.255096217239 -7283.338253852807 1379.5618085350125 2335.2766439042116 -9593.90437123688 -9147.670642343614 -9969.925367767944 -8970.797343847622 -1845.2653406655472 -9867.554997958858 -1455.936510486159 -6024.094777996535 5291.4564008519865 -4494.2301337180115 -9643.300295743049 -6952.3375419505555 2180.439783360962 -4825.037536519112 -3953.473255930935 -5209.117847407882 -1679.1554309131225 7838.585495117681 4690.923480002701 -3891.827188096684 -8943.140443386657 2720.4416320442815 7151.270122009766 1429.2347369191466 -8649.373562115252 8560.793910359025 -5318.545629763785 -7132.252147549618 4546.724342642321 -9210.806841831427 -3529.64552766591 -7461.412251686346 7575.014300870396 9309.14160551057 -3826.240877035434 -7543.141298936473 -2008.7345636658656 7616.179971678073 -342.6405775633939 7298.8406410751195 8296.958442342198 2780.0563702867057 -6995.848464957011 8246.722389153601 -2744.9446350454746 9136.570957594464 -9795.51523236749 5001.997319528806 -1532.52627493024 -2130.0261405444207 -9105.040159104923 5454.76767898393 7615.894082859195 -4416.118692733884 -2354.0623185246704 7214.562611136593 7741.469304696282 -141.12393621097 3639.544036543408 2793.97501478903 -5979.252411265075 8218.398636376762 -7658.454705540296 -6095.465284185011 -150.11543015769712 5323.201584446331 6753.239572716626 -4012.976816012526 9932.429841020592 3665.879280615216 -8963.187390731073 -8436.31483089938 -2242.565142387516 4093.919292283157 4363.295457626782 -6240.736583524966 5794.721860566877 -6574.776049701943 5578.14558358949 6969.785326074794 -8802.100074005539 4462.641878071981 -7408.9406576231395 1187.763588873895 -5212.502440330073 -315.52604389994303 8823.85303605628 -5194.485350809392 7526.042211993488 -7099.008983876835 -8389.164260628182 954.777824248562 1472.9911586518137 -5955.676545799675 -3705.762543760394 -8111.831940797043 -8902.585741569075 -4760.126696382263 5234.912109337549 7866.791149196666 -2060.908243006954 2615.415781997088 1896.804082258126 -8661.125511577025 7927.189382902099 3208.921107969065 8491.660113544309 5080.827078571208 2969.7432694745385 3896.4267852352077 2281.6734981738664 2132.7803913423595 5832.6274315774535 7728.855340602102 8583.94147642743 -9129.797667163552 3287.5476335499407 4307.060246048166 -3662.0085638974188 -6394.642572688469 -6511.5959979835525 9172.54897745739 -2433.857769639664 -1779.3925990662647 -2096.7350685708607 8657.343570108002 2310.632658808876 -7996.974568874962 -8911.64137166811 3359.885990738101 2289.822658154186 464.29822790378785 -4910.067005259322 7723.822535828902 7163.062211984732 1842.1866463598926 9911.107926450037 2666.0687020976966 -7859.762245445605 6975.690618564502 1286.2992549566752 -8527.271287881707 208.00555852482648 445.7074291456847 -2695.5561529247207 3895.280015853974 -9283.055263098897 -5689.480188473073 6402.373371274836 -7274.654639252571 -947.9261242036482 6153.677142193035 -3865.120066658523 1993.8352890989536 -9239.449415630612 5526.76149446704 4562.871311825762 8133.700779021219 -4085.2554755509354 -8463.788787045336 -6010.197763658966 -5088.950346424277 -8997.757160938027 170.3113232535452 2812.0421433693573 8776.489779882759 -8746.204033351612 -461.4274547322748 -6948.305476843107 4264.617805252126 -7518.972241515509 205.6452702723418 2950.0831426483164 -5387.9848313186485 -4435.582928454321 7144.071524748171 -6905.657442862865 5921.275884284036 9252.570285095095 1822.7069484386284 -9203.368761274129 -6432.453789431885 9928.618282299358 -1802.0981981997356 -1624.8765472997384 -4767.753383681472 8435.06665142285 -4813.212814225208 4883.754470292923 -3427.618522247065 2818.8825769925024 -5888.415988102897 -2454.312668209939 2352.3386738704503 7581.677333042855 -2338.541023863061 -970.58002104148 4805.630217184009 -954.9829639070049 6420.549156672008 9728.96550697785 2881.4702220929485 -7310.875820372958 5991.096376857649 5205.917536156036 -7863.191244848122 4744.409236250871 805.2582165637396 -4965.628153600432 9968.86155985489 -2687.584584504343 7234.2641970312725 -5901.762417560856 -9116.763419917983 4233.808090210103 9177.345729353663 -6770.168708567438 393.39765370648456 4873.9006908512565 3014.5617767675703 -7882.433489062592 -5636.474958041342 -3743.9891088130926 -1789.0401523020355 7375.440859723451 2583.6529728839905 -180.5690723024727 3980.1832234969334 8227.26662284517 -8179.273502104967 5166.432060495234 2412.2352373442463 2666.724990022807 7209.743156654615 -4012.787500465165 1700.1635341205929 1814.215553893173 4325.790168435773 -4515.462333256264 -3632.5855721575317 7835.103284723649 -247.49471722448288 -7308.721304767802 -4839.4840736317765 -5909.835783278432 -2363.7741562743477 1200.598387355978 -8142.067081035877 1902.3146666853645 6175.590366308981 7848.990842496296 9679.257263690863 2866.739331626988 -6470.740818806326 170.8076677919962 9380.080626549217 3247.057339155297 -1292.0439527322978 3916.674580206416 6382.021045742111 4255.300240486875 5872.505571754427 2204.4853143572163 1787.4753921092924 -1354.1069245804028 -3101.939279639132 -8690.135613768329 5411.245844593215 1892.220995229165 3659.030166077595 913.0489168643217 9670.17224257447 1881.1828578335299 -8924.856094704943 -1562.1957558700688 -8189.866977519749 -9608.345409797535 3412.0203107366106 8900.419878765708 -5627.738551838776 9355.59615084514 6362.958630017396 4430.685792544371 -7337.794414009793 -3107.152975854524 5562.698931317043 238.4782014972261 7790.3309455911585 -4442.720596091438 1495.058253417461 424.27958612802104 2663.8784751382645 5338.038212033531 4733.100519439149 7345.34467282892 -6678.107687759248 2856.342931522742 705.3113498891726 -3587.3642708037787 -3374.4866001519867 1334.4316800561191 -1611.4351951542976 8205.336489753747 -9993.517128765472 778.1077601492652 1857.820890477 -2167.304741373515 -5709.38116853696 3662.916489218622 187.52488319011354 -8540.906564315954 7935.861811456787 4877.052790918282 9624.737146565196 -7105.343837713244 1506.6498167871796 -809.0161868372325 5604.749952008888 6801.58859721481 3590.5778565719193 6226.362852840595 -647.660588724957 -3252.658395997636 3982.2507512653556 -8371.568077590768 6280.792586048967 -9695.451052467337 6188.754687308154 2288.9505108842295 6457.355869279403 -3332.7849679334486 -7644.273463099731 2783.1259618316435 -8.003817959615844 -4921.767632656071 3823.487276822354 -6505.754075165349 -7568.188621023328 5211.670624445274 9155.292910331871 -3712.8748380269317 7263.286945326516 457.7486959311991 9104.282493691324 5757.409647152581 -813.9155626443207 -2829.5786723155916 -9665.416830764281 7507.706340376484 1062.924867939295 -7244.409783565861 -388.95883636388317 -7181.414191800981 2494.3641111725155 -1059.9895778195605 -358.6879547819044 -3546.882073666682 8628.620568130245 -2123.1338984090708 -6421.249511329263 3706.3334505058137 -5016.891542589339 6478.287979574594 -1750.5918516025104 5923.10264573733 6375.960940536239 -8961.512379009742 1449.1003834707753 -8265.603539782911 6045.380179292124 6126.9223420582275 -8105.088418058209 -3807.4210163124862 8941.111377364829 -1703.827348943978 -2676.492678658431 8364.539745231195 1466.0250665058957 9053.346836478031 6574.478611889979 2779.6602837451337 -4686.404008086888 1125.5925381161178 -6348.058983976545 3942.1671177886255 423.2940977536218 6399.252614619945 -4156.445859133879 -67.30990929387372
