18 25
4.777097766374936 3189.6325412582464 951.150363384344 -9071.194684014665 -2640.65044755732 -2600.5499161550724 3147.1545839393275 9693.55377820064 1810.450402370714 -7042.039260212352 -5455.295621854018 -4296.71867453276 6189.566248582654 -706.6530890235554 -3060.3332232341436 3790.0341951931896 -1897.5804714087553 3858.1178970453457 9791.595131919305 9632.337865763398 2714.5701788629267 -3162.8898545338834 8046.642780591221 4166.491413250593 -9505.335050006772
3284.321123509255 -2003.5651238133687 1283.9712447443235 4448.770178001334 -2380.934805467925 -1046.776865382797 -1990.992272563707 2136.0009512690576 9266.830409010814 9622.272624143385 -9384.388875520479 -3336.9397257701585 -3816.3058075618637 3221.644407454134 -2738.24530405337 852.522176868415 6086.304136203795 4461.56161245023 -755.9218453294616 -5744.813635393078 -7897.642111292449 -2952.131339738 6263.7873326308 5287.603349125478 -398.3284122138648
-2239.5716499280497 -4606.2627835053745 210.558018687183 -1632.4882384312223 223.6229546590912 -3064.650520367687 -5646.248556873638 -3849.4111398152263 9452.476144174838 -9232.031901709035 3947.0105734202516 2127.0350414460263 -1343.5757321035508 8924.017548142896 -7217.478205318448 3640.846262479432 7671.969206491049 718.1469811016468 9598.353335961652 -2009.7625686694955 -8600.354960010793 -7227.520273568689 -7413.582053914889 6780.144584093454 3267.666683302641
5907.792053813386 7642.8368224778715 9176.976176041186 3973.404345875224 8059.256807852304 951.7954653052184 4756.125568033167 4599.566750063406 -9179.745641141591 7241.137616202039 -4725.539072911675 -1571.081877299106 6008.038049194458 -6693.495319394487 9169.252751149914 6261.38988188857 6973.363608112693 -1162.12282224077 -482.73714463035685 8190.591115825191 -4009.577907890245 -1534.233110891064 6316.507954801373 -2931.951084567335 -779.0767383490056
-1581.6393657715744 9901.738786945887 947.0723258160378 4916.09770986066 9032.320148435167 296.55922586773886 2820.1933726496973 9987.480474113181 9309.285086420117 -9960.480066620003 -1684.8069827935124 4073.8391735578916 -334.80429740104955 3620.0285431987722 -1357.922774731027 1816.9130450297525 6698.855588304788 8241.20595320655 -5316.370801418828 -9509.274039514701 3036.1656862352356 -5797.040920764327 -2623.562592852948 -5793.486088407422 -3830.3678836119225
-2665.629333215902 -9441.771661608649 -8514.897329167945 9318.885016693603 -8229.971640398297 -8951.587382945401 5596.997664774803 -9387.448743096094 1343.7168180780864 54.87308138280969 -8871.310480377375 8199.06132548611 -7797.76302459406 -4301.771492522055 8017.728213674865 4428.1308810615665 -6242.472425195835 4320.1713939918845 -7194.397545844973 -1743.9927391317196 2950.7833439665337 -7655.695047972058 9341.251039591956 -5037.955200381325 -2197.390070954597
1776.2406008474118 -884.7612389842507 -2894.8876875340648 3120.554941339984 -1042.3020118864624 -2278.6791021258023 8306.4971282511 -2244.637110435954 -2857.2118391692984 5824.71142788726 8260.949597080322 6283.130136741018 -9595.989364590609 -2875.398641683868 -8427.82404656648 4523.684146249203 -9604.01585170663 -8382.165659137041 -4413.311426128616 -6967.15865608845 -5805.948564299099 -3333.9961420249065 -2484.906647936711 -693.4939866246987 9254.270894481197
4239.135571530782 9958.661376807042 2751.8742246054444 -8130.504509045378 8905.056908489107 7552.871621632636 -3984.307713057411 -4879.324664015911 -9758.089440426698 874.4839334180451 -9200.904529602376 7867.87253105604 -446.24354844488516 -2323.856966666027 -6624.129709085196 -8889.757834145457 -7810.677757840883 -6396.455188400427 -3464.1008516357433 -3807.019959917766 6332.857548219801 5847.287167554505 -874.331617077718 -5389.521609899964 3799.2503189189392
-2696.4836302183467 9709.932884555597 -8153.40103082459 -1489.6567469838901 -1080.5400980625036 5010.836255263623 1566.877406592801 6239.8686825357345 611.7692360014298 -606.1768077493416 -5038.980772051067 -4680.474060361146 -3843.358346728116 -8470.406808891366 -1416.0747614205375 5800.506718978766 7246.192308985028 -7524.0352706199 2465.3566204157505 -5901.377859735424 6114.178622183586 -9713.752534114608 3649.7696200407463 4574.925461152037 -719.8210833629364
7265.203870453603 -9013.633453353064 -6267.890627988247 -7585.434569061642 7263.060770061278 -3443.999464539631 140.3322961982849 874.5985542323833 5674.250373437566 -7687.90872355445 6702.963019248953 -6265.189120090497 -7807.584537958374 1976.734122998856 -9040.42977702615 2824.4357800925864 5471.447605183035 -150.1352308816986 338.68651857329496 2329.0748384497674 1701.1760989068262 -3778.059161103384 -4256.308141038907 -1973.8182436236375 -8878.207779114202
3476.363997606726 -5023.510307761627 -3516.400156430086 9962.494730387676 -6086.427338394951 6020.574188027082 8466.34219886861 3470.305316869488 -5055.861912084029 -6793.207358689792 6731.961238323991 -5490.873989534357 -5043.589240522007 -7951.256829850699 -8435.38264860924 -1538.719749470114 -2515.528027951632 6871.604103173737 -6834.477459049739 6288.845474592194 -2309.9269198815573 -6553.373846325914 824.759193934613 -57.45901225872876 1493.761010827311
-5920.394212256142 9557.73956312142 -4826.092479365656 1728.3596110272192 5592.099891286078 9634.469337292761 9693.092268469478 5819.909298443066 -6665.729087342837 -3118.6970287203767 8721.512187460157 -7553.424104392874 -7403.443941992349 2853.7698538542027 4356.45843889963 3406.167254713908 5798.013814889604 989.7018233341987 6361.62411633894 5882.465683470366 -8700.133336763098 -7964.485945725435 -1686.4663595080965 -3971.4043598189864 7169.65252927184
-5886.3806529318645 -436.12960862440013 -35.93325290273606 873.1246929843037 -6364.099801531033 -149.14771942665357 -7685.140447585927 6339.330664999674 -5137.277371014348 9202.214419443932 -2267.7158842751614 5388.134443307943 -5090.801322496627 1215.071509786334 -5924.953262800769 -3005.3518418996127 3224.2008147788874 1035.9581656325427 -8512.053126453633 1513.7519625332134 -4912.561623426334 -507.04408395733844 -1941.1997797615577 7666.395264875304 -8262.941247901996
1691.9239021086469 -3695.3379104259284 3588.5915020198354 9451.471356859518 817.725767992637 7966.462895427281 3264.386433925003 -2626.011144442362 -5160.239751845812 5063.833735471151 6200.453261125949 3640.2309754312555 -8068.203317200002 -6744.777450773392 -1259.031467168552 -9382.068998339066 -4205.538269965725 1737.680150715927 4108.652247631357 5549.516585560064 -2029.3284032602023 4799.3650911386685 198.90233278422238 -6457.800739659839 5196.381796119778
7892.0017965136285 -9297.271596460867 -7399.649414900063 -6017.6805896515725 -4648.8719980377355 -7516.020763656033 -9543.274788914096 3657.9335222247028 7142.923591833591 -6493.409460034756 8418.018501549908 7072.7728045158 -3804.5168844172376 -9259.766034910066 5844.8685811095365 6946.450562068341 4136.015556102469 5483.608742197803 -2948.6407090299235 6963.9500717378905 -6697.00941022874 -732.4645215071196 -7418.549144859304 -5133.9811399211085 9169.193930144138
-6376.557969956276 -9895.596763339292 -4485.590864196871 5346.719555550944 -5898.43623777625 9460.983429641332 1969.7406892001527 -3407.019146895882 -3184.451332480152 -7028.2426971477635 -5873.93335989493 591.2006128476769 -2990.259350815987 8583.79029345885 -7799.261504541113 4574.175314103635 6454.34320998273 74.33680570203614 -2618.1276177660375 277.86646719466444 3852.030771868118 -2556.368360569086 703.2467195507743 9390.38299861774 4642.420599923829
2076.673109031726 5355.709646632116 -2241.071506918104 -7648.52131508485 -5977.22367083453 -3566.483256724393 -8384.758121426283 2350.1503399094563 -1183.446662706414 4661.541719631474 4208.598281260525 -106.24273895249098 7312.609956439061 -5437.913917116677 -2797.651330276267 1395.3683892888603 -7691.803073604757 -9454.8209141418 1767.5394962683204 3898.8483568839765 8118.354936603882 -9017.735150869048 -7570.961556378621 -5467.412934180656 2928.742393506878
-6387.589004433629 7834.155380922435 -3438.6139761323893 3270.2676545600134 7162.371545931135 6220.57904180128 8354.22061350242 -8087.13053747963 4726.7882818497255 -8756.736846276588 6410.53155336931 -6972.646285960131 -4408.113644066402 2656.0587171504067 9113.198572697158 7723.154202887938 1830.7085894355478 -2890.063514213428 63.647277225360085 -7302.798731940663 7530.81532337602 9600.718482384294 -5313.4068104103035 -9777.77533581536 -6491.356221714428
1 25
594.4853146300266 -7335.455393951765 5754.394399089764 -2.09805336988029 5475.8532553877485 8873.82050479294 -7114.919663436998 2858.615832935735 -8374.017657424347 9096.18678810266 -2964.296052317095 9687.217959998885 308.2500106086409 -6961.206946921466 8453.860843956641 2393.0394790030787 7477.540794734981 5619.154950469525 -3871.5553877615357 -3967.4894056533794 -9844.527865630673 -5403.624763501897 7582.66620563437 -4813.922557698178 -557.901442371045
