100 6
5714.484430832907 -7438.0322340004695 6306.130594132152 2461.051308446318 2269.455463300914 -3225.7291559067316
-5380.269750356317 3805.8086149657174 -6895.07419207227 956.5507644888876 9165.913794983247 6887.344948668095
2395.9495920893933 7746.087279091858 5536.441663451547 1316.7561893241837 7567.55726117827 2448.218353915232
-2257.5776550411474 -4295.145872228097 -3506.993736774848 5137.733114195717 8708.849443901381 7314.820235566593
-8263.837734808178 -585.7318963328507 -4372.61125475922 7975.923323562074 4304.986900174623 5967.437985419661
6409.268746620575 9860.266910875238 -3288.439508168066 8576.964057263333 9093.870977543986 -2536.3377602065593
4121.215176249138 -6068.404315920428 8476.888635907788 9728.379066332487 6933.383095990241 8535.0396022483
4379.587635907494 -3023.353382144609 -4928.61065528011 -4829.275720643238 -3821.2569657938975 5781.762046047475
3588.321183822536 -8531.906733348287 7611.404182644332 6730.433757916366 -8144.617635659006 9097.093766128677
-3669.159757420841 -5819.04161752421 1676.371006682768 8005.105404467555 2834.1066203177343 -1846.186863342734
5767.557945228113 6796.051342444305 1521.043294849329 7898.429419902368 2749.8985498383518 -9053.08356482315
-171.84591728540545 -9602.606042012905 2639.6734489330593 -6912.502519491643 7097.569660161142 7124.139036165354
-7252.865659126546 -849.9123297978986 -9978.952892205696 -387.9296749975729 7458.388579269864 -7763.530015023359
9569.369859795239 8348.289005538769 -8499.107848304559 -7132.630397819957 -7144.030272126684 1406.7336790487134
-2411.9318941411993 4546.955619341088 -865.6786430584452 -5654.969570262684 -2006.647407060018 9985.64856617964
8943.471701525727 2015.7485429359094 -572.1830910297085 -5694.178414008022 -7701.525983148134 8929.810448342334
8001.232733482146 4894.379394258285 -3969.508033124087 6794.639755722375 -6033.9924618724435 6074.42486028808
-4188.038696121667 -9129.793184400687 9915.139884403066 -9291.143681334168 4949.534926138625 71.0077565732463
-8611.066217311472 -1390.1547814757469 708.6239757088915 6013.590391179336 -8594.329786855655 -7357.653896827512
-5143.458696618901 781.2576483217035 3859.668239659977 4523.577840471646 6218.453154548382 -6310.5108789541455
-667.7477123497792 -2531.0430213656264 4562.588770445767 -7920.284899190855 1208.9280408834038 209.11078772221845
3824.0222278692745 5549.203987452827 7672.614530159273 4571.974503045702 -5031.412402621911 5581.22049881201
-1827.5265892542466 7090.6938119341685 6008.435498677771 -2291.446951639584 -2949.0634128884594 -4142.423895012561
8919.23367870208 5252.10552578124 6406.912835253563 -3281.923867340841 -178.3888906215616 221.83161850414035
6855.860154154318 499.90305280396024 -6654.339499936828 81.63745405353984 8681.836382171921 292.1914897034567
-2265.1019597372942 -4160.300515041384 9757.921450151265 9587.69752014046 5611.285387717635 -9879.682188162406
-4982.747804203877 6695.429186321166 8848.838967482858 -5569.66558061061 9707.152938757441 -3151.741264620744
-9625.34891721911 -3445.5289920327714 2740.1005775949197 -313.83013064271836 5156.485969994468 5981.364736676709
-5516.1089714375385 8401.043955615649 8679.982879041709 9204.49212325902 8865.798476247699 2519.2023350205
7851.121418897423 -3297.375208754418 4504.3813634466915 341.4790063617911 -4267.2525267739165 -6122.730304031858
-5430.165578693851 -7168.415312749818 -4108.1507618881915 6720.205103755543 -4037.166277536997 6282.391011281867
-7525.3874277959685 7923.006679820657 4545.972571862783 3204.965487351903 1223.067372807689 5372.67451449476
-2278.9166896050683 -683.1354326184846 9331.110099810674 -9584.916520796862 -9084.061491017892 5119.031078988699
-9977.83427951502 -9673.914347996688 6101.521853900189 7511.796879996309 -7080.329656660307 5290.300895852315
-1162.1392287937106 -8198.003709524071 -7310.350941971351 -8542.219862600014 -5892.5557159021255 -9311.016975193437
-2921.2261582431374 9603.754868969638 617.8455847178375 -8519.546543762084 1067.1595789960738 -90.55344737992164
9879.870757808854 -5513.969799634462 4548.907060054533 1257.2823840088404 -6551.445534297329 3309.8635741703893
-2834.7014014186425 -2151.6301372260086 455.70830879520145 158.41653901984319 -5995.407313213051 -8711.67586482767
6415.1673494415845 -9783.380257447101 1092.6453817583406 2191.179599840916 -5873.300662039252 -5684.1684196379165
4430.925130389056 5170.164744312171 -2432.1704807998776 2794.2302949359237 5734.496480909247 4831.105463051314
1659.974711543864 6691.314943025762 -8673.797035025305 -2583.26926336258 -7025.706231525519 -9.998063108871065
7873.876203174768 5155.717119864823 -4586.309448209642 -5717.501851517872 -607.1358979711058 -8827.182552136188
9396.415373584754 8035.319732818018 3588.626417404872 -3490.0170732966117 -8467.746987764249 -2911.755771154114
-3227.3985961759654 2748.359486044794 5366.817739620901 -7730.48541195635 -9165.181191784486 5374.227042574379
-3698.2128506057734 -3672.676369086159 -8842.448126102105 3305.9639517137657 -4712.357517173568 2789.287620457868
-7212.539809423093 4369.629873138259 5526.8677901788615 8462.564732035687 832.2500012174969 -419.1218267928616
6773.198479378774 6176.625256213771 -2353.312458016452 -9842.999234688894 3907.4974526233163 1593.0129569732544
-2807.956723997462 -4752.292567880234 -1555.0866795059555 -5732.17494087585 5916.632619566917 2360.382702544257
-5433.668343200664 8735.147394577863 -1636.46293608198 -2590.680423332534 4727.025579313822 4717.39362800275
2575.5540052645247 7823.584904036052 5284.050249690399 6587.144990961842 -4091.4512254691117 -4996.036394271175
2434.252813832598 8625.473011476177 -9560.131184269227 -9808.547849602928 4728.843638491127 1333.376819220619
13.649239116506578 9948.888414000448 -6254.755703332445 -1172.4515371989746 -9345.5264506369 -25.107147867413005
-6431.347942807193 -3329.1133952703685 5288.684087723681 -8632.170809201718 6362.515212319422 8899.772504339573
9026.20470259291 9673.193645980715 1114.275525373214 6631.189459126072 -2889.5143453106157 582.3942148623464
-5087.46499109461 -8820.91692110728 3773.357593584309 4177.330707632602 -1977.8921735607664 -593.9033508654229
2437.3905835528476 5735.351788236809 -523.2511598312103 4208.940864434982 -8307.068395436763 2920.98017907989
-6507.091762707218 6129.29812909953 -6994.484007255428 -6203.889623457388 356.3327418857134 -2406.9824373803203
-8108.023540143737 7370.155994588906 -9244.503284926519 -9350.336552497081 554.1545840053641 -6589.457428118318
-1860.3617064389573 -3802.8370531406617 3011.454479008322 -8385.260975197143 -21.302462892259427 7428.962597454774
334.1912560288729 1434.1225023075312 -6018.53533808943 -6404.125009229775 -3483.216428490985 3370.1760977238846
-9651.510012246314 -7971.0394209426495 -1497.1057088787766 -4054.183447139414 -8543.494387295752 7221.846985399046
-6676.80797888657 5185.251294418958 2081.832424017386 6806.9950418429 193.6649357068036 7941.861838360379
5210.831960096968 -4094.8814217142135 -9676.811259665159 -5954.904537563619 -6771.9771061707615 -5075.868503919896
450.4356953473325 -9456.69421304498 -3471.3691233947166 -5861.476574178124 7897.658253329864 -7674.034509301153
-4312.92733173624 4782.44151605723 8008.71267906858 2254.25656224842 3984.222587684433 6605.032224494022
8171.256550554648 -1970.0043315831908 5741.519352314919 -4183.58229113166 -8534.796231238604 -5639.469736039293
4595.806973923371 7050.405323347131 -4973.405366859225 -8466.55102022553 9635.327193463992 -2288.1264003890547
7331.882333666894 -141.71152372890174 -4042.0592118748937 -3598.1312385964447 637.9708290018025 -8395.368222868246
1610.471118177733 3323.879292939344 2099.725829484183 3936.662073010739 3823.1296470049183 -8989.06337278939
-2368.5221897233896 -6402.138503722456 7177.769595811231 2462.6016868721326 -4901.606262758209 -5294.723400871022
4784.102028145529 -6889.728559691291 4339.594859796798 8721.816029688169 5242.154563439428 -9583.839461043932
6744.125667932622 908.8177737689457 8398.229150664964 8697.772080678329 -3622.0905324438954 -529.8282334920095
-4386.457860445618 3428.0154017914156 1181.1873969626777 -7043.27250480058 257.70251357192865 -6721.0239849036225
-4037.6332952532894 77.23623361222417 -3737.2039119621413 -9913.354877017497 9648.621736751851 1239.5765487977278
-5952.830855461438 -4098.677129369262 3785.2237129241475 9687.42217262433 8262.2819565959 -1805.2175829274074
4530.225831317683 -7791.755625918024 9723.94870169488 -4164.3353717685595 -275.4684083630018 3749.8885308254958
-2487.463007069886 -9718.251495243348 1534.1563541370742 3505.892931330418 4500.060952517471 703.8393147076167
8543.020314763991 5509.336599006143 1357.5810371916086 -1738.821257766298 -3310.8317511905816 -1725.9330468907374
-2905.2766775285672 -9291.953515565507 2248.8516801828773 -7123.590898946561 6445.819015179361 -2205.216887099815
6773.224276957222 -386.9782613883199 -4177.088210764619 -7585.202158608644 1077.0609130915636 -2030.6623297625074
-3515.0523614029817 1454.9542903724796 -5007.095225329022 2991.1200604536334 -7088.456990892042 -7177.1769690676
-1466.608637591533 -7796.277493068526 5919.9261332433125 6296.29541726786 1522.8520477619695 -8955.435841500674
5387.632305069037 7317.215756087786 6469.647346999038 694.4566363464037 2373.593720280667 -5211.586802565324
6051.574602574319 -440.4364785453672 5575.158530357861 -7457.016167760208 2045.8228131821306 -327.47112065702277
-8809.03125075047 -1491.928274079617 -7746.506457886228 2661.254221074143 -5404.594727780514 -3482.7425510402873
-5598.099054766652 -1921.872861129781 -2797.741718434241 6907.756253961321 -8418.545163674971 4559.384720400329
-1272.5306145681843 7165.171372202931 8136.64279371802 -5335.402211321669 -4654.20375132265 5090.874151307409
-8370.576656475036 5919.617256937288 6463.808867506079 4677.505111675295 4917.761677440039 2577.7899961356325
1134.8432526178713 -144.3391755821449 1382.7445103573227 7466.314530365016 4082.5254981892394 -3017.5814173143053
6790.714620828174 -1759.181385551543 -4211.2736189357665 -3300.768191465757 -7353.421380422167 -91.39469073149303
9080.452266742675 8616.878675841945 2564.1697077224326 5182.945038835685 -4321.554172840864 8784.44335322393
-4886.618963909895 2416.1406325943553 -3319.984146759687 2628.585272496237 -8301.16810402459 50.46773103722626
-4123.43833110119 1256.2818762796414 3588.8953256315617 4612.063862685332 -3879.3953212587476 4405.969270271351
3645.4889845467496 1466.3829580331076 4632.1511099218715 2225.0333035136773 -9190.646859852592 5751.045459852712
460.05209727952024 -5111.057411260001 4925.707262753236 -6956.337405276725 5027.171446099672 947.3997946106392
9518.325284615512 2885.209491837466 3626.8448672371414 515.7885019159639 5654.202244709153 -5764.739094802012
-8704.879033587276 -6589.890038240922 6061.385663747482 4606.143520573594 9208.644226585777 -3542.485745943547
-7705.4736691293165 -7066.234952334269 -5655.678605354732 -8337.468849491945 403.27846019368917 -1242.61244248834
3142.485590614666 9759.831749426856 -5247.372153109007 8612.154907440698 9270.956920391924 8192.35296976908
-1425.8974577854697 -6338.3627215366 -5799.6175037925 5554.7569772279985 -9713.402575246222 2425.30706976442
1 6
-4805.880826422275 -2830.974232781029 3634.2707750905884 -6137.915981238302 6457.0302287333725 3338.6338118512285
