65 12
-9740.729327309962 6630.878862692785 2745.323445080234 3302.7742629957647 4162.377390916654 303.15116901734837 -5291.893911174634 -644.6392643784311 5002.719366654277 -2956.378512567064 -2862.2645875408434 -4962.592986311827
-2718.401390599408 4010.9836935823423 -2120.58329292736 -3637.9830604972985 -705.488925636033 -8978.381358399762 -6723.758032728891 5481.65584423859 9909.074592017263 -8586.066098167405 7212.456195608422 6523.148306964675
-9779.712561890976 -4957.982054810433 -6204.171508470681 5121.13144681383 3604.4472109912767 6388.004752120349 5932.117672944221 -6773.0192606581195 5501.464241480095 8046.478097206138 3072.279064725137 2015.7934968696973
-86.64702997833592 5633.441279902192 990.289288831762 6204.850504946098 -5585.701780515249 4685.30596092515 -2441.2106044107395 -231.1728196028871 2463.1856528136723 4181.666259076155 6823.114428429795 9218.568118661162
-5890.203735182798 -3350.1707876224036 4137.698502726105 -8786.044055027378 -9073.693159971099 766.5024154991079 138.05589006183982 -1680.8570047058292 -7128.139483215831 -3487.248266617551 7801.061542830186 798.3330976913676
7651.329254772692 -1517.2234826429776 8436.803482691685 2823.609126358868 -2709.063022063776 9395.928007943694 5845.728994658388 -4009.3376828636874 9737.803528216478 637.5260295824137 2660.79404669408 5586.267479975553
4895.199182975117 9176.031017938567 -8477.246069876259 -542.4948917338152 -6626.783278303972 8926.052462461841 -9882.244299822685 -5185.499899514159 -1383.1895445886876 -9702.363205677486 8108.220711669499 5213.416096609142
-1178.5709632724847 8837.869506614952 7757.705001053957 -1746.5031133241155 -672.1137992892291 6374.819602520769 -47.20915650322422 -4851.90542961288 -1219.7955129360453 -6924.8437035317065 6654.044829366951 1299.2141556035567
3482.5613846127035 -254.08630371963773 -8191.731681391811 -770.6724371152923 -9807.773719461182 -5091.040018805035 -5630.338697888912 6611.495385828195 -455.789497623211 9410.245726872297 -910.7392643616367 -1209.5327685202137
-1043.1309576478125 2447.334534121501 -3802.7429015485395 659.1720621808927 6777.73669606791 -8297.63193154476 9910.757690943537 -8514.971214978606 142.73813661650638 8538.190087639443 5462.507502066972 2954.17967103077
-1865.444211357485 -1058.7366782128556 -8489.37629161607 -1722.4326919253072 -6023.5822937901685 9919.090567398354 -3484.204891269822 -6187.2082020280095 6749.955662538541 -1108.8483501794017 7857.377306043483 -9501.93742914107
771.852103703668 7631.632784302186 4556.597138138752 5533.9195153146065 -2075.9343744534362 338.1711308801205 -8430.186470548528 -724.940663509049 -9224.46269509854 4261.1023304790215 368.68791561776743 -2722.1265824225347
415.70764838319155 8279.204396659141 5617.95267922703 -3639.701258422292 -6045.396838887927 -1629.199205273817 -1346.0316093886158 7738.991911614736 -3211.136681402638 -9696.646145089631 4485.532024067072 1592.0469295762814
-5182.082072260939 -6623.517945807025 1820.7593103898234 -8581.781433621883 5626.920660442074 -7289.732464119689 -402.1394993605245 -2296.805511225395 -4704.58477782906 -8013.437799840844 -9386.330941645529 -3444.2430979589008
978.0923898788733 2365.2959139253508 3321.4046613912633 -3003.7734494561173 -7265.920998556572 7519.48158754448 -5616.827032944642 6156.879500231767 -8063.278603611628 1848.9331470173547 5506.463012159918 8001.353490485195
-1313.574876967201 8356.58919186722 4291.048633869659 9735.55285864212 -8043.305599533494 -6722.9260447112665 -3812.460080679125 -9745.7553902696 -9334.619029704321 7755.759516663649 376.4342010320306 -526.198520477994
6386.348097177721 8662.069647100598 9404.816100437045 4223.451245861916 6289.884566546518 116.187470547462 9319.896470046908 231.95154553855718 7599.165756761162 8546.721120804108 -5660.239298685458 -230.30866839327246
-7993.060214673178 4369.809004988134 -9001.95855980401 311.2761387144619 911.3341703844271 -7190.9216263067965 -2149.8240172252263 1554.248793396393 377.6723512748431 -639.4339300647571 7181.974682050368 8597.11918840948
7253.170726046326 -626.4242379507177 -404.86756223255543 -6574.010699517767 5683.140202691553 1042.9098970190134 -7696.138784577111 2792.421543749446 -7635.919981747931 -5250.279916630727 -7876.607063630017 -5319.010429448889
-4514.549894403175 -9559.77514499541 228.03449294140046 5221.443623559529 8256.288069928247 9388.59552203623 -1916.5818453127122 1219.3562537906728 -621.1733603422526 5270.906741793269 -4721.068493100049 -907.1581864012351
7439.396359386505 -3869.2511156441324 711.7460802722799 -997.0780463931333 -4332.115352794499 -4104.833710880691 9123.081088335355 146.037909116003 -2565.500173100306 -3590.1373494918307 5957.02913168405 -6481.827094659629
-1732.2719256087003 6592.89597258094 590.0556281005411 7331.181104477313 -6564.469254529455 -9422.98592904688 -402.9417540725117 8844.48446693916 978.2201996234544 3063.665281600068 7715.011663078501 5003.277539724724
-6984.918137747855 -6421.55999629759 -4190.533217386208 9595.683102776144 -6327.770677312614 3463.884434815891 1502.8745870066123 4387.525520494562 292.7677720950687 3019.7673682175155 2105.275747110536 4251.457437335055
-5642.949717901309 2433.074156388435 -9674.488291191337 7156.295922300989 8475.795772977512 -7801.364694302669 -2322.1665959834636 -8518.977476392216 5420.60235073699 1740.7134248250823 6663.754207783662 9914.744938202799
-7805.32936594956 -2166.6727715763236 4767.417357507649 975.7573980087982 -2450.494574402851 -2983.277110335014 4543.824548286597 2401.957299298887 -7599.267369753676 -824.9103665882849 -954.3043678700396 9600.952584855204
5926.140344945994 216.44916151307734 1407.9664607907926 -6993.217433127501 7686.991472509155 -798.606234131732 -5359.444370198751 -1651.8523578362474 -8215.831729588508 3656.4424500402674 6589.088964372833 4458.009712378756
-470.50138857322054 -6409.862968217018 2495.886279313687 9901.92220691557 -7327.080425660555 -5972.979780289309 4862.212488910582 -9750.308446737694 -2376.390736846576 1714.14553949754 9663.475076797415 -4732.586964036152
-9377.767351369477 3995.9260344180875 5611.783404638047 2756.37439585868 -5011.07898175426 9023.001014081725 6416.6427754599135 9466.639543984205 -4709.744388211808 -268.2731054098822 5567.916190515489 8385.854919084264
-2954.180588991342 -6809.489804486866 8852.65913335291 -4488.385112855338 -6343.80633624324 -8578.442681419565 -8126.274079424596 -4208.473461621487 9137.970253321393 2121.828928048055 5001.579443242055 1480.4897315509588
-2316.196789818244 -1261.291416991202 2104.687766580595 5935.256857255288 9381.35889240423 -1669.3355801161179 3957.027718671283 1290.0962488869754 -6108.582924783123 1501.5955637144943 -2557.248651950812 3839.5233381410217
-5650.200793151301 4853.861514340508 -4212.5053260916975 -3572.7775327121662 7417.629088844449 9710.404192790254 -7368.731690647508 5791.169329606742 1128.2907954146376 -3888.5456981576663 4025.030202587841 -4874.8652248029575
6650.790778384951 -3740.915772018241 -2392.5884608387823 -8299.90041424475 -7607.552286127315 -8676.111253490162 7300.186693462259 -4471.129439319106 5060.055931084671 -7790.745754673138 -8640.854301275802 -5268.206315013841
-3896.2216493687474 -8000.030109025191 1642.4909668903383 2608.659877220507 9554.30327460153 -7605.590331495254 -8526.798887242609 8142.4818949952605 -4685.507449815187 -6323.519336837178 9898.174183476938 5488.684238468653
496.35585152544263 7476.309984247109 -3951.8086674188926 -4086.9294524996303 182.9679162887278 6855.625829790246 9055.75635091115 7472.380862516289 -5532.744861535286 8105.263356188167 5653.663658418498 -4475.76410164916
-429.4986991943315 -2415.2959273034094 2782.8982582392728 5552.059181640156 2518.7505087973877 -6735.251293693027 -6050.937542087522 9355.542418562807 8468.751325008816 -3940.7776604370474 -4369.309022655987 6860.3040579981425
-9641.28490404961 -1414.8782292082487 8721.913344159486 -1761.398235286213 -7075.910955863506 -8770.002624756042 2361.877078717487 3589.569602743075 6301.831898318167 -4261.159916555981 771.2181564909752 1803.002303094121
-8121.964762629166 9044.809524788441 -791.5025506943584 7019.336536407744 -7384.931923267435 7125.906662863421 8628.09726567427 -2804.083593336486 -4553.364786180332 5936.916561447788 1357.8807854459192 -8317.787537795744
-7805.725659210363 4644.273891318273 9092.850170699752 -618.5811074857702 -8190.849347103033 7296.827629073199 2043.7291505872872 -4389.377237381851 2356.9529858216792 -3387.02883490138 -9046.998775864604 9390.597425036533
-8235.231112294272 5196.644010471824 3831.1452231187377 -3520.551004029857 1086.1457448544497 -6972.115072620854 -320.87797167986537 -4686.0392103456425 -5855.291791611184 4733.460746674718 5153.515980551556 -3337.857856134523
-8136.202445044562 6479.713399546083 6595.599238450013 -4231.054110266444 -2336.2878846694857 5732.498239150827 -9009.323091005255 8145.48516183902 -9297.32801231208 453.56351804235237 -9211.908792229922 -6729.671231343273
7776.293801324067 -4185.379109742633 7695.9316274941375 -9361.883762062538 -782.4973576199063 1965.7664936114743 7517.2982261644465 -8237.689284802143 2716.373450949688 -9069.00105237022 7307.899948051767 9766.736861068723
5708.114513079296 -3847.945986671568 9050.6213002023 7155.064250110776 -3816.733214420722 -431.0915855418789 7989.78513702039 3597.1909047389636 5829.207857495832 7496.534677245218 3284.127525305099 -9379.52234837579
-2818.817951647665 -8236.609040932344 9995.075670773418 1033.7554501768027 9321.42481141739 1030.617172775941 -4923.302462163592 613.4624413812253 8783.049510043045 -561.0170945786867 1310.1756865311818 -2401.248738819344
9072.598691768642 -7331.916104491383 7994.6144532599465 -8580.444692727035 -364.5652499832395 -3294.5197806075057 5363.804328010341 2638.977127181579 9100.277518661445 -2024.9126178991219 -7091.694931066099 -5400.054643927192
884.3679509564408 4537.89527757906 -7082.754443520127 -8964.527013282519 8264.70646554327 8306.990190227567 5093.330142341778 2489.05345494235 -3937.486171907003 -8642.379337142842 -7789.286747167333 1090.9485604428628
8305.948066133798 519.6058665707715 7549.652958714571 -7192.15494022323 3344.9371179484788 -2802.387789387004 -1936.366148846918 -5409.064746793344 6402.963985130373 6674.4898714934025 -6109.98159338376 -195.14533536945055
1178.4049785149418 8372.670295091099 -500.570354974132 -458.19378644356584 310.53812431879305 -173.9954173701517 4314.958568134714 9071.157616197954 5785.678552278654 4519.09453131911 6155.293044570959 -4302.264171414702
-1021.0212789315483 -3177.2070959226403 9881.010775960316 2279.0945419344225 8173.81569083875 2733.1369162819483 8800.57060596268 -2019.8034594434184 9626.364469102646 -6643.422011726408 8569.137777355922 8566.284247939031
1077.5565500626635 8402.853935929634 -7627.021366431194 9855.03319407436 -4811.561146291814 3837.555744662457 -4783.186299367472 -4054.625329733223 109.25239369831434 3638.3744273794982 4602.065023671816 6683.025122233008
-8765.87680847217 -7152.804659853602 4990.223039273482 4877.731091554031 -4430.440214399631 9062.45540213236 -5311.149874740981 8412.664368279951 2926.1956754396815 5588.2014326412245 -7838.6780459678175 6819.9688491428205
2551.7933451815206 -3845.9188475893006 1522.6581645549159 -9674.754645615096 6808.930872387253 246.22474750402762 -4732.871732782073 6392.982706224411 8522.58728613886 -7847.303854204514 7786.1159228556135 -6130.0051284926885
-3892.295227768159 4549.354441938873 2936.170755721396 -1313.445289541307 -5617.4945992935845 -6472.499150889653 6077.742626331692 1502.7218163992966 -157.07290616918908 9057.226496170832 -1560.396609564361 -4089.0629487817496
-7708.387300517965 -3010.2235090153954 -4232.6810657442775 9811.484138676919 2186.9070100619883 3194.211140248448 -8935.85320104365 -5625.547806146907 -6317.582219257725 -4036.1943543391044 -5624.10509021287 7780.580799696407
-197.03428295320555 1859.1452550132854 6058.335784388795 8464.731881448319 -6608.6360432385045 -9447.798058991164 7608.624429242729 6120.812876006932 -2939.1380080985055 9429.835656074294 3831.1192528932734 4406.479675563964
8441.60868520273 -3447.029950029166 2273.037719705113 9718.118813235862 -795.8997095030736 6289.575282810394 -1725.6238939818231 -284.68168088640414 6522.933426097767 8569.014992787801 -9042.234258466306 -8241.070199743779
2010.8720878494587 -1714.602618239369 -9711.96461002273 6840.164112469578 1240.8526235504542 -5419.904665977717 9001.206968236267 6048.9297998006405 2110.0093710883175 3524.9080643595953 -5723.722462327938 -8598.250717988161
6720.126546840067 9739.205973584474 -5521.643720940779 245.9069354536441 -9571.381338694382 2642.9609021628257 -8510.977657909969 -2157.5726165476026 8543.083346493906 -2453.1040089244652 9999.2040400822 -3097.7682994415727
9029.847854148029 -1714.1740235527413 -7919.511219026894 -2412.6275219763784 -1973.2917841796052 -6814.488403195016 6167.717954084266 -5307.745583756198 9774.198415368086 709.8130715354655 -4.629675504336774 -659.356596403768
9838.912335225981 -6388.508865495078 6726.030597844365 4134.916772368593 2754.201905162283 123.15705907762094 -9338.984090948603 -5144.292647029507 1545.7623240676348 2583.6989511752636 -2192.6447481399982 704.5257248830876
-7590.582994986233 9226.246979289066 -3466.735149679487 9357.80443262001 2384.33214172547 8829.558362502066 -9320.103208765007 -8488.143748841201 -7600.686386579822 -2316.2573473615967 -850.2880998759701 -1628.1800511132278
7899.68314715787 -407.1068912539504 -7062.316900458381 -6068.957818230567 8014.807043004133 7781.016993515594 8324.425382050613 -8103.093173195308 1707.291537083578 -4145.450306912992 -7903.963729875964 5830.004224323453
5628.487108762582 9864.515509326124 5827.738165986693 -2150.718535996856 -2667.157311124377 -8514.869916138703 -1231.4462721252148 8339.2951942213 -5310.863888809423 -722.5247730513311 7948.449750945372 1204.2363931705931
4388.295851176414 1649.9416116710017 -1107.1181100433478 -7624.703431112512 -9804.168034841485 6371.654390072123 -2761.8689302887624 7954.953371237385 -2569.438050857524 4391.8050702179935 7491.1911702752 8900.878791617833
-1403.3677703920894 7391.743280847189 -1242.612367013331 9469.28974098205 7783.509005938624 -6483.6845296483925 -7395.26444214432 1604.1726013412645 4482.704006742171 -621.556017882258 7009.360996953757 4399.458271309692
9789.172641099183 -2530.852615922903 -3596.2180300485306 -5037.882565586349 -9799.824138536453 -927.1573165807531 -3018.2613539225804 -7074.834338325862 2011.3816434033088 370.30534306116715 -5707.7236595326285 7964.603033356238
1 12
8687.983438903826 6304.060338415386 -7376.360033822313 -7864.732623114503 4287.353325228598 2591.150386608884 900.8937066858452 3485.066544036754 8342.747106038314 -8555.849893849143 -2960.0931149765256 6374.579315467528
