32 10
7791.914096164368 -4233.553318664043 -6942.87326060751 5424.671287568386 -9385.364265744745 5676.138161547571 -5030.900408788808 -8731.102095496857 -3215.2522440413222 -9357.109374769941
469.18942754938143 -7458.713853163785 9341.652623566151 -9102.979924872412 3763.0015639879384 251.2325734189344 3261.045961216123 -4824.068320539761 4326.017132919847 -8715.829535129658
-3073.675201773931 -3787.1719011398272 -9853.315907711292 -7923.904104901811 -5282.164952346453 4221.657247720777 -1412.1090157864874 7938.786066496803 7573.1512458566685 2887.053107763153
-3865.8171121115647 478.945295254136 5343.090385608055 2744.0502925696055 3627.779380923461 7915.6046853921 -2022.4761057879668 3432.1998508777815 7329.397016506267 1909.5091654985772
8476.61548176538 2624.9223345069186 185.81730018339658 -7787.1660997990675 2971.3188895301882 366.1265090539073 -7965.928749956474 39.57558406255703 -1383.2192797881398 6599.667213236422
154.44107766829438 -1147.2501066234418 -4158.955113180725 -1881.2548875878729 1374.5001717970845 -9615.9072104663 -4572.570565627825 -7526.304519469744 3940.719881349629 -2948.6044928146857
6933.751969852074 6830.107140517051 -4947.35935721967 9488.452199815543 -2711.662331122755 9352.96869906355 -7730.547632747734 -393.6092621705484 -7332.767738508372 -7212.730681902121
-5477.032854748085 9752.727858702172 8598.36733245564 -4790.720015927434 5026.668398041207 -1529.7153833886368 6732.8908873120345 -2458.046852388029 9677.055577430736 -3909.0004394313246
-7941.747043894656 -9151.003343172017 8029.450183792163 -9028.953861023636 8121.258954423702 1641.5187778437885 -4530.542974899104 5500.91892216628 3836.092983666087 -7381.191614653748
3528.044390083476 -9195.090794208003 5967.9963131227305 -7079.876778833383 1625.170826997608 6228.84250244258 5375.067226007855 6021.349275075105 -1722.4866653268691 9959.984098688867
-33.71826340162988 460.84763743357325 3426.4242563158114 8127.589667145137 7637.813093703913 6553.643541222282 -9630.187963728642 -3468.261705373013 6442.798268558949 -1853.0705512170289
-8945.44375314436 -6399.163537990773 -6348.785239229782 6507.05808006334 -4009.2483967408252 8666.832446310349 -4940.621322064664 -4217.107570243647 -2761.1038948744435 -368.6361017863146
1426.5112096420726 -7524.378520836204 -1310.926704770809 6046.6172627102915 5199.102504240434 5856.583083994599 8862.643819150944 2758.036580217593 -2170.031813794022 -9863.997272310182
-8425.116726748527 -6337.363267795476 -5306.621144052539 582.2254488357485 5493.083921626183 -4047.657205149422 -7349.118909324912 1417.6699432115984 3136.0096991011724 -3108.2190427957876
-6172.550212351409 6017.344380568233 9278.940759016266 8156.21892378715 -5480.626087595823 5692.983466732972 6474.912008038733 -2969.990434820029 -7782.553414405038 5889.7399442269725
1224.318342679153 -1468.8270064421285 -1568.8307218283808 -8402.652048735528 5922.925437241893 -1887.5283500426003 6043.293566364911 9030.968055686382 -5213.921672624749 -4748.181322156802
-8108.015741080976 -8125.443050881829 -4232.819582121172 1369.9294624962822 3032.971146422178 2035.8199867425774 8614.208359302771 6815.705595408213 1774.8166801827483 -1045.8815782994097
1525.6087139946158 -7581.792183711369 6735.251802434806 1128.3485265118488 -3458.7789869966464 -7750.605171844509 7798.402580322607 1121.7992829227933 -809.6955802058983 -5770.0708954606
-6349.70142998982 7493.1968922581 -6205.845253719993 -501.3768506703873 -7049.727947327223 9325.030450092676 6643.41489891227 -1751.7006554067739 -2581.505068286103 -5252.404512254503
-217.39447669006222 -5357.034814913224 9242.35237924039 6193.0910506340315 355.764174766864 2518.835846107384 -7722.453964725522 74.91549178681998 -8361.496329561422 -4393.799921347845
2974.2886506787418 7857.187126912715 -3118.3051930343745 -5048.931818513085 -4112.689880574172 -2186.2224821414047 7400.268852127327 -5182.976565106232 -6977.9985445330685 -1411.7135537206777
1934.4379829575846 2096.921575766819 5348.692414082772 -3773.5931955925325 -2517.450054003969 -9164.339608233684 9713.693019771072 8448.468472863355 269.0925212774855 -6986.918267630229
5007.343897012002 -3199.8080466545844 -3697.2051404706317 -4210.879847572668 9917.232261559664 2070.900490423637 -7236.980476910242 -4969.66736063607 -912.2923503881793 -5778.407809217491
-7239.714252621872 8696.31754706151 73.15803248359589 9646.906080539135 -6718.587715355698 -244.01078918099483 -4116.827502140792 2136.388021601124 9055.93449630008 3937.550290256575
-1673.417369405166 -8373.72320553091 -7989.265924532021 7684.143588540646 9286.172454576998 766.3186718460038 6122.27438951548 965.0386417602203 7177.272462796333 -995.1372688815427
3683.025353902114 -4192.50993500367 -8791.67539716015 9262.912788624151 -6093.947308557215 -3300.0326667722193 7733.154157450685 -7742.028292594241 -3283.863400101419 -5272.56632993701
8229.714342059367 -6511.875661427229 9244.65248249983 -1467.0477266128873 3321.960125323414 -2531.44341108531 -2981.0433575946836 -1664.8977940888562 840.2601192580769 9378.705446573353
-7825.0297312878665 8693.972755838207 -1741.4835676997882 7534.544976869318 3293.2103549396397 9496.39091562303 -4214.439134376908 -6231.845212667986 -1400.7279876462799 -8093.745809813935
8563.546361553683 -7607.469313043669 -1250.687174922461 -6818.861572140669 552.6963713687655 -3865.9111495808365 -7602.501720802217 -6173.149657665146 3404.0957161562874 2529.4091538053635
6872.059480340504 5141.176291164147 -1217.6660468647642 33.51556781814725 2723.2910065624365 1969.2021534375817 2345.255187396908 -3858.6821452259646 -1572.5712316743775 -8396.219582443347
1892.6749673257273 7279.345682021507 2775.639598712596 -5536.799325271227 1497.4855808610555 5751.706332290301 6517.13835176652 373.0175275805632 -9651.615703214471 3385.8249629572874
-1092.4531508498112 6015.871002986914 7676.799574510587 3080.0368955187914 7222.275986898392 -4639.3727438458045 -1367.5712149414194 808.5706113919787 -2744.1856804448907 9416.569861108364
1 10
5410.744113459314 6441.496010491377 -5239.568224763442 6585.186326259707 9959.961552485409 9614.812699923219 8513.644909716426 -7228.879638784538 5532.173045426205 -4692.618122560614
