92 24
3606.3620597081044 -8939.042760269043 -5387.778028032866 3305.466804079335 -9180.165341564863 1604.5789322690853 -9622.418181812849 2987.3286972238093 -4891.661225504365 -6739.082455827567 9381.861509671759 -1424.7408259153563 -7974.620994093711 717.2094734732837 -6051.922765142408 -9856.729090310297 -6803.703915179854 8037.281624497584 -282.76366121377396 -3594.678316729134 -3703.93089074385 -1372.4852903562787 6085.742720560378 4560.362875090366
-9690.002323958926 8705.864047106446 95.2090992416961 7251.078228629729 -3964.9239546429426 -1637.7428016157937 -987.0799937354823 -7650.327960754377 5064.10841673194 7439.419132073352 9512.143328986407 9453.081387042123 -4825.646519806089 -5590.428776424264 1790.5002717719271 -1846.6085281222313 -1466.2855842775843 -2387.0442878297736 7169.364706316486 5253.071243915794 -8278.070067995535 -4963.316857113731 1675.481894328057 -8193.590735460184
203.02625719880234 -253.6293354331392 4532.920670696709 -5091.579540861959 -597.1334259320483 5887.046996240721 -7468.839641851197 -2452.443650625105 9860.676641740207 6421.768360931928 4386.456076070825 6161.332627387845 -9977.51411204497 6072.382505018677 3164.498240376881 9928.816333380877 -5524.656561222152 9976.5532435313 -2520.2931587356206 3938.8355764244534 2271.466017010531 778.9320884849185 -6925.347637232 -1624.3499224242878
5950.528424362154 -4403.3205388881115 -1704.1995268870596 5349.2993641959165 -1456.5755978751095 9818.332596146862 -4578.05699470514 2746.3213097915486 135.6969898956013 4059.5179962323273 -6529.381951068743 -3337.5703913586112 -8880.776705680353 -8397.26463624781 5874.771303752868 -5998.658762221756 9762.067601944378 2383.557139367773 2114.679308101917 -2884.3300560474063 -1430.8760495211864 8755.65276845748 7670.804867407209 1075.6827853504692
-5613.088343162489 -5628.0459848161345 9871.131051161352 1349.6018303043547 606.866034134131 -3620.461155168151 5813.4540853146045 7892.1823688822005 5737.542887103302 -3495.9378389315134 9434.123218264369 2512.837788756937 6147.0369523433255 971.527561774823 -4038.088381675917 226.31760465362458 -2420.11032583203 5258.375474978087 5289.317993919203 -5983.249155741551 -879.0860394923184 872.569203452942 9249.325498299855 -7570.810594273765
-9272.527572860374 -4623.854929152247 6167.420870209104 4054.0757837573383 4507.010749669287 -5041.894846469948 4417.005214631856 -7097.125884349704 6755.935611877638 -9217.958717705927 131.4830668681825 9199.06170280782 1918.6445800613656 2548.0419064483085 1043.5599662591812 1150.2662858763742 -2969.2629863711754 -2912.848340634224 4497.561812830378 9504.06395049531 -5065.101878379727 -7508.581635342463 -6564.6235918439725 -4464.670786589968
7286.187577183737 2182.5839611122137 5891.535878263108 -2751.841070346277 -5884.738762115118 -2201.4858089262825 4894.864404365071 4495.9350207390635 350.2034337653258 -1513.7620003881239 4057.627147169922 1103.9442696470924 -1047.9102625007508 -9051.159728598692 6127.174926931955 -4384.057743134375 -5079.634521661925 9387.740496534865 1197.6915781592797 -3705.9856341150344 1585.6888208808086 3497.0470497045135 -67.94883458079494 5439.743671081364
-489.01362773869187 -5969.072987150475 3408.823381094966 -1624.7842149399858 -6526.73055570812 -3034.187156586743 1595.9222125665656 -2776.237002847801 -6453.841658982072 -9737.28314746101 -8600.899660661571 -6962.315523331279 -1407.421612349508 -3589.998959355101 -4385.055702463321 -9063.922977520626 3431.928714823687 6889.461421817821 8816.807591271037 -9887.312774864897 -8313.209567914304 -9909.008115692637 5473.451406775001 2164.3048353968006
-7080.136008971945 -7797.684133889875 7926.374609929506 -3320.489552756185 -9646.123770239243 -627.0305882345347 99.17243864454213 -8261.25031649451 -3753.1122602391306 -569.1972912580331 6769.947482858413 3112.7684521817937 2057.237453406984 -87.51649215196448 6411.816770614307 -3926.026138386307 -9359.867456816408 7788.853973697656 -3402.3115567182667 -8960.840231223698 -7422.772667353351 -7590.783956738125 8909.53565802233 3579.545255306386
1035.997044103291 2130.7078452633377 3284.402026566575 8086.633010320074 9127.921380452852 -8650.088632909308 2067.823243524923 -6787.034409847983 -1320.9826715381932 5288.357541422845 -2621.3623885955385 4558.703313873661 3377.682047032775 8844.287522463987 3085.603709347799 9751.58487200669 400.07398869360986 1402.870481431357 317.69962618249883 -5613.864666064028 7549.630970640686 367.5465235693773 -1520.8985143094542 4724.391966461455
9422.60060206876 4928.09350274493 8262.980553569556 8369.546894410887 3194.865750166795 1527.6429670033958 -2386.354356929485 -2837.288614265054 -4160.25471473281 4223.162836537291 -7824.5359616131755 -2856.741024049463 8624.865518533603 4924.520197994752 -6339.7478785446365 107.72828696774923 1301.363315071114 -1479.972618220565 -2182.9545602674407 583.2518020854677 -9409.342707633748 -7690.798695827208 -6966.434330072584 3761.0637717312093
3043.3038627932674 -3992.4450783202856 -7704.0309372095235 1973.1314931156521 9231.139456921148 -887.4440780689947 -189.97351295943372 -8506.163635288118 -7794.882078187806 2525.494311636936 9402.173142993412 -8701.840345142611 -9109.293120206685 254.16802972787082 9656.228115358528 -1143.0666147268257 5593.036429966962 -4096.493485853137 9264.485390454436 -2942.5792187335255 -5161.055312538782 9799.259125303524 4047.8606209767695 -7514.489899774848
6153.226565146191 -7112.413671535511 -3568.9636272231646 7004.820246425454 -5397.384258788958 -3792.9754698471534 -5441.901785435919 5683.476533229539 8020.541032569614 -7151.532788602981 2418.4607809432346 -4150.52710931934 7086.71436184883 7800.619512673482 -6723.677733008118 -4949.557828580598 -1309.1353820333152 -7182.469338277931 4975.775254489485 -2709.7819626658156 8659.711879210594 6372.962398529207 -8867.520449777236 -7838.297854697243
8204.04152356381 7978.009561237479 9393.504987725966 2337.50099792736 -4748.384442978952 -4233.091374426556 -754.4948298347226 497.8316355638326 4577.083509695543 5942.005269323405 5622.914481476877 2103.404954917607 4379.944594391398 -5335.223084487002 -128.66799857440492 -9583.042994485704 4774.026049379361 7654.388033727697 -3943.6052567387933 1239.592981056432 8809.897492815668 -3977.151228003948 -1506.5646077334914 3636.3174958064337
-7515.546027475848 -9857.469526807903 694.359029507812 -6887.200878563822 -1579.705730478221 -1751.1796868198908 -2433.2638321000477 8163.374305901994 8077.070131801796 6840.255477367118 -4195.946834587059 9840.395834467705 4240.508014668705 -935.6375488470385 8062.957498068932 -4998.563296866771 8505.073913408894 -3594.830850090103 -4227.791714301155 9378.47640452857 4133.066916993983 4972.152355375603 -6476.083984113441 8289.51214143261
6528.674659293993 6213.294528576031 -9333.766196492907 -4262.934572221291 -2767.500926037227 -821.5990962080505 4288.128353005131 -3221.109559127104 -1438.688212758636 3687.344306744195 -3845.9842579244105 6958.05757024587 -7464.173635421709 6072.027304177271 8966.363743313443 -6121.712258854657 -1138.1045930512682 -1222.3529576842557 2692.7873238668835 -1626.1554517950208 3846.8335403577184 -5641.8603465609 -617.7410674314633 4921.554386327856
-1134.0211848991075 9982.629746250059 -3871.738455782578 -1004.9406127008406 -4949.363476484481 -4640.715601862784 -1539.6063969001752 5285.136724278242 3630.3628670874805 3086.9760060505378 -2508.732509891179 -1340.522893802061 -9586.258996423378 378.87610254347965 -4302.954780461854 -238.99903718269888 7437.607480246279 84.13620576207722 1784.9808475047357 -8096.125216797585 80.3307688185505 5798.1184765240505 -2721.48807653311 8076.773005892752
4650.159685143064 2426.225301451681 6002.197695988778 6304.791494803481 5184.5911244454655 4743.3218592515495 -6757.387104532444 -9680.116729077416 -1360.383105377654 1083.8297340529207 7625.450321254979 -2765.1630582423195 2949.6802507875273 -4176.839718779653 8807.970248633705 -7082.197582167655 -6755.856248710885 7196.397495594443 4024.0026375516154 -668.8791685475389 -7383.573395036909 -5154.646937990315 1454.1032364041112 464.883404789427
6896.83657028601 6689.964106875512 -4278.900267930752 -7032.373206167479 -2315.392661543294 -647.9637991193667 1024.9117223332287 -5601.339655333375 6610.845352966742 9637.948174689722 -783.1292131187056 6358.84023863191 4788.568915572427 -9387.401001064629 6767.402602813858 -6035.169775768627 8242.025761747944 1916.1436028067728 -3694.771758408917 -2622.3606532933054 8342.769369581045 2722.3709076566156 7230.526984928805 1279.1689495452447
-6352.435349513991 8140.162520061527 -7299.253953081566 7714.940119158731 9748.15183217881 7303.421898279757 3157.6848825702436 -2024.9701133875878 6947.356065322969 -4402.332637920017 -446.69251716908 6043.009939507447 8334.228516431496 -7744.132034200484 -6990.32770492139 -1192.2606622407493 -6514.920837052403 -7527.911237805613 -7799.540362206696 5555.588214960237 -4081.599104696076 2933.878898901552 4048.342466815713 -4205.772160361947
-6760.038584673991 -4201.835483007281 -2026.9195558228485 2617.3955321995963 -2622.8565986536114 -8684.515061422446 -6590.94556538474 -5071.494246269672 -1120.237439909044 6158.845859278879 -3409.538965676793 1100.2340545236038 -9678.022552735752 -882.6168518239356 7027.673632001839 1149.0972978598402 -2477.0523456600804 -4837.201016199102 874.0057676066863 2696.609580835335 -9176.855643005603 1492.2600579721184 1515.1691503764869 -2973.8300651338113
-1561.4464317121165 -311.47315724892724 -1924.196739028217 -2778.354938969276 -3894.6842769621708 -8981.309825653032 -101.38309787652543 2868.2058365738176 4310.945679727636 -8202.032681692071 2468.0451706544754 -4540.522716469968 -2453.2415431369454 6827.654682753626 -5551.427619758569 -3923.957142621841 -1314.6112041805118 5926.638686467695 2943.421649643489 -6923.065382103797 -6278.556309447813 -9692.210323343197 6477.3361427074815 -4672.592113772232
3646.889960918412 3867.3506982474446 4598.950809296111 -2416.4906001620757 -8296.419513021166 -1451.11270797814 -2363.30158938145 1727.1725036669068 2806.9008797708757 8648.315822471126 2738.698101912809 -9763.756177120189 5099.2215308509985 -793.5782469799269 6164.714629144384 2291.382419162417 -8490.243427391884 -6490.509468021557 -473.6027579715701 9529.352287688816 8946.232216981465 -8403.246982927783 -3266.087895199874 8466.720121613285
2236.1645843993247 -4189.124695854751 -2692.3880245539312 1574.7677436141912 -5851.799601316497 -4191.970204688489 -2327.9561652733637 9519.572708711541 7599.838851881279 -2017.241099120719 9305.39011630537 -7158.611549396092 5083.721183504964 1325.1491993626496 -6583.081955049368 2265.14590842932 1244.38550869159 -6754.168164060404 -6452.032011007152 -4291.006943429554 -6569.246405025071 -8536.129520155742 7295.4814121571 1727.6413047178394
2157.452065321644 9758.51886396646 -4578.264051668375 8632.91429739308 -4498.740147406502 -6228.720835736807 -4249.349025093554 7893.530592868254 -4973.2862029231865 -4185.6720303515285 -4985.8559069705625 -8797.852512017254 422.7836571326534 3466.5357719220065 -2532.428889839258 -6314.474503058476 -8653.394162394883 8419.647149436085 -1460.0531768650944 -514.6056479857507 6427.859748487412 -6274.972327487613 6871.890772484512 1224.342112911987
4648.831040157735 -2128.4478313980817 -877.479187698229 2370.4413870583285 1915.1644003607908 -9290.500286404696 -8201.138925522591 -3962.3663502053905 9904.08097664551 6131.884221282062 -9197.77328799236 -8061.204020184629 5425.006473166635 4568.058900112126 -7019.996733482057 3318.147569950381 8874.882862999373 4372.174531452745 1728.407541273371 8790.67299348037 3973.802866399634 2897.823989713077 2988.8016169595103 3646.8646914060882
-7946.534950268771 -8707.0392955365 7616.402830257375 5788.822503765221 -6323.500492016196 8864.458197367723 3226.641717902259 -3999.0064216710516 -1327.8289516468249 4481.070185781233 2810.3579085768743 -327.623411097984 1234.380277727405 8972.629946338926 -6287.402616339655 -1102.4226576452656 -1391.8656512440375 -2204.380576382927 1333.3831777289997 -9958.143050606495 8734.755305359817 153.49504902951958 -1492.0484113982693 4112.619139890907
-9997.612785840483 6815.882774380669 -3486.398898123557 8672.833514181111 -6491.531662391479 -9283.4376023741 4273.842310764339 8301.307976437445 2772.0502676423694 6178.846980102366 461.48874832833826 7973.721122897692 8768.595112166066 6788.790764196059 8780.587745606947 2203.765787330616 -355.1955414009699 -8406.696411994239 7633.09778263067 -3301.992150193145 -2885.258722188504 3379.331137172674 5711.511072325497 -3875.635482084008
-7079.941186796701 -40.85906352645361 4356.752108001436 -496.9511398316754 6293.989734626324 -9607.264659574868 3848.2747517275675 7369.331105801448 9140.250441606498 5268.040112784105 -2375.4489759737644 2076.208050884854 5816.044535366154 -4968.865456448901 2515.247448672031 -8820.283841315464 4444.892627392379 8459.450933357894 9338.854558392446 -1098.1248035043482 4703.1682558568045 1281.9644149933356 -8363.232647884437 -1794.8135973999251
-1314.5362759371747 9776.946200935206 4002.1270857841646 6648.347317805768 6331.4834500504785 -5795.58564879439 -4242.286203691803 4857.14105433389 -8272.077322167439 5450.410639467942 -6864.156448619036 -1572.4308784261357 -2272.699632015305 -1121.0783352491435 -9332.60039763666 -3221.293369444862 6842.481743173717 -445.37982518561694 12.119449751480715 -8614.360696626269 -7317.01898944437 8212.377147142004 -8728.826650670584 -8338.618242147397
6440.351760361918 -1077.164809548678 -9696.6019090522 -5835.637117732346 3243.793821088657 4552.162942766101 4178.69763802094 -2178.9004968105273 19.218356907967973 5027.627582915455 -2924.191451517837 -5260.081874684479 -6549.475076103592 455.8792003388662 -6117.146568205114 -2329.710983421909 -4737.261251861027 5652.985203098615 2351.6234943777763 -9778.92918814907 -2981.3842704813087 4943.19309643423 -6584.715299822634 15.993357754943645
-3513.856508742848 -1594.8181872192017 430.5594793307682 -3375.6272043860026 7006.405522101155 -4447.856174200113 -6234.163052586204 73.43904349111108 -2042.2584398274294 1260.4037350725757 -4969.092038879004 -2634.886305599777 8635.802468383194 -6226.862517205374 7285.247224670329 5097.865148199044 2198.8178581500833 -8908.73731515141 2903.483533546796 1048.9269587382696 5748.030689688381 -3963.1598481215133 2019.6411461050138 -4595.484865555235
-8264.56800366886 -4149.264254635569 -1526.5228199518097 7407.907884451575 9676.597060499913 -4828.639809796491 -4649.98922248445 -9960.92042465146 548.2184045296908 9366.150156225354 -1253.7211872988228 -1294.6753985065388 9100.710124814803 -4838.56234673792 5589.717002472722 9637.36398881309 9465.055285926806 6384.219411794093 -7330.595038127858 3151.8589073464736 2730.346657508657 5849.3566593354335 -7694.226187040101 -7612.287046666837
2187.4311086305624 7267.603550520227 -7295.560457925805 -2226.127762938272 457.5908822402089 -1444.9765419808627 679.6692854150224 -6781.722709669284 -1833.1166554406072 -5892.780355270335 1209.0671458203524 2890.051393825166 -1843.027536510147 -4635.167766898485 5456.4259317671385 3961.50041631133 3551.0346585128373 -4972.912221339408 9430.777340460623 9473.488590984281 -735.4264230327317 -8608.444815801096 7022.139617821791 -9303.132367868673
8141.657246437138 6679.233909883405 -1581.0737159640648 -5969.709810508639 199.80469209853436 6472.671039528319 9091.689269316495 1910.9010776286086 -137.9155990182262 -6974.698201089002 88.00211440232306 2810.5408740984003 -2259.739930170892 6799.731560476954 2659.9630955291814 -6424.7705735687905 7062.6014778035205 -5576.517430231093 6026.295413774711 -451.09118247159495 -9368.692997205873 -1625.9000437719224 5485.8360616316495 -2880.033954238259
-1961.7288762685803 -4550.825685797275 -1305.5324069803737 -3946.1999929165286 7327.789271208087 2394.031015363973 -3174.3227148963733 7292.196906227564 3115.1992642311543 4558.908008309269 1584.9282009276467 -7501.787948608516 4992.299941811738 -3179.043531164971 6278.964430536511 -1737.2585215364961 -9178.972168908476 -224.48760723286614 849.9843355180765 -5160.89671356921 -9977.273615608547 -2048.4612762629313 6290.736203737364 5670.4421827658625
-8115.418787723327 -8553.706851546072 -853.1641048518541 -6261.1986035281825 1440.2499379069432 -4183.567909496606 5229.326131270947 -2723.277968312321 5954.129348675489 3632.895138031423 2815.388734239823 4376.909188863776 -2971.170149418529 8793.289238180281 -1736.8786584737754 8340.210806745163 -6208.478308103764 5472.992106184354 8912.188954846442 66.04753200691812 4507.80460153015 4670.833065787696 9491.607424696118 -4557.782428565909
-5520.973454135716 6251.114648442694 -1613.7392046195928 -7596.910154787797 -1266.7436691244766 6110.608185218338 -3477.9914797991914 -4034.1431890243302 530.5590063876298 2799.7990599325276 2327.0659119548545 -7009.321024672797 4347.240676781672 -5725.563008589476 8680.482922142739 -7606.562939015264 2657.1449181871485 -6619.764148728513 9782.60202307587 4888.098962144579 7867.8169550078055 -6882.892344074995 8097.7522840663805 -4565.873083310415
-8796.664886569592 678.1706523126522 -9770.983047727836 6573.30207863024 4195.771426038626 997.9193093813483 7674.154809653333 -5695.922292948979 -2220.3195927144943 -309.53190524398997 7593.238260804166 -7870.672986240523 -3610.632625633063 897.1475828630264 -950.7767589595733 6864.888966052167 6132.246066198972 8865.013196455937 -6907.913524433285 9801.710847409522 -9268.209506692549 9544.078094650515 7409.070621969375 -1215.2057885107988
1994.586440857618 5913.751872360961 -6584.3043069501455 -9253.582278568254 6163.783702861487 6985.933639035982 8951.746491461676 -6700.652729711894 -4153.207932826235 1339.5913773758639 7502.208107135542 7779.377274015267 5750.533078215467 5386.609801201783 -7768.520815128535 -6681.636572282283 -8593.350852903895 -3125.227498907033 -8187.165066543894 580.120419453724 -6412.558569648739 1983.7040924790854 5411.90676092498 4632.436174022869
6230.5005567318585 4727.135156056471 -9789.633238020979 816.24606880805 5881.515381886882 -3490.1074704152443 -1248.0656227361524 7217.811521594591 -5534.227791978336 5461.39287416554 3316.8440894592677 -8557.353721024314 -7740.152149575725 125.11019525772463 2371.2657371574205 4772.568594351696 -6975.99730164117 1352.558652841506 -4930.021640003619 -4703.837563316013 -398.15639259182353 9275.794329464883 -3008.769012855164 -930.7239812032913
1206.6705270537423 7917.642805018662 -8760.27465106086 8808.010983500444 -1815.2703693287876 7595.281049566438 -3952.8113248425707 -9225.086714493762 -7911.257916234355 1921.6577507700877 4368.729823236119 -5001.240088626872 6804.4831272395895 -2819.1261444476722 -5327.887495715398 -9061.65785941902 -9870.317566219019 -1922.3715231849737 -3634.0982810233636 -8845.58258532125 -3042.422092409407 8275.24006078357 9821.633955347708 589.3604861690928
6319.756313534943 -5501.771238732662 9818.158855018766 9844.330232750464 -5360.295840727785 3217.313507490655 5449.709682687659 -9980.079416551755 2652.943121361621 -233.83437862779283 -5154.087714719531 264.0405601998409 -2003.587670906115 -6666.136111984393 -733.8696494483465 1737.9201820562357 4051.231263511094 -1110.2294776427589 -1865.9755790575082 9315.882121099628 8555.59350874957 8210.620824009897 -7807.5846677833515 -2323.765104715001
6591.969260390579 -2016.0802796349953 85.81509284841377 -907.1000010689077 1282.3062262769145 -6185.49195893324 -3506.9672637494095 -2892.232450382581 4501.8762880836075 1929.913166291013 9273.097058701664 -1783.6382086350059 -3992.802874586594 5489.708444879569 -2125.1293684305383 -3186.994278369495 -8643.99137962792 -1150.9770698186876 5311.956909475433 -1114.5894128380369 -7302.604351715372 -1684.1039419483131 -9342.580133537194 -8817.23331101616
-4938.484087645087 -8002.492795787355 -8278.789608011073 -631.289977555889 -6076.526407244364 2799.503071602514 862.1369242518304 -1332.5789729038024 -4175.818187266047 4841.2533280193675 -8343.565355534422 1895.2698188652485 1481.620636326843 -5213.832645055733 9504.109469812192 -3573.7431259949726 -5399.243387338566 -3244.4618044808713 -4851.6889988521325 -5228.13895858103 -4090.2952088593383 9201.84194440483 8928.49466211673 -3888.1036646874345
-8351.887922220396 -8336.439451648754 1020.7784903758838 -1418.4931674369254 -4916.446589122148 3513.6114287201162 8518.942737719372 -3116.9300018277117 2610.9203174020276 9894.829781429424 4085.3409127817395 -9049.799639346105 -6760.5668484345815 3297.9262959749085 3400.0141030696213 1156.0318105938786 -5835.899584414019 -2431.33277759656 8266.240699370806 540.5248529901182 -8463.19274121834 8478.705157143115 -7406.143841557319 -4631.506105153229
4664.387193793011 -2961.8602687572547 -6098.801007147911 -4229.3988167532625 -7438.006609831311 1303.6695382766502 -9907.38833647439 9388.339341697105 -1095.9336133884335 5761.176693054173 -3559.873429679652 6331.387063242551 5802.6327238320355 5121.148721449841 5340.832580878734 3067.9644083385683 -1858.7346343594736 -7978.221008763011 2295.4631807928945 -4939.058803895981 -9495.732651069715 -4059.0463539822767 -9549.556147432702 -9611.61741526793
3998.8766364011226 2319.2960704814905 -4038.577550866172 7224.7584762918705 8983.272972441031 5135.452655068953 -5834.502423457533 2068.0324369322716 1238.9277274306296 -1380.4437118927617 3021.7293586446467 3009.987332061777 -7434.938470779657 5064.633854637568 -7456.601513070258 8192.180250507856 -6.553614659676896 9627.122590992582 -8240.566486356327 3318.6475768244472 -678.4749317065816 -2946.296339460706 -1382.8708276423713 -3101.1575066057494
-3597.232387587077 -2729.4077125888716 1640.9223980523366 -9102.546798312258 -7658.485409448288 6302.487521392601 -1892.942763087024 832.8953185195205 8648.19950285635 -2100.8458722296573 -7386.00386539246 6295.862496164913 8537.070706543309 7302.024205197911 9816.956507403123 3757.45921631037 5917.097073974868 9433.32178995161 -4943.085561040579 3245.5408699437357 6024.785225139947 -4328.93901572027 9161.716342807089 9938.228721066404
-1342.8044949268806 3850.635036578451 4036.378351214951 -8652.656200149138 -5371.038101336849 3008.880833543286 -6528.648875996792 6625.337766798002 8349.233273264828 5454.975328696924 -731.9560049794727 -5269.701597466119 -154.16255773736702 -1200.211710198946 2667.301334514759 -312.01365773530233 710.6162466561927 190.45361716611478 8577.755054493246 -7541.730148435539 -780.9046713252847 4988.87412058207 -360.2436885820498 -6066.5442393364
-1710.2245499086548 2371.151604715469 4543.032377992702 4437.944863056882 7050.544459998582 4368.312554381246 3617.1668856238994 -7484.545990078824 6992.484214689073 -4643.838344848396 8092.914470625845 -2617.6063011429715 -7980.966754173271 -6319.525318855858 2437.6598864256302 -8459.587707323324 -8540.11321632526 6495.173383362606 -99.77899325457474 -7329.6988568012475 -3103.3075475506066 -3465.989834716749 3239.786795641561 -9673.12671634871
-8259.814178290157 -6111.997178269165 7308.924790237372 169.2924440471652 -1919.1307056046126 4377.388897107769 67.57805519211615 -9832.159494185038 4032.716594379588 5236.1276899684435 2342.6520261302812 9579.435045904775 7731.48373995765 -327.0744531966702 4586.416233938611 4901.062195935154 -8870.111659668413 5151.192594118738 -2956.2339902551766 -1378.7771717317664 -7089.4120063638975 7579.212253397236 4828.625825283083 2635.312653561805
8655.364705449505 -605.6028460160687 7831.840836345938 1613.7897363195352 -5602.397603576492 358.26345450496956 -5901.666215227124 52.96565883629046 7977.88222133982 2789.568452223548 8411.191302697269 6534.943695969756 -2568.584065711343 -2758.4657695671885 5637.379052240276 -6757.295164996253 -1328.63086920985 -6947.315216079654 -6140.065167047981 7386.9164554379495 -7641.525333609896 89.15014099285145 1416.9127766249549 -1114.0415873468464
9559.235374778451 8878.982536770993 -1584.6182388138768 1180.9851103681794 3967.8325091383776 4753.748859444209 8107.351100515869 8951.641259163625 -4645.576248001317 6562.229444710676 -6830.475673843568 7751.872393395977 166.22685519443075 -8284.911867822282 -3748.097413861111 -6253.293791979606 -6025.629391359215 -6060.273191164111 6894.014418802413 7150.700481394801 3973.087067824985 756.6496842875822 -1385.4912950405087 -1291.503774397599
-4438.904436488287 -4458.947138196805 -2800.0842507111456 -5969.376858489657 980.6337116955583 4312.475020734993 -4626.9129117028515 1679.8784002809516 -2126.4182853466164 4100.718038015257 1263.6004930411673 -2304.7465717299656 8433.69507716507 1442.586688155996 -5303.496641318532 4230.9257183990685 -7994.246999959573 4812.6669401941435 3704.293012571361 -6853.54850338993 -9935.782775006992 -7206.827150394494 -946.3714601529009 -1366.3978358536806
-1540.5958677411327 8649.345953561486 6372.992888592689 3437.360512604835 6934.882002209557 5181.1715520943835 1144.7313022393791 -2046.485853531366 -7200.442127090112 2923.4317286967 -2793.6564095519016 8528.957520579592 2781.816861064721 1894.288815827762 5944.5133190682045 7785.371329643825 319.58514447948437 607.6540631756852 1626.3284394025395 -8501.463918078056 9652.780806873998 3337.907737717229 1808.9960178698475 -5474.060658615745
4864.947848068317 9375.853295189641 1234.6307401033737 -8054.648986152453 6484.431924262011 -5558.289351039256 3232.739926320686 3205.2584171275957 7123.826824819935 -1751.7787970489426 4821.681763147855 -7773.199764302137 6424.923981388845 -3789.7596438715154 5416.579289492247 2633.6931010745648 6626.404647441643 -9100.757047659055 3377.921218335203 -6292.680783091611 8158.657401282813 -5940.871595027062 7409.429602639062 -3662.9962301827736
2690.0090761095526 9928.723106004738 -8505.713586429772 -2132.6595551457485 3945.986561976926 2103.350917172753 -8384.012488348984 7579.001528396413 -3382.4046174968544 2192.2766939995545 1097.664520502076 -1408.3355276667953 -4457.328443559753 2844.6956696771304 -8946.555116890733 -1150.3730481221864 5268.052221518779 -8203.456228171599 -6492.607034309809 5747.740116793608 -1048.2551451309719 6336.519740547128 5270.6115229757 -467.5935852969342
-7290.095651094021 -3841.412760400369 9837.609894763871 -7071.659617289827 9829.236050269934 -2092.050963933938 2285.207835092373 2680.2857774635686 -4187.861135331427 4827.156281446296 -4786.199691221602 2050.4237128687455 -8000.223039688175 8706.405735352888 8819.494565319983 -257.74005469619624 -4606.212407207653 5520.789981074731 9736.4639888938 -1010.4890458820446 -5320.081156219317 -8754.750544207089 -7258.9347081348005 38.562094471421005
-9112.491027980715 107.07440190693524 839.1509109625222 -6839.7589248235645 -390.8563965357789 9582.373793180232 -8369.98381988808 6915.361882276484 9427.864817365353 6214.863692604033 4713.146378184227 -8439.396782802452 2611.106417323639 -6870.708999446991 9987.796702112035 8203.567325507898 3828.730434385123 7204.843158871401 -5168.062382504688 -6438.820595191186 -1987.4950707114313 -5863.428923562155 748.3107031823783 -4974.192924701572
-985.8407390863285 26.764591960904 2646.7002384924217 -4901.841471096118 -5414.530210701152 -6393.213372089528 7590.204617786287 5527.951961123525 5337.535506820901 8871.510535403879 -203.3243939671429 -3166.1430984463277 -512.1151555286415 6099.377043330018 -9700.01100289535 -2319.69685083109 -3736.994355627079 7944.885331837617 3197.6186173750993 8885.136700030376 8974.273893907357 8771.595212657805 -8327.126264747352 7719.097472146848
-3736.7927808379254 5902.034302296081 8686.83039918472 9106.195364454961 1858.8584938623735 9306.404431333714 -1901.7527586569067 1028.1058219357037 3176.4646950990264 76.04684444549275 2830.102360057359 -2679.2419287586936 8049.502092432456 4924.015848236209 3321.7042870813457 185.07081681611817 3632.7779120734795 8302.386842955839 -4120.785046303228 -5811.365793826617 -208.63104249691787 8724.243129613864 9909.68922190182 -6712.031229847997
1485.5954564403546 -4726.521515155546 -5588.457620714677 7144.903618004653 -2441.8345111614362 -6981.431721999612 -8886.534060443662 3060.9155362697074 1763.7619847567912 -5350.098187887123 5607.133228251991 -8754.780804080361 -5840.846571593228 6580.601318628611 -2256.1075229864327 -9462.891366263337 8456.630289456141 -5676.315938818281 -7538.1145595715425 -6376.735536353906 -4635.800309374376 8950.986006580268 4581.867018348721 -1106.435071282156
-4570.4820135421205 -4698.801555157417 -9095.393408738513 -8454.211739693634 7775.5804504938205 -2592.7264087509047 8934.51589580029 1823.7976526892417 1397.975424186703 -7412.620483982175 -1541.5558833487357 4892.938666023347 1897.4360718127882 1398.4755641488246 -4877.737085202904 6624.3573772736345 3956.3807369790775 1471.125507606941 -1924.5762961397795 -8654.35560327783 9258.413282839505 -3114.2401380720994 -5192.200543590053 8841.71709853984
5716.507739798075 -4781.237788926549 -9839.517215931866 9518.702519606439 5633.425253584941 6181.3588762827585 4104.574178175468 1566.4276748942593 4845.554030224472 2364.1831719426355 7041.843763199624 8146.984404466319 -4781.75232940782 8965.167166875715 -1063.3634923898135 -3785.910582767029 -4851.335831123393 8141.363175858136 3683.756875683983 -9846.82022403528 -2605.150722376302 -5043.642656744869 2242.7809708275818 -2957.616615391894
-5256.114647150749 6886.300100032346 -9359.487860227442 5008.767993595702 3688.5862753939073 9734.568411171655 -7781.636207445739 4405.832739215924 8472.623078346573 -3733.510344301456 1865.8831472068869 8941.848777463889 -6677.365243968647 1687.9146272084527 6752.354152319196 748.184154513865 -4921.484070043165 -9013.142272298239 6539.2317748619935 9966.748601405503 4634.299823203857 -2529.9888772625727 5766.6905624317515 -8227.503389828704
1336.194677870728 7031.438086299138 2662.2688914254304 76.08540782988166 -1649.1423241840457 -7131.610237784922 -1228.5873962347196 6869.69145584133 5074.986895214646 4399.366365220358 -1976.28048854616 -1309.8936517240672 5284.1265541569155 -9555.766307445825 2401.725689465846 -74.59247079598754 -8402.80871319881 5539.994077316564 6171.344320540855 -9557.693779736495 -2559.591862626673 -5331.469993780833 -612.7440577520465 -2033.2475844544233
1413.9894740997097 7458.452763349178 -4108.838364989793 5542.56928654191 -6147.953026500668 4661.605301342644 -3503.7991482697817 6823.389448079077 2375.4681107482975 1660.969228767226 335.7254570799323 -2019.9671149680444 6121.014168105641 660.9499361226881 614.8697019291394 -5325.802182754371 9624.561898171076 -7702.196126343019 -1816.9401905703198 -5534.6486205767005 -2349.0543891970183 1789.7194933573664 188.47050642077193 -2675.7816550277403
-4651.047698494192 9477.13882170575 9717.464346238812 6793.05083746689 -4362.7334629641655 -8497.174027915475 -1784.0300498726738 6681.6181757892045 -3516.537545756609 693.0848818100694 -1647.2725104560923 2327.6154526605787 915.6377167077881 -347.5604235918436 6420.281918097095 8758.64089048115 -7353.367841633604 539.4534263850619 7146.339069537415 -8512.371956943101 -4863.168185728786 7215.905855927209 7715.662354955333 -4133.27278389529
-1170.3510160060105 6349.969911811977 3180.010717711475 6761.191586409033 -2575.094809147553 -8764.39547077927 -459.9222998584901 -9246.73847644815 -3004.0714088641107 3005.239174376884 -2666.1468330421576 8466.48532140463 -7170.363648997587 6647.087008031176 -8877.558436150275 -6713.279254410445 -7875.021658520523 4833.703621277535 -1577.5567240357996 6239.293857144126 5635.100040584995 -1404.3526147925568 1174.0051416661354 -5913.134681445214
7118.507885415293 -9786.420788559626 -2674.6880488051293 8254.846228416238 8339.54540053198 3636.47431375624 -8838.199732918456 -5810.704575252541 3025.2549445844706 -8986.876031578817 9125.060197347273 -4480.831716484599 4477.998428647994 -6509.789051798556 8000.517152624845 7002.453554429667 7958.527674409535 7056.074847431944 374.34462947644715 -1569.3115517058995 -433.90250452276996 -8474.662888131741 -8598.821482503436 6811.41254153816
-9984.911814018746 -9932.781084660995 -5365.943397361821 8706.839743634795 -2755.380410639339 -5127.731688226496 -1928.690768275449 -6258.528289783781 8619.950205641631 2424.9029463951247 3365.953453128852 -9041.009589730058 185.13946369311816 2286.865895560699 4940.931425899891 5982.448902373735 -7308.969244840511 -731.4460898318175 -8191.174062108781 6115.193202670676 -4123.819645689339 -7005.572676800202 8590.151936807568 -7303.800864633782
-339.7877878534109 5392.243277181557 7376.797309381953 -341.093434160417 -7782.826565053972 -4571.295986476062 -4724.576998597154 3911.3298844670735 -5161.693177081428 -8233.744974768313 -8364.08915526895 -9795.328648682942 -7346.637303097578 -7398.520573835294 -2515.3443015698886 25.413409745762692 -7960.854173106649 -1996.901307093075 -2955.3586504113127 -3057.139912834361 -5705.634189416606 4427.137021561932 -6793.753326041689 -140.3018413680511
1197.3530461255668 9313.519897216207 -3751.2072064995646 5418.879157430143 9454.631573113482 -4288.055094597913 6315.215018831712 148.39602911705515 -4394.477190000279 3219.9783545486825 -3653.5724777247315 4761.590874765785 -9142.08641250294 6384.939825694448 8605.946023826531 -7760.45873192888 -7328.589422180643 -441.9217592295063 -4476.215448183088 5499.667846995517 8242.275722657323 -578.644327701224 380.4898859680179 8306.61950581058
2497.4826786794456 7679.475514824251 9574.751251924037 1220.3815590714858 5364.990222639217 -5395.249278628218 -6317.09510716643 9221.512141003226 -6864.162920189032 -9493.565720674264 5571.314629525736 -2285.755340483828 9049.53503838506 -8653.683183942498 -9578.996499967554 6150.853117746274 705.7060698443474 4119.576204057586 6941.043284435898 6778.87369342543 3205.6569115175553 -2376.1435625263894 -4471.2890564096415 293.231710639604
-3531.0546610288075 2169.656028764488 3008.81524473798 -7259.9525874459505 4390.526745833056 8647.60644988251 -1856.5209503847282 8825.482553037938 -8028.779331370475 -4983.656214991321 2352.49048689769 -8977.066110811138 2017.4571958401957 1624.726447605859 2330.5895588416734 -4591.48384122283 -182.81995302389987 8480.425862960456 2020.519647197967 2786.7661835007148 5780.376062135621 -4114.685261676838 4836.429825285451 -7965.290230189059
-92.3119229991571 -6172.132960638048 3868.6301624803273 -1964.8743766841317 901.2491433908872 -7977.807236067129 9485.778838723018 4654.2041567137185 -6659.91356096331 -708.2153567458845 1898.9263239923457 5543.6564738076395 1481.4010847837271 -8922.337533163205 -7761.558620330841 9902.181414881376 -7711.318010222126 6816.300389964395 2522.6354129522188 -3921.0220837989064 -4949.051662008806 -2453.5741144847534 -266.3624275561433 590.146336004882
961.7166768143215 5436.382342622894 8746.456739029512 -8232.576540798973 -2349.085189886937 7379.446709244443 3237.173998366625 -9099.179627324645 2400.4995557076727 509.60429559212935 2168.7937956522255 -6830.040797969739 -3751.6766393406533 4104.165331239354 -5887.309527978881 -3233.370972561058 -621.8169684680834 8024.429817378219 2587.6751395396877 -9459.899114964363 2946.847467423633 -9616.401275226843 1988.372653094004 -4602.324394138817
8726.88968008706 -7770.226264966193 -2325.145168572324 2665.6416546849596 -7923.369650309518 -1175.0934963534746 -4871.488453158355 -2908.272414879966 6965.913273894614 -5249.2855480844855 -4251.2850753347075 -336.3041908785199 -4161.462134752543 -1328.4739058479045 -9623.926655653653 -5052.418519539745 2357.83104695126 2955.6294783505364 -9562.134034617478 -8066.218882754001 1146.1191824629968 -9251.650712117082 -6482.473576488985 -1387.7063487750238
-1023.2678456254034 1982.8239146818505 -2271.772970392425 2779.91152109175 -2464.154596048662 -5589.087541517534 -6231.929177498641 -5621.496698995081 -9437.502682691586 -4936.9090859126045 -4853.964741626156 4261.333757917975 -8461.672894844563 4345.076052119097 -1787.8448162582044 1776.381605942077 8909.18581613135 -7124.485547412678 -2848.29370089249 -9111.92810648203 7705.917324644208 9456.386429165777 -1124.4443356793272 -6261.0428608040875
-6745.750700359689 5052.181135846284 7224.823111054964 6763.631385633325 5705.58727708635 -4004.39191415362 -7152.545488608506 4970.958266628359 9453.235087041317 -6436.50716468622 5525.01277366959 9744.838982123507 3526.9674948617776 -7518.985643801179 1492.7633607665957 -4319.410989645645 -3647.415529665059 -2686.7652115144747 7401.571101927104 -7076.139385289759 4449.771164386188 -6854.214045292614 4213.156620359157 4453.059439160845
-2803.5841005756183 7468.0907510791585 3137.4752641643754 2119.706241324435 5982.40199802423 4791.502735864069 1703.8288181203898 3805.4128544415235 -4811.540683589139 3977.897007394122 4726.98289191101 -4480.967530489046 3230.757447842396 -7104.4022886307575 -3180.746484297414 9894.976753568364 -3607.6807092476274 8098.802255841474 6124.462633819065 1246.496646719197 8761.64025177648 4619.5406465178585 6572.306460333322 5394.488691012952
3943.1340856936204 533.441841766884 -7712.84259736376 120.526450124662 -3716.3824322110495 -8348.043843930913 -2557.082419957861 -1927.0232756468822 4063.8380840730297 9233.20881090032 -7202.319632003069 9423.4414749766 8984.29310640458 4978.845533419833 5156.5097614009155 -8496.520350275687 -2914.407420196505 -598.9142618403293 -781.956261523459 -1842.5830966665817 2394.878477364786 -7635.884163031609 -926.749212268549 -9836.166091892535
5576.994944054581 -4465.0715349595575 -9842.318600903436 2235.19536659169 -2358.802266380313 8361.945653244788 5339.168017407246 5077.651943190567 8237.816489247336 -1460.237292828302 -3155.4858371813025 -3790.834046176943 6568.085362371479 -1297.354017208605 -9129.247468659676 6899.942822733905 -6718.779995258695 3969.5238844075575 8792.75458620354 3227.756310357303 -2149.783232571982 -1327.5711048383382 5021.005640172052 2457.257405370625
-6097.309390094696 1782.6091908602357 -3412.1331611222813 -3317.6197735362775 -3346.169734317592 -9318.292725293968 -4443.398071470939 -1637.51231974451 5974.435390213288 -8642.182316074352 7874.8113862717655 -5384.208910008492 -3481.9294973053093 -6499.215529214158 -7784.860410356687 -1302.0870455297754 -2734.551359705515 -6676.391021297217 -730.2022124213763 -2338.402227604375 -4039.3678615833987 -6484.247301811976 2263.4206235610964 -9784.945373404173
9478.32637947915 -2280.4468401318663 7049.58481538788 -984.5241239872539 6900.795164551157 2646.5615400521565 -9879.577834019798 3014.1877030052437 1884.127223536987 789.8088563781075 -1285.9553617121182 -4374.364269132223 -4461.628787753495 7704.750824267194 4249.063905403136 6152.202869957817 -4361.679154423517 6546.045667238814 3686.343717213109 -7124.222608690127 8876.531956159823 -2636.310653484131 37.007988679828486 3522.6366655771635
-6669.084857261003 -740.4745206001753 -254.15607672937404 3738.742344490758 -3260.6067657077965 -612.049866901034 -1833.732042989176 9859.180744102578 -8966.37299193837 357.7311732210146 8239.903549575349 2145.452389188935 -771.711297529393 9310.885033825401 4063.0068627528544 -2292.5834099770336 7711.492073674708 -2343.4294775718436 -4833.468216840429 -5959.959364778551 9002.378822339047 -8138.047156123871 8775.585560878826 6642.379104008942
108.98910834745948 -5321.360531055475 8339.0927422294 -4855.594715558538 3038.6115112991592 -8433.24117378861 -9438.960828636305 1728.5434615091235 4328.482326445241 1403.3728402298111 9003.018804728825 3006.056985968169 -1758.9476481843794 -550.8123015293422 -1561.0875129574379 -2857.6562983001686 7777.345080077903 -9917.188800114309 2163.9331706757985 7039.408607499408 8050.377774858767 -639.2179661086775 -7433.885942541425 895.6862769151194
-5481.694507730501 -8580.793262924131 6808.796511814584 3452.4742138584206 -5985.794536903837 1367.141798337887 -3463.954560865587 -6541.702463219581 -6244.199801909745 -2023.253264783134 8958.180976327698 803.1310174262999 5123.31089911952 1744.6611427096195 -7830.676947646436 -4859.84687064801 -9815.26716467496 -8692.570130458615 -9941.382224100505 -5455.255475931908 7773.40608000039 -8789.68992599161 611.5993195483097 -4974.737650493877
-175.48142008548166 -7862.754331816515 -725.0327816128101 4106.995998013901 7097.703773854901 2134.288963630288 9765.60843265678 2716.6346350702515 -4733.095637800975 -3227.7426790362897 -3129.1656239108925 -7045.37176295166 -3269.427818433088 -6435.601328639442 -9435.952333813457 -1341.4218439041542 9231.999224933985 59.063699306769195 -5495.846934918162 7813.845546608292 53.16069965658062 -643.4034462451036 6529.793392872343 6716.769054611501
9854.159319003687 -4524.4926071813625 4407.10617197321 -6733.985755139977 -6083.0613601118075 9475.812507873732 -691.8931301678749 8391.263711543801 7190.9665649529925 -6769.598356422293 9354.569833338493 -8150.102620916646 503.43517518703084 -5146.958485338602 -4619.858764203764 8241.419810462241 9088.720386823432 602.7847206710649 967.7766511856353 3920.280806791092 -5204.907808808015 -8214.610953273961 6516.325994431383 9858.3143517975
2760.5899519133764 -8852.256175572056 -6832.414331537535 6348.452080165733 7664.612333370678 -4214.014477273838 6482.87339333841 7470.904544172932 -9551.346268532092 -5790.906825398421 -8314.76217811675 -6349.017111637602 349.2126394420011 -6757.798723192945 5004.5806649739625 6933.325015644488 1959.5288079448055 -9215.29142716757 -7842.466717743821 6047.78243080129 8041.093327597238 -8019.051211228614 1130.1830343962065 -4974.971145618721
1 24
-5407.457502313504 182.17604966171893 -7909.757963593524 3340.4627536166354 -2630.2643688878006 -7616.4237584391885 -210.16631402132225 -6367.793334548565 -9912.200094634367 -6661.233328089482 -5186.065671779791 -3953.3522105337534 -9439.737055238786 9622.710950728731 -7050.369171648483 5497.349013789286 4709.210019396418 -6317.506214533061 599.69193540581 4154.611475653544 -9725.704291143442 9721.641157624024 4573.765998222158 -3102.427615602439
