56 35
-4964.601105672217 -2.760798356925079 91.55308193202836 -5090.14108374316 -6421.9751479530805 -3957.240903370749 -4370.945429347215 2350.738331672823 -2358.199509231851 -7314.161131347605 -3721.8493431604375 4103.914195286465 -1076.2891385738913 9759.380093459084 -5848.188889686494 -9279.488006876187 -2159.267207354783 6012.152516479535 -8452.22747743317 -4148.1954450949 4992.739346532786 9529.556496924364 6076.589724782329 777.2845196103463 8888.47587865674 1428.7380337345494 -6704.829619877515 1264.085296186604 9989.308348371098 -9912.310540719893 7082.043035859901 3610.6613343107965 -3273.0761158462055 -1682.37820025795 -2707.0823940129003
-8663.973201396404 6200.434157787615 4975.25682321752 3625.746389734257 -5867.354851325568 -652.7221644067213 2856.2370855361223 5322.951314983953 -1530.676033602329 1600.8205042370591 747.5645225908447 -9105.20518708614 1574.5308607456027 -9889.78326472855 6313.129850287196 965.0736229344966 -3106.2895343512364 -2063.708230070376 9492.522454622434 -744.2449400057849 1590.5193961957611 4451.411261734078 8846.34591728661 3875.883713150486 6418.139990684562 -9931.724478151466 5.2535871579802915 -444.1073389526355 -599.6470323558042 -7912.093262914786 -4627.408548357823 -817.5864803801505 7922.517065554894 3755.969541122986 7160.581393065502
4408.931943932137 8059.573011828117 7873.2855736949605 7199.947926150078 3017.8895408620156 -6258.029448073801 -1934.2619753965055 4688.167874986948 -8584.846305081352 2746.7093449463173 -4408.974289229681 -8767.557571922689 -9608.104676755032 -5858.252323838604 -803.54571839663 -1917.7157092713041 9389.234519941841 -69.13420953280001 3670.7439297224755 -2390.637062083685 -7514.259015406778 -2572.2029852759733 -3361.454628262625 212.51915056552207 -507.6422804005779 -3897.524922665376 3416.4390114413327 6679.051216243362 -5342.896947597326 5976.287857366242 -1494.1822197774181 3604.5707095083035 7031.253170438773 1642.0438784960825 -1336.9105679241566
7591.310333650057 -1990.4189817055421 -1712.2875245610521 3087.8745596656245 -56.6429632913605 -3445.2275560066355 6367.643749224962 6520.008238473576 -5081.373399604421 -9068.981858609332 4170.825911222759 2492.5580312793445 -1396.6215576521845 8296.70020301951 -9809.554334618077 5594.679883289231 861.0009514326266 3203.210265312062 -917.532976445973 3181.292121250246 -6521.645707629888 -4559.363320609557 -678.8536657396253 5904.648845562151 2787.472853288962 -2373.142927163316 4081.131701486929 -387.81216788173333 -3418.1130105035472 3112.513973979403 1332.2657357293774 6704.104968934953 -3521.3555624348 1833.4879969981685 6203.1592062113905
-5153.944197236282 5251.085523433652 6978.133592380302 8253.572921876243 -1557.2309277040567 3886.5524842453433 -2282.0851691700873 7231.206354030561 5448.232284625585 -9190.166220172792 -5441.691902413732 -5611.295929206317 -4243.179011583238 7263.003903820681 -6415.28982025046 8216.651874809166 5049.443775185318 -6346.391663898234 9704.830710577782 6944.966752322678 -4658.286337169915 485.583254237803 -7135.35316299158 5999.927960334029 1547.2405614505205 8375.015995842936 1288.8265866691982 4842.486175718708 -4925.533903752055 -6708.692912423068 -5084.835386257247 4629.7273877267435 8772.610305703682 1604.8605016542788 -1305.2183247400899
-1597.4511346649579 4569.42164778752 -9918.165781691469 -6629.315478464832 4408.957861854366 -1006.5897936922192 -7814.487339918534 4677.334771126591 -401.2310319870794 6676.044473791873 5955.08873071517 6288.345278816365 -1358.7538793640779 2316.001260885989 3365.691605765638 -841.8685617913052 -8656.608268966118 -9629.08776909661 8429.707890612477 -7796.45514705847 3375.8954293912684 -1056.3902155911328 -6501.097594259438 1885.5425087733147 5669.14826280813 -914.159836613384 3360.4727345156825 -1881.4469807894893 -7764.993505844715 787.8922379122014 8407.585282683685 -5293.6078082637205 -991.0915083240179 6200.857275633132 5688.61549625853
9617.49455190848 -9575.01357520822 8090.510185321793 -5018.395971312731 -4889.551377756933 5099.115602917886 -1732.2197119393095 1912.4374132156554 3978.8402257272865 5014.556561703284 8470.760510949909 -8988.297156835317 -930.897760062513 -9757.606214111333 9141.415510552324 4347.997207665496 2626.7413349916696 -966.5708784897815 9186.568445842222 -7865.971165532075 -6088.846429580392 -8940.533898347989 -5042.240756644125 1581.8221745036135 4657.803324991641 9471.151502133322 -5739.618876148757 7254.485241903287 7191.955178615473 710.3213920514954 -3950.875457401541 -4668.4534584990915 -2306.197108851966 4229.450589439397 8113.6279034546205
7322.831244926027 -7663.5866390842475 4926.441530406353 7792.273060646199 -8167.997444765051 8267.983371493658 -7039.892556042567 -9335.158399505835 -4229.754067230909 -3614.7717959210613 -7520.116660860943 811.1473896610714 4472.517736470312 -7456.921006246662 4476.837216275919 7042.488902935991 -6177.1341976725225 9997.37219950352 8936.669632353336 4262.313587930947 -5491.067229058961 3636.0523944674387 1875.6525916111787 7126.666914625879 1064.0307371806994 -6371.959002250207 -4500.993740185088 5862.057437433081 -8275.778555573404 2157.7020461949887 3142.3175081736154 2884.3817397865605 6371.655501580064 2474.6488673850727 -1114.1517002884411
-6036.523531602677 6845.481549691813 2435.0849257852406 -5201.752481763376 -1065.3422134342654 -4192.637237909169 2028.2854454019798 -2587.6630872081096 9857.684622864392 -9817.811367843065 -6605.61620595627 7659.326748886742 3399.001459849487 -5392.424896988208 -4927.016099681647 -3916.6941695907735 -9519.999704656877 5009.269563691674 5571.187469444887 -6383.5795940969665 1034.978474841144 1263.4359426271985 9172.044095479785 2910.398677700219 -9749.640747196045 5355.491321863292 6303.075222826457 -6878.508780865492 -1236.368323165656 148.68086265157763 -7928.866495699418 7516.716026154219 8628.115430161353 1049.9120913157476 -8872.024215423386
-9038.68083732208 -5359.70052100106 1859.085394871563 4799.089617747728 -3162.220528114026 9006.815158556878 -1840.3403771298636 7720.428428314994 -5663.367771057113 9789.848614419265 -6086.83480662572 -4825.773497300936 9771.132942636643 -9949.687305735584 -6365.239755936516 -4274.853708797024 7039.965628628415 8742.95932883074 1685.9367402670978 1397.606049412887 -9186.825570695757 486.93902815011825 2317.681590848244 8150.129013727434 8790.864643899222 8343.982615310204 2921.6774820686805 -5493.555909229497 -4848.626308541577 -9946.106831684549 572.3524686786495 -6554.839443464113 3436.63377289036 -4474.304401045777 -7311.661472732369
9986.077527305613 -4471.865064942131 -432.394714824095 -1342.2558727959004 -9646.612415389332 8789.06319098351 8062.185370185543 2484.4531930844933 8738.367798308333 -4774.067702913622 -2900.7221392569145 5305.8346348099385 -4127.220179122583 7515.144346619149 1781.7857873483135 -5199.713001321178 7606.894019331197 -8021.032661272462 7428.440148336918 -7497.733929433459 6637.737331464512 -59.21301028304151 5575.582369644057 8903.436836395096 4318.042522024351 -2162.47367982995 499.90824449800493 -30.674801458599177 -1154.4662567470823 2391.2740215273625 3764.546489161832 -6994.0428907016685 2477.877578010797 -6520.854755571219 -4141.604439900741
-2230.3492983844662 -9362.066188817682 -2876.8454961739117 7159.489780251086 -7385.723654186062 -2033.3223667522216 -3053.2269583269426 6927.617485530478 7525.7126843247715 4203.22852972355 4635.218536985802 6668.970132853086 -3118.3026845457753 -7200.1194455052955 7301.0510476490235 -6897.433298967097 -7157.589400715987 -7828.253432638668 -7455.868320821693 9993.891623773157 3990.998083612598 5737.4858545913685 -9865.245890799897 5309.300529678998 2290.562432189041 8037.507000135276 -6608.110522201032 2865.062539332843 6555.956166522868 -6090.268013333113 -5508.416379623175 1333.7194980030254 2301.7325418466935 4857.503801117176 2431.6917358251303
8927.720914439862 -8636.5815739698 -9122.605122505829 -3968.988814314396 3227.2474347980187 -2917.09395363968 3012.175902826397 -8096.440696647107 -5062.239739685541 -8996.6598097676 -4130.90146826232 -8546.201649132883 1170.495870669978 7173.09620386632 -3261.3882841570075 3293.8616784145233 -6516.084154305435 1361.0847237937996 -7454.350282253059 -7420.748570545974 3561.7747428348957 -2775.7378878429154 -5094.756290595781 -1459.5876904174202 -1460.6673695156242 2967.301434870349 -169.78577747086092 1833.1799178782094 -8755.15333501477 8579.74530509246 -327.6921422770047 2353.0196407631884 -2663.876589840237 8267.163544459268 -3389.0111211729045
-7918.412499344676 93.60189276629899 -9724.210767754852 -2270.8848126377816 4186.349914514289 6136.310421405782 8514.668580831883 3635.3705632430047 -9232.019171779262 -8176.290675815425 3295.796412997657 7294.629985858446 -4874.79610057338 -1977.8346889473423 4728.903453110239 2897.714086121525 -203.04915257773246 -6870.794096659407 638.5411701093708 -8959.131960019038 -1963.7280642459136 2857.756205156071 1063.2072827006978 -816.8410928640715 8072.591426956282 -2031.4880910152815 -8790.253177332965 884.6565605290452 -4755.578290370706 -8622.399735485951 -5550.201931224632 713.8145928447175 8149.161518199238 -3816.3978111869847 -4307.256126853782
-2634.5542954700704 -9264.168739321885 -2863.3646445908507 836.9743430737781 -8563.06475579441 6924.1866126434725 -1863.8263823281022 -9746.415429558097 1734.8283162754014 3718.770400629446 8620.36998681902 1660.8151714275846 8261.191255761765 -756.0186941588745 1128.0679736393377 -9369.994384701264 -1909.7343266425978 1943.5242346360847 -6271.68008186177 9476.07548518158 -4914.1753803236825 7350.671094878668 2786.7129426776737 894.4490318458757 -1387.7563049776145 -5299.667132787915 1831.82536591202 5727.974905601501 454.5857572551122 -9364.168173164177 1131.4711809685377 -1844.0995444090659 -1401.5236025341965 5563.280065458048 -9099.08993572979
-7508.102486500073 -1149.5019942345934 -8164.737397783885 2573.115972639691 -4699.206284474324 8807.025425298056 8968.767070387228 -1887.2465758579283 -1389.0285312842116 9322.095023026734 -3475.5092064581077 -712.2902467444001 -9364.178418696778 8516.06797490926 9417.057481415039 -4679.647262600104 3802.3210487229717 -1992.365051539662 -4999.062637918588 9367.393920656836 3715.2984924724533 6353.941472173077 -4386.891132834771 -388.46463543210666 7992.039697201835 -1887.545071267431 -56.67730813376875 2455.6545276450615 -292.477001958101 9251.173839219646 -2993.5653004229425 9461.025816321504 14.73386419450435 3909.2590644340235 -9151.370096634057
-16.579939459556044 1912.6536632688549 7138.508119284223 6798.815010461065 -4281.324163993667 3284.772864864781 6579.4632971087085 2661.025627620231 -5260.9244367561205 -7798.189888129521 -4773.019162526089 9267.38708906166 -1569.6530611072794 5225.237236830173 4294.872741435673 -2921.659089972297 2131.4779789004333 6776.6669003787065 8936.600564277695 4735.615194488517 7481.885601762693 -7659.638090003207 2177.5366487522842 4743.202217990214 635.7884567285964 3307.1292090048373 8220.093211839321 -2067.5611164322463 4805.090205477822 -2107.0858846789715 4294.636813272164 -846.2447470559546 6940.46626474967 -1870.2803020657166 7491.834941212288
-7952.677241786705 -9323.072546123894 -5373.464411666826 8249.887660283886 -338.5951175236951 2780.2138665684215 -7428.910945310136 -1489.6474427864905 8277.029555793702 516.9096728127752 -1527.4884981218493 4349.928595247267 -3946.5206346431332 -9171.123302500544 -8305.29727310686 -6859.531819661415 8525.534488311045 8904.65393120328 7257.7980504643165 -1005.664996324178 -8024.981131487197 5917.478709927862 5811.3996455434935 -3260.6640245434355 -2629.5351291237503 3916.0143846874653 6972.156886257373 -645.9687500607943 1075.4403265844721 -8403.166422083665 9795.78634406328 2396.6920157393342 5749.360619371664 -7620.42451694954 1985.7973292232437
1805.8161844294336 62.34366279471578 -3028.7995577379734 5771.276726633552 3810.8132749809247 5110.032971691289 8418.812885832864 -8252.408782339462 -1714.5064789381377 -2209.954367598759 6338.4766612988915 1226.0959587808811 8820.782202984828 -6246.806012392652 4373.204219471945 3094.9393039462666 9904.014292292151 38.5052412916848 -2143.21613283204 -1548.706106440357 -8809.82515582896 887.6028772285208 -3234.7494539054896 3987.3780775803552 -1746.8253344102686 -6534.195876604909 -495.1695312816737 -3651.025036585429 1777.1950210209689 -6132.306781316636 1717.6588478554495 -9218.69235463725 -9852.598933020436 -3594.2703926069535 -4058.0175622613533
-8284.298288822405 5437.4045731591395 7164.396780758027 -8426.194865361485 -5155.40570840507 5186.020400174273 2564.483583032983 -6863.142396238945 7427.250410533739 6745.275540106431 7135.715492908574 1629.0635458106754 -5810.344866739918 8416.122712376295 8280.074027689829 8787.808983003932 8019.823303690551 8206.007231784348 8962.972809954485 -1220.0269155371661 6560.5512768053995 -215.53345700074715 -4305.368928368536 -58.648180337439044 3660.925641708158 4342.444962043424 6681.660690870427 -2517.24464918961 7818.92473554338 1772.2472358320028 -5456.848129711158 6597.778471920952 4094.2160955750333 227.10666897378724 -6139.77592988272
6041.676709147445 6605.993169260211 -4074.447916463084 -1372.3591175182028 -3501.5076553866174 -9724.309588159145 -1849.972252538776 246.7269719966007 801.7581053731137 8490.431477140628 8103.135327832646 -5649.259115839671 8566.435981747207 4620.997178902413 7739.484760266703 -328.9410332436655 -4143.46249220116 -1859.3618958017278 -9555.421082795561 -8558.130985036525 6271.93847971108 1036.29957397438 1743.8921574285632 7265.01774684235 9849.338000023807 -7870.540987404342 -6273.145222735732 9157.704033828468 -7606.546630269378 -1679.4237307088606 1417.238243971875 5190.725685860949 -8063.675865370267 5829.974028275656 -9198.32128084634
8098.4378454816 7411.113812653857 860.8633425322205 2585.3839807488894 -382.8155946591651 -8528.45633884995 544.2108780462804 -3733.339070666144 9649.484229342157 -7449.793531583173 9052.830753883598 -8403.398279682764 2791.4492711942876 8021.188387462236 4796.6385288563415 9594.939150719398 7266.378558428165 2981.7054691445683 -9612.684024683518 5226.812649800813 -6626.285815166535 -7800.502837631835 -286.7128950448641 -4546.644868363705 -8653.311287157685 -9431.259707324552 -7938.922550107499 -1253.1683911702057 8681.914573442045 7357.679320736974 1861.7445477211386 -7363.150971067665 5690.093639549692 4416.250750501984 -6319.589228997853
-9210.201711241543 1228.9124934173415 -5574.403084774429 9105.953256219895 323.71693180918373 2308.822953531042 -3309.508352723662 1721.829914117956 1651.1241010581343 7071.284351333015 2155.5122260028293 -4206.325272082306 1470.063709769147 6904.169840601622 1784.3195262160625 6557.675443742992 -7833.276478238347 -9078.339644106218 -9563.567709505574 9210.88637717045 2818.125282269393 8657.945007203518 -2254.857625154871 6865.26107542737 -8704.703864592735 -14.546578809771745 -2518.154740914313 -1337.120633415967 2705.419874580666 4199.6428860912765 117.64762201374833 -7933.942857459142 -5066.066239951081 6082.641080698208 -8607.967025071019
6057.603208514398 9990.81385931205 3663.222673975646 -4005.6350085695703 1672.2061465980987 1383.96688533805 -5526.448057659661 1462.017062396104 4048.1142509818637 -6290.799485368179 494.3177079479665 -712.9411677412281 5546.743235699463 -4129.525885728296 -2179.2669883518065 8719.789745527487 3314.140061822147 9151.373662237373 9693.634083947796 -4668.633016046926 174.87084191112808 -9974.359853896709 552.1453160289038 8478.683286137162 9791.229289928837 1727.7355157043512 4363.604925689473 3937.4762443853797 7276.581437533583 -5157.320050985839 -1864.8740207472401 -4152.745601937233 9192.01493850162 4991.311256744944 -4316.834302485615
9315.306532102768 5783.980182631025 4078.431290181874 3814.635050760562 -5025.178778838186 -8520.273485985865 501.9772895669357 -7600.28157601446 -3186.308743597877 -4336.815677119838 -4921.231516116373 2903.1625743004442 7219.911150909553 8230.784462534153 4055.7757122951916 -889.4170037778258 3065.4516849362117 4968.2524706761305 -5378.224570428334 8703.720413084811 -9852.244709731034 3926.5225703000124 -9713.020427539817 2615.3946020341173 -4953.907426970738 -6762.570308388376 -6762.2752104375295 7091.009331274119 2520.186494402 -9054.18702287462 9668.095205634483 2814.677519253404 9904.673232964735 -4658.140969325373 8830.672767659045
-5125.825891447839 5155.709313488385 1178.8191104696398 1309.6346587002135 -7792.672246635692 -8529.714268521333 -2098.3659326355973 3333.6270159696433 -3884.092564939652 9090.064361096749 8579.71953221576 2355.6997561598637 -9528.35962292796 -9124.290853603523 -1316.0168788102492 -1914.8643416538835 -6877.713841114066 4789.357699907387 -956.3745536191836 6427.876086546687 -9887.724736455495 -6774.250125614487 4770.587741112551 -8309.365204097636 -1209.2123104381517 1263.1186218585372 3787.616635670647 -1822.755884388669 255.54866489871347 8717.65160502361 2457.955448820163 -4371.113831269633 6662.055157893974 -4073.615543226987 4913.617824214176
-2286.673138066797 -1464.0037496790956 9041.442299132053 -8036.093773687258 8670.231256688687 3922.9050305623277 3236.2527017238917 6315.395128733979 -5896.716305534884 2721.699899584746 -1668.0286509949055 -8620.56864736208 -8296.658329025377 3587.7474683869295 5228.706641440591 -9238.154720838544 103.72371686888255 -5884.7186481768495 -9307.151075638269 5680.086206977936 -3008.7624443282057 880.0812862014482 -3171.567137290678 3404.0885456467604 6540.38350416912 -1178.080564478907 1628.5520389477933 4552.770326338306 2140.4737976633296 3543.38185505446 -1000.1045575891076 -2036.4702816595836 8930.927288484461 7286.659650398935 2385.7746917119675
7793.405599914662 -7143.812533935578 8488.832915622883 -9025.429677571065 9905.024392333278 -8291.325530643115 1238.2979302130934 2458.5381606298997 1977.562422820496 -5752.869717370481 -9280.939403495235 -4362.458154115591 -6419.5216219282065 -8701.416691661143 -8139.45973791278 -5157.508388235423 160.23670642412617 -4826.141186849127 7306.608798496167 -4812.334418444803 -7351.670818593788 -4556.268327562114 9456.618214325961 -872.8168288134766 -6554.383365944647 -6869.481076753706 -430.47495976178107 -2782.0131924551597 2837.867255979594 4574.627545475627 3624.6602519730295 5789.721938023353 547.8036994134454 9402.434336327697 8714.037714209684
-1887.5935872934788 1316.9260827805392 -6860.892241921672 -3805.4913810309854 -8762.995359391502 -2778.050530068721 7293.857338738322 4326.469758092402 8513.089707048097 3529.864610551107 4352.141495329097 -1792.009717022771 4261.810843416371 9026.085208583889 8400.164622755343 3373.716632236512 4418.709719459115 -9601.964768855167 8741.968678816364 -2325.051764670802 5458.812103507884 -2662.0035717830915 -2142.394839628095 -8557.327014479039 2545.921030081541 4240.288281796356 4433.120637194488 -9210.997815128505 8888.435933013268 8479.466745627178 -1818.7039154215026 -6831.982745517675 6429.892349136331 -3903.205878546565 -3036.266257629941
-5898.716597728136 -1562.1698987676264 -4431.60799398391 5507.107840027667 2479.0442924778235 -3211.9501276817728 -2400.258475638715 6361.228134645964 -2417.1307271532423 -4279.553525454336 7088.408608670452 -2101.3659364405867 1825.4750313537243 -5814.674352800644 -1205.8468404753294 3220.0512272297256 -7269.417240742966 3320.843835748936 -2562.4644680499478 -2551.8993034331406 -1434.525430305508 -1080.3533645347925 -2755.8767154662837 -1496.159783357034 7374.114046571976 5370.885963482298 5329.5555981641155 -3393.3499738645723 4633.9855084026585 8094.224770161785 -191.94983969815075 4370.810532856318 -3092.805598752464 -143.7533542887777 1688.2729916983517
3357.663635288338 -6408.529099567244 -961.8191102134697 -7876.693405078763 -3449.6798877859947 -181.7017649626614 7764.8397422398775 281.807225971801 5049.5725440429305 5455.789406679614 5582.95849185559 6316.208985722604 -9517.108807604982 -996.5960138334467 5216.184734973351 -8443.297072991918 -1927.0909405930279 -9123.696320083463 362.00618370645134 -2099.0955947446646 -123.88396269412442 8157.669240319861 -7765.424877632609 3722.676613748725 -2514.434918559178 6854.078432965922 9263.800285906971 1554.2054134278296 -1291.6540564318566 4709.554253954646 -3925.781805083042 6785.433403324158 -2303.6398229496344 -9688.519597792658 7762.160757976049
451.38978356760344 -6831.503746273591 4422.59084770413 -2850.57997904308 9907.970106050656 5813.27920544444 3305.8072954222007 -851.725006819499 -5084.266285866855 -640.9152917039537 5125.202971965889 9673.620727939615 -2770.086834464676 -6907.553374426445 5689.903267128644 -8107.5160580049 9019.64261124748 7796.494877863537 6546.006840548071 -3397.6304431952985 9791.742455882853 5987.456313797113 -6285.849515044018 5456.237528404567 290.43706519252737 7265.313894042956 -3740.325843139103 -3965.581634033093 2114.253169110294 -8641.914401705502 -4491.157731090482 -5879.78976476866 416.49969277857963 -9263.582903182738 5218.468332815515
-8261.388192214645 6827.147257323144 4708.3774802882945 5052.948956920398 1024.6558016854142 2434.987185670483 -6474.206563998928 -9587.005243679365 2917.8965211599243 5828.659919698655 -1458.0815634812425 8633.698373396415 -4354.382468983966 988.3370891135874 1119.34405016856 -889.4715605741421 4195.051073031887 5915.313209343891 2127.7617132184896 8863.082004501211 7663.637890960097 6239.830041329382 6344.546615826186 7061.2839769311395 -9330.904568198226 -2821.205765212858 -7177.9046105050475 -1696.1973949858257 -5257.456558635407 -9376.2595350012 -989.7398353542885 -5221.507277234871 -2366.464620015722 -5139.327012589001 553.3393004573718
-1107.6534183702188 -5637.905068717679 7976.889279767871 -9864.665742781115 8046.415271429112 8707.127716378309 7138.36678354106 -8292.838326263496 3558.6846958042534 -4812.711583374916 -9576.484688666242 1879.9236214046196 9337.818667023417 -2325.518907766631 -2285.957995092467 -2986.519519080027 3162.83685453183 7713.228977795548 -3769.4511862772597 -5003.2533550078815 4161.193565220647 -4646.6007065156955 995.2570645871892 5711.9289993223065 1381.991927553776 7319.734364068452 -1950.3622284488856 3247.1245916288117 -9665.250315855717 -7826.514460747129 -735.6362677772977 9099.407877043453 1367.6967715708615 -7475.336057152836 -3256.673795755707
5653.904244000396 4671.051028042628 4488.100892639579 2591.343644743347 -3132.7501771899733 -3939.199135295441 7175.871574473251 7006.124235922256 -7427.169681448347 -1303.8693293522665 1636.8801330218266 7167.419086679922 8871.216243044015 -5140.431261255012 -305.78504362358944 3153.1328441059977 -6090.253938774277 -9651.262174942773 -512.6807413279039 195.98556239253048 3956.3983586904233 -5312.050719044443 5155.375302412291 -1945.4771417884294 -2356.3334478998568 -345.7742698178372 5218.8722058038475 8547.086487588895 2318.0371584636996 -6961.2945737186055 -183.23115050148772 3512.3242199554516 1682.8728403340792 -3700.4635683231536 4725.880551844926
-547.1868145879816 2458.8729375859366 -6337.214914367768 8649.661125957318 2678.2412795768323 -9362.84231763609 4749.3386433412325 1024.3425709703206 -7268.5417082077765 1842.1509571832812 -8227.31478691974 -3516.4126350207025 5553.945149433828 -8827.1125818579 9241.329330186785 7702.676598902446 6706.6620053189945 4896.552924651192 -1818.6318339117015 2784.923440991426 4076.7329015008618 -287.02048766565713 -3562.350619325667 4816.997540544418 6777.399084050972 -7649.927926903751 -3297.340571159115 -5710.8579952372775 -4545.065814846612 4312.511633649492 -4343.7399433963055 -5438.7839510125295 9855.335612596886 -9081.901599777839 -1643.248264816284
-2621.110526053858 -9531.288529891312 1083.9659579000563 1576.843109691763 -606.648797569289 -5546.1034026844745 5498.731205622869 5631.419344714748 -1486.8036656314398 -7816.713922243505 -9411.051692162755 -2794.1018627029116 2193.9016433904835 825.0318068396246 4048.2395200181836 -8776.49102292662 -3640.303525863981 8273.517812037284 -7811.830465142731 -9617.284020638714 -311.69739754224975 5193.432230160131 8752.223523552519 9889.614711911356 -8476.781687100787 3803.3060174625407 -7819.444767034855 3624.7277932360794 8567.952156723139 9369.775623021134 -301.7219257985289 9394.37708354168 912.8897798212183 -9324.810697213186 -1114.3513661100242
1814.0545025544943 1800.4412510214079 -8082.051969532562 6878.435114058473 -6654.175320488518 569.2569489315774 -2142.866689960075 8736.993836619273 -3298.9169031559813 8527.069728881448 -8470.760166616688 3106.2222748091535 -8165.3792746396175 -8701.628325594535 3755.870366190733 7100.867620519177 1418.6043636274662 -7808.628421612174 -2001.7898004626768 208.4282770372174 -5756.315574184389 468.5168676760859 3291.4503416743264 -9325.920157782464 743.2698674016065 4181.793805191508 3849.5336882448173 -6446.703284059825 6693.8060004623185 8681.705671132277 9808.050745389635 5448.302581655029 -7500.447431585231 -9325.492708720278 -2131.150156462045
9462.401662191598 -5619.985916535757 309.09798208097163 5995.786152860985 2825.7071855471077 -1178.1026627318643 -8887.989082684462 5358.60066824018 7864.539256267661 -7862.657943308249 -2010.7059668097563 2167.4037784675656 -5082.635330136671 8527.02423712434 -7425.2863055534335 -9042.107445996764 -5709.596715713818 -5781.9220961275005 9391.871354224473 7233.6527647082585 1018.2735325799058 -8180.841855562915 1901.585601376517 9414.80609358359 -7290.36672312289 -882.4884232390123 7486.871057049651 -3267.9746679612863 -3416.924361135798 -5026.324272106049 7563.612678008416 -2387.6123796058055 2370.8887437893536 5664.894637946285 -3049.4109723293896
7300.583542716464 -3491.46807650166 5905.541046930228 3662.8491991759875 -1266.8603312864907 7244.636129951752 7928.998411570468 -7300.480530716751 5226.59274797043 4370.679540272364 -3837.8134924598808 8204.476317712219 674.0206001718816 -8010.010737857189 3322.6602866587054 -4757.6395376824275 -1776.2321439778734 7025.493952506433 6365.567025245729 7356.57687738134 994.7735005074301 -3150.9579316388827 -4823.905166426932 2183.364393711625 6680.963491869519 -9002.708395668968 -5321.915936449779 -5457.649080585418 -9839.837677216381 4731.861115522592 -9135.742119041925 -1575.4573181316773 -5695.8184639811925 -5788.303168197924 -9493.460938634998
-3616.6302017033904 9976.640289582618 1283.4910369680401 -8374.30491886851 -1226.4710431234835 -5983.752513548965 4331.95922297952 -8183.134768716182 9336.363199816555 -8425.90862496237 -119.18851063918555 -9585.026976135921 -7420.292752919362 598.5705607435848 -5074.140132309608 -849.051691208937 3045.1667332967463 -6249.839570043545 -4365.851417075084 8919.884388867697 3585.2762659003747 9158.530010099505 6580.3974847782665 609.4405742508243 -9453.80161274313 7623.711056729786 1843.009612723452 -5765.512347379964 -9900.37783862312 -136.6425620674363 9758.382471726447 -3859.992852395624 -8770.870296995345 -8466.179759178043 5615.66855574271
-9685.857256276153 733.6525030660105 -7024.262992587207 -9799.397969496653 -9220.89922121485 -3885.1257379636927 -9236.497522663905 7356.93381603367 5918.882699108448 4288.446796949413 -284.1575041315991 3510.293489784046 2325.689638594873 -5482.3063859186 -8228.442501730877 7127.285090595251 4834.057329176347 5773.659243185906 9511.389108047573 -9616.155973371671 -1944.175227932401 512.0535865138972 -9259.401944299681 176.30634013577037 7588.763667622043 -6281.313731847493 -2765.3433239583474 -8863.953820526824 13.82321207806126 -6454.247772952035 -3715.9717539727617 6009.076479885487 -982.1927298491719 4650.822539603645 3814.539261056103
-4762.1406419802615 -5681.368893008856 -9410.016214119685 5925.021513911768 2587.0562663202563 6016.118404293549 -6756.703978985457 3014.896499492803 3924.439421305282 -64.36982243641614 -9142.216231861248 373.6125734714333 -9550.046215882472 -5232.948835916764 -1168.114786874994 4099.229932723512 3981.331840951958 -9229.672265304122 -8143.980472871848 1833.4888218153283 -1.784471992374165 5009.5550320881375 6927.778263056531 -5775.830248336422 -2334.071649753453 -6995.1194378552245 3221.848391080568 -5862.695658836427 -6195.161020584241 1417.9171182738555 9353.573129439508 4912.824033683608 -8265.451677306515 -245.40267687135747 -916.9520573900663
4141.530459438412 -9499.752671064254 -8918.177574237414 1407.7260662924255 3286.7804438975436 -8648.305113253507 -9128.580183702263 -9038.93389946963 7437.307062968706 -4083.2000513741896 -9114.934789481762 1452.3193042707571 -6453.660013491262 -6109.790912038456 -7992.958476479115 -2489.4049127592407 6157.124867134391 7842.472334807899 3336.0434242630436 3413.571996439863 5810.11558043319 3550.614411516348 -4019.24245810074 8817.588954246774 -8763.4297338244 1684.0212176144505 2395.6150266651002 2756.680726466164 -516.0423201021549 661.0580069361313 2875.1487125204567 -8364.090290207438 177.0435795536996 -3905.7276727406597 -4037.666492755734
7001.156079522672 9701.262748602385 2341.2542537135632 -5509.770551050852 4335.468474371244 -9710.7725813926 5599.78054454361 -12.264647146646894 -787.3242342118701 -8347.898134472169 3507.885158507441 -1356.1229724038567 3825.3414687438362 2316.6820995740454 6611.566219307486 -2083.0102690375306 7651.049516671937 -1516.299341942915 -8577.112296588924 -8537.90371782009 376.4461158485992 3861.051332701016 -794.561676564208 -5308.787701758762 3251.862658021866 2997.499636539944 -1711.0884856359407 -3306.358199218602 6078.999834667575 -6699.166103810714 -470.1395418716638 -3896.2551017175338 1245.9830576014483 -6552.761732489061 -6907.91247804828
7008.516718079714 -1410.1879308249027 9291.179528504621 -8761.72086087056 -6942.459439788388 -2184.5510771385616 8089.330775194667 2287.466748552264 3398.980724090603 -7940.942968502469 1367.611756629105 -3340.9467275313773 -900.5171372613058 8261.230382139907 -9890.867206901316 8217.990476984945 9975.045873011375 6967.22431673629 6974.640718781538 7298.073369572714 -801.1934396838569 -2360.5854709056584 6413.917942897908 -3308.4786229078063 4442.938582880626 -1602.9276557866397 -6310.7224858760455 9140.686194772057 -5352.0360705439 -6667.5442662589085 3499.1884930875112 3536.576145652405 3674.8709002230025 4126.270605509748 3418.080051052786
-4927.251447214376 -3601.8898211637907 -3525.733197230019 1976.1801937522541 -4522.1987997152355 -7104.102397019355 -8876.12901398333 -6031.791135460898 7851.940812524317 -2079.5620469769856 8832.214491613966 2597.096577712113 9238.251013479145 2359.138617824412 6659.658997848812 6433.0851704730085 -2285.2207392948285 -5355.976406121496 3883.246338992889 8065.1505463107715 8142.676739633389 -2168.232990059704 -297.90226823140983 8466.3186921015 -5648.581648270751 8403.446488028607 6020.853691258972 -5741.954724792268 1578.3674235255548 -7703.118077428868 3671.581871633549 7596.134645112099 -6505.325766177113 2868.3965696458436 -9551.015205677808
2677.926670576582 -9417.7355871365 -5695.90857516139 9699.387763400078 -4968.864655247185 -8745.618681728378 -8642.568213122522 5372.707864536678 3986.4091411107165 6595.171363672045 366.329886570873 -279.0908423103647 -9165.790528326963 -8065.321661608822 -3215.582064874163 4781.68301163487 -644.9822519892168 3132.2735889636388 -4511.752644824707 -7062.74800287199 -8085.813751106179 -3112.943255120038 9567.599842535179 -5023.020278155934 -6768.391489970553 -9375.224179890629 -6075.072087982609 -4586.328699239118 -4104.878315538258 -1524.937650921218 -243.95105677867105 -7914.0690271213025 6703.780935418061 1635.4696617182253 8088.338058224708
3987.7827554269534 2381.0548230568074 5919.649993393399 1264.4109938307447 -1760.121473327068 30.35842367312398 4855.986846760876 3021.6411496333203 7758.604185242468 3169.069150654099 -7549.164347014896 2452.092380587308 -2344.2454949687926 -6369.421894391243 -9225.303086903803 3893.2944917661753 5218.098310243884 -4300.664136421692 -1565.8522536290038 -8225.408101125913 945.099037580183 6881.939265462763 7389.405971745666 -3607.9325483063694 2347.950900768914 -7570.583352862903 -1097.5994519604446 3392.529420223753 -7748.8184985381995 5369.4012094829195 -6340.779271829593 4878.674613907437 1140.7751035050642 842.2708867221718 2474.0696219276706
5732.872014544164 -5962.252005059234 5251.535264919285 7494.524331686724 3336.4374363264396 2798.320305337389 2047.9690434020522 8439.986417619733 -51.220992216825834 8945.624802747301 -9133.44430062595 1235.3795968224276 -1983.1828805846244 -2992.3818369498085 3595.9203134173695 2556.5698309611216 3000.3568856095644 9940.901728528213 -4997.786233470558 -2147.3506832093544 -3946.2039194078334 -1565.3803547384778 -1150.9205854150714 1337.1424078583386 4063.2211433619286 -4862.720732322609 -1191.0296153107902 6011.549028881162 -1500.9301564337493 9316.107892890086 5726.2697652186835 -5111.305503807453 -9516.738940864521 -830.3256779069561 -4807.869879221294
2794.453266440396 -733.6693765185482 -7234.825396159661 9893.25007700318 7902.286121913316 -1223.2451885286227 4261.074204386188 1052.10406808888 3888.3194008093287 6657.741370284268 -8886.713205288943 -5511.59947283939 6964.936668971688 4366.147389748674 8681.372943706301 6886.354112764951 -5129.674353490983 -1351.7393579990585 -4176.426619911035 1510.8644515830802 -9360.455586689215 549.9030387057937 5338.938480750348 8564.725425823075 -2946.5447866698287 -3526.400120626412 -9887.691123815408 7634.094568872519 4862.787904933457 -1606.3297049313132 4297.857513808727 -9092.952946391888 -7894.530855780011 3083.989265468219 4402.545374447152
1423.0103022441035 -3267.529411577526 8216.621573616201 -8031.695571338413 -5821.789885574109 3531.669717656676 2868.672034994892 -9211.956621412566 -9231.133165549985 574.6339540133267 -8651.682531628208 1502.0024835282184 -5243.933669453151 -9657.184725365734 -692.0072741292643 -5963.320758066017 1815.0912010433622 -3241.870776927054 2225.9167818221886 6224.448395037818 850.0439548526047 1254.025971788631 3916.8044962030363 1008.4615551604402 -9780.923892882833 2491.733164715415 6268.571549046066 -9702.764804855955 -4067.972755898697 8492.985937229132 388.27380603995516 -7474.880965128245 148.48466214420296 1214.8998234253195 -2672.073162303046
-234.3430687191867 -2765.012536355469 6308.672501440145 -1012.5197826268886 1482.679216510931 2402.994118964323 2406.748215080119 3419.401664068475 3564.962202574685 -2773.021730598027 -3820.087726868437 -7587.935827951322 -9388.497693745097 8268.711389837634 -9529.053035871406 2474.8648485786434 6987.464960492191 9003.716486687827 -249.71937633531525 7984.329910011555 7670.776643428668 -4805.1911346568295 2382.6427298990693 1486.323126585994 -4425.855136344412 -7421.082871033482 9684.460529549884 -6440.90599731334 3367.77383971338 -9719.766533264152 -7663.646610103622 5510.430404123519 2766.943423119239 -4455.956950358355 6736.685055128975
5308.037925327042 -8520.6320211601 7196.867056051986 2364.3976087691753 -1657.3917613635876 -1280.507119216527 9736.715370255995 -7484.5423025925475 -5464.140680246665 8829.116588857323 -9268.637932014693 -3407.8698795370174 7917.838532764657 2658.001744989773 -3886.0911854157966 223.70377345504312 6613.776392842119 8188.635807928305 388.84937410344173 3723.7791409688525 -8631.088215150601 -3306.5833303947056 3412.752399927749 -7332.5806660206545 367.81382686116376 733.4285524293409 8618.65363602442 4800.082727217872 4345.421464887479 3441.86470420534 -6873.874920612119 8303.285573752622 -7100.545730902825 4713.390119938102 -9249.67774354163
4631.672417916967 7329.77143355459 4736.895543377575 -593.8746721481766 -8727.418454821593 -2637.9693187628536 7588.269943099607 -6771.600131478805 -2461.4915951116336 -1978.984875752294 7517.755415721491 254.96723236475918 -7568.189736690576 5803.6717172516455 7352.394544740244 5194.633983066062 -1815.8835434895382 1263.716678661116 -743.639038320116 -621.0676349449259 -7856.844272919923 -5222.244949851489 2732.937643774185 -2468.2916388094254 -1521.407954063101 5942.434713967932 -1959.971826384788 3389.1346303671435 3853.0907638355147 -8807.049917845376 -9791.378102575296 4778.408386907513 -3502.878902874738 531.3831223891466 -262.2963806831849
-6572.029025006745 -9021.32887681345 5126.283605388231 -3541.2234799245516 -5978.491553042227 9710.248389956232 -8243.773990877093 909.1973787740426 -6879.124571602011 4651.2415133766135 7680.584704184632 -1428.9911336732985 -4773.973879423943 -3091.387578079639 7095.501854911363 -2539.970109960448 -6734.151839888269 3460.804143422378 -273.27516544002356 3602.5155589580754 -4548.529476278846 9203.806532050927 -768.3045870883088 5862.998433522562 -2636.679233011838 -4508.127994147839 9783.118033236478 3052.382637599374 6577.683409955207 -6259.9827914301 7153.6436008224155 9372.854675545226 -1261.4493307726643 6599.237921594762 -1514.6578165624196
1 35
8876.528829930154 5257.046576255854 -5084.590551364594 -5761.501089845644 287.88013498449254 5427.729458660073 -2758.882349368543 -8210.04381790276 2445.780963910256 -7942.743810228003 9744.820904730703 9543.94014488666 -2070.022437208856 4346.657803272021 -2636.220451012936 -3868.69252721068 -3146.3601282342534 5170.369512996318 -5817.768597107027 185.11068748198159 8444.04676504558 9626.766488754012 -8826.214814967867 -7318.5846199875405 761.6722381841591 8024.9433091065985 2121.529089588632 -4183.748630596356 -6834.634274081705 -4220.339982075329 997.8752135976501 -4675.462230635685 9948.242585010943 2064.910382005399 -334.22424396469614
