28 2
6332.985025204684 -1919.3095492898474
-2194.179276704489 376.2262510927321
-2935.428285084793 4654.430279807777
3271.850761614689 5606.0799350014895
-2420.0981830303326 1856.5207264104683
4976.188548244594 7523.23583232797
-2929.8104203935018 -5582.294199754627
139.31535542312668 -2316.04262045598
-127.08402156295597 -7215.700012194459
-2537.938766434775 -6597.2721535589
9286.971354643076 -6746.921149219418
2396.1191807239593 4572.1900496043945
4812.639111560282 4193.841747418584
-2277.9972712245763 8443.538334865138
7291.646727139192 -277.33195434209847
7837.326512505577 3582.817253025685
-8324.528261948491 -8997.987151895146
1376.9759241432857 -6442.433942432686
-8537.33496226232 -4356.518678054355
3297.8294874151943 450.66337024683344
80.5538044838886 6238.474752674947
553.140464581873 -2040.5048148879623
-3994.976524332623 -6613.28998168669
5109.6814465038915 9707.636381599357
-5756.334116944073 5465.873404376862
-5822.928139352628 3566.816678781852
-5751.72917448829 -762.6725332597653
3302.8819094147584 1040.0930069098922
1 2
1767.077754015705 -220.2188479696415
