96 2
-4872.717211987354 4077.0422043924555
-1552.4864859521495 9904.048680474854
8512.45531648413 6879.426877835933
9986.227516991414 5593.290253438319
240.82079187657655 4815.963880706549
-6529.85602209494 -2785.680712021015
8624.125815800464 -1210.098626020459
9420.706907846994 1064.123397810954
9054.537773061104 5013.154645739742
7914.069097689186 6313.423031018414
-3064.65817510533 5533.151871390393
4401.3250871861 -9002.202208973746
-1944.412742781472 9191.818528053878
9296.626924792494 -4578.109421989196
1873.1706071700119 -8147.714754756852
7424.095287657332 -1994.309590979602
-2209.8238098002776 -216.32944622055766
-2651.7763963502603 -3775.9354926639244
364.42375960032587 4741.270626171836
845.6376219147351 3788.822883351477
8582.10015035177 7476.717682467668
7092.7359205135945 -5278.081691417385
-3107.2617958969713 -9990.2472673311
9861.815735434782 -5920.711897812607
7016.737087200927 -934.7496100974258
8830.976554827048 4052.130156680336
5658.31409770587 4021.9207565807355
-7724.434208236864 4247.099896959446
-2700.1162117525764 5474.409720171989
1556.0803909269835 9215.361615523652
-5835.570568871806 1344.7378391746715
885.4262236235354 -4616.8606959354875
-4991.892278266479 6960.47726388949
4584.834324088883 -6736.750982817748
-9516.060361048822 1057.592421781057
3504.855505771604 3943.1300096873456
9274.86513096857 -5636.066719437116
-4400.841350980429 -9016.823250937336
-5309.851713459395 5479.807509741238
-5341.121330724909 3652.3923639817476
-1259.648798933109 6639.876366237226
8382.763773279075 -2170.607873998305
-2549.595738573058 6410.840948238743
-5961.240433843027 -2876.948241442272
-538.8202087406335 -6228.411089601052
2363.5351640173812 -6875.390150862179
2778.6276900385838 8660.157975378512
2973.2979658894074 -7347.196081420598
6953.8127390066 243.4276702877287
-3372.6159478032123 -5354.948070573418
-3470.2507724912475 848.6663720869383
-7304.878968179963 -6385.682806931698
-4542.038493262994 9258.253029352774
-2232.7790944162816 4505.3230356648655
2063.415372305082 2032.6968282478483
-9304.928426504002 2859.204675123725
8863.470313889327 -6741.273914847676
-6522.045675279007 6584.162703991686
-968.0737923189517 -1895.5371478068673
-2283.7616019128263 -116.07535583478239
5048.997746842779 -7624.687593702129
1371.2782889489918 8667.839822957605
-609.5409985042679 2650.365334032871
1336.0800865771253 -9062.23300848872
-5974.953302243848 -8577.631571653821
321.7512353012153 -6951.078024111592
7938.325909039919 -9436.736061230244
-6692.857436297534 -3245.475545108523
-4926.934223262367 7732.677645572465
-6890.642670946177 -2251.0333608201363
697.5109380468166 846.6152635440976
9412.644751502168 -4448.110182700866
7058.419404321001 -1868.5531685237474
9119.908010161384 -8041.899343697325
-728.0501075022457 1402.2289040745545
-7665.589268630195 2511.5025689758622
3378.290238523763 -618.8835796495714
1702.0441063020971 -4614.92605182954
4115.907770158283 -391.0839602472097
-983.3696392725215 4184.982312688262
5042.797130152099 -9744.841599762833
115.4924804035345 2629.075083850199
3558.0372695377755 -6567.5639580357165
-8760.900790709156 -2396.3920808266685
-4621.341598505786 -2704.3605102295733
-4527.261462997032 4394.160549329748
6872.2779371157085 9549.02745539248
-4448.1646526635195 -3292.4388759956137
-4472.627250567509 9201.715861330787
-323.74903218023974 392.6940277191825
-8786.446423746442 8479.422143203094
-8863.320466549347 3835.4351666110906
-6335.112616329768 -2282.4720781824644
9901.407816498548 3792.911976168167
-8445.421299440815 -8373.492562834133
-3701.595450457584 -4043.4039590757684
1 2
-6299.583944921649 6036.524286957023
