305 11
-267.20503035703746 663.8054701889093 484.75979597718106 248.81644555909656 806.5585338778917 -772.7280874711171 -550.5059197513006 980.6031757663598 719.624439233485 768.5161765891171 605.7460688678257
-249.20418444232223 53.90294366924195 7.033837667740613 -964.8818170855362 -475.9842572324653 -987.7061287024054 147.94840292687968 873.9920079715141 104.01516181756506 670.7630924281473 11.330859143943826
862.2188307861566 -576.8991955290936 -999.6066825753746 -844.4020175012408 -926.9830417982814 -365.56936537357785 865.6741972207865 -879.2293129540809 406.14290956497325 600.8744259762698 -560.1134879516718
571.1508034748824 971.3113648944181 109.32406454270608 -623.702849544187 -660.3294368497778 902.4951815472655 -876.7946426594746 223.80808237215933 272.4741674459933 220.05672742397996 992.3782413050569
159.97810555940487 929.4160912343052 167.7040181510638 503.154911157068 268.9595191767212 -893.1545147153807 440.18076292963065 -747.8375556095757 729.2572959200747 -157.35654746538103 -392.8840196872669
39.07021691012437 533.3961623432649 -897.8821592727768 927.0695719401303 487.4105768835916 266.7292618948436 -922.1189520448945 473.7245710166933 25.785292658822073 874.3310489451396 -521.5943025516718
-905.144998885367 585.9052428162597 -167.87777845594223 -817.5389612800818 850.6773011511079 770.7743887302693 698.288074795566 -0.4641260106965319 250.73317104441026 -648.0758082058776 -919.7736961026128
-649.5024550652751 -163.1142654032618 336.300218494443 -226.5549645159566 -415.04225291341504 -351.38106850833765 331.0977437503054 -912.8358626244086 771.9758661048295 957.7640981149334 -956.1700330659055
541.2027809104975 95.15804789814774 -482.6592513988877 935.4376625423513 -671.7528855694309 -449.08532640653425 -516.9619337860876 -86.49812917564418 -859.8124434243686 -819.0621750747615 -390.64035379565314
-807.6326437193628 819.2981027113071 493.8028416041584 791.3285724238074 661.7808277830511 528.7878492088221 855.7466265372286 -984.7633829526366 -842.4841068319926 965.582357821708 481.7002899924553
-143.82120939956792 -42.222026804353845 388.7214110347793 296.9284038269766 -766.0229546476462 -408.8930542225753 331.5343647045729 397.39052437433224 950.9578277106216 919.2687164156748 -498.0124631404663
482.1029055071433 807.8482978529469 82.86018107737186 388.85688048643397 870.0799450335855 -645.769131395193 -150.82994116778536 -896.8710173014858 -59.55115907973334 152.3708758496889 -739.1270624545085
-741.1791902349762 520.5865720990528 343.1771408122713 -126.77663789828955 -899.3589430976346 -365.5936214840161 405.7694942143876 117.44894454760583 25.112609772255382 -349.8670522745484 -229.91580361587592
831.5889189510615 -918.6751341411108 877.1071714609502 -558.7943091005613 -625.0142209060767 298.00487487856026 221.0090984164458 862.8999639634574 -530.1829908373168 318.85354512116646 -240.177941641335
-34.096806293158124 390.9488161400229 -970.9711860978605 477.6541033695596 -199.0249955038887 -853.2294122161419 -530.9088238318388 86.54738142050655 862.8087604070388 571.141458276202 -12.995204423484665
-121.85913742598541 364.718739586684 922.997100558747 -802.0684378967067 366.7405418560188 -765.4708497156893 -820.5152323289002 -842.5586332720268 233.05377552230948 948.4221296087569 653.8999421904432
846.5366375375697 -925.3029243177084 -135.50880133481826 283.5662714093953 331.39280716729627 111.58529708331298 -662.1713294639621 171.69060687965134 482.97672678800086 719.4559999918392 -612.079441032243
-354.91804599931504 233.44203441379204 -735.3520975923816 -788.9176621852647 -61.221821936545666 -709.1444511806724 -775.8282396838099 -129.72425247242666 -102.48180191545146 -908.6012574748912 850.5236282740464
-814.7232787557048 554.3457903121507 -66.09483197831742 610.9846980931723 -289.6016485681772 419.10437249909364 -161.04955589152905 877.6301840061658 484.0866656967155 379.0944029091256 -111.92219446266495
76.71765320409463 -635.1893545613623 -63.96465293194797 44.084700511040865 -223.6524642394295 622.0775024119353 617.9509731125611 -351.44354120624223 -86.49658261669299 906.3382923137108 -803.4042259862666
-915.2564166981437 -338.16308480736086 979.6576530872994 -222.72176803611842 26.81016088837032 -440.37534449584666 918.4179249557847 858.9949799719975 -285.9084469835859 -279.7871680684623 5.854367990537185
-873.4486014770999 -632.0799097118006 562.0750835185318 -699.8546863436848 -618.8068081104597 735.917495111564 170.15227337674196 931.7955984672153 -149.99782758368622 265.6250857897737 -91.3150887165981
-460.29706428288546 -436.4335831858655 -246.08571018184716 404.74220188393906 638.9231328779415 -31.27755361410209 -552.9378429351459 124.68226168900014 -177.77565481621616 -20.5205325293025 -317.0959687274551
235.02982246615557 609.1134184169098 -337.7986814416412 -261.04633123637507 -228.8399114891355 -386.33580676911845 398.6424340056128 -487.7926148187544 87.41641757349385 -543.4458699119755 -760.6888720048175
-515.1616828058263 795.0134819834163 -59.36735383009113 -909.269109905553 909.1063239845207 396.1495538290917 -525.5827887200448 501.40308565680175 439.1378889607249 -97.18466925573568 343.6918418644743
132.84441925005854 77.07429241618865 -870.0162284085989 70.26993378019893 149.6112906591643 22.15576476858621 -618.3015095674922 60.40757152653737 -177.59511331324052 -135.7735595866534 418.322612782649
306.96179093939486 -130.70489523864956 -891.682052996744 -296.2756933529207 -401.7019933675605 -64.97595073491925 -545.2440641416039 417.89606618287416 -360.93422388314673 -599.4794795838334 709.4600370284106
898.341290464218 865.3433381712198 -125.62156572181755 -331.5759080984586 -386.9023222654373 -655.9928527653019 -215.71808317496584 868.0448488367315 -555.7044567693642 -75.44314731190707 631.8725506581727
-262.47959126191995 133.456862876704 -978.7918414126449 338.038034358359 300.571209696956 854.658418767883 752.2900790529759 322.6897329597921 -985.4317340309829 768.0796488037988 95.22113593882386
-492.86600785262834 53.47046090871436 282.71155447411843 26.261490038340526 -205.34674108113495 -640.7629504265371 -131.76843829194684 -23.871942121744837 959.9850418040653 536.8106135848623 769.9556512172853
-395.5047002318763 317.73021068929233 -85.25962986353977 518.955020141585 -725.6406594591635 -671.8580862892658 209.00090256184808 995.8560248928363 586.8324801047222 -759.4567895690274 -503.90706427653885
603.936129313244 84.44181987285538 943.6669265987148 -722.6156988775336 -378.0008297422412 -307.6596975514856 -133.9472917436591 655.9696590589547 360.69718906881826 107.8501657523409 -583.7153283276969
721.1616329554847 -568.7909103270672 261.6737461576927 -597.5627482532991 -226.84760313615482 990.3362416079747 344.6318361092317 974.7968114038008 -782.6761224805952 171.01366931500365 -715.0257177653942
323.87160785658193 -143.93467824044114 231.1457061565277 10.442298045740358 41.043200854701354 636.2942806539932 -641.6925333933743 -546.702846860717 485.04977809921365 792.2555267025605 -957.8647312883668
135.76599188212572 367.9866808608824 709.0220070447847 726.5442977869134 -450.78706718235264 709.2450313178656 -937.8172687891029 -870.4327034476412 958.1918280392545 399.01871787639766 -937.9201172145664
-25.135026712038098 -962.8519994449067 198.3138453246836 -347.19173382773954 -604.2086457643776 614.808058003405 241.19761519801364 -164.66639507828563 239.53422426126394 -436.36021877766075 367.0613382817121
-587.2815765768494 417.3798490244858 -198.92649957457274 -353.19744802123057 203.07799838720575 -922.2395511682191 313.9217191402811 -34.45038940731047 -133.83860255903858 -697.1038216027439 753.4085747411732
518.4926652641759 -737.8959420094628 -778.1068570810112 782.5712425982524 -681.0754280329527 -569.1360519775596 447.6807289604121 106.22280466932284 213.60490526427725 -501.5026828735398 -627.3604608630352
-173.91554377965485 -299.7207928548469 -35.66261153620576 -638.473911418538 -828.3331412338406 -442.05579123703615 913.1959905878371 197.38271842801146 -216.58197823715057 -57.89963580529434 -70.68515787789113
220.2304764495684 769.953807832359 -16.959814099736036 -873.059637331467 752.2903976085865 -378.27283903702494 -7.765338755489211 -706.0242097569898 419.90114968050034 629.9487640771022 133.71369746623964
530.598626157969 -959.7927809488764 -173.43983977598305 459.5941433066696 8.433156012695122 969.3866560991175 -586.0157798569003 -786.598361135321 -315.85513726154034 -689.3187283968109 -602.7680013248151
892.4425806000093 772.1879505434024 317.52503188116043 -42.02785507513545 503.82884711906627 -452.9722056038994 -23.108844160032618 39.07164400860552 -518.6015510561149 371.4343727486987 289.61503538694205
-275.21071771013817 -610.6384938239942 -60.48718326028688 -216.20486481607725 210.06584564440504 144.0922484038074 -155.38553154379667 -547.472720511379 -636.895283450915 530.271759415285 -287.35571788233676
-259.8966838180678 205.60077905788967 -99.5605622641367 -525.8327752586733 632.0907126527334 -14.787509068354666 763.387012664278 491.62540241081774 -692.7395420319584 725.827183332189 -783.2567442307596
-896.2613988899682 -638.7300606063009 -293.64993152766215 203.16200274690732 -313.2857925429429 229.44849631445095 652.592940177361 -539.0298580261663 856.8546959776545 -794.2742091703641 497.6354529377995
-380.75787688519586 -52.221003042577195 -795.8119584936571 5.714192307814528 800.593162872284 -844.5818868469717 -414.65808579378313 -444.2722820905076 -697.3877923411401 -894.3209441787012 -685.991268447867
-305.6160814121629 512.4278299845237 -107.82549431720008 -390.13480456003674 -443.4872731403336 -259.3723961037997 323.4152288227392 206.95465518775586 565.9480699682942 571.8038505328748 -92.59710628036964
-833.4258783654682 -240.41610510795692 487.4602218746995 -303.4539181626068 409.60441656313355 -640.1915329304433 581.0962814927686 -553.8427999511974 -677.6624858164346 -832.6356244846082 107.78339001468976
-602.365223917116 -698.0726627627703 -785.1476714800672 -532.2148074938771 -720.437331157543 584.9647996723527 932.8790166013553 -240.25536222467258 -985.13063334107 0.7834377301820723 -709.1957720391038
-795.9569196646745 899.0213081073371 779.6468745938175 -480.35012224181025 133.9938215377897 -92.80069098225158 -513.9228026557487 -5.469716891067833 149.37003621041117 468.8280697819016 864.680379972873
-438.33868538967647 -302.6201397163129 -935.4243393182966 -956.5944913337232 235.55891976332668 652.2373834180225 149.645180722438 -206.8158613354194 -793.9746333169386 791.2009293464935 -253.27771430033977
-337.7344285650539 760.2599926327171 427.94287437794515 733.3623395977133 -360.0715003512247 -50.80058236036962 162.5781809853654 -43.952808192120756 -915.9104060036369 -544.4539360426418 731.2132686144287
389.6148285561053 496.813097441737 524.8091659955132 -329.9133765665738 -345.79550109961383 116.95657614893207 -372.8689328367378 389.3167306998214 -914.941679242544 62.14193804767365 33.77345632045444
-789.8039889158539 -651.1784154795321 -823.1020750686417 -667.5970059144006 248.52993286914534 282.56826542063914 -435.75283875925663 642.37389862033 74.29831764818186 308.9246015504791 -425.3151159575525
-26.008292300481003 562.3159348681056 772.5943487087807 569.1024327903758 -278.21283849826295 -827.0951981859039 -799.8492490874631 -599.1200808837318 110.93764089230353 -875.6706017463838 484.16106935558287
895.717189323738 -354.21089704693577 -5.802979297294428 93.50642613388527 -401.1604956930173 862.4144451587542 -313.6841403469415 -100.65210639043505 -92.64729738207552 38.192560313757895 89.85080161032852
613.4498194689745 136.41385637746407 -104.68442084299602 649.6995821367175 -299.83079955494543 766.9178531279072 620.8015436133069 -153.05329830384153 -297.35682231354076 -47.63393751793194 408.264975225572
633.5349502205402 330.0779082172287 -920.2530837139193 -693.474836922287 -81.6241554058297 292.67397661843916 828.0246922371273 -761.8381968625685 155.4518790842235 -986.7796643198188 -267.7734037005657
-665.1158040072512 416.0721834834894 -853.9560063448392 -542.6410351173596 -53.02163747659415 696.5276343171743 256.2213377230448 452.63019961461646 -208.9162884192308 -761.4199015424938 -420.7366588213115
-207.1581138041547 173.0672234689398 -42.68084731118188 414.9967515445662 -943.6840033206295 -694.1001750222371 319.20446993387463 -344.59150367381005 428.504444188133 -299.82517191682496 980.1739574294772
-776.9701998538463 988.6786178995412 107.8102029189788 355.2843863197427 205.7836342581072 -588.5319782472646 -893.5565233137235 218.41868255016402 -843.2230990562024 -191.64607484704254 99.56925939661187
-611.1869167683424 -602.4193821079891 -305.07539538175536 -652.1976937994873 -311.51975615956724 -804.2434866544083 -664.5859623097551 -907.0758717908507 210.33709764426794 -832.410467714973 -36.7031248135587
7.076880087919903 -95.18924087024709 -701.2065219982283 857.4231161146176 -994.9473189667235 81.99005060441482 718.5612386938362 -987.5893904629394 671.5326537070735 44.31105270129842 -451.65010697853484
-274.85905416454307 -300.0611217174509 343.7286593474928 -732.2969503097978 509.62892598363146 890.6284012494127 730.3584250827248 99.63443380581975 -663.0843690968386 73.40488471071853 448.4159472430424
-835.4540233814091 659.2920119796961 787.5353535383208 312.6790175720116 745.8472794110878 -38.55721412027435 698.7614574625738 -441.45688293809894 744.9691561758364 571.7544705385064 861.0660623921972
-859.4033164480068 -122.93609204659094 540.9906694339336 408.48651978911994 -559.5202969935422 -430.11419755185057 429.7799217718882 -967.0085783650246 216.830288241385 -741.7298950424945 -840.354178627043
-423.68618990895106 -701.844773357675 775.7888667870973 -977.2488525401934 443.56743979615476 -383.2863518166214 634.3774060534961 994.8417190759064 803.7530287130746 117.17380820269977 403.20815657528215
-224.62828037195413 140.3606220079953 109.9281054702924 -15.49643886872127 911.9830020356867 -344.13827182166256 990.9282803216461 -322.0756421825604 114.07747465359489 710.2082646643744 878.3965887558963
872.4164104190183 -690.4012626483855 -140.01945153217912 496.72876662619433 -802.0652748620578 746.8563067613168 205.80602166003814 510.39426224763156 -327.94247118072235 -185.74465414290046 831.9453692185011
-19.68928543192544 473.83001581101325 225.81002154378848 -532.0062841488327 -773.4598715492953 -666.5907012076298 -767.8355436380231 -768.075252961306 994.5985193728588 97.04501253856961 -214.88203417971954
260.7071804940424 -237.0819879600317 315.3506415523045 -235.86629343847903 124.5995370622677 280.28885529745435 508.14602962075674 532.1528724756251 845.4711154248478 -722.9452281487634 -957.0653361369054
-752.2617796461311 907.2148594842558 834.375557521342 -525.6447613680339 -732.6153748028262 680.9641829341158 62.5357671850461 -499.45851997393055 -329.84567243393894 -629.4921619927177 -491.7950724203439
-387.2686212384133 150.402902555556 515.8267745663914 -148.5575719648649 509.32790958106693 931.9847335819868 -519.9666321337626 -334.6520457435489 195.05834415832555 -724.9313949848615 118.6349356738724
771.6233226515524 -596.4346807793493 -496.54611954648465 -992.2117453757453 388.82682660409887 687.7472967285889 758.0234688654184 321.6050756782615 43.74251599552758 821.420503378489 979.5663929158384
-586.8373183809719 465.20607178391106 -429.0101011588214 -484.3618778072673 -385.9249463426336 -170.34584069428058 799.2032912671984 -877.8963729771071 -524.0269902088374 858.5819992652741 544.4299695483194
-83.99862915725362 -535.8301409532717 -394.0465148601618 -481.33008812055175 -832.4366134629126 821.8519971319058 819.3768233539581 -783.6203559931636 -943.4968776475878 301.9480864242048 -668.0726426282674
721.5953483324859 622.132232348469 -793.4658695671382 445.52033899373396 877.6223472506638 166.0028265817666 -749.4258335926953 -694.5305967369272 -448.2813537919077 92.41647311416932 719.2282019532186
658.2170371599025 642.738162870311 -499.18437143963666 -436.0197996390864 133.14096430296627 -212.97199496706037 411.3825441203446 192.74952308610864 339.22550287042463 -988.0390449832923 -624.635725787107
842.0491143580682 573.3681254002806 474.26799604767666 64.73438119510593 -46.39352386990754 352.12098457887964 -120.34135325099226 -518.7650535061681 876.0344610270256 -411.5815667234972 -657.4224757667888
315.4213524127706 55.83407929883265 -438.69337574845326 954.1084008003897 615.522473528519 13.824721528880218 610.3730076080221 927.5715640138446 856.0205682121782 819.6184212082228 -2.5587279340526266
-53.06884190184701 356.068515538243 813.6453612326616 -702.0345212949228 210.28865546368866 -895.2686816578346 -100.49894579134389 199.13782899246462 -342.4311959522066 -444.10730894381277 -848.3406616877913
754.6285352786631 435.1667183738807 136.57310646708243 -798.0962045281426 -127.99322267944513 -290.5060498105048 873.2428881843744 651.8210567078181 463.84422729491257 986.8695184428207 66.67613258695565
364.47567469387377 586.9427928511038 -186.60477552488942 138.56580597333527 -560.6965651628307 -221.23314494861052 729.279113599142 608.4982628736943 -34.2369799829529 -945.3248457719272 873.4725631786205
-544.9509492742437 110.5523906928911 -875.6414118117541 25.77649637629179 152.83809903162933 -328.5975921542497 -829.4082522120593 662.7803541788539 -69.73612447941991 529.0507338209177 -238.94729510258878
-840.2925891935494 525.8900003254182 210.08108210596697 86.85453353403477 -285.5232009653374 305.07318266958487 539.960791238324 159.22963984224316 720.5569826223098 699.1597281121174 755.9018467728622
33.773370074963395 940.8767195093833 -454.45519700986426 105.30353941719295 -630.2108195284806 980.2957009148663 -673.8718716485182 106.73527131877017 -756.2430395420612 -673.9456737641688 -348.24826244037536
-82.89436968618634 -784.7031968704752 389.4679856010589 952.7465616030161 43.05198406826821 86.54200258735 -788.7116094480542 811.2512410712686 -307.1289322494804 106.5710666514617 71.95717337912174
-594.3862817118115 711.1258468191461 459.1279723530397 -421.49067015825415 804.1372669523482 246.87238900025295 168.1644457633097 -680.5011648207102 -726.8583482483098 -137.3556838708372 865.822486914974
63.76373138253666 181.1778129116051 501.5199304568696 46.34753956370014 -105.61746909806538 20.40218648437326 -189.7026875937953 -953.1665259559583 -215.254445102089 -48.55408405746232 883.6610601983064
-549.4198085001138 182.24277903349548 56.494609958941055 -901.4976515493433 137.0787806654896 -697.2588326496884 -744.4879863700535 359.59215816784354 -160.53260737127073 -638.5965844690354 388.4075004782185
511.9432743395628 289.8807453905167 115.70403191035098 -163.52810561336548 372.82895426341656 426.2502981082732 -644.1495630824372 -504.68237321335386 337.3479807497904 598.3427816959454 -934.7785363245869
-991.189973622743 553.7788383139355 794.0316741910979 -597.0275961345028 429.412491118826 189.14460078045113 709.0791939989797 650.1266304779342 -468.78193430426495 -915.7186484763322 -778.6265645608612
750.1837325922465 -922.9210040046214 -732.4909941970778 -89.80679776977138 426.07015860251886 179.66160792602022 757.5712119528494 649.8706768510283 335.0705904168069 -752.5691332341064 689.1979725611479
-208.10556033095918 -77.10280220205345 -701.627694956751 253.6381836149094 203.24636956137692 -285.4616034439812 -544.0071574621772 -21.63692354868931 -40.02702316471482 24.28098511298731 -197.96012397063475
741.2305207609234 -90.62740813974108 -314.6848499823136 326.5757928316416 -62.050844178272314 740.857359419279 700.0444455170937 341.0106281182925 81.45808954020595 -816.8190355722194 -626.6130204002851
-690.0902727237373 -87.7463680780595 -677.6498389572074 421.6113110252654 -117.9205148325517 947.1118634402635 401.9483402398621 -238.29954978295962 526.6015467941043 -368.7760431129126 -20.662389606655324
338.80912873807324 383.86660257080916 -800.2668702551994 735.6414988810538 100.2810655806918 141.85993498402718 38.15771406803901 864.2503667050503 -801.3070399345379 -779.3926380987997 286.285326166025
178.3877539812463 537.5129116955461 351.5211820988118 -261.27845308479027 149.10235604165405 431.21661444344886 -500.02042690326334 10.727394681916394 189.7392580937585 504.21671337133284 -168.8243784759262
779.3682352323724 871.2128382190651 281.2275994493725 499.07244646825893 -917.0356950524665 649.0890935496614 -788.0420295976469 -339.24668100938527 465.57635065336376 172.4511846091939 -381.08056734300203
844.8159716525511 -379.9177204161905 751.3364989898091 -393.1861959121834 -520.1615242352359 -511.0195761658307 959.4761318369694 -424.21976149831835 981.0592440588198 253.14166183712132 169.99299150142315
-175.5880821075657 -881.7009461220448 -869.0602996090026 45.929066177352524 -868.5093809935731 751.5679574976182 440.57745553483824 -48.01658560838166 -499.45503945021 -647.1768462843963 104.37278291724783
-877.7222381719807 861.6501135563469 -997.0688433367036 -267.5740239236819 -130.6633415216063 -814.2700457919539 91.02205964742075 644.2780980428529 -320.9683479726302 786.1029728289732 -333.5120611844344
385.4414809677701 560.5917868341887 -663.9304759650038 -944.9480143556652 939.7682215230282 -181.88533475344968 -207.94091150288853 613.5815676535051 -825.6746570158127 -619.5382317532203 -60.17344099459774
146.4928736996933 405.3573585806637 67.44373515459552 57.611048435692055 711.4951446257057 300.6375427945786 -552.9510189274431 -80.70219036712058 -400.53653062570675 -58.71827729735628 664.487823732788
787.3242639165003 -47.02640098505981 -111.63657573016542 362.0795807158313 289.0658088914106 -3.713631525036135 -566.8987861016003 -194.20066097999688 -151.57763073153444 -939.5123023433111 -58.35907321967329
375.7136876332813 243.08460157909394 689.37724546411 -845.1750315060493 91.6254757203485 -179.96868855899731 -428.6570220045145 23.42208479966382 -533.4605698788835 -396.8464482018903 957.6074462189952
798.0371020323289 -721.7748796534302 -522.308613941675 503.9349341899299 -645.8106783962853 868.3212815181148 -25.21765748215455 -26.52628616760569 331.2388983504511 -722.7721662815112 -515.0014841130142
748.8732973862031 -660.5417381044351 88.90436840807502 -936.8317116144158 -528.0308432941852 898.8987006487407 355.1193942814318 -343.6841863442745 -696.0905734878355 933.0093837086704 -73.60127661072988
510.9845856330114 824.4889420779932 888.0744933949672 -339.8239114283233 -298.48979477899616 864.1694130747271 -868.7932511332565 -371.58562082017863 973.6009201525214 -318.49526016992377 193.95219896780486
974.9643114296293 592.7753734309545 269.13559637315734 -770.6924006843365 5.582228276988872 -11.508535939022295 -753.8209969894214 279.01645080344383 -465.67453376915455 622.4396598171277 263.22323289536075
-555.9971183960699 8.552878264242167 628.8202373010777 480.72388355076396 -798.8937865201253 660.3995601561744 892.2596829283384 -721.0590240990327 -749.2739784594391 929.0615216732353 432.81445520596435
-645.5882794286338 899.6649872762614 -432.2441017428615 918.2428418195063 672.7053746142942 -982.4199922133172 -174.55285698216687 -912.8921203060268 -647.9456541491109 -866.369403408201 -638.3499497892062
-928.6346870065885 -864.3524897633453 -41.719696396852896 -438.18617605714815 -330.84274574847996 938.9580534507209 608.3625109367556 129.14987326240566 -725.4063216584539 968.47321328217 -274.56223459442094
-243.80936623165246 103.247511038536 327.25652681043425 62.495839909179494 -22.02933486355937 -217.64809799220245 35.94176179286001 -802.7123659839126 -469.08981044151824 576.3070512980414 227.14175875305432
864.8136677615234 690.521459056379 -269.522030715279 -175.170531514172 567.4402893026395 668.5860188208369 -533.6061726517903 -984.3417362719491 -367.3813472313374 246.21321900006706 957.787433988781
829.6123646158358 312.98977535734093 -219.7559468025505 298.15774559529814 -454.94840542773795 -985.7466803400845 -285.8998454490427 62.79066982414679 47.11200491012755 257.0931059328482 -138.0731858316808
-517.6264721563914 466.89186672402184 -526.6311893639036 -70.64222412864308 -919.8581573456357 336.70943610788936 897.1409696275061 -386.8795248677666 644.0845758097007 -536.5621999838351 659.4918665326879
-677.8287916502345 -98.97772555417725 298.83494495228547 -575.8372448172657 -147.44492357734612 -565.5792814288125 -211.66329733336897 999.6828607408429 579.3255704330734 537.5959572865793 -80.71623289726597
-67.72156861971212 -897.1301180083901 -447.2903205438339 470.18901489577297 -985.578882850098 938.2115338400531 186.8452115573707 -485.1804698602598 982.3400906905092 882.957269689336 100.4336396939309
517.7006991349622 -806.5151669897075 190.57445470969333 -920.831084117327 -619.0761435516816 948.703001210582 718.4061269647575 -464.1492450295151 -904.4141939665553 -592.1203021710104 554.7678523002685
333.13980997413205 778.2541906643951 -239.7954297705611 679.7613675035989 372.338909238792 -273.72405109485555 -796.5293238830528 662.7605420049708 -93.78546321300735 -244.49670153692284 -976.8639807905481
247.17602509493486 -403.74097268585854 24.05114944718207 -860.082327733666 -963.2160809919515 763.5932059074594 -169.83132627837176 168.55511247304185 -248.66339303710095 -828.6939180971025 469.4781294034508
511.9301725770056 -179.77286523288 -421.1684856294902 499.3970437797934 466.74749937469414 -85.69726262969857 -184.00616589751473 277.2766142297505 -426.61429740468736 -243.9113682609468 -944.3194879306456
843.5424397644433 108.3176048091309 -520.9896000541119 -803.0816366673514 785.3152857821772 407.0713309758339 795.2978909758713 -580.2867236203224 351.2924355087057 -565.5189264019544 205.04247252507957
352.7367214063738 -648.987247096923 56.159795542375605 809.6444471754678 -336.8861944842172 153.51120120863106 -846.0360657896568 -483.5135882785131 844.828278378948 552.9154789891049 -325.24550457903547
661.2546595936849 734.7361152115459 -304.8869191719532 559.7267342548978 494.66996780950717 -193.33064454151304 -266.0705552838789 759.7765948323317 133.39836448013148 909.1951970361906 -586.714571141058
271.849706704583 -482.78603011800806 638.2786548045999 -820.6747280927714 763.3194622416147 830.6241558375802 706.3245709637408 639.2974705676977 135.99637493205228 579.7537831094305 546.4139669043163
168.21476130321207 -400.5677435629067 -501.69338566433487 326.8996056207923 -718.286164691734 742.7361071853798 -376.1970452544127 911.611828981519 344.9952995898136 740.091096068787 -662.8930163965803
482.0399013378492 926.0859947559418 -385.065450352321 686.7943169697969 314.43308848893344 62.955779474985775 920.8037975431089 -446.9706413168617 991.4247245699194 -624.9260535815768 -820.7784132947367
-743.2210578635892 879.8013290245467 -185.40856917967812 -485.9771866131664 681.8718108669857 -474.35725133406504 -508.1532208818271 -942.0703198969252 362.2990104179628 96.99414649872665 888.1083820012907
392.86007801210735 815.7450240703599 90.66816349436476 -253.20802624509952 84.47751306133682 -950.10727896305 439.27980624619363 362.54208116465065 154.54525240424277 -234.6943501046112 -504.47288925066937
-172.0501805099226 -306.4572109005654 137.756436344054 803.5180883111786 -501.42993927441216 812.1789947271197 -128.91497924363398 -641.381381798928 -546.4662498341845 -843.0779434371262 -527.6948266525142
-984.6052849791422 -995.467185366381 -946.0522767556445 -352.894635718509 -241.20717424487736 82.86967933350093 844.5680110295664 -70.32873419745613 -236.74361267492782 -859.6695734147921 823.3424136543431
-886.2370842097326 -936.2562831484571 -316.5632509347487 -441.40865982183277 -771.8011772278974 -604.1406833889407 249.67037831160974 -761.0899630441976 277.7075260705983 -678.6636847463101 -88.93456986254523
-727.604152971902 -620.2445161821599 -217.5102876376087 -882.7080195176411 -794.4067184503689 -664.0126542944504 -225.87870016304362 548.376913023993 562.1797555610854 -995.1023763711786 -391.8958621851723
-190.28793468072843 -43.15597334408869 -562.2865905524914 -715.9559981302677 206.6407780729046 848.074899146801 988.4682727343181 -544.75631617827 -742.1642458051874 375.59051717056946 -795.5958602774895
761.9389739203518 452.47494811947445 940.6942726738164 360.9295805109273 678.5231712202385 -15.609127523018174 514.1947512229167 -735.6824326547717 565.3446107164175 -410.74548118040855 129.9487955045131
981.7989417949193 -949.1165633698897 -114.87987371728934 849.4674456597002 794.7403702108029 -373.650237493738 103.3729979224363 717.2287728867068 863.210795613151 930.9612097196084 -15.875107228214347
-810.8475176661653 -162.98973190123615 -762.2071728246949 -829.0758810119776 817.0802995004503 254.64854730296497 869.7075884964183 146.85170164894203 -423.81635740839954 -308.70988570741156 285.11862172140786
-142.94200080032522 -669.4679952649221 392.79442415000403 830.6413480363508 -900.2238293309031 -27.353499877383 -162.92455648615032 724.7865871324836 535.775211154435 -1.5495415412278817 -395.29959204186787
197.76112836435482 -630.81220590451 -668.1308795816024 444.72062333043164 -567.5020346517327 -736.3476828209241 292.7391738837782 972.0027734782154 242.2672137100942 708.9763347242756 -345.63431176487484
141.5751303989523 -315.44675309735544 -347.10372519617545 644.062190832713 393.36376027475535 -874.241791953595 -23.879747170536575 -594.164834184882 -327.49764447127075 -936.1906740222654 22.66963347542776
767.8204862255818 763.6857996716385 318.96836808684907 -798.7152915743459 287.3732862681959 -862.6927505297151 -466.6559182945051 827.5011842802128 446.2249730893593 -47.755269087334796 998.5513611648662
-834.5799716856015 764.7935516417479 -325.7764174976801 -130.34394059204703 -766.2639396987212 -371.6794305057864 9.272144819136201 318.82168084097316 835.7777982549676 460.0356891799595 388.1559393038633
573.2589990117322 639.3005413312599 -446.0375367846874 524.8491171866247 647.0691779346571 679.715430404746 -317.50095082076666 306.6162957058782 -251.82289371433365 4.761190189139143 658.4036334412519
-410.1521867422389 -292.42421396992177 -518.0372445608941 235.81551597164753 853.1489941935299 773.1870848844969 471.45142997800804 358.76601617838924 150.07649090963628 107.07228658819213 663.2192148543952
754.0172324886532 548.6848241531125 -898.3456407066675 671.8076411018221 918.3233142573488 187.49308249735145 671.4775298586071 -174.95356019274118 883.0754418838201 -885.2773240985877 -238.20330579278016
326.8850741825818 -272.35410286693445 -230.3070816487982 -916.4668965706251 -866.3970929984956 -918.2844330434609 -55.48834157506883 803.8843579074623 -209.92617615161362 -426.850873522366 567.6092165150001
-870.2768762415019 641.0076698578973 983.1764082321195 289.4881790727245 -454.5484474262331 65.39796424230485 -113.4282373720838 -411.8008243323585 -869.9951838473938 -303.3714544264135 393.0945193961195
-918.6555665212726 699.3778101408404 831.5716940876082 372.86312242140457 -353.4602659228925 -305.89149381028346 -83.12885792614736 650.7168562327051 482.178588803456 -758.1319616007189 -315.49100435886635
142.01766012394273 -668.3385805348747 856.7747633190127 335.9692480365027 -64.67643047897332 -340.17774100475754 785.7823974006255 -128.06762614938202 825.9847565801533 -910.1958898378584 -814.5834074402327
60.130096005975474 833.6817115912579 -229.35487940410155 -225.296117836117 -901.5958077345672 -801.6702638718198 -503.991787074902 -968.7792978487035 200.85941258132175 570.7454701800787 763.9210402806732
9.56438304283597 114.9312668466107 -884.2877432460732 41.453358542987644 942.8480551780544 -655.0850946327262 -446.49279449268863 -288.27242408285497 -550.8435783719443 631.3119784878045 -679.2399761264519
-290.5247679149203 824.8514898626199 -543.1011654059095 -156.4923295764254 -617.3770940956169 731.8886232206312 -755.101378298201 -707.4183004333756 989.6671704665125 -346.21017782359934 -313.74656604495704
-102.11218514620771 633.5191873353076 -736.6708324462601 -724.3601810249688 596.5112596252693 573.3159226317148 -292.24746976131973 -471.500735080018 468.68220671403856 -991.2772531663725 544.2400163088812
-48.95564767041719 422.5703808003816 -98.87728181240686 430.23295802278994 -561.9361262774032 998.7690696691889 222.6213869740168 -946.7510849788472 -532.4355640631379 -263.0444480490455 -438.9326646470877
-203.35013735909092 -105.99522966290942 -191.36650498908273 900.0257737287056 -594.8093657540967 -286.52148746061255 -203.29321248435008 -89.13252092353764 -693.6467388520466 -427.468608995717 615.7726653251268
-676.7321705374094 897.7858348357463 91.66895917539546 825.0265359145208 5.046139656370315 463.6471797635031 153.36343412581095 227.04913038867608 354.8516905355873 193.03113116656937 78.1127313811487
628.0994972547105 -228.37744825936966 -973.6319283770649 -720.132152302142 83.53592878275686 883.6643526195664 614.2338990221783 379.6190272090755 152.97048903538712 567.1345101820905 41.44445382555932
122.35531403701589 899.5563076538126 -742.5954945861637 844.5031531595553 -818.7898592391192 -243.23752845360661 -737.0382728377896 398.46627116773334 -263.0262903978546 -494.76281532967283 -988.0231531426172
846.910938096145 -22.433780070358694 794.4113053993724 -948.8120251442707 619.577008083877 168.24843989700594 265.175577926929 -493.40452263803104 683.613855643709 -276.8682627497112 431.76956953422155
-326.962125995109 622.0082541830277 -154.5261074417748 -86.56477114319023 -362.1454104366502 423.9333111271351 245.34859420383827 628.9741487535014 -545.5709470834072 -266.25899258278343 779.9655620048907
-127.62891045381286 137.71319594256806 -538.4324424742913 -321.42158563032194 565.9563652719746 499.39851381254744 -528.8310771334966 447.6967010273395 -65.69169367247923 41.979578054821786 -514.5077493789892
-543.6540908423838 -994.0530317506025 861.4962399866649 377.0348955203399 -976.6232396841905 119.98232855832407 -918.5902059247999 -434.9015422077056 -437.1037454852071 -854.4258467862527 789.1833487579245
-136.0614513243064 -573.4544970713342 123.3273682766594 105.49854641336901 552.7104781443236 -10.239586054223878 -745.4337360109023 136.57896923882709 -725.2926694234205 549.7675966722009 556.7235493692147
731.6114453880309 -446.31580612828327 400.9505846054417 571.4952099996481 820.2160330812128 466.20793778258576 1.077608648378373 -552.7949336954754 778.5842820995795 -770.0537829892389 631.6692978615897
-995.7128284848465 -365.185677385619 63.12436854545513 849.1503767078525 -729.5555666620668 604.373782322725 -968.9654264583929 408.75825681825495 -102.02251421410563 -105.59537214619354 -751.1215820348258
-10.143620401224211 -525.88554129486 -503.00867834646846 -924.552224689696 -889.4099012363171 507.2125148719156 -86.9819463742898 635.4854660603953 -792.2402245402502 298.8322628035528 -595.7087917054794
803.6272907569135 -650.7987683281599 -241.9655820541558 -884.2592922491524 290.75861955431856 -356.22060823311585 157.28216276038438 868.2985159888228 860.2887278518124 -74.68454985713072 -26.821133663273372
479.85451710186794 -324.3820908103039 -164.57305599452638 -187.12843008660627 -645.1547762424836 11.017468462732495 213.09437007477368 -576.9699887289381 739.5781655925505 963.1523018608705 -358.95640357238983
128.85059671746467 738.5248420775188 -179.33667374767583 792.0927355076287 -788.1922593981259 -845.4719580141796 -941.7795644411324 333.03608981895604 -391.0304729121466 -330.0785348425479 -74.72602233689258
-741.2233747078805 -776.1677696620293 -400.7226774823836 -150.85011967445428 410.2004964572359 -163.1375128594998 -320.9430979786696 630.3087301937608 -583.1558739657528 -418.6406022025824 187.24268768858633
340.6271728749614 539.6497801058047 305.96039445856877 622.2874713103392 -669.4151405652856 -845.3060841035538 727.5581057954507 99.48694063487528 -197.3435127480119 106.40834159494625 454.5158062398268
567.5853327886675 447.7858775051518 -544.1303823552003 291.37055642798464 508.29671586361155 -150.17375253530486 -320.41508248520745 -44.746633160748274 -136.31599688116557 679.3694650073114 -343.80379686212723
627.3118932144887 -634.2191898416971 -103.87332558906076 -408.234849568673 -137.62654745087912 -20.718619988207024 534.6390994457761 -930.2970780787905 -950.4574726491695 929.5769277805207 -322.35330648866545
141.81781424338374 61.57470785946498 543.4534961395241 -93.35645127273051 503.68777679334903 153.62108897009648 678.0301050938488 -393.6907499710534 313.61488942023857 563.5202083434415 900.896067800566
455.2711545122677 918.8500964896857 978.4511964706758 312.41850294128335 -568.3231444941306 -392.22523761964953 215.2181842530938 -55.754557505559774 130.5739291412424 425.54442273001996 -221.69075650893433
382.1660572306639 -152.65261243190741 -400.95654739138854 914.8552671458831 335.6336491812083 -77.74593721365909 667.286032623025 -374.0529714546161 -170.3174825126721 779.5504682290525 640.7868806881977
42.2700827227834 -829.1485576347803 711.9919405272503 184.0875851056703 -213.73437469017892 -316.24320641073257 -523.2760641119496 -801.0531225730643 -539.8298055596669 -567.2493410825698 -816.3934331418312
483.41456768591206 296.89802004546664 -204.55714151738414 -766.0562972635463 4.432445194390652 356.9222192691327 879.1868833172657 -625.3283239178166 -471.33344103878346 -381.2188740777714 171.25885221746398
127.97683302220935 -97.56059334601127 -414.6062727969779 468.94485201211205 -602.0435160933368 567.7087701636062 332.8461685395041 317.1694158013588 -332.7145901583468 -650.5284081024006 129.46865638456825
218.1517489209382 -516.987743229383 -632.4345340538049 -710.2552207998579 -922.3930222559567 681.2453639790137 -28.526249516443727 65.16382650847345 -500.28554745669896 656.434475861575 566.3607897032616
573.3339538613843 -213.28884643104584 978.6919955012947 795.4158661454458 -414.56817278220547 -651.7169319646357 -200.86838552602887 -126.98577021995266 -500.3007562479711 936.8373565959541 763.6506184145758
210.35067011370438 -73.89681252002117 -469.8105783305035 865.5285887113505 -790.8497653089835 185.28800377463176 -729.5569319281608 -812.435318112867 -666.2345421071723 722.5102598497351 19.151728292923167
-686.6139518579944 346.49590032473066 -139.50947120079582 707.2807170196843 800.8332500085007 592.6749261136458 -801.328607499644 -958.0589052387942 324.8539046030653 546.5892560449497 -814.4640288976494
-856.4189854473103 24.64994655323403 277.80802033566306 21.302799513284867 146.27595346873295 -610.0116166365046 -178.03376681281554 99.24242793393455 -433.058964669371 371.70976549455827 -560.0694607198873
180.0371135637481 272.39174094142163 754.5513060492767 518.6356861693866 379.7989808194511 -739.3346264742136 -694.212217046316 -187.8842938914023 679.5541928345042 -393.0494017467996 169.13779292555387
465.32659022533585 153.6302218195592 -382.9423598080473 134.99617653338964 -264.6284263649203 127.99416729545192 -66.58331135515812 -532.0890379738132 -763.572120608404 266.07105286911474 -444.20906394226085
-836.5379443117502 917.7054750328743 -8.09838037272641 229.23614884329254 116.301255098698 -347.2201118577034 -666.4252770703118 -559.5500745348147 625.2260664387627 -614.75424353314 440.94661324627896
-954.6207265609745 -537.4895881313473 -331.0995986570688 -567.2268644889759 676.3206645332261 545.4412033334625 475.8788280348658 622.4721546354269 917.6833634384052 361.7650899486516 -519.1027452796666
-435.44107530086035 -344.0923750957845 562.8185298272836 -770.8518791951886 -471.6279436708204 761.8385414812044 87.29179262792013 18.8603455609948 851.3870339504388 703.9155921318206 -253.90659769070623
-496.94866616612796 -743.1813383948252 -382.1708112776065 -65.51084445291622 -819.1587646934069 -967.8968454595824 254.23625582390764 86.63518720367892 -512.9092799507728 -98.63380248965962 -853.620047033109
-385.7873003674173 -308.19302551231556 905.7824391483421 -152.87604245395835 -529.4085379240428 -447.96858406609203 -73.61534804919484 849.9591862468862 628.1293032793162 300.4721949901593 805.1189740851335
507.88158476165927 -136.49198468297504 -818.6519612856491 -34.90986292271975 503.7029607285567 36.21532933144249 653.2460644448909 303.8264475128833 537.4151972979514 227.76528881036074 94.15289064887611
-380.80112310483867 833.4118108939037 -457.3985309866881 643.1204318688306 498.5624669175661 -90.39944344204298 421.30754242351327 631.0892894026704 103.51590006628794 -233.73573003104536 729.2923583218296
19.590587493917496 -338.8960558866372 269.27006744885057 -644.2987066147421 -542.634097595246 -74.51421703547135 -631.3235967778461 600.846889258652 354.6915130548425 -654.0206202165506 960.3759012918663
-499.0265393944884 -800.4652903488108 698.6155751994188 -385.75196756109233 -499.32435751736557 420.9800658111317 957.1668398766581 -543.6500984680697 -969.6731607984781 -28.85703577939489 673.1314133434355
-663.6131836651105 -411.15218326975355 -933.8619855851424 130.62463197798343 427.61519070501276 -266.4581095021823 102.64592704572419 -485.10332191823727 258.88915213270866 -382.72977862672235 -192.49307915634483
-131.58210334960097 958.5861299223634 120.31157496033165 -833.9597382675998 691.3101389069859 512.9698032838426 -488.9140295901846 -18.1322970350966 778.7951312782782 813.4605345569476 387.59734417053846
655.8562863027464 823.8892445719678 -705.561057980937 -285.1510594287747 -451.0660981769437 406.19615481281176 233.72463243560082 364.3198593119573 528.2942341522314 260.6231367818443 944.4303838324502
-876.6782375639373 -686.433265616506 497.98709317339717 -941.440385188142 486.40757535168586 206.063880086366 154.98523782755274 -379.0196598133351 631.0162461296493 950.3867334819606 807.576006845153
182.48803687615964 634.3162072199757 -709.9196170127557 30.831880691411243 -694.2805338828226 -561.9586297921924 -367.5633515191612 -907.8568388282771 -226.15217890841825 -742.0947954157051 199.40172913717402
159.44113738143187 515.8580198461666 932.2162223117468 467.94272384208443 -928.778049357531 618.0546343977803 613.8180935671712 -942.306431106566 -926.644005394693 -273.15598223997824 780.8479897891314
-944.2656668194082 -297.9590838834996 833.9680021876734 -648.3179903320699 578.4057604889324 -468.4769736035936 -787.4752197018599 195.1232740788007 -512.9646980206326 -302.1019993020435 -601.0403071705666
-352.5685867364965 543.8677086338485 880.18735565675 768.740019444883 753.4905672249047 40.23011105364458 156.77686445244535 -914.4686455887247 -32.42608025932077 786.2396443355451 45.2530137899721
-427.8843956804375 834.7668431583782 -54.77784355592405 -926.3268230552313 -689.0333991575473 330.3871477877756 -363.7889560072409 719.6179997862191 539.076195923461 62.433930571707606 261.1997064495454
-58.13830113871268 63.03886132256957 -951.546682502439 -993.0807365229315 -626.5840052495402 502.1469810692165 -833.0458413670418 -377.1243836344247 -527.4530086060163 648.4617201996032 254.72925589031593
243.03912917558364 126.6208564772196 263.39722706638577 36.33932285305423 879.191962498491 -817.9588087621448 781.4770894753908 75.43948587559044 477.8732873182928 404.02546438876766 131.38838396218398
835.248189511517 908.2410794162165 -832.5974697300688 -99.1024347774254 -62.56897518697781 829.7046231232946 -551.666389208679 418.42330151807187 -850.845669438155 -35.39181489394139 270.96593181116145
851.2550778595087 123.32580651003286 863.9341767387239 648.3452887493313 -157.1971387982361 707.6940387626964 -196.58766163819803 275.45951614096 538.7347288682968 269.6233086971174 -376.65955117309215
-350.58072453811803 914.6637090186671 613.6597705800168 641.8293825859394 -512.1307032048496 -82.13945974121168 -36.10082793242373 699.2017180034543 -500.7145092955383 -357.34869376421136 159.0290273576079
-495.71450861732023 595.5199135634396 -456.05617085029087 -875.0973020137498 332.2141870927826 -164.50648563279094 8.976386269277555 973.1360281275875 -849.3009945936758 578.2175782122315 596.591534791409
-454.32149281403133 -818.977332328682 -132.28488932391986 -688.3679134591248 -589.2522450290005 596.6933816911567 -54.34224639733088 -555.3288786744916 -577.1247715416204 173.183648743425 387.8016394170195
-320.70096905137336 664.5061023324304 -642.0428633124828 182.77707702718408 804.2033860825252 526.2977621541211 -253.03895265024346 -803.4869931698731 -945.3105778615953 -358.555648935853 654.7376636988388
132.70154369543593 -476.8855796945994 -652.0477521428054 -745.0296644662677 -34.0860245623353 -351.9273832082914 -657.868134598889 222.89990979242793 984.1396496578013 584.2746827412666 251.4627166482228
-556.0216086679679 473.0912970640752 -560.9581889612602 215.03788069733196 -901.1069802192679 -59.551755378971734 670.9175421371685 790.5108290413777 782.6772573232226 -110.31571977285239 -399.7455349736574
-438.92609181438047 950.0601671673298 109.38442168123834 895.6367232874591 416.710045225459 -611.3982264423312 753.6800313189553 -343.4060228106812 -963.769960638108 421.0809669582495 761.1960177522733
-863.6477672145926 -637.1224885375498 -366.126566539078 -701.3352644905731 309.74419067521285 814.5031863017061 -347.74601781559284 874.2153564080027 -152.3616494410105 171.76176426532584 -11.170287171109408
-574.6018590755291 254.9470414382838 966.8258921132717 51.97984403080204 -268.2008150827204 -847.7355338282695 324.8745285805053 21.685570413782216 -755.1987521062957 331.9597006579522 679.6965187549954
256.33559805015216 839.1093341074122 51.593804311534996 -748.8759823904492 -921.7838054667255 195.11495049658106 352.3300086420579 995.6663628828073 105.23279721500967 753.1861830499556 317.9513779834672
611.9338792840992 32.792099248652676 -980.8687778641101 -189.53826591209145 -749.3165158242352 -376.7731972748911 722.4646217540549 -567.9272004554776 -248.92608221876685 -590.3790830479492 -99.82233900170922
522.4326397870036 830.0719100942549 864.1640349620093 879.1025019142842 -963.3651999313284 307.2793691683346 -331.34486468470436 483.74241458589086 -753.6184857005381 263.34898000147564 390.31661757831125
-987.6032821061709 -202.3834431048159 687.0121188375381 43.26506721790179 178.60258988921782 51.010302649609 -451.1750200310461 630.2833474701474 -56.94647468954406 -119.6061341443251 -588.4225391041366
-863.4034984359596 -415.249709095463 -44.27959811410949 -560.4924996132274 -556.0601703041035 -420.39967262432936 -324.243444735598 -857.5694874330477 -976.6505933465069 -286.7400034335519 -272.2803594378771
903.2780882721825 -248.7903886402172 -636.4157276808012 -155.35587200859368 444.14406468824427 601.937039171032 -623.8191984673952 -97.34125988042081 766.0984225439988 -92.22245222654294 973.1491129591309
332.73388403998524 560.0220646475602 670.7972296354503 -132.5623077665872 -692.6477506373221 99.81215566119772 -476.6478897835616 -37.013151822349755 793.3365376026777 -447.36353288343514 -741.8492494872817
367.524476042546 401.1437244659446 -571.9103576384932 -365.70744650555946 -636.1918571472588 -443.33328071638743 -767.967927964025 -804.5892465452433 -68.22518027064723 -919.1444286473849 879.4203172846039
-678.5291696743745 162.2833176999784 345.0721923944159 -804.2489462895735 -721.1970537807822 767.6525856865508 254.14796056655723 -807.5490956459273 888.4566344812881 195.6270100909337 -775.2271995791162
819.4836149536259 105.55628330938475 -863.865341048871 -657.0038105992471 -77.66587881940063 -661.8019640101177 -994.5733435763593 923.883294752088 -393.75224894429994 -107.80330994932717 907.0424916954491
-230.4679396609821 -573.1749233231819 349.93709775185107 891.611847330252 927.8282140222864 428.0261060626633 -305.51772386817277 674.2408884000522 367.9956926855723 613.3447062753833 55.80399885692577
935.208637243006 -948.5370471926295 364.45614868664734 -104.51290579868737 -242.89899857367402 454.79537948811253 786.7733801751949 520.72735683667 637.7747875463358 54.77780337612489 -435.56248320914426
690.5200202658982 -655.5442767089976 -632.3294215276294 -447.75996028784766 -757.5440746140845 -424.7153394368697 91.14391312166276 183.67321661627557 -484.1337060113675 -786.7090202837834 -971.1245347976485
-166.7057004175747 -900.4562573463812 -595.6276728187254 619.296872862252 433.52781802537356 -221.92438596016473 -238.39420314782342 995.9939606631374 -313.71493118736726 -866.6554840289069 565.7179470033172
-833.9470754343367 -476.75568348058664 627.4924810348289 166.4599991492546 -99.48825460229239 -19.087952969982325 -816.6688188519872 -273.77548502310515 -116.6146521896552 678.7926043814291 -176.63751740932048
-909.3996178247188 717.6170619695622 -135.78006297235333 -867.4891851256341 -275.2584878702198 382.26914291956746 101.43168547962478 -270.29514230890857 -881.7851447546662 572.4538573580744 53.91577042688664
309.7672980206164 -97.72255269040772 -592.5001616221965 -248.12788461711375 551.7168964301391 -127.26897700756876 617.0694511485647 -289.74244099568944 -155.59990186930884 629.6589463056225 -476.9558378418535
485.6163008581734 -366.9997067623274 29.163627449643172 -411.7472353545604 998.8822831463963 701.7382702321302 -501.4551326939456 630.7988853367578 21.0435001625018 -787.8434564316403 -512.2957580077248
-298.01992478966906 951.4449250387129 -206.9908882637203 -328.3828622696126 -543.2265733716031 297.69030817353905 -631.9228237611851 -739.4431776261388 -638.2347515366009 -374.3957706755823 -648.477511578101
-339.41403115517676 -192.64801825970414 894.6430231899328 539.5914444034784 220.73052014366363 -286.68302294315674 -744.0005300587791 837.9294980256584 750.943068729734 330.9885933668727 -679.2934155262211
-207.4092597962109 371.824655615188 820.5658161696304 -698.4633325161374 -952.3027353936855 552.6650071734111 241.5947681686473 -145.93421973718557 -54.05031647331771 165.72345427660252 158.776453000851
-570.5950526059112 948.0784707312953 -812.2970528535756 -841.5267525473371 -876.6517696155365 -941.1226354716373 -46.364551455441415 -373.50723535789587 -465.8185898633491 353.101145591477 -739.4825387853281
-239.17111008643315 -266.36306384632974 -391.8504895070147 -307.1137940445709 674.6129837050626 -661.2674927677433 -745.4536935727625 36.106153274060716 245.8776225495576 924.7642519193785 -191.1513219004553
24.210323063983424 -365.8051241625826 -218.69754049873438 -157.1407175918464 -370.30631394919783 -450.1688266926502 874.9925801315048 -625.4989639453481 634.7922469150208 345.32184737967304 -362.8848118697658
-3.417462212363489 -278.8798572060083 625.1086710123216 840.2343221857898 -557.8534671518303 -448.24666498666784 806.0811395488583 -814.289833456563 134.02191386004802 682.1082899370288 -783.7985638537459
-535.2344465042764 -639.9734926294384 660.1593173164595 -538.5114260504035 719.112587242286 -934.7861281005323 -879.4404652274748 -876.7265379822437 652.1166959358823 -793.9657519375032 -968.3844288536727
-96.60529099305654 -575.1988612705743 893.0868181600149 268.5319630623185 654.4192850888983 942.1648864012832 -901.1473446891584 -754.2098875578293 760.6260149088748 -470.77417323944326 930.9933729572599
253.5733139675042 927.5804610656464 -810.8346229686227 393.07016673487624 644.139179319402 -757.0095256206806 -699.2783329030374 923.6920359521253 -29.291948250835617 507.0134354028735 -509.7189610289996
-844.4749208334376 97.12442670988207 986.1011986163014 -810.3425061019025 -804.4597244887625 -256.93182139176463 -139.3257185302756 -1.8979023104750468 344.8469202697911 -426.66074454364275 4.3485607341997365
635.77373848671 -403.79663060194673 -815.6671585544051 -825.2398128132072 567.3170493816385 368.763180387788 69.50553847626747 -520.1530495074501 -856.6152211785865 322.3756229974358 620.1104522808075
-263.2497221075889 -642.1845620955036 -794.1749950809989 -743.3563526538154 -263.9118109224246 823.8224932349274 -42.12133222426371 380.87880816296297 -534.8206746938571 579.4873796268175 -303.25634053117074
-7.006832816059273 225.56193255862286 -576.2976798798027 24.915068191647606 -444.3341899438782 -234.4841661507246 -436.5270019179195 -184.51076134597508 326.86613031849674 485.81847581916986 496.54511805083007
-903.899648515123 -719.0419849922998 476.1652891522715 826.1034749920971 88.79178602488469 -892.2598877152004 -977.090821048839 -607.4839121871469 797.2133973598827 164.21289353348493 419.6869674413342
-598.359793370042 97.3696376283242 903.4794695831176 186.94726099499348 265.25796902581465 799.3065136251307 -840.7022193887788 635.434420129741 253.02623707763428 -67.2178516925328 757.8114856902205
-952.3658579367429 490.0881937368131 -646.8780336093505 -207.33880326298788 -839.2789450467961 -117.88468265031884 305.52616647576747 -430.3563736664602 -614.6340583205707 36.90868594511835 -828.7314878092413
166.55920263581197 733.8049116923269 -914.0161100232065 836.4671282610307 545.3704173202152 -337.54744218244537 -73.97630892831205 -271.0707086074316 -960.0924596715905 387.7997122139211 875.8035486867357
900.3623751642783 -600.252599373196 -647.8098677935737 482.28136695766193 385.7847218341976 -150.4277706974126 405.8090509039357 -867.1395055739945 965.5432072713552 -395.37915920882983 923.3917707721705
185.29941600953953 834.0783539303202 -614.1363755030171 800.0881109518721 -317.28292685189615 -518.8652675881467 -795.3387920179835 960.400945948235 622.3878357241992 157.25646453661375 838.9820331647547
-129.76826568607123 -883.2736850522423 227.05203746028792 -472.80941424994285 398.2579244488825 344.401710094432 -680.9091843056783 568.1127394350863 127.92145135908095 -657.7296709123 -906.8192590740913
345.9949851512597 637.1251622190925 792.0755662907839 -286.7617544232128 -213.4229465723929 461.7271963141184 -470.38955340620146 -892.06125694927 -199.671680070006 -72.72628487795237 -863.9597630682183
439.88408789143455 -923.7759293325659 981.1716613917329 950.4380903519955 925.5309713371632 167.05536347987345 159.55958557704776 320.54613622913826 -199.05831911186135 -458.6270038008753 240.0085013497112
650.2392565185116 184.19916515354157 21.142641998310978 72.78497001528854 -514.5200789336254 -364.4277619098841 -99.57332266744004 -585.1399942974869 252.980283964426 -321.17356744723804 -963.0643668397463
153.46466141752262 762.0284484762917 -640.0686597509202 -712.0282477256139 -900.3334589617605 502.7349248100211 748.128650542518 -680.6909756584521 946.1784132492378 67.63367488683275 -800.1022924674623
-297.92261239047434 -248.19604338186377 399.4093850035829 657.936004610481 -140.99787503888535 189.63736037468516 -885.5601117771402 -578.9944208917102 210.60406159537524 609.3725817498498 -83.42976642074882
513.8998749690884 -957.9465214453253 -325.8805827160967 57.40575046400272 627.8617549088065 865.0097030486479 231.85598166274235 125.31308603832485 -354.5990657361622 -87.20471838033302 -205.10564857569773
952.4138477006484 -655.0666999669218 952.4736595177144 760.0312434331304 -688.6099448376965 631.6686819672066 -699.2377539109136 900.2106681821128 -879.5232328113938 571.9790310584399 -775.2640890715529
-16.770648306469297 -6.382797283202649 -130.1165782999982 -47.99501700188921 -400.2021488060017 15.150361416446344 776.1419460903496 -271.11809391949 -154.03848286207312 -150.79251007382072 374.44780943198634
-748.3817113016969 -309.9047824862075 -699.7777423741063 -913.0845749408734 741.3982644513214 -574.7537190153007 -529.4185701524923 -538.0267356065801 299.14333031257297 153.50295269777325 -32.13037029537986
290.20184726739535 -517.4856246479313 225.49130154784075 988.7468141343481 197.88016161785208 -682.9691400553518 734.6998924226546 -17.938819827056022 321.5771987638084 -39.42506335025371 -407.2110707882224
-894.8580979652636 671.4390631714982 247.25976971743466 -943.1383215981075 -486.7535515709807 -544.5710245081108 -994.0615254199481 -581.922488084899 -543.4257915059616 159.38851782318397 788.4092553830737
-761.6285233797064 642.0635468504661 927.8567575402953 -726.2119251533421 988.9446065058451 -721.6835796723885 -116.23569337209653 -700.5605512590636 817.4708791216053 593.2593753300964 -993.2739581835613
593.7533124841586 -569.9445044379727 599.4531334758738 -960.7519030447595 -62.29707778962347 640.237116929796 -989.5330947070588 -367.8616198873292 725.1267918146075 809.9193206448701 -140.1245006897027
548.5882252954532 355.7534793162906 280.8731601520831 476.8596244733146 -533.9945935114483 -979.74064926928 448.7513475780263 339.4978048983146 193.9806707295752 -719.0721858653703 -855.2206438677628
-585.4707074683624 -427.756249023916 84.72212684462875 624.7714856060122 68.73284733007108 -700.6116840982568 -305.17648191087994 -879.0970777974878 135.6558930849917 -700.7345247531284 811.4517715635623
-847.4133811103135 -888.2458883672988 -844.7286988904387 -541.0070196384482 525.7252512289247 925.4973112836685 -887.8211475504929 -426.2821137597082 -446.6663678830083 164.23822487982466 -183.8587348779257
569.9943365741062 78.54934439060185 451.32873864760313 336.8283931534768 -575.0690821092076 420.7675909770278 20.299102921668123 375.474457793787 402.6892810403076 964.5699174279587 665.2788888831649
224.33702454535546 956.0113023647912 -794.5662034826066 284.8443362678877 772.4051986038137 -578.5855518726366 -39.92769695107313 291.20345803324767 -71.61621073803849 931.6717680387721 933.481876224316
-803.1191642761197 565.2792107026833 117.00453298709294 764.2780348054016 579.8187122109834 251.99433197448434 886.1244810065946 399.12671341453984 -104.67246379850212 -441.069614956672 -568.7594803155139
597.991394283845 591.5308408075136 -124.5765183771532 -153.52534396366786 -984.8914460546272 -417.6905171737933 -716.5169690486616 45.743367132920866 -62.782014994739825 891.1409705697952 -79.08838006713336
-301.34645960343164 -440.8406952639891 982.0343197087595 718.1612683684341 482.7498715118145 -282.3864407341026 799.1341146309926 610.5609879133449 -532.9317830931839 940.3654079066112 94.05142398671933
-104.17123067459704 357.0635689902822 -11.91326848092956 330.0737748631784 -763.8378667418284 -51.10745206244485 -583.3845022283342 -415.93101484562794 205.51371260427186 -548.7750727200505 375.9872729653264
574.0373217092706 -118.95039014680049 -737.1441574879113 -264.59364885922867 37.434429305593994 711.8091912481843 33.25584342972161 691.2045073318573 566.1230706201914 -893.9342721597436 -287.76808432398343
740.0030509370029 -121.2933052857046 765.1578070139701 -581.7971578551342 830.2717847130248 -44.85972024802811 -17.903479393487828 220.0437137613344 874.9253838205232 666.3889158672246 116.71850483027379
837.766694596384 -363.6379704018051 -455.5584657131433 -60.42288444895314 -408.8009374752646 -377.51790221374586 496.3079967209933 -444.4076902595682 -416.2693419870045 -583.5688632939908 -503.49090102917484
578.1553181339784 738.4612055117407 918.6652500199193 847.5253044966835 657.7693273021764 -628.9642385054724 667.447232415065 317.6740563816054 173.06793516726998 -439.7119762467041 -654.0626713302488
-720.4024026706535 -961.2161499023284 -67.21662618735195 857.0743588636028 851.2920547808287 -575.5326383109962 692.5025594777078 272.8505638586462 -462.2137693161179 454.32585708199827 686.3756361774238
814.0491517132191 891.106883509337 -787.9852033502967 -303.0439273139773 -24.26177525804735 580.2763759258764 749.7910367307929 -83.0257203213913 -293.0184493884891 -644.1658976480207 847.9595749214016
-713.7176550900895 571.7939005702758 264.5788680734322 463.1579739047859 -257.08078319300773 -848.5104355966953 959.0844455438641 871.9130536002028 251.386526597046 547.7853453883858 345.3810314908701
104.42601474641651 -441.6423388032267 451.3557061234467 -873.3686680947197 3.093989261571778 979.221014437622 40.59885650609999 -95.31953308342133 213.7055368377885 -462.22870317631305 -298.6971342608517
836.7328219141468 691.2528105560941 478.8371748531538 400.4437421833443 -241.6233830774213 -949.9499589791034 727.8653997628116 541.8685740014676 131.52422786043576 -670.9433708702663 -433.9296773339894
941.003284695412 -719.3575125371042 70.44881842637346 265.42940345913144 424.0230200534909 -510.0480198903361 954.0117586180995 129.62513849296238 -582.9564741291946 -943.2117374922528 936.6523892668531
-601.7847574712079 714.6617815763898 -405.05380875741207 -941.5236145360801 326.7615650959808 740.3428644966846 -602.125921232662 615.7223411633206 -24.516319814721555 -896.1107021161101 609.875014345507
701.1961887962977 448.9162372607018 378.8742890239846 -158.64494252811983 677.8067990874222 -145.62865130196712 -704.8562487854215 478.3171906196101 -494.6877444418678 -420.9780853369847 726.4980449391614
-978.647494538126 446.28426434177527 617.1717614726872 516.8014205636305 -249.4227133557498 -132.53586224188086 669.2592304335781 -542.924726451101 -434.7450640006716 -991.2046047611365 -623.8463871912913
-846.632171301315 663.9486876260094 -998.8135822350765 215.50790002789086 441.5286271426962 774.4312116412705 46.294607818534814 519.7248878026062 -629.9894290257462 947.8007299033711 -200.46332375360043
-170.58856034627377 -781.5710705807472 860.4908290002841 -829.9955552050146 -584.8645821621058 -206.80944870787528 -806.572785987576 875.4052697765628 -119.7415984482517 -339.6407328009727 -310.02649184261827
-753.2018846813442 243.5769212751752 857.4174224417104 -619.296144386547 -151.20497828744556 736.4629140753536 391.18872062509104 251.90589861183503 36.084636357176805 151.65994924257097 -467.2896508691873
338.33578547105367 506.6874544805132 384.64739201622547 -134.45197701885058 628.0523166054434 -656.7327229919608 95.2129685646928 760.4715063124047 458.3709979126336 -21.64950002121975 637.5167160234448
259.0278606075715 -553.9726895134047 -95.21152616315078 158.84804402187706 264.561789765251 92.08380439137454 -433.04299330745994 -52.85182069750704 652.7759947062864 258.2441649658608 -0.9812895098477838
-582.9561145206162 -142.60430184376037 467.0778191017414 552.5889077207785 953.6078552608285 -5.905840887851582 960.1145755516959 739.535821057673 -562.8430794019428 -283.8178281317163 -37.19682660549654
-717.8151730145128 163.279477074135 -815.5436237358093 915.2032751953811 -448.61287564369843 575.477969796033 -795.4193481203273 -773.2061163373414 -424.2322034929058 -189.0389862603845 694.3630456224016
244.36663163596222 -567.0027558505446 107.26847933448994 856.848663158215 749.0519352176632 -563.8530603730501 -207.52272975468486 -781.8478737987065 -92.84333349121869 -349.32681789166645 676.1227106590152
385.8961326183951 -43.42629832163607 -542.0664407379032 428.096994632926 -215.55498109249902 -542.012189848012 818.6784779956513 -249.3577778854377 -750.3330414962979 -8.067120875893352 864.711516318175
774.0571175942528 495.05655528085913 -208.5254187495027 -540.6311434369204 -150.8799389322246 -124.64401033106617 462.9613699120257 523.1593331199338 -244.71595858460057 -163.98230769225597 -913.3955378271435
893.2585868353367 123.08581731287131 -714.5011099639926 885.1362890825947 -300.72795804181203 -956.7517497365745 -88.69312269300872 905.2702675151131 -58.319601370944156 718.5866357080545 -391.92219266095617
467.2791820560526 -156.4643908427919 641.5426784065212 -682.6608744944202 -288.80230803690733 -699.3067987685693 -771.2425480926264 63.39095054109521 172.53691409305657 515.1225304556833 -479.3152728679024
11 1
418.1897123503254 -32.060948219244665 480.5573836055614 912.8663718195685 -961.7306217210148 40.9803259746775 -837.4678044975326 390.2778911061414 -89.1457291644873 577.3855101524568 243.25141592853083
