27 32
-6317.505523071721 -3949.064352798783 -7763.243943362148 -9881.455194052045 -4197.330385180327 -6645.0486221303345 3891.35505705154 8576.356933258681 3663.0001327922364 1571.4201651996937 4693.77011172807 2153.019155043223 -2745.024832090133 -1097.9715563129485 2211.2889071326135 -7156.90995375134 2754.3079444998766 9883.76458684816 -3173.873219803593 -2258.824030237598 2658.0552841012322 -2714.7328504472944 8364.877325734313 -5575.209202395601 6852.568647633943 2898.559919872938 3650.106836859828 4743.590482598152 6776.879477849696 2559.3618315566637 79.57242650938133 -4628.298181424093
-7549.87737739552 3873.0844799684473 -9107.302392291453 8737.918321398396 -1866.407890827264 9416.54460012394 4232.51527028943 -2756.876471849414 -5156.374556564416 1049.603474261874 5458.331302253824 -192.70705788085615 3014.7232025690737 9866.265232831436 8859.03875280172 5703.345239460816 3569.7063439052763 9620.146185075868 -725.0742211091783 -2097.5533911674793 -3891.647093917305 -9681.984897564324 -2152.094146166499 -4695.106707078185 487.9860254851246 1318.4290363722794 7262.704882739643 5488.383029647166 -1783.092720319608 9376.184060481042 9968.054024461915 -7117.833044528359
1548.2012868148831 4871.422312174052 -6460.146036115977 -5957.594096189374 4282.185784091069 -6530.080700792724 -1297.1979730185121 -5356.122592394184 -8307.328541162442 -5035.819336126963 9776.552850602184 -7049.755672623619 -9760.620737428222 -7732.270337465705 8508.398858800738 8198.306720829547 -7123.194122406649 -2860.5562459051325 4456.901664038669 -901.0109921894291 6792.395277473188 949.4021215789635 -5147.176651062105 4852.25355361824 8538.911371679082 7370.896958977304 -7603.684602987934 2081.7100466367847 6658.206278959791 -3026.5268505024715 6668.410169057199 7094.582616990676
6773.313149136651 -3881.259127554248 -8419.384342844474 -9729.255765552423 -9699.967661903715 8053.029560541654 5616.61826907515 6558.955771624529 8587.618368784013 7224.340599054529 -1506.9919799788295 7678.712360521098 -1111.2087214451658 -384.49093482078933 254.06468770581705 663.7901048349886 -2290.517826959349 7818.825699908921 -1484.995649217215 -9381.20393741079 -8809.642036262974 977.1497349457823 -1874.577042429255 3101.4254825939624 8070.676440520969 4465.446704851873 -8996.055755113714 -6008.931769670955 5999.14871125281 -3230.1321796414495 -4654.149251563429 1431.3387087801857
6542.411148338022 9690.614107657544 -1311.6949499070888 6817.049354817165 524.6759272745912 198.1528211496643 1250.5493513842557 -1620.0493419576396 1196.4398577703596 3210.1099393275217 -8975.076625070948 2470.3111915211684 6849.529091007516 1876.7651783009496 7885.855008707484 -8998.835301296398 -9643.151739474797 -4794.874378596186 -5843.855948403109 -3335.821584221908 -5036.185166936298 -7180.553093540154 8012.494986999955 -9583.799432002877 436.3854784844443 -3775.6826264114034 2650.2596457324 -3866.361545223185 9622.188909385251 -4817.434869287096 -7511.259882869852 1571.932001341209
8688.98579536381 2886.8639132194203 -9089.49335822222 7508.138186287953 -339.990846002318 -5113.6198135315935 -8635.270118949857 -9300.182159064907 8756.757416454639 7124.239985587839 2160.9674222544054 839.4613398898691 9551.19694292748 9250.734140080727 -1030.2386937694882 6317.510002221605 6887.131283141451 -2301.988874683867 -7778.748939500193 -2716.9474512196666 -6459.174678461195 -9354.371434094768 5472.761207029236 -3533.9972645505613 -8036.707080741868 -2682.5989047132316 -645.1947739092011 2456.953884311126 3500.1780272077303 -1527.8818199002963 5908.580746825746 -1421.8569382614696
-2818.16063659724 -3309.081732268104 -9233.607572238134 6348.187819454148 -3979.7582585691107 -896.6960786900017 9045.325086914818 3088.186529533161 -1308.7638577891303 -8363.587334064627 4982.073711838622 4834.854628204654 3867.719402677747 -5402.416106233339 -6877.9567359121165 2986.9685923279812 -2752.193326910401 8752.148426015745 -4062.6104177033094 -8825.55998167769 -1054.359445566215 -8760.594560724308 935.0876486979505 -4979.544057811613 5707.18265675146 -673.8905682756376 -2218.315517673017 6721.850756247128 4861.325912619444 -2768.955180516082 1071.9742926204544 -9838.767935892838
-2602.563865724137 4711.311758457428 -6221.424061371792 -909.5153177070151 -8985.12188448289 8203.282537276285 2458.8779056628537 -9050.219948456062 -5714.766911534812 7573.735667633682 168.80942094002785 1541.6639135396708 -1578.186041563853 -7714.139951624002 -8681.402393016628 -8777.495479638035 -9957.290653593147 7987.741408711245 9790.65014457818 -8754.735808404952 -7604.885295554811 -1739.6360432397341 3760.127919479766 7090.268949649544 9815.850072198013 -5767.524972009505 -5097.042980796149 482.25513653441885 2330.993819240017 -6282.0578623432175 -5715.612678404857 2999.017506121798
-4812.657448011657 8689.180128498683 -4822.8023580287745 -9709.539693151864 -6025.2133379880825 1951.2963661716349 -5941.339279047399 8109.157834587921 3476.8164834518575 -1065.9293279740068 2228.2621518285287 8442.82178947447 6028.641927824074 -5308.23239938647 -8593.65380841755 9743.37225640982 -4832.101381933163 4768.183215543524 859.2303302601849 4183.769908767828 7578.169405219607 1647.255620979684 -8774.450167375118 -6871.498900707853 4530.130770127091 7485.411014607227 8864.230720294938 4314.405613762354 -5756.870039481845 2524.2049247832474 9464.77775249131 -1001.6671221138804
-4269.161583989189 -2242.7271578183672 -5650.704078985295 7075.685205973616 9281.186612366433 5748.334223921393 -7680.782434043785 -7476.820350196922 -1835.9651857958452 8832.92591357051 -4238.878742479124 4619.9287766781745 -4353.815615523366 -2928.2046471035474 -9000.745946461033 -7198.480935724072 -4063.898995764168 7412.667901783494 -2862.7870790357047 9237.629729017648 4864.005231407444 -9168.60586253878 -6344.862516444391 5299.619510352151 -3372.795934012731 -6223.80405964519 8485.608536747946 -8537.897183231118 6994.715660163212 -4988.565059228611 7382.879339759191 699.1627211682917
-9263.388301593388 -3603.837143439566 -2571.3075337032997 -9923.313543216847 -3527.267157472689 -319.4139431340591 -3520.806285161775 -3396.7902014961846 -9629.2871341551 -2623.2677862866203 -1655.329292314882 3653.0252215880264 8890.195310511706 4802.858358382542 4443.888549095234 -1657.9572614577683 6583.991383099961 -4951.609676724073 1746.1130956832858 -2866.201152908605 -1078.7601318815414 6289.509682572343 1578.5381358658724 8694.986102343417 9230.650239945386 5077.910636066041 -4890.485623353417 -5649.5847871305305 9366.7424369361 -1460.4945734076555 -9452.000268484042 5451.461340756283
7792.977588165875 -9078.863266719036 1864.5461267094106 -3313.4784936479036 -357.5656801572022 6812.478292895128 -384.1293455460782 -7199.751830903698 5078.710380626777 -6538.511664029443 -1875.179530789037 -2828.293036009133 -4436.916536275863 3051.842408607423 -7424.300633077199 -9506.159203165027 -1799.4993093479789 -1167.1430201096246 8857.967496261695 -9772.349578219295 -1451.151371085025 -2232.2191784591114 -3754.480897538344 -7307.575471412632 6043.826457897723 8612.040906070677 -3875.105454154861 2318.4056920707753 -1200.5138882129777 9110.435371042055 -1928.9529683566188 -9129.03167437939
-5399.438067385916 -1070.552419745116 6939.013233881458 5584.559038334728 8926.571345569191 -807.5688836690915 2006.2327837092162 3590.847786412254 -8154.51984969632 6564.9429699816465 -1874.8163152170564 -7826.638536410895 -3829.788023646508 4535.273500668531 9964.132528165326 8098.227296023346 -8038.315028312309 1287.2092996190095 4751.74382654912 -3940.160985054191 1615.2498921009592 -5438.537062866327 2704.9652535869172 -227.25637939055923 690.3478149774928 3721.228911317241 8312.654695894067 -3041.7348296531 605.4314865600627 -3623.567731953536 8906.79408501484 6078.040765612115
-3933.602087311021 5496.254460552553 5907.071863587205 9231.988262300554 -8012.717126263345 -1361.7938897591193 -1439.6408618957703 4371.947699917391 -1370.4529590908496 -6341.908515983266 2723.998403820957 -2902.0853710727642 -5191.733804539327 -4106.859217033456 6196.8771330394175 -6239.413408981245 8119.618377604904 7698.4269353359305 9913.648496395173 6943.98841487063 1439.6508492196353 5443.729347952825 -1470.6581370770764 -9421.5226004488 -5270.174737599958 -856.0706959920135 -7285.318597037507 -3555.368258155171 -751.7557656374083 8317.953085371693 -686.5097745493968 5742.813391550249
3134.013385793158 7561.633158333934 -8610.105466300873 -5433.9249261147 -5764.924601767163 697.5191785782845 -7483.357729283882 -3927.8096848890564 -4372.693399882035 -8272.5160738937 -732.5802205772598 7730.337539686439 2910.9914200809144 -1871.63225308628 -1837.1144015186628 7622.304621975294 5804.708869202957 2915.1476076145773 -3128.8077219975175 -8304.113112332681 4912.372442321295 5511.413469096777 -5387.323860157283 -6604.688135938523 -3933.1509404306853 9121.005298690881 -8452.049377501708 -9842.418622881782 -8030.99064159944 8451.542889597804 -4243.984218179208 -1765.2405114341582
3555.7005191441094 9414.384019596437 -2628.52776460361 -4417.7934191075365 1509.9955388490762 -96.18560900146986 390.7234140741093 7642.488660118659 -1689.8473460866917 -9708.872288725926 -5202.5879200673235 1092.9391294583547 6386.762931292462 -581.9185814943812 -496.34075873906295 8665.731232633807 -2203.432045709037 1926.8575323800105 -5874.430767892202 -7858.353232204256 -846.9167190896496 7317.311304102062 2627.478303914908 5015.024442750455 -7762.950749716042 -4113.215846396003 3899.8277329220837 1951.2735222164793 1878.309970370974 655.91164933662 -2396.1690659876786 7563.780728487844
4759.922527155148 7147.080454747094 5251.453007181466 -755.2581909442251 5077.387898489891 1713.9583001449228 -3048.614110592296 -5095.088838011643 1772.5419166304182 422.00025562467636 -5105.1491494620495 -8205.072895307163 3783.965662514929 -4310.775594253673 3369.638572058617 9185.24034635082 -5341.51885903553 5549.248142974138 3401.8106366694756 -8650.185301097406 -2932.14902950131 382.00231752912805 -5003.47677449559 1956.9028985332297 -9595.878564740406 7709.4025992682655 -7498.562000052849 -3636.1633620977436 1563.3045401342624 -2684.024302829326 6131.443113943982 6357.075367835572
-6587.964049944728 1395.4552248135024 5007.936862564957 -5482.001146315288 5534.563516911601 -964.8216716080642 -5849.411416194926 -7153.371620744236 -8002.960926181955 -2994.596828761584 6094.326775521116 -5735.358006419644 -706.3962323201649 -1280.913901235992 -9479.49473055093 -9552.816535901948 -2187.1943521281655 2294.9315385353148 -8011.606795324879 735.9022201755943 7935.669576158318 6602.506918906049 1611.5263071727077 1206.7351975121946 6839.792219321571 -7788.177413187672 1395.3908304320976 -7551.668285134672 -9324.510514800775 2284.8073363040203 3841.167736776939 -540.6027071279204
7478.707418277314 6918.256146769134 -5866.693160863699 9571.493086989642 -4914.284353641887 4153.374001896624 -7600.854343010074 7396.384209732027 -9221.00781619472 -4945.730130050488 -9587.211903801006 2090.1064525444854 6172.516516521424 -7568.043177261326 9399.972740719888 -567.3058613072117 -4707.983942456109 -1814.4190843461838 -6097.095946853282 3254.4915279910983 1587.9412275752893 9337.382723332044 1279.7306147381641 8358.257507638009 -5135.2008619631315 7666.37383211757 -2213.895980219676 2586.3365275442084 -8194.02171664111 9179.43210822015 -2061.0804753502252 1458.6338223683288
9787.04105291469 2105.21752664172 -2046.9580265128088 4932.652294703348 6902.654348849279 -463.5520971414189 3891.3282886106917 -5561.430730063385 -9051.672147662684 5270.618395393729 8752.408691430475 -979.7972828437214 -865.0593662529245 8374.598312035832 8769.017104691735 8157.977192615745 3833.4087555541664 3696.130343064495 2589.8037221489194 6171.772500160536 -3172.1676533850587 9484.050892806888 7305.485858585198 -9590.45407973375 -7083.938665720817 -1771.9460570194915 6527.987282624697 -1310.6366605208295 -5004.542836889312 2277.5567560272066 -2130.483448029084 5160.042989179305
-8395.425629066438 -7854.598276859894 1592.9631884229439 -2314.096005871642 9505.049963684538 -9700.79577363873 3798.0602548013867 6493.166234162847 3702.701540185213 -2538.080613369444 6283.285838835402 -8067.77835315432 -6325.030094510904 636.6335541248282 3153.3761523035737 -2917.8460270835412 9714.142647129785 -5547.399980319814 3092.2957437298737 -564.3803093777242 -765.1474445244185 5053.491052827985 5625.769631635743 -4571.088338900758 -8707.505375405879 -555.1145494686752 1305.111259761703 -2500.9013595738215 4866.952601033456 5634.4652335428655 -4492.579671229051 -1560.3039585087026
7364.835778438533 6972.126022204429 -6902.683294298793 -1280.6482004964128 8534.821627481571 -5074.46505391912 9154.320778023182 -5752.493928200415 -3305.5752758547087 5583.175851497514 521.4367230404532 5609.019704818247 3220.7077510105955 7046.986178888335 -9200.386537081129 -5248.845726831506 -1681.3950051470856 -772.0527252221018 1235.9105619841903 -3679.4142085763797 7333.333820783162 9230.789236589466 9172.121127193433 -5746.984577875723 9750.340965574946 -3917.8612732218853 -6345.1873399806755 -7364.932286415795 8806.946294176742 5060.269238950108 7231.107807078908 -6558.23424471065
-2946.990740465876 265.56019211588136 -8779.810357363871 -2481.175649068253 1346.992965280866 6665.063311033497 -5992.235234299193 -1585.998427409264 5308.703250742015 5332.336997026665 -4226.282816488451 470.9463662290127 -5523.730585540457 8655.57026352613 -8668.736440389113 8930.38049037374 8644.606752178832 5515.431521604898 -2031.7301781999595 2541.399430703912 986.2468289138887 7968.872655354204 -4167.955157604095 4013.239891253781 104.95473617045536 1211.3221056966904 9931.272601701148 -2421.659015888962 -5505.3704661486645 8957.855976739265 -5453.837514546196 5244.75643601483
4045.1499045395794 -1710.7127003145142 9351.230832706766 -5524.03709324657 -5422.492691734095 5855.0701510527 -2512.111887529003 -2008.4351548703626 2419.3943368572654 -8346.34558438171 -5141.137417503663 -7455.299107995208 4635.070554578715 -2413.711856715606 5666.559978172463 -7351.262972362382 1904.471850725895 -4358.216108624102 2907.6270786098776 1570.923394287358 -642.0312195997176 -8951.021116983975 3712.5318464084194 9121.939721423103 6076.389540488857 6282.943353194143 1305.4744429507155 4393.807716641722 -2332.843966002558 -2374.5220277659064 -1176.392751962816 4057.4631972436346
5998.247259164584 -9551.73880477775 7286.399037149058 6379.826271397222 -1670.4025251728235 -3240.7645047966716 5993.451072099166 -8072.918376674252 -4936.792976151101 -3925.5088072690605 7746.598685617548 5888.025368554472 7024.671808091247 -2022.2993250241261 -1655.7943487959274 -3802.915941118048 -6230.616486566391 1525.4582333938233 -5548.885834172539 2314.5545269778213 -7001.321343811497 4724.896537069719 -734.7799507806885 -4357.76474621768 2085.7217626716156 -2971.1818047121596 -1430.5289558147379 -4679.939622425515 2921.4106513700335 8690.467630806019 -2154.63911797124 -1224.6617124123222
-8420.245730824676 -2551.761552479079 8505.462506883556 8044.836687860214 -9736.491060535303 -6247.603080267494 5921.372287605436 6008.729044436663 -9663.675691844726 1520.1588856026701 -5006.278487531559 -1165.8463181427978 -9714.025675896362 -7021.238355715631 -111.28068767564582 6344.764047940527 -5918.13044204182 893.5630897207429 1547.5014477920631 1811.6932806793357 3180.5736898881423 5334.032439649638 2914.7502765861736 2036.2974030294718 199.11841048821952 -7441.53601236516 9710.6034459679 4252.441040014628 4283.96721960443 3805.309243142068 -4076.7024859665544 3796.548252608798
9037.219804193464 -9905.484686336375 9182.814011732651 4289.524928197288 1446.3658781647373 3848.69250670172 7035.321920043687 -6005.667068571769 2770.880365678726 6473.244102593937 7600.474960390373 -8783.338526292333 -7444.435329840051 -9094.55364314613 4283.396714296052 -1369.8148253886502 -908.4133670047013 8513.613994276788 -3394.0545872866433 -5290.660188364136 5022.216664937665 3729.334788773591 -8473.93105931373 1038.9525751984402 -719.5674024465479 -4266.31861156167 -7055.241106327166 -3030.4968807803752 6468.290762780733 -6883.472797509913 117.36773577061649 -8308.364289502335
1 32
-9300.6563788649 -3985.1306218853088 -2678.5138756600354 -9531.437029431658 7492.7033750941155 -4289.341957899817 -810.4295572775281 8218.734892421387 9576.159752777137 2249.613616284116 -8991.963345109643 -6749.235987423277 3197.4861705777657 2554.6027071899443 8685.352255759906 4181.426046101735 -8986.312805604539 -8242.451902543542 9768.04968661808 7835.455608510383 -1513.933706943053 -9316.503542925995 -4800.903736570701 -3112.878122066775 -9483.460604551574 3278.007477399229 3937.426104104916 -1215.8375179534469 -3844.0029284162683 -6844.317956101289 7636.118651625482 -8815.002758863808
