91 29
5759.860470779395 8715.579040705597 -3884.321342150998 9439.44258090133 3294.790115617314 9057.8850621581 9028.639461526258 5201.238819996277 4233.2162448394665 4876.69135729333 9305.447128125285 1438.9414803913223 -1806.938239780111 -3688.015960044002 1985.6812283753407 -1293.3934429195324 8038.894218595109 9727.752307537397 -7813.794401397965 9441.211167522928 9823.96758488009 3747.8714536612515 2205.0107043168337 1273.3840855215894 -47.99685129881982 -3892.4636779751045 -8398.65704356231 3456.2654467725188 4584.738289317642
-2690.6640700849803 159.17415339097897 9312.883386115802 8745.625193476135 -5088.656190863275 6497.109051701151 -2714.1664010380564 -5103.0940488968545 -2654.002151407244 -1681.371533134301 7847.752399663757 2094.0543784192414 -413.7295567260171 2841.8573070972034 9164.18097621058 7005.452074817942 -5050.351290271069 6397.6628961926035 -4647.104294798294 6295.2980426660015 6936.49001926912 9894.513752406827 -949.807153443584 1293.262649767301 -6169.761111212652 -7347.687576366156 -5846.627854906949 2772.3956289220514 3138.2156203069226
6027.779019205058 1838.6243615606 8999.791379293914 -2323.173850738014 -9515.69300168235 9742.172088645482 -122.7962759017937 6209.684815792836 6283.413158827594 7825.548508243122 -3600.28296861282 -6842.6306175626105 -7360.468212304448 -8934.102462119241 -5592.10904165103 609.1507947923437 -6866.243223076928 1035.8523343079487 -420.7370654203951 -2591.0505798708127 -5422.778470614156 -3064.601775237028 4242.624977784264 -9543.2838149289 4158.224610936728 3700.026180083847 5426.302307874979 5788.986082769998 8644.455804252244
7145.508817502221 5022.725323351313 4980.104741578847 3804.8318264677546 -9178.48873346339 6289.049414864285 9642.84917488182 -2960.7385101483687 2596.847285858499 -7153.628969899164 6331.006245262533 47.34125400734047 4154.972063967227 2273.7606130863023 1821.5937354311372 7031.101113568777 -9363.470314476534 7567.977470091653 3389.248026647767 5907.813034777253 -3283.146098989422 -7233.219287752384 -6638.452020865815 -2940.6747852077024 -1980.5677697793708 -9028.030810697928 -5382.068377244922 -7400.904082867008 -2837.6086300698325
6983.6921808920815 -4001.598033730762 -7789.056334209414 -1865.6569062816034 -2977.111587531018 -1175.2832243617486 4947.434741670413 4251.149411246002 5493.844528721065 -4075.7948906253614 1271.1820864853144 6327.39644612363 7742.313440050646 -605.040353981376 -6602.614034595252 -7879.633147798027 2899.038470427644 3128.795448422725 3047.999363904384 7149.034988853156 9421.319358246521 -6517.45760771425 2879.810035007902 7101.120707281989 99.22304851150693 -4038.256739501873 2619.684038560177 3112.6906506634477 4764.031554868094
5672.111839734984 5752.776828123699 3736.7492447029563 -7156.801795540151 5001.469162378529 -5525.3602374470165 2649.112846256412 -4186.406226832624 -4422.143356168846 -7962.4138548623805 -2422.1834578843327 -98.39878644822238 -8607.861513169688 7722.6189929740685 8824.348174383565 -1990.2758311485732 3884.4460096040675 155.83021400084363 -4324.569731648229 7291.948234369389 2443.191123069242 3175.663901409631 2395.914400693391 -318.71467687415134 7619.831914192811 7768.980543363927 -5.477987455409675 -8049.8106837198975 5687.602891023642
-2261.8525035504963 5967.038843296696 -9610.362230251925 -3132.036751872698 -4515.45279938512 125.12006653585559 9216.051445805624 8055.84584163874 -3440.337414703363 5685.165762185685 3821.7883564256535 3569.3548269802704 2643.7033295133806 -5758.122124293607 1921.6091336880272 7576.363027350828 9212.4332494333 5587.209330752048 -9523.081392729526 5278.995845918615 7414.356889899176 3405.113161674697 -8469.402379300927 -9765.651473928738 -2585.045183743792 8987.043971543939 -260.79600910480076 152.02260815470436 -100.45502323688743
-1034.341644438151 -1648.18245801611 62.71304544781378 2349.334488636907 868.6039741180466 7361.438725591637 59.50588744221022 1367.4794974226643 9355.58999654988 -5043.710635532606 6443.475225115912 -2081.9035992685267 -4386.792883535835 -7068.116498317699 -6861.8133625454775 -9176.36026080241 -5946.485646765172 -5962.283931928687 7324.4053170909465 2012.966047735641 8527.401673653094 -3216.4888235997305 -50.65610517592722 6758.347480989334 9679.994036085296 -7004.6517004902835 5491.138919091463 4973.500334406355 5129.779367405274
-5964.422287516422 151.59636951138418 7004.704936303322 2439.603274111276 -3376.2848241297315 -6764.530845759249 -82.58029579273352 2497.47729520115 -5412.5301878261125 4911.194432237711 -9621.114684250182 -7457.642821359948 7093.462031288247 -6992.635533340183 9987.030225195544 -6789.924427000593 7090.152642850902 -3233.2470235946475 -5840.945186893041 264.97056099917063 -2377.007680301038 8463.495413421126 -1287.7040954315526 -5412.09569798978 -7568.124459296983 -3213.1349999033 -9800.309077398888 -7438.309300834431 -8985.244936982548
4432.929903646862 -2335.1179403567703 -8627.32762036755 1911.3047013242704 -7828.841502401525 -746.7829665480895 -4174.156138478104 7536.6922673628505 5386.63632498275 -5697.752805886478 313.17570003682704 1247.7339937287034 7677.2209401261425 7340.802729706873 4735.396163697425 -6456.622840961383 3284.003694502795 -3127.0090035181775 5456.50967157115 2926.0475424983506 7579.962367463402 1514.717353862954 2640.8714895267676 -2728.324613582363 -4230.331384248656 -4636.589201778749 -5023.967752503029 -532.5236157993277 7615.5501912715445
-278.3640275106827 -6270.5153615997315 4773.0239545367185 937.1723106171867 9488.069112896508 8365.103938847995 3158.68179026719 -3924.85569689758 1400.8916131369806 -5249.195261351114 -1286.0127806295131 -5358.538843966636 4747.648887116011 3814.1092379715155 1616.1437972922395 2789.999811184636 -3305.6237062499513 1560.2055109162993 -1011.5992319657053 -5814.098289128511 -8882.77997592406 6323.534322357804 -6172.528148117495 1849.622136416163 -4109.103625213906 -9256.85812917934 1538.00807750065 4592.603154535755 4101.808825006512
-6654.149960996212 2598.584328923209 -9418.427454871487 -1980.233072536601 -9861.230330206212 1638.8256187413954 -7463.72657601267 7452.875937836983 2379.4922683142813 1407.8589468798164 -2559.4987790192226 -9398.945620432312 -8054.955011554361 -4086.1558997412103 -5318.873610432389 -2973.3965485354765 -6860.395159070864 -681.4614208167131 -5045.334693252943 -673.5004723612565 -9449.70005935547 6737.704486261075 6256.951368959888 -5883.653020503339 -699.2211036903955 6496.737692220489 1285.933401475062 765.2452811369676 8267.43061950395
2854.240887955604 -8943.405422843993 -2427.7140356731543 210.94911848959237 8393.524052727891 -4397.40610182402 3247.61897600866 -5276.13925640188 2707.3735214412136 -5287.088914835201 9610.121174163778 -7285.500154410642 -3625.8564976717225 7872.576413992912 -8011.734809757669 109.79115238124177 -1807.0523613314253 6936.656019571277 9598.132805940579 7050.843129833898 8035.194493841129 -4888.435376547111 3361.141052121786 -2482.8633021089618 -3420.3609977578762 -2078.0686849757803 -8077.518357196798 4078.3719542298295 8489.903631932364
4048.7586827492178 4884.971465562319 7330.838023974207 -3239.695000580982 8494.050008123559 4967.718337269043 -727.1485857303396 347.68558264746935 4722.233279861588 4695.111101028997 -6088.101327147353 8416.667003116694 -5299.904808978188 9532.543530914932 572.7032104953869 -1591.3476682554046 -4993.299673149348 860.7794340027303 -7523.354901701012 1415.4134164763018 -1503.469457245441 1411.0997479413 -2676.5527138043544 -1642.7990151971753 -8945.058970212192 9646.182112531034 9875.999683255239 -409.8597327359421 743.4310008896791
-2981.799594572134 -7753.78388897269 -4079.0876382819442 -7597.390975843173 -8521.752941445111 -5640.480949381039 -9269.85047314751 8514.438652349712 -4500.465069058057 7917.096974249591 -9431.75914263141 -7383.264794146649 -2906.9574986478265 -4082.3540094028085 9630.591836755408 -7249.760794948832 1790.4505287547872 9345.209560392057 1541.3754916432335 -900.4061694890024 7438.491732130577 -6529.0441454523825 5323.417978983247 -9456.499443014874 -1987.8395642332007 -6098.106503809906 -4392.709499254699 2676.1401566888817 7869.036521774135
-3699.954898881133 -5514.99856251156 -9621.106834744569 -4.4037864386828005 8750.068269330874 7859.84694652398 5664.6181576239815 -8893.224913522761 8583.745699687574 -6469.172479931087 -4832.982084056678 -3807.080614236067 -2477.862362969394 1758.3346611666766 4279.813590524831 3039.7815280564337 2088.0178198324593 3822.630920205538 293.62785657389213 -4770.486366948101 9045.351680665084 9215.772367511046 3719.440385168102 3160.5811311368307 -5269.615369497434 8908.196971247373 6350.950228258182 -853.373359179106 845.6080633510937
-6084.4382110506795 885.3971255162487 686.0400534802211 -7452.778817760742 -5196.927793031554 -8428.596748051612 6638.079643589615 -153.601596237615 5487.642051157713 -611.9946804034025 -9068.134084557401 -2724.1572887826806 6241.970758469004 -3384.410002788447 7379.064543922628 -1317.2114858734294 2595.3969123168445 277.451175990278 984.9126673611463 6868.473556084187 9872.181089479258 3216.810709514044 578.6605483641088 -1163.9485884024598 7169.552636627246 -2166.710369478157 9131.880791382515 9071.390857220758 -4611.289859922494
5642.8441450543705 6435.33800722209 1289.4314550462059 -3875.8882469605287 5527.483339495977 5303.368874799142 4054.529499002225 -344.96704678504284 -7974.164646425907 8726.417164695653 -2521.693047993139 2655.888508669228 4351.013031514842 3027.957652467687 -9044.361642461623 7515.112529769762 -4291.167210213018 -871.9173545889826 3696.498589129502 7664.031123104094 -3829.5365589648345 6224.2779374038455 -1251.3268427918938 4914.64529680661 -8548.564472147304 1916.6969383269352 2141.4495408628027 -7060.510705136094 -3436.053655982936
-3326.1054886705633 -236.81172380562566 3227.350313572255 1754.7614736123978 -7207.947209729997 -98.94567543626181 4916.905571134745 -6629.4548181167775 -7766.078566012613 364.8729598566988 -9689.732830376688 6053.345525130037 2082.085211869009 6486.714392997244 8053.823493798547 8832.51425738868 4019.6258774569324 -2571.256631973951 5727.928888661789 -5521.10327971429 4585.168201632501 9533.297935534636 -7731.2607279367485 201.8260048258271 -7842.780859294043 -7898.476140599421 4750.60992304643 -6653.079255477836 -4473.743567933326
3264.6376401941943 -9250.912772809406 -6242.045261977829 -1981.9648264983307 -5243.682213576797 -3929.273655385051 2737.543181482808 -8273.084963480353 -7481.27847191409 2191.0012407509676 896.1169022176655 -6847.802853695428 -6860.465975055273 8480.272376113855 2816.092246755823 -5313.700678669511 6917.87612112482 -258.36369585383363 6226.239885404075 3647.3810836235225 -72.72468308311181 -5076.4201431751135 -7354.061810183557 2350.6972081151252 -3204.113220031206 -4346.432252208027 7512.540359601193 7592.837667469932 4486.333821129376
-3239.0272033318615 -6384.04027437466 -9952.414198220851 8256.544941462027 -2363.5092747202034 8004.894401055735 929.8510960423555 7110.024912816934 -4754.440235277164 -5971.457919189395 1186.716613102839 3511.154490361072 3541.376895583009 4608.611138818198 -932.7080185295727 -5589.08522948818 43.077140834209786 729.6958267108603 -6023.162170709195 -8697.739417670131 -6873.711912255049 -6455.265496297216 9113.09434995884 1412.1655984808895 7092.495046201766 148.61953133639327 -6770.602983095968 -5189.936574807723 8890.560377260528
3122.0563994974564 -1719.0057322773591 -3184.0946310051568 -6685.451034956644 2658.688134275646 -1279.75813569606 751.7342526841367 8235.727826412152 -3125.9409978362564 6483.1577589138615 2578.995128836057 -7328.073277749054 3381.405900747106 4844.197895753541 5957.539316914152 7314.096423631119 1248.0991118852817 2266.8707929942066 -8145.459511710323 -2048.2001289001973 7120.691841103788 -2081.337199828994 -2875.859207797437 -6033.074157020048 1027.704115160952 9893.29870121578 8770.251206127723 4185.781534128248 -6807.214275537168
2973.962626138131 -6123.283083056256 4798.186241516627 9429.982362061794 -6867.907314133739 -1107.0864603825248 -8446.792403177647 4855.824611663742 -4084.2364515445342 -9075.462561787837 4923.817749176227 -3763.656141306442 -3203.1171613308443 -1361.8594210860047 8517.20380664658 3862.0868226328057 -9458.27023073564 -6472.1676602180105 9230.065160868886 3754.6977809733344 -9863.83293038519 -7615.44776564786 8384.057843282491 -671.5567481347734 2927.212325361321 -5407.693066616474 9587.918852673087 309.66259957100374 -6094.643304380717
-6744.06027653959 9170.694342948755 -4847.316029645556 2275.003305646098 9403.578528699116 8813.390427278107 -9636.080720221025 -2483.4694129028785 9458.344863059097 327.97626999643944 1897.9868315069834 -526.5477247385679 1211.7834550053303 3135.9769379474274 8944.181614442557 8916.307370503335 -1719.8535737915481 -7160.133195934981 4472.315009289749 -7951.547224751201 163.75007207915587 3425.5786563025886 2425.9370633199833 -9130.814168980845 6512.024389463277 -533.8302609437214 2639.0390015994326 -850.8918085941077 2719.9198192796084
-5484.567270819804 6614.189053053193 -601.5121374066875 -7319.845387985151 -4360.73526754998 8988.424978752464 7172.437098421815 -1575.9957050613993 -5403.506008507222 3516.095433767141 -5352.925864545632 2655.983381735983 -799.8409622441832 6257.175395357766 -758.9301930142774 6051.600899088204 3598.9159313413147 8509.862822344377 544.5827680981802 -464.0961427195871 9206.647768221224 9637.376291592911 -1576.7353094006648 -8288.32535018901 -9141.361801729661 -694.1416251311311 3025.3289714441744 -5184.995205002443 -4790.444334964401
4115.499814122799 -2303.1862645572246 8284.700490713105 -6527.356344342401 -7105.487577229165 7098.14229512402 -3378.55401262098 -4782.8564000376255 -8143.282081056737 8498.409990154567 5104.810502833747 9166.414861340407 -1932.4456925238273 7378.405515783979 -2928.359298233705 -2085.813360724005 2977.091781875344 -2840.5524025349705 3042.0671315718064 -6839.010816378395 9909.760253128687 -5835.295751925205 1566.1296077720326 345.4003594511105 -6585.077846648855 4104.641005589172 1179.578395564571 5923.08905771229 7991.84471262931
-7784.185775104288 -8514.586258501251 4832.286653843274 4371.799369143662 1565.4720987279943 3859.0057850189714 6640.205573054533 -5886.370816151545 5228.520530759639 931.0511775213145 -8919.046591486842 8728.19534804302 -2918.10482380757 668.2464067274705 4400.67042253918 -49.69130308119384 -1893.008603223103 -2502.1197438180234 -613.4440503472033 -2623.180433523311 1426.8635894599865 259.31817009178303 3696.571633136933 6374.106683102698 -8802.565018150808 3101.5363741678484 -9582.831507682444 1785.3156016602643 6466.01191814863
2159.771866400408 -1918.0423335471123 437.93845664819673 -5107.330346099879 -1854.7490239309573 -4478.487701726553 1265.6300574547568 113.50320809250479 5117.830154115429 3111.6289331326843 6391.875485162727 -4092.8289503449314 -5788.367447625433 1248.547338102342 8239.874428076251 -5650.242388059206 -2334.4464848806456 4139.986829132944 5499.179940846259 -6307.787483490881 7644.042723468559 -6450.501233249988 4140.5859077439945 4642.205406791036 -242.89104995601156 2488.8555825361964 -9222.00815153739 -4063.610010828129 6561.897537405806
-9742.271136001547 1251.6713040414688 8607.771756356611 -6022.788459716091 6373.629409881387 4008.704512524788 -8281.993806596836 -8230.19505821074 9969.562777885963 -8678.610578076956 -1124.4125803725492 -7506.755990491087 -1612.0424273992903 4040.106409332284 -7338.38612054879 482.7910215761967 4367.226238494424 -7408.218571145757 -4711.432710149461 -2789.2402700332796 -158.16770138512402 -2369.0203458719643 7338.162253751052 3666.656939554483 -6850.804344267895 -3075.275547888352 -6646.878178884825 -5471.158408215085 -782.1302292811652
-1291.4157820770833 2414.772923958766 1171.1642498600722 -8845.868437859772 4008.7913928088783 -8510.124843101514 6057.259234033592 8287.428743492932 -2916.5056020077327 -7056.483921247669 -161.52126854317612 -7861.717581055083 -7105.955169999583 5135.736582543617 -1888.6425008952456 5910.765836988445 202.9152549461396 -7880.968248704918 1237.417116679353 -7863.29673362931 9141.793930150925 7322.442831114695 -4368.952250901803 -7524.703001179469 8123.612254104108 -7589.391968970714 -5015.361626308692 -9315.06913125564 -2158.704064482162
2864.4767284712852 7408.492111300962 -7217.047658204232 -8408.266748342092 -2549.416135147373 -5040.380220642802 -2334.652687249685 6935.547032276205 -63.98078827723111 3537.7832529002935 8593.370765776745 3918.381929418054 -5336.728139794229 9997.482446848662 5695.424730935623 -4772.740091649123 -1513.6520744472182 4636.079384075711 284.353859573268 6562.967794271339 4285.093624906463 3644.839808105082 5716.65489807206 2173.01273809508 3282.7381205533384 8374.98047766913 3415.915124445395 -5237.185577589147 -7061.647786045591
-8733.002840030933 5152.683834925827 -9993.216619345732 -5974.2645062858355 -52.25364610960605 886.6393306269256 5723.386510970249 -1004.6107314049641 -3944.0328629477062 -1529.1896049931602 7697.986411301685 8586.587792654682 3985.54425704017 -1424.4096414647975 -5475.159062211587 4232.5486586760035 -467.67323832961483 3692.7620012190855 2097.83230480991 -3387.0485486134185 1.0136095808084065 -147.18576590148223 -7701.155496195702 -2010.3879555641415 7503.329738807937 -5515.449593114164 -8579.365717632056 4487.152069937094 35.16029227008403
5792.349503407093 -6357.345147582138 -3483.6357175292924 9601.489316694893 5786.217721773595 4499.22588267607 -9087.530710292642 636.3117990569663 1205.822454130981 9939.804318192786 -6479.149155206398 6251.0693679367305 -5030.830526453032 3222.383695705581 9309.21468973926 5285.270939422899 -5248.074370553417 -9604.487515257038 4722.002099400212 1429.198497860305 -2388.145147449559 7092.138651688641 -9640.247710767602 -5769.680221277651 4067.143674624109 -3688.088196170631 -8043.201560525929 -1901.0277091220669 -1113.5953365916212
-1990.5237710752035 -350.08087743980286 -3213.0635737821267 9545.820188385213 -4036.713888741697 -1811.8895157309598 -7937.637968196965 1272.1560488687483 1698.3069554796275 3019.6618523189372 -7509.9711862400345 -659.0074757720813 -5881.384411773123 -8021.1676092086855 -4394.654347908484 -2409.319009692439 -9797.729353037079 4773.328957410062 1173.3914728175314 -2486.658129730242 2683.104419259871 -575.375291525208 -959.7738358331553 3962.8410687720734 4292.982699234648 9236.418324208309 -323.89446655304346 1228.7693964917853 -7166.793528958582
2284.6262115933732 9052.821986047518 -671.6728808669995 -2482.6238319453005 -7483.389372529908 -4678.202308702029 6740.408778341989 -4419.520269862945 -5589.6720346821385 -6574.030883630006 3914.6371874836605 157.20741339684173 -94.11553778755297 -5177.23700953588 -7718.081496939461 -5367.284057286654 6876.832841383992 7099.532504223556 -8802.01185503593 6394.316411528547 4024.506167882435 -506.9143948853052 -1731.630455016637 6541.867558504884 -6758.140338770629 -8131.627113471298 -2806.5095807996495 1890.1019051601015 -5803.842017314746
3204.4559810577193 -7139.980770683318 -2416.239021280284 9015.386185171774 7538.277146907352 -7714.961921518638 -1469.2833103378034 6830.3688708525115 1854.816856043295 -8927.021020272397 -7042.034267195206 1130.7301185385168 -3057.0992581651126 -9902.324498140806 645.380924481231 2739.319819313532 -929.8472229085 6296.309172380681 5288.820370501737 1720.8851684056644 -88.27781666449664 1345.2124905326436 -2592.042783100592 -7854.504788068298 -7410.171479329199 -1268.2651631792214 3033.1309456856034 7627.674988382219 -9763.868284186776
-5271.029265522542 -4029.632114930965 3013.3528660808115 4683.196802450682 1164.4508533205153 -3471.1353720512307 8337.97394115257 8553.918740130815 -3836.420677234966 189.03859748976538 1385.4792005972467 -9249.567489990148 9766.103489191788 1890.8346301927832 5095.7311180571105 542.0077653676071 -6848.424290430759 -8163.090697809901 -7310.909720135186 -2223.0195011320393 -1137.2246950825465 2926.8111421939666 1597.2743129512764 -8378.09218908658 -2163.53140926348 5190.966762484199 -3314.2970421930795 -6434.665975520555 5283.681507385218
-6547.578148781746 -4070.0327727405684 -2462.390478047034 4758.843032236953 -4909.78553932242 8573.269336594596 -8557.750715413904 1946.8384247334143 9262.15750718232 5587.5682771230495 4131.283642265007 7918.1684225200115 -1532.7293625713792 -7448.785760151455 -4689.506171736173 606.1887988145372 -4421.432608786297 4902.955676019616 -8995.680983072045 -1956.8470832023067 -7270.533405551727 -3900.8175802137557 1324.660051951365 9044.499552708068 4995.479459008106 8278.717265351213 9331.338694161299 2484.442640238036 -8474.509219439231
9571.576133540617 8296.371612551131 -6737.489350656602 6414.544256441553 -4414.4099977672795 -602.4536528992212 -5638.100563933808 -3133.6184370189076 2557.883961683381 -2238.325973612822 -2906.585887782485 6271.331142839495 -3430.9418088171096 1138.345638938652 1015.3438216646828 -658.2606305038644 -4808.789955292281 -328.4065669418851 -5020.298833342922 6098.376172590517 -5360.034356670935 -3489.987618287855 -2401.578121176888 8899.367974379456 -5883.095130746346 8718.917274270385 6903.248114967948 4224.448303347861 -9024.326979840116
1157.2070457730624 6726.871261680131 -9485.559068834067 -7195.58085387967 -6226.600896920553 8699.669162773047 8342.712407912422 5949.078898784632 -3474.1354625139256 9475.439516976392 4279.816561003547 -7219.67494588619 8120.036719492553 9666.298623171402 5521.897101397739 -3167.5853973151534 -9552.491583145384 -5172.942137984173 -9521.81248954492 7655.371676151248 -6083.645397904667 -7091.740792780754 1744.0494970427953 -4315.355680126027 2831.6380275521333 5712.974871515797 7824.803727729417 -4276.59503916527 -6581.862367912239
210.38039786899935 2312.4571786191136 1756.5587311832714 -8034.799590197659 8245.112899039053 3734.526487456713 8814.666711848367 -6742.493916265963 1391.025743053342 1486.9776660167008 9269.42400370727 -918.7406569381055 -1601.8362131187187 -2076.7461353746967 -4748.335104380545 -4832.689449602023 5244.611230543431 -7920.18965743471 -8953.135339464521 -6261.93555655558 1548.7519628655373 2691.5915037336836 -4603.6006521742065 -8954.164371053657 -5651.563343804646 -6508.679044275572 9229.194184141721 -462.5451329160569 -8757.781401366381
9820.457986363843 -9322.46512639999 -2876.088993290735 -2565.572168149899 142.8692987869581 9088.16132878487 -8870.117775673372 -345.71827004703664 1467.8040664783694 3381.5770404477826 991.333155201577 -9438.900099482838 -7082.340190031697 -2651.066692466684 -3491.900262373091 2647.9491045369887 -5585.514272855663 -51.92578818537186 9085.74983006074 -9471.86483001457 9000.396784866804 -8669.758991588484 2030.281049543295 2761.248788248762 6180.230202868057 6127.123520692159 -7335.4996459203885 -8948.319171776038 -312.69098128834594
2163.2843843412593 7589.686971275594 -4949.178750212557 -5861.652265204182 3642.505729983346 3319.8507696029938 -5454.2390208183415 5867.628258060615 4367.314627505659 6642.729129820047 7187.695006772308 -9084.095821106841 2625.524453927299 -6816.181345055772 -6456.3549387636085 -1975.0263251124807 -8305.140426550144 -3565.4425510001174 8542.808548166402 -4323.820067312389 7979.484900935826 834.787336729185 -8201.684182752755 2896.201239932785 5944.407420240317 -6352.271920040224 -7746.5910968985645 2197.660434565605 -2100.096110951439
5858.54129064486 6732.313533339635 -4191.619294457893 -3013.75233733356 9000.733142591747 6193.041715644384 4641.452173748601 7540.070157654714 7945.822024861947 -243.27435163613154 6282.24468752189 -1982.1601129288038 -5816.040699258138 9653.66740085703 5724.609786392824 9699.888065124003 681.7098426983193 5360.425679520835 -6233.81315278335 1114.9268421902307 6915.510403635224 -6051.126652926347 -4773.007840083774 7705.6922278110105 -9290.502542211367 583.0683521843312 -572.1241096811918 8145.872338812496 7951.100950080567
-4809.704659130641 8239.292403866337 970.5879072930038 1476.964283818179 7977.822114505281 6802.736567367945 578.2520966998072 7489.741530738913 77.40725768562152 451.0568907857705 9419.808993061248 -4314.432924733948 -4300.147466552995 -9404.873702665662 -3016.723629277607 5491.566759653797 7672.053580456781 4943.793659788638 -9846.550624415244 -4062.352983347817 -5113.180204327772 -4470.676837717986 -2322.560200184611 391.4334476719123 -1160.773364574312 1583.4863154407249 6938.243950076991 -9790.33946920928 1696.9205282534003
-7858.285548912787 9033.368573358712 -6410.534287419825 958.7444010512991 -3040.559083366341 1030.6725729482696 -8842.662821160287 3663.7832972810647 6801.5761741432 604.1666877442876 -124.7346545806231 -9779.893659136917 -441.566124386145 -9798.57206089822 6848.829742855945 8700.441849173323 -9423.929966904057 8837.938435824257 5838.373630474938 2653.31663883052 -7380.5421213943755 6900.210921400299 7885.099607271844 1127.7697195971632 -2342.8412965636335 -9416.079645278505 8700.224407348298 -5065.015868545941 9536.20635801872
-8931.940904631856 -9761.45165465032 5116.563182836788 8566.632643766887 9271.267283410092 3386.108193726208 -6442.6714959259425 -8727.343890962953 -7853.573130106197 3405.5129946858306 -8199.985216205108 2746.2586228551645 -8140.329968122677 -4743.714185154562 -9450.612759261394 -7498.767559014943 362.8263669316584 -7228.901754039039 -8950.305246115877 -7150.08489719148 -2027.2705933057878 5483.289519438478 -6094.020496330421 -9629.464515007954 -4906.131050341472 -2086.0215982816644 -8326.379729648037 -2992.635521872766 -363.7794344701506
-4719.104668986381 -2087.398285421891 9924.133137323184 8759.649951918178 3307.768878729483 4906.957321133459 1426.856845551658 8686.615320765737 -2853.367248880556 -1500.2877159224481 -2459.0356876634396 253.62709960662505 3006.3171328434855 5874.62860228311 -6404.017926584689 1189.7764166271536 7993.006740626963 9381.053253058486 -4455.334285371379 -6467.198432808436 5477.745310475821 -2700.3392292650387 8844.188732272556 8993.312238488616 9866.112772806326 -1233.602969338368 1460.8116807352253 9486.315019476882 -790.9417806854653
-2087.8649534117176 -9027.668997273415 -2478.7913364014557 6983.855471664676 -4794.857943142432 -5371.295469269879 9992.826420652935 -4373.493710434857 9278.38662859067 3252.146607105049 -3806.2327980915934 6445.509431791277 -3278.639967839036 -2063.2953933358513 8237.7091735592 -158.03217832929295 8836.834097112322 3677.8289823944397 3077.6567799045315 -7495.34588309227 7530.287477035894 -4830.566473056832 -3753.652184416438 -6989.098950667414 -9578.721365421861 -3401.402681153134 -4675.3647868393045 8883.162135995703 1743.0024527434398
-7607.522352571645 193.72310347343046 -5465.1499105923995 -8047.334345491963 7924.264955324972 -9747.10664317514 815.1513670541808 7313.465721219018 4671.369127919736 -4981.57355524456 -5857.041706203882 986.4853825979008 1781.9730769226244 5354.5025165827465 2146.3906653766408 -4196.049104508122 1992.3126986759107 9776.975302721548 -2984.730277501395 5194.4305424189915 -8420.310501585805 -3207.438345063664 -3924.2830528822687 -6260.3181082240035 -2053.452422936868 4851.382946891808 2425.3975666570386 -2950.468893334266 -7867.166317987663
4288.683642265663 8754.532856254264 3723.066608233281 -5934.196548938493 -9790.496678507836 -1446.0038509558908 4613.832548157048 2211.8992455585194 2934.5630137869903 4418.310756446977 3506.9932705113497 9624.842290307097 -9998.159840626122 1984.8652138450543 -8039.11470097856 3650.148166345143 -7219.69739804881 9422.289541352973 -3531.7506897572666 2951.192757359453 -8209.46912229149 1956.867681811702 -6403.752020721509 8143.56153618843 -8517.439898764285 741.5097127589306 -2612.629286022272 6619.599475450137 6109.2621581487165
-485.87377438628755 1442.8558771512053 -6291.884847617733 -5576.151443371354 -7828.070276334502 -4584.905941208674 630.7707198697008 9908.34620951138 955.1688035371117 -3754.408049408651 8886.272376237375 -9117.88556471952 5173.658700405875 3841.8367095158337 -6553.843889518469 -1648.9387393269353 -9427.451333972518 -4879.412623665291 -3631.444245921615 3235.3916661529474 6390.953759965989 4993.512213682983 2591.833720601351 9906.234836704956 -9649.677484806287 -3223.111963992662 1261.9965633483553 -397.82474937915504 -4138.141571168357
-1873.8909778065054 3286.0818421262666 -8588.800155368968 -5222.806806268001 5815.722881243735 9513.115367332335 -4978.0420953836565 -8028.0995802895495 6471.255020762004 1380.7965070862465 2584.330292686147 6921.625242042024 3809.649337175837 1216.6422923912414 4648.573321208696 -1636.5405732596573 334.8581555845303 -4897.370421382856 -4426.51937035708 5274.664718447104 -284.11939611217895 -480.10265877546044 -7503.425757371218 7184.723340028973 -2389.7392769412427 -1499.7839571118802 1287.990280350783 -698.6299690925262 2704.8345432441656
-5959.500956336985 -9776.4051799741 2400.801073497407 -5992.549192877579 1242.726879277283 5038.979559293255 846.6117299641664 -7786.971963160833 -6290.950656338568 -3682.7122283749222 4876.294676876567 -6242.789836604832 -4099.566835957751 3928.94749849294 9226.978248673535 -8035.693325110853 -6661.876522073624 -2385.227393728109 -546.1716629120183 -437.9531892103405 -5125.72663023535 -9791.684083167376 -592.6582660644981 -8806.638899547655 -8134.426023063966 708.4552133848229 7047.809976569948 -8367.895724626887 4757.547255256835
111.61229021561667 1742.4033872119908 -7086.671771232182 3637.262001363679 4774.745460418288 -4885.570571511662 -2361.015082551352 7531.3052134223035 -1481.342217337071 6354.379366073123 -3130.36869275791 7075.954288647332 -7202.790207130769 7038.856785145472 6741.6986711417885 -7791.293285914749 -5618.659368298231 1865.6305333555247 -5132.702517470755 2900.4189775810737 7953.899802454223 8426.165301644727 6683.004235169497 -675.4866241467425 7032.322110504389 9424.909212503757 -895.2348250492123 -1402.0113635032885 -9326.566783348997
3630.8529858260626 6118.29632184466 -142.53959766536354 -837.5067556594586 5178.621299137318 -9187.681964535208 2192.745923012384 3377.3276107117053 -5172.718814572168 -8986.856754407676 -8138.448497441677 6946.12959348764 6690.6977447518075 -7529.8680502975185 -4230.858909988758 -80.84863065163154 -5652.362345673531 -7578.618660090339 2001.1272794414144 9314.595504614965 747.0606557679239 8842.93327638895 -4754.09472664039 -8103.04389995294 2492.7632351422726 -5838.863792788776 3862.532933998653 7299.848908555159 8358.494521396533
6872.860238941608 -6908.166662710318 -9582.743299154743 -9761.911796152335 -8045.665504054305 -6210.215015088937 -4514.475487140117 1520.9320947536107 -3905.1875371147717 -3896.306193158929 3688.8416266352488 8744.493566589383 -9162.065613532177 7781.494292881111 -9827.712803833443 4922.03575192364 9653.036452861292 9477.263830286276 7443.9651052679255 -689.4325777622016 -4948.638226663636 -2331.0465702208558 -5346.815528333844 -2758.5205139562577 1568.9801970541484 565.8920806932874 -8005.888395676435 3709.488124389278 -8550.826774961395
2651.2166885672796 7758.439993358166 6880.330055124421 -1364.8110587965784 7318.860273353337 8960.621070012035 2948.818907990488 1252.785166584692 -5158.452595059253 -3673.28305648297 -807.424040320886 1583.645281404586 -8947.958855973691 4728.97629081213 -8066.774907735658 1873.7071935188233 -1787.6983493810676 5371.8514009388255 7726.351355874664 -6464.586477792305 -4643.010484815473 9105.08719249253 -8975.368575646307 -864.1451238684931 836.1135095154023 9968.737743460297 7651.020628667346 6226.599307256924 -903.9343412261187
-2826.9282063109167 -3783.6067332953153 9623.160873575835 -2258.490331518261 1505.4584555383226 -2282.293916683311 -5657.961619890488 9500.686422124429 8961.837274760586 3575.4381116165423 9677.715911540941 -454.99182063015724 -1596.856138896388 2836.66693027727 9466.707404077591 -118.9596008251101 -411.6334097003055 -3751.7260314129608 2700.099777068217 1921.63406849682 -5403.188207207215 7074.597859472062 -9016.964393488797 -3726.077054785157 7167.538449654352 2478.479294380042 3547.552323080039 -4336.657858482014 -8232.984274713579
-9600.102361644773 149.7943969591779 -2593.681532347312 6722.213439707426 -9447.051487569906 5846.769093016597 3062.244144594055 -7714.072461539618 -3121.0318828151976 302.3944654699735 -6399.551027569967 9529.621534379505 -4606.25190536706 9449.91727509068 6112.821720839462 -9778.910482952877 -9520.499756739087 -8048.145819610859 -6491.922341991527 8454.282634875322 -4695.110644477656 -5874.917895499816 1919.4509486411644 1615.4642877637325 -6275.147394919823 -2365.3826524292263 -7847.312794507034 -6811.773890981596 -9706.865052560694
6989.681779962837 -6701.251980549665 6305.807069701639 6015.336690271282 -3270.5889910101478 -459.98867520228123 -1369.0259028183355 -3777.804812489858 9789.557360571758 1319.5611226543933 -293.1340017615621 -1069.7138062639751 7342.790186319802 6926.604980288161 -6772.214382368091 -3629.813269117092 8041.844511154897 -621.8211016795849 535.7389483060033 8023.351511678768 -287.46908259944394 3158.5092119192395 8511.719418035947 3049.378863481372 -9578.325356942514 7019.423579815946 6068.888626416565 5810.868816499455 1994.0918728924426
8875.87815209372 5237.401187016467 574.7415069388389 -9269.82650167654 -5167.503079054434 2441.238154393477 6740.088007838083 4867.184229299224 -3976.2533243139605 -2805.594274795091 -7003.504259970723 6822.778566957299 4916.986741861847 1670.408771415854 2268.6946420691747 5270.060434402389 7949.539972015162 1794.2491287265002 8897.299285851801 -2140.1968425414334 -425.0356657728498 -611.7526421203711 5461.10845849595 8743.502422730977 -3705.3360126806183 6975.340242899372 -2003.714174236724 -9144.026152135439 -1158.8557087197933
7714.389956135452 7428.856370662037 3965.5521003244594 -8637.248257063698 -6167.48916554849 -2417.590758642352 -3148.21110699808 -1484.8887382934681 2982.0573982409314 8972.967124752719 8308.643567956304 -6520.84248858902 -8271.48820399559 3159.092332474669 4688.392622016589 3117.778727013185 -5177.96118279457 -4655.691447474724 8053.323534759165 4478.541038554829 8721.6995594847 1571.5129061086718 -9601.34266003884 -980.9744341567675 4726.361795949018 3296.226878885118 9763.470497094888 -4289.160571182207 7629.284024777706
-2990.2857089059353 1841.1872847294926 5564.694127167209 -3219.7537011962395 -7629.039895270409 9135.250734797293 -2663.703312244623 1508.3937249339342 -9631.446711812117 3163.0410381155616 -2932.186208935188 5614.470888306243 -5345.69643314645 -6010.059810492918 -4894.473791771896 -5943.227408606515 4477.281604063255 6841.462923988398 9491.778230160853 5098.198356550989 -8904.492205047882 -7317.853760509299 -6165.959803208112 -6340.098722770797 8094.057489621668 9534.505708413508 7203.591042012184 4312.9709324938485 848.2193093717542
-5103.4282297207055 5350.6391986495855 -1103.8606320552499 -9616.712635158317 3894.149966789546 -7870.345420923714 6385.547477780441 -6151.33815203403 -43.768773585292365 -8126.691535289714 8640.10844143217 1896.4317903157826 416.51093079792554 -1789.4522037225906 2469.978734499049 3326.6931325474816 -857.5176233358488 -4592.82942973664 -2162.7585225028943 -9070.045933139041 6465.643909155253 -2913.029383089407 1087.6301641202372 604.0908177762012 2871.367364186908 2963.996288759754 9149.323604392539 2460.5376778447535 1569.3583315605865
-1246.8032961032932 7240.153886413507 6264.010625741212 -4584.347446058971 5193.583398994928 6207.790148244865 2493.2725393851524 1703.9065705611174 8482.040461736371 -3822.4211027322344 -7366.787086962603 2623.281654921144 -9562.36596619374 -95.19878904936377 4760.379345298967 3405.0972751735317 4202.121164172095 -5167.710582993554 -7309.749226492532 -8878.41983333401 -4192.240195329308 3105.7253201631975 -4520.988995970172 352.64360404572653 1385.999724963569 -8394.569156671256 -2412.4690065351206 3254.2598026017786 6169.273206759561
-1409.0598104638866 -4559.166703227166 -2539.047406567838 -1144.348808918614 -7614.12596394663 5328.194011051923 1194.1288661849248 -218.81317790471985 -7902.6981464286455 -8956.000488901767 4978.830432159364 -8032.091100799607 -5740.702600757868 -4967.085349725624 -5896.425975244976 -9835.53009510611 -1200.1689262582167 9270.368848979833 -3877.1453157448186 7294.391758601807 -6468.250470656391 -5166.176550808304 3028.214896457248 6394.193490452737 4471.308142820804 2037.7469317247123 1528.2311183630081 3593.6821910383205 6530.78449093883
8352.682995135256 -716.9917822133157 410.27557387204615 -1917.9454025669675 -7487.942913697536 2529.0232288408206 -6663.320117475293 9354.16160882104 -5643.280283810055 -6327.776231248594 -6432.679625891835 -1224.1013084074639 -8166.368911217157 -2513.180285293921 -9269.896136490961 3247.8467037956125 4859.394033113207 4513.981383352642 -4282.245369470157 7738.150086266807 8296.981092708553 -4397.97678880081 2664.414381362323 -6994.245946331428 3030.637862977108 -3243.333847960952 7926.018844436225 -6752.315248309313 2450.193419277799
-4176.977690388051 8130.995884310247 2273.865053251795 1695.726767755863 722.6656164623055 -7326.143427533438 1923.154234186919 -2544.433153929999 7983.4826486729435 -482.79770560893667 -2830.43726773456 -7608.644016336295 -6966.978412034097 3152.9710737316855 -5707.612590874971 6480.75914826533 -8396.15432659304 -8302.561595481597 2238.4250210088667 8863.832608915101 8530.76313316878 2304.310150512574 -5016.507365349221 -5838.258435871797 6847.523347080136 6264.488455513168 -7523.3693424782305 2787.3095726670945 -3632.8477135550584
5443.1261745629 -4532.371108889479 1253.5657326962519 -4528.832682523969 -9237.139761627473 -6386.351010230035 2691.588700307695 4958.136626449603 3945.026306202484 9713.14174755265 4654.176232227834 -6729.869435507166 -5942.539762513559 270.9788247387696 -3008.632946981227 7732.413220834678 -2973.1056962582115 -1962.511322238467 85.72819507705026 -6982.035370860893 2216.7576047349157 -4818.571459381668 7431.683096153316 4543.192860030953 4768.799166638013 1426.7212085719002 7437.122742872212 -5352.012680573896 8714.646851186462
-155.5466212499996 9536.70555523875 7925.9026734903855 9294.643503761152 2510.239630948563 3576.085231128245 -2936.219967812898 -9787.24843941355 -2619.5219381977995 -7832.005885014278 7628.950300499899 6302.429881863167 -3676.0207096015356 -8518.196815191193 -6902.757175202561 3857.1062501170054 375.8736434567345 6337.395614491437 9497.422674593403 3118.888015639948 -342.71643237968965 -2930.704850176564 -8183.733704991462 -7332.814735281727 7817.586444172997 239.4300015513545 990.2656060129102 9251.87733405979 1508.7269708892309
-1142.3389542679743 9582.190004433895 4304.868496984289 6562.411876962731 9559.929055009325 8830.310662048869 -4806.326132887686 -547.1622771023103 1004.2680292860714 -807.1852633898416 -9068.758529510154 4544.481562522455 -6590.804339810968 -9724.433693593219 9943.550414523404 -492.7344148123266 -2717.6275650754087 4043.3910779221387 7274.724078732448 -1806.8623619757473 -548.1255556176402 -1129.6257792331344 719.4756615261304 3120.3815062923077 4492.132516684716 -4290.8038118983695 3129.4106603355285 -3504.960019762113 -3451.7097810931928
4170.513119133129 6247.687016618987 -7260.616149293237 -6761.365138100863 3649.9274004707822 -9124.872933791781 7275.967666391389 -500.19882931342727 6853.57526797973 -6198.860267003972 -2678.867169600876 -3051.6158422537655 -330.60047029435555 3409.133979532815 4985.733054648808 8800.805274280818 -1806.2912397249984 -488.7045670156713 8559.141818142172 3841.0883479975782 -591.3036833313326 -8967.970585410709 -599.2358019528019 9071.231650398935 4284.711339315832 2356.071801708662 -2900.889520522692 9800.956224497499 6576.866825723027
1551.8995310794817 -2860.5624969437167 -5877.767626537731 -6683.323415113771 -5948.754732627884 -8613.517081664639 3031.775421877468 2412.0564290713246 896.2277101730342 -4207.130302845277 -235.21030538729428 -5462.974370907481 -3478.3313361410965 -8231.843571599871 9945.273789763833 -8145.454986664058 -728.5656940760091 -8276.06463987671 5277.219160028939 -2499.087485062346 4547.256033000645 6037.551809399352 -8293.494152427458 -3887.883732984754 8244.668048671585 -3638.182186671821 -39.42036111410016 -4218.267929702098 -3762.020123087548
4252.461683491329 2241.1763276578695 9987.346243307114 9832.085673744503 -8839.147399852503 -2082.8608967266327 -7544.316010174325 -2223.442004612337 2330.4313909224493 -3646.2874444251647 -30.790584947091702 8570.45931641986 8836.089822672177 -2636.546257767196 2958.81299451849 -4410.734687533766 7659.062010078764 8818.357483155647 7071.685628967225 -1073.9047025360906 -7039.440078774323 2874.6090008340234 -2151.484887237624 1432.2072161545548 5380.97593255048 701.4787640977556 5336.109383814284 -5828.909756588736 3233.60209488522
-4198.436289994805 -5755.1725748614135 4674.199173815752 -8961.330811679587 355.8937514394911 -4675.388218197012 613.7181894918594 8823.064724556527 -5844.774422035306 5411.53915674259 7670.138379199092 -9975.847432304625 3872.2782585357327 -2265.0773271425924 1331.9215653265637 -1448.5068694033744 -2058.2081254388604 -245.94000886377216 -4482.372881837818 -6829.889418150538 -2085.151482765302 -3524.0420937764557 -648.2818516210282 -579.6373717830575 387.27214530472156 3946.5859300346947 1765.5067180386359 971.4960073465027 7817.874511027367
-6871.43399651497 -997.8330299121008 -7367.653055650246 -5964.975441559653 -1897.5254791199304 9706.60963700102 4884.776702743007 301.2958333879669 -7642.848436605583 6805.135309396152 -9947.815703567017 9582.471268757155 88.19353263352423 3373.548936993966 -5302.87982584091 4882.762231206627 123.2807095092794 -4163.66405824626 2647.1083135983245 2707.537705452056 -8994.500704818134 -6430.871257805764 1871.2402391228443 3924.446642640907 391.68071306623096 3451.364067041801 4899.256581850399 9803.848585850123 419.3380500724561
2017.1532861145533 -8727.196845107355 6903.695313436689 1423.6514186837321 1705.704639129095 9540.603579427687 -1935.513560978432 -9656.59131837922 6964.192278733102 6371.116898582548 4047.337785070984 -7594.283799479765 9549.673349117955 2725.82692227155 -6110.39770325543 -6984.589647650842 -7719.766888379405 -5457.2829197532365 9573.396553897433 7430.695484995609 488.8912925519435 9317.114893851354 7176.344430042907 7140.508429211717 8445.454896376541 -6993.346271216854 -1734.4513470946968 -7774.957629133752 9346.229309509585
-2330.622506114819 101.05851762331986 22.913716537901564 -3329.516942529085 -1339.4546153127576 3729.662785660612 8817.570716252223 8455.106240139601 7326.975610370006 -663.5112110380087 183.18106531423655 4279.0016620720235 -6430.169392190148 -3040.6964560201595 4876.801975186567 -244.11811099760234 2438.9761745502274 -8162.0958559838755 5468.962690485683 -2871.2146863686376 3719.456748448465 -6753.982722151297 8045.420543157965 5917.602648873297 3388.8914511200055 -7.314642590305084 1231.2050267242394 -2036.5315241399267 -8522.127007377403
9928.150552488994 2689.822096255073 9771.115699644633 7128.963656427091 -784.641825324923 4975.100873710962 -7085.79463668727 -4545.005211676614 5243.318476162769 -7595.513045699012 -3487.6997840257263 -4396.807743852815 3306.8533389722325 -5016.623414155927 1681.3038295971164 -7784.727749578217 -7799.844038978927 -3516.8827862374765 7675.051250892735 7604.246999055587 -9827.17165372037 -2497.365570173062 -8922.049433844713 -8280.401934952453 -2346.9814634575405 1088.0956420211187 4753.124467691667 -6647.481726676098 -2810.2024304955694
998.8334561311294 6348.32652474156 4239.2059217729875 -8327.990398653088 -2184.48098963784 -2081.524772098953 2621.7856188671376 2830.466934291886 -9002.010003314917 -1449.4878608662893 3151.66504080473 -1939.5979446553156 9014.519972629616 -524.6346355788846 7983.377823915544 1917.1687781786768 2910.6809318352425 -9880.390127620134 4323.106632521543 -979.1776818679664 -4998.2337722633565 4656.011220199236 -1910.0477375293194 2602.5121848032377 5846.694722159804 -994.2002085056538 -9252.702212800406 -4633.080769431009 5967.910422797315
4237.151367192531 -7313.9469742905685 3890.117685619569 4603.597482669169 8248.481368378736 -9666.792565182212 -2247.6525546101266 3478.5162300235243 -5443.078451710366 -9879.783515624025 -8504.040256909524 1396.983525699301 -8041.405445440774 3210.1540909015894 3251.7752586982588 2111.871995788597 -7536.526485014228 -8943.6503698798 -4702.2882659541665 894.8598535583715 -9158.13740285236 -8966.472698433714 -8858.710276765123 2301.9621663511352 8683.665171627512 2960.2834471261085 -2477.5687578061497 3780.222645957503 8468.213854453501
-1500.462535933235 983.5325936466215 -8644.493672124434 3393.627187582735 -5284.276961081664 -5928.387919618334 -4756.502062270604 267.72549264541885 6178.8693140296255 1424.2154589264828 7826.722130147595 -8968.589239547031 -5526.108022132054 -5804.794738811201 -600.9511387289422 -2088.3759995421606 1004.1880190580723 9653.200992341124 -1517.3476301828614 -1237.3785324222663 -4595.939895482541 -8604.472334926715 -1420.5517146771836 -4096.722403881406 -6720.981002019515 -6126.6237342794775 5891.6628215065375 -349.37929956048356 7021.399033618662
4015.6946154998313 -2311.7390960021658 1948.7646682151499 3024.522683829433 6424.34560169348 7405.024521433381 9247.16643411998 7121.222791603697 -261.78464930916925 -7865.03776776831 6797.668370744657 4777.556269563393 9201.45522425901 7585.900981813022 -8893.5280288825 -6979.8071886510015 -1182.659331200708 -6548.313186020038 -45.043720272382416 -2408.0984542500764 3531.049590511513 -9260.837701400967 4784.734228769479 -7125.919498914836 1309.8896995464129 2824.434986801274 9447.843769886247 -8460.28638712222 -4654.673717566559
-8332.325152392934 1063.8761179721514 -5161.444740385386 -8134.41770866898 -4617.086431835116 -8694.169232030603 -1117.6702688348287 3560.1695028912745 4084.1782854380144 -4168.604474949607 -5485.775640718384 9279.342943384807 3374.995309909329 8516.692791147885 8296.664014727103 -2135.237565047856 7432.165195226065 7032.8814749343255 -3942.794390972542 -8136.586862933262 36.795668436527194 6161.425941434894 -9390.155622091785 -7885.628897856381 7108.276864108553 2589.4307734471076 4679.600794345481 4102.126651562077 -7729.566231551566
-143.95276378312883 7173.173759539863 -3631.4361323894655 3859.7062511040476 6594.810339158594 3851.666394623602 3328.581306977583 8685.70307448119 2987.7729850540763 8291.450155733874 -8667.34631762622 713.962950466017 -6882.785008618939 -9306.213621793915 3053.9534586486134 719.4038794882672 -4284.8809126638 3849.4435995145013 -1170.527133704898 5672.617856952302 -1579.1589677090287 6643.661298219158 -4601.0001997657655 5000.964081292184 -7986.91471231594 6282.342428533886 -2737.0333839076457 2071.983340483581 -5770.924159634623
8657.217256782216 -7261.103479185331 -4890.051321653536 8581.180601615182 9580.053443660818 8042.399009165147 8129.975669612944 -3159.954495249822 5738.1759389832805 720.5931694268529 7823.470822382107 5695.624188600734 148.51399389929975 -9557.63167199852 114.6612621289496 2765.066177106579 -4953.391495473678 -7455.734564548484 -9588.501169946028 -5249.959795467771 -4984.613828920687 4513.614089127859 -278.6960997864826 175.93308714581144 2064.9390476744684 6470.764826781673 2177.703072995231 -4096.642570099951 -9597.539659047774
1073.3209935493287 302.43904423515414 -2560.35541228848 1053.1725307412325 -8567.178775487419 -4354.815723960168 1369.2749446136204 3599.0498868649265 4435.503376370274 4568.932974274259 -6922.014100291746 -1837.9169846212753 -9125.050568803068 2807.952482126977 1071.068264925565 5045.871807921263 6040.068999931786 9320.314258208622 6978.824549526718 5734.818963159341 -3254.120402595151 4962.15444436265 5015.147497491458 -4118.288404645183 9637.920791308872 -8534.219293834189 -4574.63004231212 4096.630024980501 -6512.1995509180215
1372.6916417580414 -8102.816558171009 5443.574894397283 -2908.354734541247 -935.2638286777146 -5017.015508084297 9246.65867641172 9464.09031221117 -8962.437363086494 -1306.464938697265 6395.871774819047 2302.6507043251804 7423.98733388785 1481.3179669723104 3058.27816105666 -3437.7553390290823 1901.6317174922115 -2152.660899732159 -5259.266231068207 -1792.4338418917632 3636.6870318654474 -437.1341350817511 7207.00614479545 -4318.129414262248 -3474.080092136138 1156.4332486751446 -8474.705710162298 -5184.77174252348 2282.5180904639183
-9709.399233295846 -498.9055470096446 7543.774374670262 -5186.083930752486 -8044.906473521994 1431.4212145421443 -2304.164846450658 9425.699671042712 -299.1552262924997 7481.080850542319 -8075.479765885491 51.424163796564244 -2349.7164604894597 6458.374556613671 449.33373116377516 9948.96416216817 4842.471452715226 -6672.455632794834 8602.60782427479 -6730.532279363643 -1557.1376982236961 9162.508271762585 -114.54716659949918 7430.73032858154 7425.9045685570745 -4714.948984597442 2970.715947690436 -1914.3145210796383 4079.291944919716
-7481.900226434126 -8266.000795182941 4366.867517389948 1053.5525548619444 -4839.810930236854 6313.979337319648 3801.0183410770023 -8657.865260400602 2705.991743045055 7276.2551801825975 -9288.93176833998 101.7066139403396 5520.125998251777 9384.728115270773 -1157.8988458593267 -4432.57801693121 8604.9830353156 -8221.189745542499 5495.336108065976 1046.524952839287 -4213.185816696942 9763.169138742189 -5661.113495636027 346.90065160344966 1308.0675926499953 -7189.844532764902 -7929.3745936388295 -8912.701452472458 5742.899882281152
1 954
-7500.058427000211 -3282.9086951006793 3085.8926505507206 8551.783663257254 3649.8628459336505 -30.24013261759137 2507.407307102072 462.6630418743389 7853.440675159065 -1414.9684298139746 -3091.4584423954893 437.86232630781706 5339.651161716451 -9154.882435929056 -1611.4544247659687 8061.03888424566 7099.055985733863 -2102.746193463947 -8227.245660021637 -2595.025385220364 -4281.047086135439 -1931.1358451045817 2837.887129085306 -785.8752564382812 -3153.921395981325 7843.232510206424 -7416.098877908393 -5524.314258338672 -2152.0591623933005 9435.313637027157 5811.371431446445 3825.2499335130524 7773.787527830013 8577.489500056294 58.477106444437595 -1442.5302720305408 6314.1748534357175 -7707.56373445379 -8265.392147434352 -3432.4572678114237 -1994.8927137642095 5710.817445394468 -6981.546236954546 9525.418442176473 -6402.677793963529 6858.6687118604605 -3904.6230402184265 -4316.562866190641 -2343.2461427627823 2637.704758230804 -3155.0461075068097 -3706.2085891931165 -5290.94032142432 4109.711469580885 -3383.8433247301273 4581.318428202088 4766.496272203798 7410.36943555238 -8770.389990008007 5050.172417666736 5537.780646423496 -1681.7645406491538 4708.2345097518555 1573.5099561605148 7260.382630759079 9598.093340083313 -643.6485586001763 -5709.654189296849 7260.013485430813 -1207.67499591663 1342.7458417821417 9245.705770235232 573.0609324027719 -8081.735302046236 -3067.0852498506783 -2671.988964918004 9920.80573161766 7389.592671592141 -1340.734057001464 4836.814546200299 9242.731645958273 -3356.7711707721855 7063.9751111965015 8233.752002903333 1400.6220234456014 3832.325800948236 9446.505437988613 -3499.114230367637 11.332103004022429 7486.865091076448 -869.1633689556857 -6750.0296374962245 3107.55417112159 4597.983110399833 -9209.201886430305 8926.76743177489 8023.236462096644 8148.1035531149355 -8399.961126287584 -4706.961768657936 6318.257672986771 -7454.830608611957 -5778.753078957056 -4147.735805675346 8128.329864245661 7549.290664379569 5516.358273173577 967.7547031202685 -584.5704551757008 -8174.7725096104705 8009.5394137369 -1065.9236162569614 1585.7174776190532 3071.9314382328666 7610.136250610714 8217.870333734834 9578.625424977763 2420.698341733496 -2756.666058904362 -5040.414140945817 2854.6200235953274 3777.8935172974398 7787.290343913515 -709.2019288056235 -2333.2642030162297 -5101.703270240177 4424.625671004531 3016.6810315451567 7787.399626522296 2534.3385790849316 -8095.896024712097 9147.045289315087 -3642.1697359203463 9600.295957855385 3226.6897305731763 6066.280564177687 3858.029655064607 898.2714410586868 -4429.231738880937 -472.53292641158987 6884.660656795208 8243.087750251096 -6579.8325942593365 2688.5111321098484 8781.351623533421 7099.790548113775 -848.108272614656 6396.481080088321 -4962.97844326574 525.8621860141902 4290.10694546798 5340.977301465004 -3215.981165070385 -5008.627391283202 1958.4930540768928 -6369.571310050334 581.6640425731803 7500.36840389717 8569.264709853902 -1923.208902653244 -6432.869285723411 -4429.867401785099 -2349.28264820639 -101.65882484700705 599.2186768948013 -8551.346000197802 851.8242989419014 -3615.9967961276425 -8969.77985665737 8120.509057566429 -1993.0529457984521 2653.230565706146 7290.26068142943 -7705.951434215765 -3768.9037063759924 -3511.504817147499 -3378.7704430511403 -7827.851731542491 4165.4180800788745 -6219.98807307557 -9698.779355051769 -5779.682397943693 -4685.028745654642 -1820.8638635315456 -6443.540256643884 -9560.764068382252 -3605.9571472719053 -414.7914854130595 -4320.335600351972 -1059.05478376047 -2846.9055782052455 6509.420391319862 -1291.4351412250799 6025.780982271661 -1978.6602687981622 -9178.298481759626 6919.611388272027 5420.489930272861 -1084.6177447559094 7503.9086793430615 -2600.4344649858103 -2158.1365359552774 2729.0904849921535 -8769.80172689915 8763.655389095009 8566.450658832775 -4884.189859356451 -8674.320681792826 67.61142061284227 7479.378907717433 4567.070958585275 8154.878602037195 -7753.60751581051 -829.5856920183323 -1675.3408486725148 5761.092914746727 -4497.333991711572 -4726.014369125489 8391.007842580355 -9714.207206483381 -9725.204436137745 2532.971216155347 -8411.78787473928 -5096.249211846235 -1679.0662375273605 -519.7875130788416 -4005.942340245696 -6916.115156325293 -8606.940103823572 2065.349448683184 -5684.376752730212 1921.970390074166 -83.58183944806842 6471.64822597929 8788.940171223327 -5141.133967145779 4131.156161457708 6780.9037980631365 -1680.306953642652 8090.128955452583 -8497.774290650963 8011.5380078098715 954.332256746542 -6429.707958405279 3398.1123188828933 -8314.542892293033 362.1493141974588 -3109.448965173571 -7757.877846537562 2019.860989513858 645.2506288778204 -9503.401649200006 -6853.031562564118 5118.517089643878 -2513.3955468930553 -6842.779896030713 -2237.463833966047 -9320.56903398654 1192.03833890046 -8289.086017714828 -1957.2751190304325 -9963.52696339905 470.26018920097886 2119.505289242503 -990.6355536188257 3414.4355133162026 2438.605549153219 -4915.56570552871 3983.015306358893 1893.7830897166823 -3322.835205614867 1068.7242310251404 -8639.956577586212 1984.2699311946762 -2019.1654751841925 -3860.06859225108 -6824.6498582098775 6378.42982517613 6816.50621466184 -3429.3742945036975 -6670.0777100221485 7951.054723109548 -413.0004233076925 -6885.82359826977 5911.454460864999 -8875.233582145584 4832.928785747754 -2544.819853294238 5490.862744652877 -4143.79948073839 -2602.6485571352205 2754.3612443320944 9995.68529433521 -4540.987348143118 -9463.908368176142 2790.3509029941342 -8367.939530466305 9075.006099837556 1821.3022152235098 9948.043104075823 -4416.570152739941 -9675.364297147 1178.0803852783865 -6148.505493355873 6010.244793996959 -9510.385834277586 -7175.200398582892 6174.569799019715 -7130.169376581385 -4192.267762935382 -5415.636646644512 -3313.5852449836366 -3439.710532733937 -7412.555037559707 6835.752499235667 -5512.923818887383 -907.8542474773603 -3070.502608134316 5998.494528449219 8018.297942484423 8385.233758774277 -3080.6470377400565 -8423.02935489409 -7183.077369741826 -5669.350775679567 4748.335087449021 1195.5868990561157 -7868.686318012119 6185.42169132155 -8492.427672938073 -8006.212013394631 -6179.174781973046 -4563.085265507747 7301.869679585172 1928.4722494107955 -5548.030687162662 2331.3189598245026 -8459.36748724383 -840.6322162327815 5062.492377258648 -1087.3277331927275 -2354.1549924312258 6886.901878443114 -8043.651307133786 5913.348736622329 -5007.751330697767 4468.8347275836495 -7875.8067887084635 -6003.333364912877 -7019.536237476783 9883.889721774256 3759.8432402682156 -1837.3320345292623 4954.407372908201 3280.1127901197488 2988.3600469099474 -4217.456363911958 4446.3772419178 -8893.535287847359 6116.137686679873 -6292.390681330324 -7109.4572314584275 -2673.8736326278877 6483.370119174717 3657.621482571247 8100.156073861195 7879.310505465128 -6431.022146844039 -9091.166002326934 3233.3913658589063 3596.181949733538 -6781.848657399432 -1652.049254581807 -3485.779060764209 3209.9225914993167 3289.1117329203826 -1311.6324106578086 8564.688383269196 -1963.6612301193109 -8988.461626996956 2097.9903910844387 -1269.1485844480158 7861.268462836404 8883.787217348174 -3183.224602060879 160.15989270652608 -5013.535576659058 -5246.672933737371 5213.367919694878 -5868.5510867594685 -4286.767678254415 -1777.9106002556146 -3423.3601247942815 5854.797479056269 -575.30571934814 4926.384349972284 -1208.325799488728 2992.6961831364624 -110.30268212929332 -6518.205365842376 3195.6869766247964 4102.34817006067 -8645.154980969262 -2198.265651759297 9773.531408637686 -8451.070681505838 3975.621451234576 -7364.96655232427 2602.602777252916 -8086.774300649573 -5474.862844484472 9872.411192914264 -280.54718834581035 -8501.402071272962 6704.678269752596 -2309.8719447978074 -5583.663403591426 5197.322550918236 -829.139592155896 -8526.392336596711 4935.48293454894 3381.698532360684 4728.413194117627 843.7204304839761 5328.836961360752 -408.84990997573004 2988.807869847162 -4233.234958447833 3796.45482305073 1108.6400201818178 -3521.7848556631907 7691.454465078874 8075.730226978187 -6721.529219496802 -9041.451617076636 1914.3732123740301 -2443.843050936918 -4991.3658577920405 -6140.643660378848 3546.005530142007 8598.846831505456 7885.958555602789 -5538.678989006203 4489.83986956433 4823.743335879786 271.2998170147803 3574.511236882425 228.17100462746566 -1050.698873708252 606.0892500719547 8060.846939532352 -867.5319096372114 4017.3413913822624 -9972.065064754232 -8274.76670875945 9403.858143493333 3237.078746770776 -3479.6022046982935 2529.260855782866 -1963.104439229679 -1476.2467061426978 2241.15211262873 1754.0718471300825 -8756.947955700318 -6714.616616004565 -5627.4860692066995 -3766.0556232780036 9176.758074505946 -6199.9828672186695 -228.59998936087322 -7963.367136126205 -5205.223545144056 3319.168246363539 -1397.076429830382 -8283.051219082834 -4528.348068197981 -5963.40966343236 8940.522067147755 8396.500982721594 2207.1966463045537 5620.262478227896 3671.636608276185 111.32110495154484 -1388.4485890426095 8938.55742981621 4848.154159333302 -3624.8502012270164 1654.6970102756277 9064.564914247254 1980.1566317044817 -3320.501738827479 4239.770683122788 3364.3595813994034 1509.2958149181177 4620.692259631951 -8651.233032700158 -132.7278523972327 -648.076016242403 973.2387167836805 -8970.675967726791 -2729.383147160933 7075.53421054922 8301.383677949743 5117.947025589314 -4349.2333084586935 -7324.533922168439 -6844.365742192855 -8464.281852882566 3724.0585791795384 7744.109828471363 3388.6355639518315 -5215.764617980698 754.785894106979 -368.6498324951317 280.5814792625115 3471.297873932128 4224.424547892544 -8761.82268717597 -2338.588557126235 2488.3387236508006 -7685.371168978323 6347.703665500461 6732.583393074721 1539.4511532803153 1527.6844587449232 -2948.956502192559 3804.2426934703235 3705.831804671063 -4601.270885870319 6810.31071411827 7164.303891023734 -2355.4768521932237 3158.8134073294023 8421.715802048482 -1894.6180705116067 4192.665107217337 7923.719050866057 3671.2250593365625 -9096.715237510003 -1112.263322419547 6424.50025992663 4794.15689940735 3049.068913079691 -5359.403307851858 -7723.201786644331 2056.53103699679 -166.2300187294386 8102.830114935368 3040.4218140127577 -7322.098015711454 -8973.860883946205 1937.4256281745165 5450.596780473723 -7181.448087996551 4477.042976646584 -1773.9665603517096 3479.346712071574 7975.388353610717 110.87319352339 -7941.987391407372 9021.152247112434 -6893.473276894304 -1923.3037662711558 7009.087509445082 -6378.205405235487 2596.231487496163 -2136.78828948688 2552.0714480090683 3723.417843431718 6418.665580700199 -3338.496964625623 -9582.702513156933 4373.734453379026 8993.208283599142 8389.136051984795 -7645.5479594450335 -7951.0065653949605 4792.541963771417 1019.9642946363747 -2777.5846512510416 -2517.273610091146 3026.844496978636 4960.169292918767 1565.5024111546172 -6977.478291000019 4211.246738060041 -4422.469688120743 -4279.010817846065 -4450.705488404743 3248.8398489885803 1376.2382753096372 5310.487764378364 5587.077308978458 -3392.77745855006 7020.181420032637 8112.865736616164 5621.2987696086275 -6604.032733823888 -777.8539173600657 678.8713420749264 -9492.049840565594 -707.7432583435348 1587.774366920441 6885.104374184535 -7444.352230218585 -7513.178742374879 6312.728420947582 -8272.575708363545 -1208.6642920430677 2490.290001164585 6914.8911108011125 4152.470545417646 -7399.717200425289 6938.708859456041 2412.8141788216562 2872.532047347926 5652.196288345185 4853.7151723296265 5168.916962141024 7809.7172810867705 6809.64962091959 -2852.5026462964934 -4073.4993648794516 3937.48571240437 9899.76687536811 781.8137119912808 -9246.523736132016 -3610.951277654788 9398.803682673399 -8108.3667267141045 -6085.206617532856 -8007.035010080154 4559.006109857619 4180.808896095463 1234.4860241793613 2130.53039154372 -1250.7616907109732 6150.0268656943135 9729.12806380527 -4641.60639969037 -2527.7814272163223 -6222.092939637522 6042.885417896419 -5694.249988206139 -8254.19883126999 -5220.926680267903 -8319.541071195223 -6267.172105657053 -0.5494002305676986 6790.2989716193115 3550.13876292211 4938.231289951978 -5031.080501512357 -7290.672333380293 -3867.0382270384525 3444.1765105847153 -3303.8239879899375 854.9086505900486 2904.44843681535 3391.50938265522 -1816.7835326784389 1268.2890761783565 6677.978376432577 1920.7735275878294 -4817.268495445637 3265.4173565500496 -5131.495862428182 -5106.992967789832 8662.398006798445 7437.9465982997135 8433.7865593303 -4081.8901757740123 -7667.37842345792 1412.6170878197045 -6611.7838262662735 8536.64113233459 -5144.629412838551 4520.179839889794 -8092.770057177822 8713.907096312803 6704.905218804397 -8104.665931779771 -324.6527010935315 1561.8179802590785 -3475.4643798203833 6436.320328039488 -8646.305082380055 -5569.3792902704845 -5923.565374356647 4965.996613795405 -7350.842252548289 -6490.360236428168 -9800.874060942775 -4331.704391311997 2426.9548242215624 -780.8436781924738 806.1154775371197 9092.599702387048 -8495.701752229443 -2306.450798986896 4184.556166730912 -6692.516693207315 9611.428799591708 -9611.077404205567 7724.2055430288965 -423.9472769722943 -770.9785887221842 -3013.494572159654 -1667.7249504487027 -5685.282851780804 -5787.8831464552595 6849.153391360895 -6947.440750512291 7127.698196589936 3662.3853222594444 9769.632425988555 -695.8431933615066 -5116.75975816801 -2480.5145590795255 9875.221558425099 479.9956670490574 -7315.932871230284 8792.279428683956 3467.1319795303316 -2531.434821491629 8637.502063738055 -8372.647619614 -1937.1399518843946 -3013.576143259842 1946.6238290981637 -5933.8987335254205 -8804.55299299265 7258.208399261261 2637.6817631186786 -645.1738053079007 5967.606016191101 3648.6600518877785 -5622.515596240592 6639.025001531481 509.9058847683318 1059.3903946289247 -3429.6599529174146 -7543.142474145457 4024.299654003411 9580.759943134486 6279.6385227713 -4798.434652688921 6459.091789521426 1126.644453282368 -6503.640462768724 -4986.796049365121 -2977.2439654652835 -3039.727613541181 7247.146450313521 258.2041159789969 -6308.582282793594 7622.092595021582 7422.1698561544 8704.301747169211 7631.73300808006 -6896.323025044085 686.06242571027 -1873.4611345008825 -178.6205632832316 7074.656649970639 -4150.873738662768 -4593.888152676622 4172.585914422652 1092.4810631258388 -1286.0908748946895 8808.313400430936 -9641.718960518443 7949.459134511111 687.5877802934683 -3167.961169375113 6131.024770845723 -8663.470172747227 8941.94385239486 9978.881155417526 -8503.566038044683 992.3996733261356 3150.7609911961445 3717.938144534066 3140.0719865446117 -9981.157130876874 8062.34761571277 -9857.750157204322 7614.050174687363 4618.431984046647 1263.8297605592961 2650.1192743020856 6932.963394241317 -6782.107181175892 1314.1863716785847 -1898.994993032541 -9194.651314668563 -7921.725527260947 577.5461866936967 6763.526169761601 -6743.2650430423855 -932.466969217232 -4685.694474851798 489.7705472423859 -3504.5196684684443 4534.050107322457 4700.145352858897 583.9802557339463 -8141.392427660426 4425.213985068594 9430.630697772307 4463.1044501983415 -2412.4251177802034 -9991.386071611621 5334.735516466344 7978.956667705974 9273.396359839295 -7446.3946984894355 -3811.3080297744027 5593.9560987881305 4151.3680914210945 9600.625798282923 6029.918740671883 7756.424796362426 -2404.625875510824 6805.430076866345 6210.991525360783 -1701.984671325059 9435.796931015382 -2874.6914547647193 -7324.8586392465095 -9226.683303231133 9425.29908311049 2834.7456533731856 -6315.395451212615 -6073.295360605988 -5227.799882621458 -2067.6728841544564 7521.893564941904 -6709.116575054808 -8218.061865533513 5159.758340673299 4006.400846913766 -8105.613453489266 9686.892446178193 2913.7117424952794 3407.4015549450414 -4380.346486641007 9931.649715340081 -723.6239340450611 -9658.162137257419 -772.4116691309973 -2571.534718218407 -9195.305149523569 9211.526786221923 3153.6743051554477 -5177.989733382476 -7486.155486746551 2502.1211187459976 -4753.355062054605 -1985.1079194459899 4124.550781616599 6893.9434333972895 5439.742649772774 2488.9935688949263 -6718.654173934493 8311.304782449002 3473.607388621336 5642.676511294307 84.81437758003631 -3657.3657438633654 2763.5394615886926 3032.4434952856373 889.2289816799748 -1109.1448656821212 -3391.583845858854 -5666.255770138527 4735.944660085117 -6751.336939420511 -8979.926451812007 -802.112156857127 6801.687600700061 -2758.800013761839 -1777.8422521785633 2016.7229818059968 1436.7471185456307 -5392.964746444198 5613.74560367933 -8665.785560863114 -2621.1507096283613 8311.262539970947 -6455.640095452551 -4516.682678750514 7210.525899461722 -4829.78878702768 -5124.933711335935 -278.3217468353778 -5856.856610671308 -3713.8848153346626 6176.001391405858 9571.637332094539 6231.355915539007 3178.850925718185 -7169.62006996299 -5088.641644858163 -5726.517760848753 -9014.218706304102 9715.766357570992 -9621.614877918275 135.38704225695983 -2673.0023322920806 -1316.4044340690234 4102.292670237675 -6010.950409579042 -7819.626386217102 3567.4872827223644 783.28254422803 7824.652193610949 1445.6514305810215 -569.2547979497322 -7670.564689433097 -3096.2540787122416 -5237.541303614972 7169.883593402326 -5615.726243415107 -1622.4244829332783 -7430.929903279868 -8368.818508211543 -4518.190264262518 -2369.490383022452 5385.104060028292 -6451.924132283675 2661.0647070883606 3453.6769092897794 -1821.6810263102043 -7122.673909341847 2461.686478964375 6730.796774992406 7940.27876708232 4217.944755919358 -3751.088444487962 4239.172105280737 310.7499504425614 5837.975277851579 5576.726265990588 -6875.092550529378 474.0004690726546 -2399.0356213853174 -733.2326905611208 4566.816175158783 2619.3045327769887 7753.659159859919 -8190.394374792487 -5018.47918774575 -1714.5317360697663
