77 6
-4859.507382122719 -2169.787290132761 -6999.859932407311 9787.605970285851 5428.973492161258 8150.315514843176
6669.040517380614 5574.150090698371 -2006.8998584716692 7633.257269809819 -3074.9116958812174 -9618.563459554927
6966.549972455639 8865.326631963311 4826.286366774719 3190.430078047115 -3616.8799742701067 4590.580092577007
9919.13989842893 -6154.884193465739 -5622.688828588844 -6034.218586180192 5300.946089935202 2616.54005203463
8367.129940748575 7293.5374181062 -615.8034000270582 3744.7164624200777 -5882.630874257482 -364.2532128289131
-3055.7071396838473 -6334.180309410105 -9689.338471801384 570.1522513557084 -1814.7708300668537 5496.1726374131395
2938.3706078089162 -3972.622918124367 -2657.615758486966 -5293.739199620611 -4794.287369269115 -7242.730553843475
7018.659749476563 -9087.02452486729 1533.4579273836898 -5437.177763593341 -8293.027719044778 1054.8420382636596
-9483.383889593566 -6783.914722797935 355.8744592421117 402.6349386648526 9930.432806248056 7261.206907136519
-4727.764704444606 -4287.866181297779 -1865.1762263064238 -9338.56439126356 8897.89667122309 232.14313254260742
6116.774727940279 2306.96762754474 -4521.105116202997 3712.8095747751595 845.0731720658459 -7075.780097355238
-5273.652382441567 2926.3321209211736 4528.378294979366 -7729.681129564013 4953.614937155642 -307.2942179594902
-1037.7747896260953 -3065.5988418458583 -9108.054400966577 -559.6756991628645 2563.095977799785 8201.987314160448
9888.394395905867 -658.8161607164911 -5165.248333258274 -2007.4047639830142 8588.673869666258 -6751.204110185643
4441.534947240714 8154.429973988081 6362.981064808184 1429.8990132958916 2617.4511383101926 6503.926621670078
3477.9683775356316 7735.188186327072 8397.72732903538 3911.9701385005555 -1261.2669493369303 4212.726780876439
-1722.123089067385 -7149.925823252279 -770.3774225760026 -5335.266480604697 -2798.897016152704 -2328.361465271134
-2043.4800742716689 -2398.8144788588706 6896.645395411408 -7833.1471637492905 -4396.953873923148 -948.4418802365035
3620.2687616513467 4493.736459300066 -8233.333119409876 7127.451452311314 -3906.327574243358 7750.455026356663
-9254.44197302769 9024.040868062173 -6721.064965649674 -4183.452561111294 -4121.110215261625 -6329.438087605943
-6204.054240288453 3043.3760735728047 -2442.5670518097877 -2230.379017285085 -4565.524851237972 -8198.322897191752
7845.604003562148 -5962.6833991531985 -6526.078435792282 -4740.851797537713 2361.663670963253 3878.3779982835604
-4571.475823493414 4316.312343712916 -2045.9328134819543 2157.3908674866143 1272.6579476238203 2802.1354068932633
6670.454264273285 -4925.8703126891605 -3949.1318730518988 -6972.560878144945 2068.3502400070283 9888.975778760378
-4167.596809899105 -6179.3943468116995 -555.2241678280589 8077.316595167449 7974.196116309136 2419.552279699641
774.8536908813185 6506.092464057463 5781.305070125885 2902.3196328138893 -7286.586290228205 -4924.239062964469
-5263.7537392239155 301.35001611659936 -6871.623314392005 2553.673730166338 -5542.067935717938 3931.986439707507
-7174.073015203447 -1884.0869230771132 3127.008294879286 587.3744908808494 -5777.901353017683 -1530.2657369714925
8635.87677609385 5962.753863244023 1323.040100973014 1595.9147952205712 5937.802138291287 822.4588790261732
-1965.2830031213161 -2388.3484251070213 7951.224568446334 -2023.751789387331 -9861.150356255097 -1931.086376579372
-5521.358327619053 -7729.225396849486 -1604.1236489276453 -1975.4679032510066 -7313.220013615073 -1257.1726042992013
-4878.585004685309 6054.485962993533 5180.407583302471 -7536.25384449826 9595.098469173852 6901.436371407104
-2571.828922069839 9490.797395987604 -8617.74231699279 -407.38549536391474 -6282.207819487237 3100.7769797910005
-7486.866021663396 9415.838478660287 3238.7429818710098 -1101.534144196543 5951.872992488787 -4257.398047263488
1065.9527045235118 4654.359490773941 5768.591815906009 -3335.031840327052 -5399.980724370747 -3528.57641802121
-9384.191621513199 5459.365681488369 3156.042299893368 6311.226784552866 -9425.082614943347 2797.3693347420467
-3538.730621835706 9168.076041039305 -9169.893418205396 -3652.408260278972 -1629.85622475524 -8586.018983702592
-5218.551767826345 6691.6748638387035 5775.963915526969 -59.41557660350372 7008.355764827618 9114.622906135177
372.217412851096 -5561.917416464299 9829.769026897673 4836.601826498023 -6168.699455977658 8255.267824822702
-8034.492372042954 -6161.951487091501 8455.831481284891 -4395.31123579805 1060.5603435607518 7091.58448036652
-892.6687156254338 639.9536817410408 -2980.673046054192 9998.78271853464 -9655.921748092085 -5782.8753485794705
-2761.1221415563823 8249.445639364178 -5836.534353015326 -9680.473708094123 -1817.193999000564 -1768.1021686644835
-4618.50703279709 1195.0769934359014 -2574.957419763319 -2990.671717451736 7185.214606779915 4849.4195011188895
-3619.7963028413224 -4406.393514050657 -5085.6214030840665 6623.510378175422 639.2062107745805 7221.0740209131145
-917.5049536504521 3047.6750223077106 -9503.704094847477 8092.023097972164 3709.4968807685636 4769.48936515867
6554.978546607603 6044.156794347793 9623.850594588988 -1409.682551855176 -3576.9588346617184 -7451.131283690249
9211.594837178622 -7390.830263046222 -9970.785407406685 6488.463463747106 9286.885315047126 8249.214379950121
-9784.415525811035 -8054.920382135224 -853.9120933606064 -6154.645968748213 6924.728203728697 7187.254490164039
-5495.619701165386 -1700.9290729945697 -3654.34424109848 8926.378312602832 -1736.3337792435523 -550.9948858749867
8127.1611348030965 -8359.858214004322 8460.728781117185 4554.003568145006 -5676.401583027524 4752.999622762865
-9463.98058707439 9719.203529191625 8654.11286572853 -4247.027603832578 -7644.958255551224 1048.9814029389872
-4607.475175645419 4191.036754825323 -688.0949697204014 8112.195043581069 -1788.6519816686123 3876.8405064148938
-9167.17024661132 -5926.52912637239 7673.60879421416 9023.413961522241 3851.6387683061093 -6924.323030610027
-3508.1180750571893 -4757.2561334595575 -2199.08127651377 4070.572929599288 -6388.927850900434 4448.648582882499
840.2450491942473 -9201.754793786187 9381.002212072159 -6856.307751276056 3004.0828669148523 8592.358075038308
8841.181851314312 -2118.6171914673732 -4271.5849939457075 -4112.318982165273 -9638.020521844592 -9391.884940385367
-9318.726586561175 1130.8347306355645 -3180.6959172767884 -8518.964128036745 -178.1561718164794 8408.319935550771
5778.592109725507 -1211.4929285018734 -5910.749843942593 7492.054443287892 820.8063171782469 3672.7605336802008
-7784.316285206667 -1326.8595130958875 -9620.179061120829 -3659.5023864764316 4702.1492102391985 4072.861759185598
-4694.183364966715 5236.276596683143 439.62207831850174 -9070.606318063015 4070.3208533367433 -1038.3375554189024
2073.4796049729503 2742.1207423483047 5642.327759224105 4774.4893650679405 7579.245420753778 9934.271183221219
847.382393197875 9405.994717168673 8745.380587525731 7444.722142998318 -4423.094204217486 6678.81862262098
-2556.6363889134673 -8717.168845611077 4162.539660020386 -2876.534734466696 5275.524201768047 -373.12112438991426
7935.408737077862 -2801.277313814623 -9499.038110853828 5190.42093184109 -6163.772566418346 6793.2849424088345
2243.7752896994953 7345.101312882365 567.1029937580042 8768.229610601167 -5391.79424731699 7998.582396299087
-2432.4912998434093 9495.340275860035 4283.566226752177 2617.0278489206958 4872.286734177229 -1146.266787827779
1830.6445515049 -3203.9344431708305 2305.416715928377 9867.208451369392 1945.850910070787 -2020.176956710884
1915.6851967112325 -1060.8067968372052 -5534.610977316514 -7933.871127532541 4280.970257572522 -8952.818872768381
9036.695847307397 4553.471167261478 -4944.53141495613 -6980.843187252052 -9632.103202560473 7144.711580910633
-9534.030329084175 -6600.451145166508 -3463.395229403299 -6972.975876174547 -8786.507786462971 851.6502631134772
-3533.199878888525 2110.705303312019 -7026.508168280674 -3903.1058381680414 7241.079655914706 4768.427414662257
-9829.580188677985 -8753.171012629144 -2419.881176811885 5253.10238070199 3669.7506066754704 -4251.462290422068
-3968.2455133417707 -1444.09531737848 -93.71710983994126 -5214.026744011946 -5298.162803706343 -8557.891038011816
-1396.5041583290185 -504.11013594692486 2482.4342696127387 9794.3735452615 -7211.023928829512 -6126.01389712675
-8990.714087622857 -3077.5166630047424 2218.5000129828804 -1659.5672112272478 4310.438170039095 -2446.8616857392562
-1361.7523268088426 -8858.972032661462 5528.0465309000465 8186.317347394248 7602.477353539194 8523.37446758903
4546.020529410891 9719.849910067802 2541.8176748204405 -2579.429413599517 6554.071023704611 -2019.5626130292176
1 6
2447.4676747500416 2649.193152752194 6080.880108787313 1860.5786237229768 -6278.49696609295 3271.135247868164
