39 3
1688.281818119758 4256.765502448532 3624.8231747358896
-1996.8203102790703 -8294.782726047995 6787.385718066926
1126.238231190051 -1676.8614968179718 7673.435858525616
-3226.2892122147587 -4764.077382936547 5502.698378680921
7259.072108158412 5544.774542242454 3949.2797821186487
-9572.27489555035 9353.632518737202 -5808.784779155
5398.53539180561 3959.87166961605 -1784.2583743094492
9941.800658756398 6819.085068283079 8215.3983641355
-9995.215942545268 -366.0614242812826 1623.9820824232938
-5853.573514896772 2109.539365304785 -4307.923416436723
7245.6175192662995 -616.7027575283137 -2067.6926885389603
-778.7659946730892 -8067.7671134696975 46.401599731234455
3826.9877830138485 -9692.363468797581 955.8209415184119
-2964.132105875652 -5779.679046503772 -737.9762691735814
9151.696611274016 -7016.0616171807505 -6961.813601601823
5996.034192405134 -5623.529853604931 6675.083067897227
-8179.635117120596 1458.032166818126 -6082.920420453246
-8520.213493571198 -2217.0513794614963 8360.660567347986
-8378.003735709399 1972.872377339685 -6097.356511575776
8706.23536938053 4096.593801712481 -1773.6996804310038
-186.1978533743586 -2260.1985335237605 2424.1302192610765
5466.507467123596 -7102.319724491666 -2056.988416092915
-8109.145128066298 8624.199495859462 4479.426236355266
-9392.345134362344 7072.539260480346 3518.100926786985
1481.754437884836 1769.5562205854148 3614.09535252129
-4119.942483297934 -5859.858320859601 -7025.733910981824
-7681.684641557183 1959.4771958402398 -5963.20423965873
4145.964292991273 -1820.797393973563 9522.277575595977
8721.22403721675 1707.359189476625 -104.27955737025513
2200.766022313883 1752.2814731930048 -5197.629853084929
-1737.3483575043483 -9925.97724486237 3933.4231725003538
-8095.457107535806 5240.365001416469 -4364.834878915549
-7704.439161496841 -4245.509212063707 5985.76025304042
-7081.62363866017 -2642.0761589374433 -3002.675743225709
-6741.1038729871125 -4510.118945062826 629.7128469662075
5754.7724996922425 -5519.3629102091 -7584.682929077973
-7543.663888130883 1815.3655797063184 6165.992546737421
4764.092317012934 3067.2701585199866 1431.4953030364413
-566.0058636962349 -2239.3354502204274 2167.1980415970756
1 3
2632.6812999225876 -6293.515821628773 -7493.55744074167
