47 12
2185.7201364241537 -6905.74364203947 -8669.476499673867 -73.64915355090307 8057.555782686486 6026.763356947211 -9662.865966267638 -1041.287018182491 6967.005001385627 2294.9400663129054 -145.84640374940318 -3798.016673686484
5008.587534834405 7887.295594958025 5970.2215103891795 8322.689743075283 -562.8036184250104 -1487.7209436468183 -646.4855693062691 5840.468329079937 1326.8862168735395 3827.5347549555845 -4188.278275214597 6997.142975846626
-4088.4275174673676 -485.2582498679931 6505.397594759052 5676.928814032315 -5141.509235451221 -3631.1748645326843 -6920.68246475766 45.327563619141074 -8271.153436120143 -9097.640597321366 3053.116636890487 6045.424980226544
-4527.305737934013 -7350.1885465400355 -9224.386117182397 -4220.450413396373 -1513.828485074344 -3229.287783281463 4354.4480314550965 -5341.710013700817 8302.51127662132 6274.559985491231 3864.7319645970347 3915.34965098246
-2811.750921609075 -8712.765191578264 5173.418692818523 2081.098367069724 6087.325751793447 4033.0355684024507 5878.172515248927 -5500.58136753575 -6746.074017597055 -6446.029424697859 -4347.637481144746 -9243.64657309024
5103.131512204796 3972.286473141574 7531.862992090417 6647.664991490263 -2927.6981305126856 -7294.141730871033 2722.85619938118 -8169.058658949007 1566.6893533949114 2731.8725984933953 7093.7190075036815 7970.852833199679
-6945.666219845528 -452.7967625119527 517.2674483646733 -8032.093726399395 838.3782100454555 -8791.401365305968 1981.0267763516222 -7157.784994249612 -2743.774945171107 7214.676347101085 -4906.281446255995 5438.6917905718365
186.31897925431986 -4926.306803748644 3650.4076116579345 -9385.050931274194 2879.2898866939995 -8404.73428498361 -4666.66705574382 -6016.635411483168 -9046.400254074391 -8083.634002591478 5757.290486716804 -1398.7188680596155
3360.4320092240923 3266.7242007877758 8202.164560274625 3810.8609373468735 5496.042569822381 5546.340582830066 3186.790987730892 4239.619518605394 1570.037170147696 3630.320821746598 -9912.794439824373 -8406.305022368335
-44.651855894297114 -9125.846049951644 -2178.066303321196 6122.893298181238 8427.906966106057 4410.844785544459 -5350.5230459009545 3244.2719040090997 2062.1483915024746 -5570.4446488805925 -2233.5025877865355 3484.9552787499597
9582.689310350495 8654.194082081936 1340.1344551686816 -1638.8851773582974 1172.4961217801538 1611.4360397511537 -2815.129595293546 -4145.292803879553 414.0751399738747 -4133.423651536949 7543.274566813452 9529.767801632774
6343.027487966121 -9649.782008274977 4945.044938813879 -5184.828360999849 8549.418100569666 -1524.3673193604445 4965.209025871123 9590.81437023923 -1845.9867877953393 -6210.46663393948 -5272.646792502534 -1456.3571095355783
6067.116857036004 97.06977339639343 -6341.128501878348 8160.501868453597 2219.1576173556223 -8055.141036284068 3481.399733196444 8634.90339130034 -814.2888323550433 -1799.3450406686825 -7488.521566277395 -3464.894659308786
5460.206425689272 1896.4938850405215 7714.711068089462 3837.8370649528297 -7129.1403299942085 -395.7824508904032 4009.7873128785996 -9624.286252600985 5036.5843250664475 3466.6330891548514 -7126.811912364341 4067.339604938201
1121.4679662820254 1281.3810993587285 -7507.206732525234 4725.729323422696 9371.04853868434 3765.8969592112007 -7938.987537350766 3554.118462659966 -6074.539762990646 -2982.248044050446 9210.537973550734 -2616.116589495834
2605.630127126131 -2946.5453026042596 4831.316180784106 -8550.155704719822 -5869.682250561088 5078.394760230438 9361.966111750007 6054.3803028971615 5006.43661609753 -5104.403289773283 1502.987984882644 -9092.187552137793
77.87632164586284 -6437.9250239019875 -2528.399609045917 -3894.427776827536 4995.171549947752 5492.790856862792 2004.5356320549909 -6516.617809052587 108.13438702243911 9711.43109957788 2838.8243094566224 -8529.428409745498
4803.59512113134 -3378.499913267723 -2369.4438668116954 8433.296197394902 4638.774577700331 -8496.41406891424 4261.469811576684 -777.5371558826919 -3134.6374318685475 -1899.4240557896183 1463.0021345292025 2300.591957977056
-9170.574761477224 -1642.9560827400073 -9942.727171263397 -3724.4287142863077 -7280.573757583727 -580.5088751224557 -317.3581328253931 -7315.152539829847 9019.998841241315 -7151.813822898177 -8892.929894038138 9572.10740459213
9693.396232847594 -9158.218538620553 -5816.349000724179 -26.879928029327857 -8493.427380916157 3744.526913377893 5543.865568005491 -1347.7642653060775 -1469.3896774211335 1547.0911437686082 2701.4594727104286 -6814.891601503292
-1610.583611592505 8636.790827855984 -2138.198393945243 5823.268108356706 -690.8208978184466 9040.983930575818 -647.5014779662306 -2967.962205021233 -3581.363320711739 -6997.035341431923 -672.7894699567933 1219.266493274834
9639.522930749383 6337.3663336721165 -697.3876091781658 3281.883931608747 -4113.122298731764 6435.04346267031 -8752.585970818604 2481.514295826615 -2643.372527111088 8929.96850507953 -2864.4779544292924 1570.912816211785
-5250.567917212375 -6776.252695700513 8590.44130081204 3026.6504553114446 9766.002976191576 514.2697915911776 3808.71354025258 3567.7779504534574 -3235.6117572681424 -4964.4855838078365 -2718.48989265401 9698.10753403743
-2010.061079123524 -1519.7142840985452 -9328.194140027224 5038.484743254119 -8377.87041699498 -4709.655398617074 -8426.453997263428 8796.3148075678 8483.149142383696 8988.37387869609 4704.891734400728 -9256.427608400485
-3481.797733540943 7507.670754993418 -2436.120007809279 1920.9068458799156 -3312.332428544775 -5932.997231265506 -9264.975998643538 -2450.6292622998744 2761.737864375036 -8546.039087508432 2603.4389660355955 -3012.4968744272483
-8795.500732839453 5913.548814937676 -84.89226688365125 -3202.70254972342 8295.09975338355 4876.894601802138 -7562.036981969342 3872.06426451472 2058.533237293019 -4171.684868576235 5740.782643215305 6847.569084115268
-6970.25188928944 256.06526848697104 -3477.077129998036 6806.880689371355 -360.9197236733635 8704.096701598322 9705.020038250506 -9470.328840845614 -4936.977070610229 -8390.421071794095 -990.074200451907 5440.228745816043
7167.9091223463765 206.9086006546513 7933.225163863262 226.81969112480147 -7285.964825823137 -6683.78839318998 -5470.725033899744 -6972.22588088942 -5303.284381923092 -5191.925153170909 -8582.350239800922 1084.26984914915
9300.856721197844 -2944.8159594387425 -6073.121891259359 -8104.357368841804 1492.373754383936 -7874.613971423918 -501.25636770335586 782.1974905497427 -9895.934494398241 3139.5210423345434 8675.882043274356 -8216.407464286052
6859.903349728142 -5529.601803487471 -655.8217520066064 9911.833818726398 5844.691801253279 4539.638638095896 -4293.407106885732 -6312.389146582993 -6945.344235008635 9462.0403070608 -2854.1410262142163 -79.90541595520881
5659.943728854489 7746.933509626157 9342.095046715353 -8691.316671685294 -4335.1133215955915 -6048.634685204777 4016.0119826187038 7251.6680032453005 -5706.369855196818 -5657.658368685532 3083.824871726367 1039.9883224984515
5954.540559530062 -5971.929919062349 -5658.932655700919 -5370.987057831758 6598.543435111511 -5938.553160473206 -858.3922464370644 9417.159788873825 -3763.8700816608734 9515.325323633151 5372.573053157927 1583.3137373687568
3599.390315793922 -4104.386328786167 -2934.5416950652825 5553.291348722829 -7961.93871373686 6503.16656922668 6209.808624159985 -1922.8407358954191 8688.086078219781 -2641.6710214697932 -2185.888934571878 2759.8350217952575
-2034.602937070791 -6448.848090684238 1474.269731534172 -2823.3339902374173 -2771.1517878906116 1108.7543379944236 -5031.688252116775 -4862.055556761396 856.0614141708684 -8786.559999839024 -292.4084735392298 5210.001241578062
6443.706020782105 -5795.935997855375 -178.71328216057555 1459.648588586284 9112.604734547687 7792.66303581616 -4595.552007497159 5134.589261811452 -5250.73278853992 3391.8714715946517 2384.19684877526 -4651.926780287483
238.41487139307355 1679.231396715737 9931.274954434328 -1916.3276046287829 -6474.820909567192 -2937.6361863975117 1736.5012577117104 1117.9445994721264 5194.959352128639 658.7086496465399 -9384.46128430561 618.0996576773596
7425.275541921015 -89.2312691597981 8694.793267350655 -3297.7919473176835 7847.65089039355 -7782.030868899519 -7157.767695602446 -2594.0326090443677 -8507.288118498298 4351.472541320145 -1445.3944784209343 -6787.095428111358
-3168.3967007387646 -1674.9000057742178 -4416.303640360544 8261.09344957794 3614.6307850909907 -5355.203358867307 -5630.124341205702 5832.102918752569 1232.002995531131 7184.6957460426565 2893.0079725942214 6756.144408187662
-9119.157648631282 2024.1967321652282 -3503.2118055094297 6408.0973520062 -6840.028976906648 7336.010860218466 -5173.373577120368 -7102.9205940456295 -2583.3013242085444 6103.95841133117 6699.473904193015 -3060.9447544669056
-7726.665164645092 -9103.919548950857 5569.020519745911 1733.2131890002893 2399.5026894360526 6369.423616494421 6997.111354700643 -9608.457319374003 -2436.24650679126 -9943.644496857622 1354.544111702804 151.10402989852628
8014.9081083074125 -7329.618469809425 -571.5493654490729 5790.326832476849 1390.8651899157212 -6916.283322372989 7389.2301641661215 -2194.693528630556 -531.5680757980481 -7217.994415223803 -1617.1781918095949 -1509.5717266103584
-9983.985844715693 1264.506869513085 3241.2853092769183 -5327.185254070372 -908.3816988398321 3348.584649251061 -8540.341227795881 254.39081768138385 -431.7168208769308 -1370.4944128803054 -8542.431153095771 -6301.3768622352
6496.822938054676 -7067.226091840362 -5301.759078198862 7420.757315227325 -9378.960001882926 1344.3913326475922 -6526.524623591763 2011.490032901851 -8607.195450988016 214.50335710636864 -2624.2557820195025 -3051.10342959066
630.1443546776663 2025.1319291743002 7945.280488275952 -7564.272665324663 -6485.201210609339 -8291.096117731606 -7775.977122054062 -3176.4422481692463 2392.9211069985886 -5687.375239864307 241.02655687505467 -935.079945669866
1569.049141853442 6838.961347709905 6945.396861739588 -6159.024863572833 -9123.235168145131 6090.337878554528 -5052.771926364161 8319.61347080523 -6963.3140277982975 2257.229966877847 -1227.7294435998847 5281.388746486926
2910.7051259029904 9361.53906437055 791.4773419417288 5174.440309310152 -9651.06197715374 -2805.0826755157977 6782.110387629225 -7121.514882483429 4881.170301072982 1735.5441417338243 1138.5323596793933 9513.432038251322
6132.563204970935 -9543.36015935855 -3335.01103252565 3595.4764759192876 -4587.260294931388 2209.4872646370623 -1929.056825384123 4832.995075850597 5402.9062094723195 2077.8729315771434 4738.625141462218 6472.778074944017
1 12
-5290.593582613179 1848.409126618506 9436.823342043699 3816.3443557576957 7525.678358240941 -6532.548487620024 -4890.075297375775 529.7517426472969 8490.41576655097 -3443.7161826518923 6439.776051597368 3968.6374432397715
