58 11
7271.345265565404 1869.7650317563512 -7591.564802457074 -1917.5228611355897 977.0620823917761 7752.120087319079 1212.1453622776953 7923.559257668836 7720.7768878366405 -4095.3590273384143 -7426.129975744601
-8345.751427154762 8049.593693277453 6070.723994519813 -4337.844007280658 -2006.573957954809 8564.423076620536 881.4933139732493 -87.20408505757769 701.248465269251 -9095.120543583607 6905.731947171142
-2382.5399414275 7633.883655414702 6897.342624284225 -2555.766072100296 -6025.183761498609 3999.2527192445013 2109.390997106082 -3445.763163477278 304.6584419402625 2496.3648513098233 3349.4579573302817
7326.748397714891 -2071.8158171682007 -7753.442614214759 -9396.22413406318 6412.169377262617 -4797.044477496622 7881.599535393605 -8577.380240840996 -9450.41020356323 3959.4973186597053 4299.490966107944
-4354.215914607613 7434.5666217407015 9295.936684949287 2983.3631971205523 -8362.080384419383 7786.129383529384 -132.62587278406681 -8863.916497853872 6760.557689939727 4459.848025590176 1488.2331111681233
2795.918120599734 4111.914782780399 -2077.9807008571006 6767.2797914988405 7377.258860413571 8016.359849728247 6202.581950350064 -5758.708056179782 -6435.248812908776 4744.112494311332 -8253.725199168322
-9282.803705066537 1426.494511453122 -2324.868329861456 -6788.400914055701 -4169.280303304728 -1421.1939434577616 1835.7915006514959 2988.6720704621475 2514.4910399884393 -8748.979008908987 -1040.5575779059036
-4852.110998721931 -6899.554614943626 7232.431231409366 -2936.2845937168713 -2384.9477129225206 -5510.63571457177 8628.587097265245 -2221.1097180189563 -2407.993220425624 8356.953873934857 9570.370218695272
-1430.8233365662472 -3662.0169602494143 -5086.514988705458 -6885.556771628929 6664.586582461878 -9310.776815140693 3163.2207346353007 7535.348160601658 -5658.814472379561 -7395.587648459248 6078.266864274943
-2696.909676990962 -955.5927101723155 2526.4560623770813 3236.6588831432855 -5791.215818577802 9783.13778251145 -7814.999450422863 -7646.075124915778 -914.3744619400532 5647.713863685638 8594.040226427005
-3637.8733679524958 -9188.372787565186 -196.20225597964236 -9230.209947408805 -1203.4526678356633 -4676.816116428011 8210.531682073091 -5738.018243205021 5539.642010724427 7939.060486043978 -9564.370980686082
277.8295604722298 1481.004487272994 -3365.3766863876335 9735.545328606797 5443.321002857105 5731.753082580406 3583.8038212804095 939.2182482935023 5784.273122296936 -6470.3368116792735 -2478.7559817189094
-3273.204188695502 7652.856132829216 -3645.2519340677127 1493.8303341970986 -6996.698936042247 7517.812916835959 2403.2875364902757 393.558174210948 -5959.665910269296 5338.483698603561 9745.412100902235
4643.439244064233 -8502.381995626585 563.3625111723468 -1087.4914407421038 1703.827429536308 -4140.298276257806 5473.789743782327 -5020.673684394456 1414.0628022318797 7427.729342957318 -2564.9146756052587
-1719.0624574890571 -8582.15402098608 6929.701222339645 -9512.22287563192 -4437.444237363077 -4912.71081749036 536.1904327755401 3774.3244051710717 -9481.26053707506 4687.3797218412055 7270.764446874407
-8060.91967304174 6100.1554239271645 2144.8157163490814 9563.628017925588 401.61796391239477 -5202.796034495196 -6340.323852663261 9142.645422193727 -9165.265999133448 4670.103760037517 -8979.43274643952
9446.400142366361 5953.736427288479 6803.333152368912 9329.28727358159 4519.23892233152 -181.76926745483797 8591.741704130673 -4122.999657524988 4395.951735912558 -9506.172075157489 -2804.826115567207
-1998.4214199576609 4284.478722103417 -4527.283868324137 -530.1759038502405 -8710.379792194324 -8945.88356435387 -2577.6091197746446 -5597.393061726588 -363.97102279157116 -4377.313302377228 -6894.389292569094
-6195.59963676799 -8289.16388467301 -5088.840807116752 3543.2279896814725 -5323.678742142472 -1458.4460520497742 6846.377327792987 -4738.084273435527 -9226.03355955661 -8941.068556026265 8861.58484016465
376.5580947377093 -1008.5147929633604 2030.784745532359 3346.687887208436 -6919.913092316563 5290.218015419727 3293.459829116611 6393.01774191764 -5040.856278367658 -3643.241477744561 3254.4948567377196
8482.837697423955 -5571.345849559332 -2880.2128040508633 -6959.131232079337 -9102.88768289346 9821.430033288329 -5260.169977088327 4249.844264410771 9676.053722414443 -6150.971589746597 5225.1628928472255
-9793.503815928221 -2119.382270017154 7957.351432852971 -9785.536736731254 1033.795075145781 -1741.2493701312524 2597.024954707729 7569.152277616118 -2816.5525729308793 -4927.273398622378 -3429.4523565298387
-5157.721905962451 -7987.304005605191 -1983.0016735244872 7976.342754529509 -6516.3763882006915 872.4576532329738 2074.488203098228 5465.189888886158 7895.598805960672 -9368.910607940536 -7489.254355713737
785.5362925998925 5477.40285055592 -2512.5931719019663 -8220.1795702884 204.02894645420383 -1142.4968737293348 7749.573505078806 -5560.499767140168 -959.2356170093626 306.89709490704627 -5357.632408662842
-6728.322721800828 2337.689192100712 -8178.774928951795 591.6534896335907 5284.773465192753 -6227.775697043753 -4511.707653025128 -8225.48496416804 4225.602062026221 -8120.458149005453 -7301.247975318363
-9517.403306843653 -8659.568713925935 -5283.707961749866 -8625.368688518438 9467.329127948018 -6363.434728609794 3394.583923162043 799.6396172036111 4329.947123131486 -8894.635604895082 5391.995463014628
-9621.946878792367 7071.984231135022 5499.597515538106 6648.840097911263 2293.8339683665254 -8886.22284129375 -200.04411408332635 -729.7897464884954 7866.455922240213 2393.790779136787 -4591.852020424662
8473.220576845582 -5428.102186809927 7791.405086521136 6277.467274027218 -8081.818024065062 -6917.989487332201 5052.410602703041 7908.030822196524 -6310.78423675107 4125.397930793659 -681.7811731174424
7833.13153914511 5014.268022419774 -2482.118090178502 2455.2994411472755 -9229.011420734536 2126.7497104782924 -1887.9461467623514 -3129.5225792666233 -4392.493896824534 6760.385204390852 -4826.576738966785
-8488.42817405286 76.52530104598372 -5457.444170820707 1432.0372616266322 -8303.295370786607 3409.0021513579977 6027.804257252294 -3993.332554017008 3178.464633943555 -3770.7674200781184 -322.0409895689281
-8808.584171154838 9221.67963610309 4071.298676734501 -1316.198537915403 6154.5245318480065 2758.348337284473 7477.353559041614 -4378.222908002158 -2734.2759697458478 -3116.6053888680144 -6346.836056902134
-9206.356492023915 -633.3354928165572 -5076.575916666612 -2551.7158493609295 3209.08915850427 1060.7806998589422 -9026.9288607151 -4720.3088299270175 -9147.461051899603 5845.347521757436 -1679.139019342765
-6936.253248349669 -3195.908184133711 -1397.9842573180995 3525.6136834344943 2402.51320396122 -7608.457128510986 3543.7870554058827 -8975.98289790438 -2882.0504205852185 7973.379189368705 -5486.6581386430835
-9689.487769536388 6470.393556449893 9414.459172072671 -3717.949811716184 7214.638801665038 9830.097342660778 2951.3465332306696 6179.117898269942 9510.606939336216 -7748.155856004526 7845.883838960119
3514.773300332583 3307.9290065529513 6733.36472900692 -7648.80502784577 -6691.6567057341235 -3887.734562998393 994.727150163053 -8199.6007692803 7483.060135532938 7236.068564398003 98.55433966509372
-541.4777180964593 2076.330923024989 -6705.940697056774 6101.124703561294 -3335.765120310117 8291.829689119295 7363.397347162685 -3352.1199517598643 -7649.83666282069 9322.195025545934 4879.411951049995
-3695.887765764407 -7403.889833386191 6363.465688767999 -3486.1685261052 2605.847767822592 9091.769865316735 -7135.098728546783 4334.4612348589435 6449.816890779981 9701.038934407574 -8508.427731350144
2806.883341695515 -2113.833731974073 -5770.830098644681 1565.9159323993063 -1193.3108692564474 -2382.5421551978106 5450.03876548394 -7141.801205037362 793.2547510772947 7661.1763995809815 -2999.949031031266
-6448.522893959139 18.479126053252912 -9175.05231304789 -4348.568819375791 -5408.93866982483 -6031.234501049316 811.9969744490645 1286.7788015930873 -1238.8211745379904 2634.0470306304996 6294.243278668671
8156.403236002741 -9661.167880655343 -2338.3118520784137 -4313.900744505619 -4409.122050898115 6307.212248541087 -6761.5318011305935 7511.127633740416 -1748.7783238940665 -3174.2194116601304 1758.0941645760831
4671.086511588255 2310.1947878247447 1346.7643742399996 9036.149483677473 -7232.042486119685 4631.109546598518 -3312.0087325988416 -9881.41987854004 3265.8628201999563 -84.26755067085651 -2457.199809471651
1303.2134311136087 -9388.632350425543 7464.398753629273 8002.86661077301 -5750.975892439485 6127.449553806868 -7590.018690950248 -1638.7551922721595 9505.765206093536 -324.8644448056948 -4324.288290060043
-7505.68451631592 654.6947753231416 -7744.631304605509 -6728.185403181567 -6647.626610785993 -2845.7988894970595 -7742.081145048234 -3488.0225508524236 -2322.8641744453935 6647.036592724111 5720.56142247354
-7829.805238285723 7686.580367679711 -2361.022313853571 8057.0726750931935 8249.629330434022 5811.92899371885 6908.447774206106 8338.524407542653 5760.061324352488 51.54334876504436 -2127.8868562771813
-8185.294461469883 -5744.908268472042 6458.795105446166 -6423.905761275537 -3988.4494869185373 -9198.321168019838 -4739.490656182353 -723.5359554247971 1643.3363592949863 -8585.41481355537 -7237.741328843264
6504.572426011655 7631.101113769193 1636.845608169071 -5729.022998989046 8073.417482680939 -2407.6417832827547 -4588.962277379569 2655.3348022956725 -9294.294494513879 -3457.203414352761 -9021.321529476263
-5359.308592352543 -8264.942066545776 -8649.310695664597 -7012.298713303677 3567.4805922394607 6687.04160819525 -6033.982865719127 338.6107552536341 5645.325330512749 -4431.999440302281 4574.877106409094
-80.40930878494146 8527.591780471568 -2267.5620694449417 -8516.653139341679 -4385.250528266833 7896.383704608837 -1204.1244663116395 -2950.1642805866913 -2819.3551083896964 3947.889466743156 1562.0365476510087
-2457.705018236067 4831.589901422605 2855.4301518370503 -234.24896846663796 -8930.226411465632 -4630.801634978104 -7695.076000837489 -7660.494900935366 -6200.022821715307 -7661.751528209154 1194.561495639673
-952.3366629387092 1121.0986796222096 4067.614471353345 7874.417754414386 -7077.195586344098 9671.030368969845 5281.694357632699 555.3960268835945 -8943.061453072629 -4100.525947960138 -3784.535702937439
8017.127893942765 -643.0872342116309 -6426.117582795259 -4397.15147009948 2026.881609060225 -5735.606311652883 -1867.31080702923 -1821.1794968004115 -433.9672137695379 2299.9960678470943 7437.028707118687
-9882.59824059691 3363.593090958253 -697.9060162634032 -7231.586839493491 2145.121821011375 3096.167732229862 9912.168424232448 8966.700200612526 5755.07812569124 -4423.579353271256 1442.157759335103
9982.328574465126 -8214.430689490735 -4650.710916364195 -5200.345126876127 -4165.38957293948 -8568.453512750633 -6781.081078741425 2515.707052143136 -1700.866386797994 -133.11627528672943 415.26209406994894
7534.471504647197 7958.862702660132 -5687.445505572755 9393.416992215432 9486.933148220778 -4545.425331152788 1587.267004924157 4286.689682999955 -2787.863163473119 271.02374062378294 171.34269121774378
7353.911173433764 8074.654128673501 -1618.4024193247315 -7220.224969046371 -419.0927850952521 3517.8485850542856 -2020.4080395806013 2035.4064933864556 -5939.3862381330555 -3092.131052533602 3916.4833746334007
8450.212804165734 -3834.553152547751 9779.064373455614 5008.204275971313 -5528.623111485163 2945.1319784447132 9365.565083473324 -366.853212776341 -3863.0993922767766 -2628.5133134470425 319.1117310268928
-7539.866450641248 -7115.307615374139 5159.017103563974 9362.912079133966 -7720.683100376755 4359.344551465596 -2181.647120829295 4266.392017895623 6914.129225295539 -2228.915083683012 6973.287507161007
-250.44721819564984 7360.1218626793525 -8747.097938595038 1477.904921598334 8960.587399898606 -6844.948428454059 -3266.807565664689 7755.550206773998 4800.4059236256 -6732.253584914644 5835.808773737699
1 11
-7547.877592725216 -5619.71565774463 -4469.465606203218 7547.501893679801 -5533.672106799841 8818.618227543317 2675.449378812382 186.44166965397199 -8351.386443554771 3668.2636662820278 -3631.3335939671942
