83 3
-1145.9454141875085 -6580.998836292977 4604.579503980685
-8816.822272873747 -5570.911346689464 9884.299919986042
-2128.7100150277947 -7706.466035580686 6655.889648846896
5634.333651762994 -5158.910955295415 8944.651335798691
79.17157776955173 9334.35587877467 -4429.195258337888
6718.479217479959 4936.4756355834415 6792.704867029392
-3848.6662463819066 -8368.521863982023 -4623.01977922617
6321.899117208071 -1670.279751626429 -2442.1490447158667
6837.626610126441 2926.7213977720858 7022.320645454121
9630.87859790196 -2621.802811712566 3396.1344924404057
9034.28051914498 -5806.546454516885 4961.293521015323
6818.7937257095655 -8332.448197772896 -4720.380810887277
-3380.135289754915 -1576.839874006675 4534.1715785756605
-4059.020904013457 -249.7154746228025 2479.0919321389283
2391.8624136881335 -9829.60907038848 9592.669923652324
-1739.8269213127933 -5706.985945827343 -498.95450188121686
-1557.4556997071759 -5196.669132660503 -6770.95454371272
1792.439656618264 -7237.122799207953 2216.6331469611796
-1748.5273292753627 7673.1616813937 -9896.004428133348
-2526.1358429644943 -9091.975659331774 3826.1487447695217
-2288.3415626453843 -1950.9697268134341 4100.801690010272
-5498.671988479138 -4075.1890898693173 6352.6715516124
4006.8410522592476 8112.875049802551 -1624.4542564647018
-1281.0636880119 -9543.214773971096 5897.350495548872
5743.227244628093 5741.3069162113825 1109.6321746261146
-3276.3107944423627 -1694.3645207023656 9047.499301446402
1969.6936423243278 8253.048029398728 -717.8729503478626
4442.2002108797005 -630.9212297817157 -3318.468380017185
5414.797313784145 -5390.119711660431 -9734.128031826584
9553.197418481759 -925.9607459767085 6310.411541134248
7446.008039405911 -5826.344062227835 9641.03411697864
-1203.2963226151733 -5979.464170385798 7463.76360479333
-9270.336977321022 3871.8529031234466 638.2239973985743
2174.0399778413976 9670.951446766045 -8870.780024658648
-3581.479910299381 -1272.387928373897 7237.127463617297
-8097.706511759196 -1252.3976292885582 -1956.121795621597
5949.422457482053 -2297.7623449798057 3036.9333537304155
6118.8829097665 6868.748122050518 -7408.208274748
5073.754146802816 -6465.518704847555 -6411.775064075451
-9647.292758567331 4326.536380109301 -8082.922619798825
2821.1044630839697 -3428.912681145437 -6888.937298837669
6980.840813812338 2422.7263007399997 -801.0652843746448
-703.9959329972899 7578.099450052705 8184.289013430163
-2592.312595253681 -8183.244650493382 9306.068259719763
-456.42747655420135 5616.206473348326 2032.087659388566
260.12634522357985 1649.7620858211485 6165.453507403221
-2838.4462394043867 -3474.9110254765683 1967.8604565999613
-6422.890143015227 5543.656445387956 -528.9404094861602
5081.479262763811 -5863.629903952327 2620.4641674281957
-9045.931570768715 9960.16819967439 5838.0512695355355
-3565.470264330417 -9819.462709316498 1521.2286301266795
8816.359555558432 4634.119715300831 -9662.313997284358
1452.3126496733094 5446.107065225291 5940.686642296203
4698.913266936275 6312.731376563192 -2287.5120423696617
-6671.617480166184 3178.2458148194 5162.6106730309075
8800.310313405764 2307.14844762778 -9596.4957494885
5028.190798733898 -7966.319828849839 -8511.830883735356
9993.04330810354 -3475.9626963384726 -6618.918717273609
211.29955156405958 -7766.994854599743 -7939.873251066702
-7789.145840782028 5916.705317959761 2406.5700671832565
-7359.919664670322 -1144.8164734380443 5133.511763441566
5570.806865679164 -4646.8422091575885 6371.746234843531
8319.509399047896 -2747.571382033094 2953.620944801338
-2339.62834262704 -2917.9105331494766 -3449.5541197821567
-1640.0380175042974 -5097.538746268841 3757.4117315431104
3731.649286281685 9117.150682763488 1580.2097906343388
-4766.829882456512 -8390.783120391823 -2100.6764334982345
9536.799400696138 9049.237558838431 9888.469515989756
-9451.713774758276 4766.134929289314 2201.7456351678175
-7518.136205688957 -7738.4179545115585 3313.464679233668
2006.8173129892712 8499.681012794772 6735.181349369996
8967.60507143971 2339.7903444884087 -4355.481738935958
-457.05440579194146 -4740.512493611158 6542.090985447023
5898.977726262652 5995.11496978992 -3696.7877403740677
-9986.777840763245 5481.832540193771 -550.5206706788849
-5136.274260476632 1744.04158156648 7467.294924050177
8970.820270229768 4040.2241899008513 -3421.6785576072107
-5614.371130761806 -9675.19735683074 -3425.69417675374
1950.0604053078587 4055.569295062007 4595.280423091275
-5128.21872202083 -2185.605842238607 5423.543446798209
8628.301262909725 -7989.292832549677 2901.4350582347433
-4657.499420511035 6390.445571936925 -7909.3451596348195
-9688.933261423625 714.3422874872085 167.5539069899496
1 3
-207.15356702448298 3556.2626768976315 8054.012731046863
