93 7
-7837.872415955365 5698.766848352254 8559.826965658893 8569.54554686521 -2301.8843133566706 -2213.1195558412182 929.2103464090433
9466.746339123154 -4193.688805048297 -9353.315476536547 6522.467325871152 -4995.962076349559 2624.629618879564 4677.373427319695
5318.620336202997 -63.31205127333851 -1934.8948859835828 -4334.342603187731 -9771.784790601547 3023.0464501810657 -7646.440483035959
-1445.8142556536932 4933.211181280765 661.3213234590985 -6879.0271833475235 -6116.583315241189 -3972.7772366876325 6001.913786424138
-3732.2270102256125 685.904425276889 5123.752877932322 -5615.086522955977 6379.889207446038 4015.559742397447 -7813.713731538181
-4194.699225662597 226.91746039754798 5592.478559192621 1818.5944311771964 -6226.771941969582 3738.130974631118 -3519.9797420892346
-9001.839068352674 -4247.415409010251 9250.399368511415 -3551.12492837419 -7686.577842743545 3638.8413889857457 -7373.246339677753
6043.893034088689 -4951.856167744295 6530.970006528423 -9180.272076357409 -1693.1208537065504 4643.4562956038535 8285.601423551954
-7693.462833642011 7391.43744253667 -4436.727836647938 8627.117623363378 -9651.809603984393 9574.092797936886 -4488.519265218447
-6226.07931275339 -664.5139891156432 6721.6263822881265 7169.391273564655 -3331.6859865416945 1672.4888212248516 1824.5129843287632
-9314.473451000991 3024.94106446317 -4626.3636765671845 3259.1238851251856 -1870.591354890219 -4977.89621997432 2024.0347926919112
391.5914780559997 2341.2916959537506 -3047.5045262954545 2480.845191594084 -2496.3166358922263 2208.8216688014836 5642.468002199885
-6045.061701419618 -8873.707413383141 -6881.2874948629305 9595.6724609687 653.9337883028493 -971.1851759145065 -7801.814915697884
-1459.0921234427333 -4600.234882004422 -1647.990031115085 -8420.042112437872 8788.575713714934 -3423.5255378686325 4419.078727665188
5107.332573828302 -8562.980548702219 -8827.139796505558 6401.1669500402495 368.6345321326753 -225.21998829069526 -4211.79831125212
6083.816466496804 -4603.173035398584 5178.058366603904 -1503.1649009746197 1077.330222882134 3775.479595665587 -9934.339350790971
-693.2406307217807 -3333.3005402213957 3593.256363801098 8791.57717477284 -7898.516698213909 -1539.1198633681797 1393.8568206635246
691.809520902485 5174.541596922709 -6395.888897810029 -437.4462998647341 846.5221890528646 -2199.852679370495 -1369.0667611845638
5956.173492483658 8104.327133378894 -3205.354750520224 -3889.052960414192 -5216.578700189593 7197.037493719708 -5797.1770684545045
2296.5630011731155 -9530.229998106539 -8794.796090960426 -7977.497343528901 7844.049593394073 8832.676946516262 1005.9750607170081
3061.0885944088786 6300.1425029543225 -5974.261942715009 4726.087403607555 8577.071282831545 -2252.010718700066 -7520.868948811468
-2928.573475803757 -2366.973999383721 3520.6442653321083 2885.6375419087144 -7421.901703109501 1077.2337940865982 9607.644244818817
-7960.780290926726 1524.0236699409706 3037.328459776978 -3687.237289771181 -2796.626457342195 905.1208174068124 -4235.065973501326
-3111.108427991907 -9364.238583466642 -3448.492652699342 -3755.599758140819 -4181.697958239428 -1542.6024642489829 8546.99057634838
4278.152610690213 -8775.295196805855 4059.707144471975 -6831.6211872496415 3683.8370577144233 9666.392244084578 5323.088172663995
3371.9335060846606 3003.6285352201357 3790.1186209415227 -1732.4184877965672 567.5776493286285 7292.843031498407 -282.69400753752416
932.4729601068229 9095.24807034378 8310.594664045904 -4006.1583948115494 3317.05149791433 1854.1293865095904 -3257.409115958314
-1115.298561258378 7110.911834118015 571.0571634394582 6671.030950012831 7965.2590805852815 -4439.491459470708 6621.010399596606
-2528.390247741232 -1877.9464294405516 -4069.62007037069 -9846.467438191496 -5240.69590123059 6683.499092860246 3566.287800556278
-9340.557756344708 7446.600748572524 -771.6407137836304 9937.937187420503 6578.47614836966 9161.606005258458 770.0701508916845
2148.4270114556184 3886.090620243074 2582.0941727858917 218.00871321751038 -76.21277002906754 8672.309371693049 -7011.686776918101
5551.617546064532 -8046.136500551828 -2890.7240031802294 -9434.206633944654 7071.756395180833 -3129.4081672646 -9.771114242737895
-1311.833952300507 -7643.520400741868 7483.517323825206 7949.206873491312 -328.84384166819655 4497.476685563881 -373.4098517918246
-2379.0001224094985 7568.837172112009 -5495.501593005936 -1934.6425104466161 -4787.055014699433 3640.8450589238782 -1690.4048152684372
3077.1396800567436 -6062.782160835561 4056.1151967524293 -2273.7805543268187 -3368.221408344798 1560.3108215928569 -482.34891937080465
-909.7611055053549 2390.628460156353 -3594.73002548766 -8641.184842850034 8193.508063838373 9828.39362715245 -6149.391036679848
-8042.075971727876 4598.419548931943 2665.402514331643 681.6664101616061 800.7020714862283 7926.555701159476 -3127.954805132631
982.6118346761177 6702.975743872295 9887.320320421975 -5281.469606484315 -466.71233564461 4886.668679120779 9538.350820285264
1642.4562541090727 -7745.760043111627 8989.539791475632 2386.6949628648763 -8165.9822341816325 -4025.827040970291 -6541.905891470044
112.92685897240153 -7029.331902488722 -2885.2891877148186 -5540.742117046886 -3362.405211223613 -841.6507848286365 1127.7961328582824
-1010.9886036502885 1341.828798482975 -3994.7317553824787 505.80803179735085 4873.504125379313 -9082.412907222437 -472.72252218325775
-7608.806481025596 -9032.565636014298 -7984.5054366487275 2061.6287210500104 819.9905942820333 -1387.4359249177596 -7793.93952608914
-1297.2319728882703 201.2927145938611 5340.1562587586195 -4001.5616956886515 8426.510654980164 6742.255479025269 -5192.912386688562
9326.39144155326 -1340.1550156191843 -6172.950170758005 -4170.300232168232 -1952.6606892378886 3825.257427974657 -1981.9400481938774
-9793.163553749044 -7714.084910677337 7086.410604029919 -7378.381197936171 -6141.319116906858 4210.660430847287 9072.37257231179
2886.9322053221185 -9558.875148411298 2095.765724165234 8821.416305849812 -7957.517093976232 -2171.9186094578326 -4888.705432392022
-4859.3188164330695 3064.8006430853857 6917.093447702635 7152.625483503558 -5418.225970880996 -5792.311778495867 5147.941447468693
2246.2416568716344 654.6512522837638 -6266.104214975694 -9701.342677982935 2432.1942471312013 -3268.497983067012 6760.480254402224
5169.930068098987 -352.5076425151965 -9827.274377554948 4732.523054271078 -9867.06036263075 2579.7120532005156 -5372.670965988708
-963.4014658774995 7602.074522833955 -5235.783027164762 -2267.024800752175 -1645.7810880876514 4014.735868912865 7368.969137014963
8360.384181250338 4107.863731370297 5452.8183441775 6962.947634820219 -2738.3478723212274 8172.71804499529 230.13004089495735
-9643.259085185395 -9232.725739236363 -5626.077804395671 -1489.8997811364916 -7851.4403244528785 6392.460646367817 7048.8606103385755
-3230.181827291176 3484.457413241702 -7821.594033312229 -9337.212399755013 -2887.912679552167 -2369.0230422248806 -2609.6647926475216
1808.214063146279 8935.022363854681 7107.806893838308 9132.65236710932 -9.121183907498562 -6977.593812910749 -4666.867733507658
9299.491602912254 -8991.545608220782 4998.162610951575 -5317.74258154343 -3752.433776437776 5588.6895522399245 3965.788940516135
-2910.7556515248034 -6887.163621503596 -5545.991804744454 -9694.733673580351 -8104.697071160012 4201.134661753396 7202.421676260274
2120.016623878222 -7342.875870390848 9733.371260452033 3020.270331291542 -8318.258934911059 9678.028127391539 8017.33898575692
4976.552478710495 -1572.7338771434152 -779.0553489769536 4046.1913645628483 1160.3006176789058 148.04742030640045 -6301.853449223243
-5089.518401531901 8506.317790420897 -2615.659391776843 9612.777177543994 -3683.3631587904556 -1325.3493332563248 -6368.4793528812115
735.8405109875548 -4364.488716966071 3167.1486198443636 -7481.012135185576 -170.7777710326245 9334.226485676063 -9467.95177837821
-597.5043557668741 8398.978169234324 -5295.615384727193 3745.0255533100535 9508.246639633577 -1003.3056948121102 4635.249434450312
-1206.517323291604 182.4797773203718 -1931.8841740244961 -5255.902133113266 -9119.945554611564 7854.868074716709 -9707.252092316121
-3968.5179819920277 -5294.296405890044 6181.0974309416 -8941.152367585808 9708.381926018643 -7305.001833636046 -1463.8397171640681
9627.422213282971 -5575.594103732484 -4739.249003239661 288.6113688075675 -7446.27485559689 -1487.3179095546166 -7493.847433007108
1597.6438377670293 4971.829554316117 8739.737163728216 -6588.8122060422065 6213.411741142965 -6171.872207878017 3814.6274223431537
-8493.057815799631 6330.044730124087 -4921.491234343336 -8735.802080151658 -9317.436396491836 -9474.180569150853 5899.564971716431
3282.722688827518 -1600.117930210501 -5373.019752824908 5455.248027552225 2712.4187088618437 2195.3183893508285 -4094.1010775731247
-6468.826199533743 -9809.065278648408 4277.1895464620975 -7255.511621743011 6871.77860376364 3323.7529606260905 -7092.985664006544
-2514.4046295519674 850.814437879284 3406.455936967057 -6990.147339584225 124.94384076951792 5736.21169252885 -1398.5908253474208
-5625.2863801790445 8058.844082174728 7952.324867466628 -1566.2097250068982 -3127.834776106568 -9898.766734688532 -1300.194784113377
5299.786717953049 -7297.468311188937 8775.782225508596 -4760.306572528812 2207.3706678007748 6794.927712016961 -5556.175206722638
-9625.534607442381 5831.581419310478 9736.487351083291 1124.2697661238908 -5210.401467730994 -4185.039532017027 -7001.8536100974
4957.771683906174 -5543.180088841066 -1802.230911913377 3828.1874900885578 7904.4214838077205 8347.236863459606 737.7474992800526
9272.241082217875 7587.980259247906 1077.084948100117 -5326.645928119719 6902.123939129939 -8700.147083716838 9516.995135955629
-5582.17089597965 -1376.4056004501945 -8102.450577574816 8947.748604092783 -3034.440704365231 2596.378916749911 744.5628307800052
9872.48055293673 -9575.29881849017 -5536.511072216233 -5036.595657675997 -5967.507669868972 -8599.04863127816 -4551.766542717109
-8506.793249360953 -2312.549349509447 -5931.118772637192 8445.584713281103 7028.044810274467 9324.03881338894 -4796.017745782253
-4742.700953987193 -5377.87826416712 8118.815101910379 -5580.301843964803 7891.0668629479005 8373.264270675216 6953.82787381261
-2242.6561666518955 -3646.9572829866474 -1395.3961978229381 2454.6622420627373 9223.576899495823 -8210.446558184543 7742.742961037693
4906.449217748785 -2448.4275785340133 -2504.4582480936133 -6425.249247822533 -6549.671500513392 3111.9819741229276 -2672.107124199035
2915.1661279479085 3203.780735278957 -4619.6080989610655 6265.820403525713 9704.197717404215 7273.87600953161 -2269.89672932086
7012.120922848986 -5127.793964109808 -9051.839685804469 1687.3396281839487 -1446.6584373771002 8337.415836253997 -448.47858607296985
4482.906941437837 7718.170488501117 -9876.470783474113 -1363.8559242923402 8246.43228213875 9574.214517359884 -771.7190343088932
-6847.60777785064 -1908.0411256303887 5724.908667150165 -8397.443235628767 8202.236412539147 -8446.539491066667 135.84603783694547
7432.704642608383 -8619.249345721111 2555.788734160109 8502.17940804115 -9734.589684070466 -2464.9275944786323 -6358.675534282878
-1292.1715967865712 -3957.1913920571715 -100.5721715844902 -735.5922961932174 -3513.9490316572064 -9768.624975810997 -3934.8356722008984
3799.104766680248 -2720.4053505008205 -8059.800849673095 -5896.100702967677 4158.345842524044 -9316.760373665884 -5692.267057111717
2746.8596771630746 8659.017462776897 -6145.233773673295 -3022.3272104703856 1456.2361803975382 -7275.795204776223 -7868.417091749094
-6873.348500378768 -3608.394014375238 5451.120214869174 -9187.730134430312 1838.496806352734 5655.069764141685 -6083.7705938867275
-4664.20184440425 -9388.52048961249 -7619.875198264028 8597.062446815224 5048.559496220643 -4875.347122154023 -6358.609643167059
-2566.662516398468 4409.885707990246 -2530.129408086268 2766.03199206703 4033.1485825928085 9281.297780636596 -7221.703447790799
9362.913356432913 2590.973318532504 -6337.285702904447 -6009.569604603708 2936.4455537596186 1303.6118231715936 -3567.6009445308728
-5996.503665395343 -6650.9184597590565 4450.941157173693 5417.189499706263 1622.5634295498076 -5670.761978368222 6821.487509852348
1 7
7274.475537485279 -7980.244600993294 -7472.183589968573 7393.673034378695 -6431.775027301003 -8783.732649563863 5611.890263049199
