97 22
-5103.2477829212785 803.3806751043103 -2692.9113255905477 1202.7239186257302 3463.0164396136315 4883.889353650335 -453.65602875980403 289.8327228998387 -2245.9953899183492 -1907.8801734023364 -3353.3022183236635 -9866.885217663586 1640.777061751549 -6359.451168244896 8997.347491738823 557.0692704641006 -3415.4107813672517 614.8417688903992 3869.2684243354706 3499.4312544611294 8478.635593016468 8588.439969095129
5392.696233884881 -6511.454829619428 3375.6104828658426 -1928.284100251456 4974.962459222383 -3345.387980729138 -1805.6530358918826 -3809.4446908559985 5752.1034670274 -6222.060594353286 1328.9804967048822 7275.4226500406185 651.5667863610397 558.268893975448 -4312.17916263343 -1468.4806029624942 5494.877001385634 -6643.390144468668 -3922.783002396901 -6999.9298202162845 8302.52515684248 7812.39893916047
-4968.032918446701 -5285.821024049135 8646.898829354046 7809.747389572411 -7549.765607613401 1035.6360504248169 9388.06737863613 8733.857846235569 -4345.006095698958 1630.1482153566376 8658.06677083881 -2413.053846779194 4194.90736402714 1414.1372536550953 -8059.792638866345 -3764.3101251175785 -797.8236979867615 -3198.6948565347784 -9388.314364166426 -8923.700703968247 3261.3058158457334 -7944.989134855294
7823.029766848151 7519.405919007746 -6880.964526957811 7312.937740695885 -8312.565736130246 -4143.067128500168 -2117.023121844517 -2784.5665558569553 -3946.8429180967933 317.44814486567884 -9396.431081474706 -4154.475065088858 -2166.1892720479136 -3513.818584485395 -6030.454554489417 8712.469707261975 -2472.9194431769865 3664.3817952811605 8008.239853883337 -1805.9316448952559 2302.784605910121 -3229.615416226601
4426.82367781046 -273.4124657733173 1189.9233125817827 9913.618618113072 -3205.6788093125133 -1022.1941676312235 -7263.654403495135 -6640.451865302839 -5720.155265712896 -8286.075957937846 9972.390339877362 4459.688739326155 -3023.186347074765 -4937.821266430496 -6976.881753908539 8743.593685178235 -2743.156512413436 5262.803742503114 -7366.094869990642 5575.207075528453 -7777.680545449084 -8102.553033278828
1957.2710332499792 8542.746145024274 -5410.142433606801 -9646.795348337137 3155.060570445956 186.44121187028213 -8619.661913265903 -3781.93852685804 7767.036148020707 5364.137049114352 -7149.507346010635 382.8563457877208 -2382.5082929331857 -2168.275600158636 2998.326717880982 5669.871294568951 -6156.323244258683 -2024.5050744172595 1820.8060179334443 -6110.743766213942 3498.2943322345727 -2673.6606933676385
6709.2109490932635 7273.149132602735 -6143.339576619109 -4342.551160623793 -4248.618518165974 -3083.777370470615 8422.053010154177 9737.379349103736 7364.435306216728 -8557.681031777904 -2544.0859468338185 660.7596599438984 4269.891244282864 -4340.94472667169 7928.329530988245 -7265.577974026276 2546.3181414477276 2610.332799763446 6186.772396990076 3908.793393602138 9976.496634067691 -1875.8745806610814
3382.101831123964 -721.6111341701653 -2584.3620738567915 -4230.615929131433 2325.3688424115207 7467.703235064786 -5736.248865541056 -3045.1298946441366 -3164.57239965191 -9213.651248318674 443.54639255002803 -2969.654122978398 27.47672992293883 -5391.656130598463 3867.2980290861724 5608.804791228666 -4385.014406654244 485.10689020361315 2852.81823755022 -7234.07411420937 5097.881774573072 -1014.0572701088277
741.2488245862314 -7371.3796973607605 5894.5371888964255 2828.5924995004625 -8515.341815809676 -1432.3451768211035 4300.614420281048 -7616.173156912057 271.1725105916885 8108.479734093424 -7956.498720480827 5930.712498571655 8982.349287393645 1181.7728374409708 1177.3477578364382 7204.045180124584 8586.311194778853 -5779.36112338653 -5279.560993891066 1835.6180054817924 6997.094242611114 6161.244411557187
-9720.177056441005 -2678.34919354623 -1092.8422322565239 -672.7551759194484 -5766.075824552386 748.7362445238687 2613.310096318961 -913.6741628119926 -109.07608145252743 2322.05098451479 -481.23132244747467 -8652.966442159272 -6493.35702980794 -6990.07412954902 6590.329860716687 3590.3365378442613 -5348.367180507572 5210.289787644684 8641.438058872842 485.8930482539181 -5384.949689343705 -9914.511194358909
-7060.188096118871 -5962.97663867003 -1853.0126788557454 -6661.912797259241 -2095.9062847399127 -6587.4356448351045 -1194.9669575778062 -5377.564261089996 6699.049851561649 -930.1437595748757 -4218.660482194263 3318.577738669732 1970.4449430400055 -2674.6012613265457 -6967.93673743624 2283.041938109687 7477.688058617157 5365.998774341226 6305.65638728402 3775.406565366444 3152.122887167492 7817.91325197534
8708.348897904256 903.4542156005446 8090.723710422517 1181.1603678389456 6746.4233721459095 9842.780453855037 -282.8903450586713 8523.115769208223 7781.009197816216 4816.408154854074 1588.7240743360362 1954.8595731541336 -5886.584948686926 8173.828522865009 5863.079666237445 7950.167306322179 4495.971127741099 2755.046112645943 7991.443101521632 330.2673799028871 -1017.3150975014851 7487.949511497456
-2440.045142965857 3736.530868408394 -548.0911512918228 215.47381412816867 -9950.501227443689 -6819.314864524586 -2598.996095963419 -9158.137863156397 3994.0002774287514 3628.709757870147 -8010.783545580447 -9079.673306757186 7506.701593557926 -9965.631881802876 -340.78758120512794 3592.3487633589302 -2098.8485840251196 7810.1956305992135 154.62117525853864 -1943.2059939235005 1664.572817370372 388.2955286777342
1350.3940216621395 9729.251223825755 -6310.2547347847285 3478.6405393323894 1257.6419081237182 -7333.433148434691 -5393.510177191447 -5628.078243292147 -2207.8259355743057 4968.398642130811 2747.6748398937525 8812.67479840812 8874.2844373242 7583.474583035117 -7567.198889933616 -3883.7503475250705 -9700.378291428324 3278.4106467426373 -7662.181806009845 8141.158223612769 -4472.246456795366 4900.204398875865
8441.002692464474 2508.731857171204 -7361.212107055457 -4283.615640708443 1002.9663479623268 -8927.989388370292 1668.506440348965 406.42243390085787 -5900.813195902495 6978.3668376732785 5206.86041115473 -5364.375893021675 -4691.983986634816 -1338.8869369182485 -3448.429919338283 -2842.4243864372365 6874.40910918804 -3532.133664502042 -2821.3096110348697 -2375.35532460373 6811.648268447283 7010.141101103163
-6837.960782378319 9057.690586000172 -5072.333099247868 -5172.412191883753 2834.3978278913546 -5774.9387909262 8639.956836521167 -6605.2697879410525 3771.536701844265 198.99104976047238 -8103.811493571949 -7141.364938358172 -8129.843114869927 8386.49338463776 -439.86994651325585 -6458.931602401485 -2527.487316513917 2660.1962043699186 -7220.51022910825 1052.617386559432 3544.1025009072473 5811.367036070069
-300.20875686402906 -9698.522947956202 -5498.804489938973 -5030.853685298811 5237.197469893508 -1111.382385162795 -9911.255542953748 -6184.806025815064 4274.717008173948 -8998.782101430561 -4314.98134529958 -9316.962409729855 -5732.471109865147 -461.99910573473426 -2323.6491066910794 7241.497008094317 -9145.166144628996 6015.334559719304 7945.814852811516 6566.291091078336 9568.161631346687 -3905.737920812253
2973.477464974423 6081.998365542258 -4522.0343399372505 1214.4825784416644 -4471.142916986197 5572.021276059984 3688.380136147234 6455.742276578374 -2743.9324970328526 -145.83759478842694 -3839.589376993451 -993.2199207271242 7234.004165420669 6245.557557813434 -640.0201287474192 -5024.534218600147 9647.884774294322 9593.03866862883 1590.4649744510461 2661.464189928187 9493.5998695762 3587.5448051105213
-3435.312065172522 3538.584254113981 7858.9136262793545 3749.052877296528 3831.760323421695 -8036.8080870321255 4187.536851025521 3340.6412382216604 5411.789877242547 3428.025016383208 9756.016447306185 -9196.594666658968 3150.173320640868 -6895.665567034088 4924.560253406529 8234.81346194938 -920.66594249636 -247.1776095374371 -4221.311604658636 8389.950525041582 -7827.384326200706 -9177.939471859761
-8471.025871724789 -7639.351351346639 -6690.151749884508 3056.4604475736924 7391.656030071343 5132.418754047527 -2441.57276738185 488.07838359805646 -4998.822455339165 -3290.934806772625 4717.288804284124 5146.339569419693 449.0196568112515 -3137.292015020259 -5213.814245190875 -4746.025501498286 3734.587423574938 5065.836326138582 8993.604281664433 361.53948206703717 -4558.901255141807 2245.6406868070844
7002.895602928471 -1311.5379642405878 8119.252128733799 74.69724787003724 -9662.686248081465 9598.578533681557 5917.002721821558 -1135.2449584025017 9464.73331692272 831.9693833253023 -799.6024017932141 882.3010515812621 4307.316264535033 -8812.240006547834 -7765.634380694373 -4418.579977235284 3090.142187844038 2922.7240968319184 -7336.408872270667 -7146.667523192618 7240.135870891616 -3731.2268793265657
4757.157874404906 -5821.634199976666 1348.7342883114525 7520.085811144341 -3222.368533317792 -9103.908718526787 -5642.827115981346 -4388.465700811576 -8781.882239668768 -8900.95684333488 8951.920553413474 -1289.643819093768 -7330.274014895821 -6183.093522865613 -8775.625965690826 7216.703900015818 -7697.522300756629 -4381.519814353287 5179.781420156774 4115.041400799393 5842.249183167345 8273.014691797373
-2995.582438657467 -6426.623516172227 1088.9088029154354 -6443.663944733635 -8777.64175114439 -44.76188286546676 8727.779338058157 -9810.255135435149 -9699.164704519577 -1005.463780051392 -8342.362140690504 3459.9612502931723 -1514.0013001409661 -8122.495453630996 -5852.27332776954 -4456.427257587207 -4660.632161610485 -6207.3582051866015 -8548.046287052119 2030.7624337765792 2793.355614898599 8940.443432240143
1878.02219284473 7456.109685621359 -5319.09575779413 9068.660044457556 7155.050386392755 4293.5070733097855 -4506.625864147333 -2734.4283411709403 -1493.3889475945743 628.6295943789337 4475.461659333669 -4231.0713961649935 -938.437010230713 -2779.7984534283305 -4750.830582463339 7716.314554293382 -7614.709621977101 -9971.278877058823 5730.354757288249 -2089.9205139703827 -6846.16032623101 -5279.449801313159
-5052.976762006718 4999.313580288626 665.6740354405665 -3364.353106499251 -8212.463380730653 6412.284038168207 -436.2133183089445 -3967.0508330968614 -1806.6838256618848 -197.01199101718703 -8633.71598214545 6181.859170792393 9618.37208541491 -7387.06968519141 -3334.006431121579 680.4232649103978 840.3437473347603 5460.190182968894 -2239.813076546935 1654.8545990571492 9725.626244181934 8005.020316292041
-6364.68462895936 -2158.5652766296807 1089.436237668997 1314.4389746354263 8052.2119520408305 -4677.0119755737 -4899.968648319399 -9506.11234208382 -8350.095046203774 3331.0600792492714 -9674.116756508085 -1226.6115471221765 -2342.8199674094194 -4339.615283046738 674.4467360808576 6302.67210813643 8969.97314061521 -4330.434491233113 1279.5979248207695 8461.492004802341 -3509.461801224623 -2542.6492254485456
-3558.7185939799347 -8042.775952966513 4323.577479406191 -3271.928654466802 6646.190877705314 -6945.445310505303 6319.352167888681 4856.603360799707 -8076.505366794404 -2120.9923417954315 -2895.377814129727 -7005.518519078322 1339.1326738870957 -2467.478251467219 6658.451916294904 -1742.7143776730609 -8250.315023454847 -8557.690615631058 4899.442613563231 -2749.468632860683 830.7292771003558 9529.135364261954
-1543.9057254098734 -236.792406446335 2908.3584291990974 2504.1677891985273 -9138.529823813524 -5866.419194032715 -9805.713683476766 6909.7264457201345 9979.937583633877 -2107.6871814215556 759.6857342122512 2937.3150488668507 4412.251948911486 -305.2686551688839 -9548.609695829053 6185.064251951571 -3415.6549139235894 -5659.505124325648 -8688.89669912567 -1680.103613294148 -8447.478860423136 6227.019486875464
5084.479312868003 3676.2355177216887 -7416.269830734145 4848.345863765975 5062.43699884966 8972.780788823191 5643.949448268597 -1851.468534132101 -6017.095968596303 582.0430103666768 2501.8061837163114 -7808.934251455481 9557.636497696443 3099.7210300291736 -3430.5990559643587 -9139.425472472933 9775.060861063044 -5870.205686524441 -6172.987815394406 4565.8508891978 2813.398275514979 -9998.517386422556
5628.29847769518 7615.910808113364 -225.2224708148351 -200.75752938028018 10.608132189778189 12.094959787309563 -8710.308404948637 3538.7071287385425 1434.6708426162531 -9952.033245290737 4348.216840883475 2453.01334367404 -2635.67647057416 9410.417738143558 6385.532829741263 7766.993234032765 -1067.7521034141282 1685.1611531400467 9167.42129168607 -8293.553669088227 -1461.5958740198494 -155.0599047477117
9621.600171835722 -1294.0477779713183 9250.293894484537 1539.030676050379 -5493.787506880661 -3015.959423774306 -6795.696923590626 3165.4012297992576 2665.2340167409857 6587.061492588036 -1771.8981484387677 -543.7713469808095 8859.073070607112 9502.481357703979 -9715.48964659171 -8867.043922255722 -95.09619102412944 3703.1115452748145 9803.998091938236 2782.9764979457486 -8319.868013131623 8514.717780441857
-6337.077572513856 9107.958271829659 7802.759252553904 -3766.232330572985 -6594.120995881505 -5650.494915856024 5526.67489547848 3650.891389819064 4260.906059550154 6115.290523108246 -9402.634590778109 -8377.566540477488 -6170.826737180845 1484.259722349112 -5054.441854892784 -3580.500394251798 5903.511058848046 -3489.013772008223 9471.448968482258 428.58919739333396 1873.9004041686876 -6023.309168658484
7074.506366679278 -3128.6706953176636 8537.173566354206 -8961.883525256544 9912.704989188227 7918.967730255503 3695.008181177667 9988.895321504642 -4688.416045552352 3388.1057598022107 576.7498022089385 8363.942981840257 5527.801301094776 9561.517393044069 5107.217650784651 -5732.109914401928 -5335.276158325543 -2688.125473248775 1226.8605861233991 1855.6847682911593 -8340.036415032933 2698.4248601898835
2135.6507428903296 -7316.481529362754 -5322.953781639346 -7815.09739465484 -5267.0632599229975 5662.704703056796 1286.9857074612064 -9237.298069898077 5496.465030480784 9478.772890944067 3263.7417651486103 85.32330565521079 546.5033987344832 -6107.283109365022 2578.657572009266 -4086.6872165144687 -603.9401890808513 9782.843539064274 -9557.691103087718 7144.011291229355 -5799.599915799787 -7270.952264154087
-1632.5401424187894 -2017.6940397869503 -2656.8998218326587 -3689.091660520976 -546.8878484172565 -4246.956082301832 -7831.224479556615 -8957.176498333101 -1760.6272779409064 1338.0198882868171 6377.437932871524 1001.6920667123977 8598.135043291757 -1625.0315711551448 -8632.938319913488 2618.259323665281 5629.959951375531 4690.716982563181 -6822.707491726707 -1114.614249186243 -3912.081989480552 810.5398263428797
-6914.534707296123 -9879.388777726619 -626.3313318957717 1863.4923368608943 -998.5210269644213 7851.261294801137 -2670.8298836171607 1053.5670061912097 9096.654952185847 -3250.487287148263 -5161.489438091995 -5881.669522305655 4549.38393667657 -7594.983894347646 -8022.475936568962 -4294.317484547416 -5476.6271088161075 4471.864411676261 2421.1246271892924 1932.2131094364267 -4089.1265185783814 -7272.112458555728
-4194.02304823951 1385.4233009716318 -6448.846719044741 8566.425130245134 6749.835845852234 -6114.467826898141 9853.853665774404 5204.3974423594245 -3456.2029954921545 -2752.59938985416 -8543.567167422418 -3653.8999069124657 -2037.9256056765225 -1796.429346408424 544.5228099218366 -5711.19502923729 4063.608317427561 -5089.748396266636 -1363.8550645005453 4254.611852636492 740.6479731983363 -6145.483355422688
9696.431772570726 -4350.896665263933 -8426.160023499815 -1491.4212978537162 564.5181114584066 -8391.617018762294 3916.944489347894 -3020.9169721900535 -7852.6401271707 1348.1696923258005 8104.498440091982 9402.185087791604 -6651.0237115858745 4073.131392528874 -1707.8656506352181 -4649.245526030146 -3534.4049945294546 -6258.941318295178 -6244.296898667268 -4912.989449708242 -4580.98878416427 5372.811882837657
5663.333767073484 -2275.661137705023 -5341.977746512303 8022.782586279292 5229.19197390794 6582.430694205585 -2793.2680315327516 -5063.2632923593055 -538.6127352197727 -6779.604125804186 7982.279395512211 9237.980773160354 -2833.0432117703367 9021.846430227477 -323.50790479773605 -4865.042173326353 4936.901761029056 -8839.627219503447 7679.933765078367 -2410.583782928653 -9104.112979690515 4268.937545376053
-7474.520331926795 -7843.656057407739 -4915.970730957977 -1294.1496148313872 892.631457806423 -1295.7783538197582 -8175.507581332519 -5548.469016707296 5202.440226336123 9099.649379096845 -8282.199031720234 5719.140466445269 1065.779721635774 -1794.2776847012956 -1507.2940461922262 7302.501196054825 -9320.85623833677 618.9205518142207 -3094.2999332636246 -8840.852260118614 6501.408989041534 5940.866851185387
8713.97420822364 6679.773934602057 6426.187739577752 2786.1271321849836 -2723.410134975803 -9811.202531957899 -1345.3428598537084 9702.992303956667 2027.583492665819 -9167.283084078646 -6567.723178850655 -2442.717491931943 -5102.226457646699 -7867.435376009397 -5351.139301562435 3898.963025582969 501.04262037803346 9448.678602119337 -5193.4505540418295 4785.6198975414245 -2750.632338994521 -3225.290165371055
531.7131305166913 -9219.832624298628 4228.669710176386 9115.91865005164 9989.36927370391 59.62261930414934 -2816.0310929307707 2120.5751842375594 -6209.5740998934425 -6696.615281811684 -2137.6078509165027 6505.7699751742475 -4795.729481225572 -9045.933014251254 -9370.433235132698 -4944.609442130274 -9822.25067608158 -2838.188902680541 -5350.57129982252 6589.287402449008 4927.126521516604 -328.7615398984035
2922.968911393573 39.981417744227656 -9053.40507706493 4745.000009365891 2076.756912615634 -7516.7692297972935 -6831.141321152603 -6149.189915732131 -4595.012158332963 -3898.2184073401995 6737.556390014266 3176.4222005970023 6440.723073651188 -2661.2976214970477 325.61756608353426 -7086.5030457826415 6932.934848215995 -1381.2585505722745 1437.275406170349 5739.422332962769 -973.8202136638829 -8555.082750530311
6808.66220664066 6523.857141350276 3621.143571100709 4213.627475103374 9845.931314699694 776.0259502135141 2861.365695033075 980.5391806874195 3812.177953002285 4042.018517537843 487.9280538398125 -6450.466649835323 -4068.416287956118 8871.122461251172 8394.50839429571 -8533.388786061869 -577.7334801877769 5613.013810110215 -7755.912440123989 -3754.959539299927 -8599.759457951244 8529.236434710525
8636.553512927374 -8429.278377960307 -5754.883128301698 3952.4867871067345 -6020.936289570735 -1854.2215016294094 -7478.348074413978 6843.502349426202 -3308.481159395358 6337.442078735745 -2041.2783151766043 -2708.6205550743744 5060.112953609221 -4107.557470433316 -7753.70605474808 5288.817715812505 6759.876385601354 -2360.8857844992517 8589.49698339231 -8348.666016225694 1630.384063138943 -2049.670320701418
7264.531235042268 3424.388212763377 7861.187067358289 8898.468475185742 -6376.060400134491 -2320.2357831304644 -6000.997263547855 9189.793798164108 9433.161105768217 -3420.9503256756025 3369.64328898279 5259.664031495429 -553.133481471059 3300.8189124093587 -8680.049141861997 -6475.602634077584 -590.8624537040614 -4544.430550097418 4546.664285150084 5579.111311775861 -4541.069835598292 -8772.568492383147
-3832.6688138016652 364.72307909048686 -3252.3934395722235 4402.685204023524 9708.368824055582 2717.3753519136662 -7286.355478736071 -4938.118569191636 -2503.150497850912 7031.713320722407 2933.2979644524858 6528.537617884245 3674.5803672379025 975.7155578516813 2875.4925117619205 4987.283958118955 8720.1903700562 677.2258848747479 8174.173399861993 1020.3830247662827 -6380.780566565793 8553.067732805459
3767.943542724297 1579.1164667510784 8740.99838043904 2307.9615648279214 -7601.547358196272 -2931.198740823571 7938.296384087007 2716.4494052645878 3477.267733678442 8776.443756374309 1742.3582838434795 1201.2128574238905 -1313.8826174391033 -5309.016373237858 7460.690378961059 -4433.207236963521 -5923.516396981001 -8543.062322203397 8781.803526657532 -2118.183256201003 375.41323499220925 -5059.844836009408
7507.77298524799 -6616.992109812359 8448.328505106307 2737.5308245690703 400.184842468685 3852.843762850991 956.1460499285295 -7016.697850018705 2677.887272928476 -5185.095811905918 -7394.478291513818 8232.150426856399 5496.738788006205 2294.6449038450755 -6324.49570819433 2546.815707212716 -7962.994531507499 5843.330726169874 -1057.7477306937235 -288.86285936960303 -4981.246687469876 4339.973274292974
-9738.014630347383 2138.687322783897 5743.612351549795 -2871.0509380228323 -3282.4403898786177 -2677.496303844464 1199.9623622359486 1438.9144004694117 -637.4867688569739 -5613.80438010737 7360.45907681642 153.29064435711734 8489.459153697473 4250.385417973985 141.52728111209763 -1181.7908883337677 -1835.306622879607 690.6760104521709 -2525.9202876329127 3181.870668776979 8339.74519655871 -6034.865848090449
-7409.3513479805815 7068.748842044093 1342.4433773788369 9097.816712842272 6373.0357383353 1904.656701306958 -3939.160254976473 3111.3295396282483 3255.541043740761 -6771.3950591934345 9603.066962860226 5644.538467968758 -9443.624229592182 -557.3996349715344 -3423.8903477301674 -8592.618960329326 -2271.8294415157934 -6879.043140908383 383.27956787000585 8866.888689792668 6587.984102124683 -886.9517135191236
-9959.963662367227 6428.93379969896 7190.726280386749 3046.5101240082568 3466.818961880739 -4318.622855942751 8688.262108498318 -9597.898439789731 -5651.563993009039 -5624.884065899194 6630.26076939602 1477.8393472042098 8235.395231566523 -8278.72906732671 -7762.919678456985 -873.0558674009644 -8634.344689482461 8226.269146319675 -1390.0716981362675 -313.14117872514 -9783.74498671559 -6786.82975815837
7853.636009966285 2921.149178961059 -5151.868003218902 329.3952504696772 -3955.453936136004 -6224.0192293667105 -7108.636783027761 7849.568568173578 -7307.806086886443 5596.206082639659 -1713.6751977325275 -7085.142803412235 -1066.2871466122178 -42.34282593976786 3542.6673227098454 9225.724383244255 -8607.913888561716 -7287.314207084357 5289.7582169122525 -8589.230107108315 1418.4622492671042 -2019.028455063687
-5149.9017354852385 6197.339135256168 -365.19802217389406 3701.3469647024813 2.292929140112392 -1278.1368652688343 -3727.257218334874 -5775.607923065578 7623.06813145482 -2719.023663559894 5423.248616165847 5904.366624707083 -3743.862831239153 -3524.597241538503 8256.79325014586 6178.17281333352 -8040.829603247897 8691.7529100785 6692.148755637558 -5043.681876692898 6390.4727141475305 -1340.7525896632615
-1710.081805216194 -3409.166330703086 3016.124336193636 -3570.2465037334896 -5336.1162062936155 -9094.131944939898 486.33527121625593 5971.036880461754 2548.7653490512985 3696.3943460899027 2188.0104155560275 558.6183467381416 -7488.553458901299 2563.418050455295 -2825.9563046721014 -1279.8622590761152 -9907.731903839867 9126.389248067902 4312.689586623119 -1891.6112645934354 -365.8422538533123 -7887.905588131976
-128.99229150434257 -1961.2462879907962 -6254.013576790749 1036.6916601997782 -8475.900346146165 -1107.3224794143698 -5095.548074576955 2162.794425255781 -7403.821990249455 4501.807942721374 1491.9823639750248 -8450.696335627337 2876.7611866903917 -6693.24000947489 -1142.0116277924735 -3525.5641427068003 -5896.064916592983 1529.0621049460533 -5590.191794116566 1091.9467586827632 -6023.168425831529 -441.16469433716156
2550.8224353494006 6423.568781692538 -4976.368558052033 3133.8550927864544 9525.47572329655 -2790.0586247066685 6361.634191312985 -1486.000644521877 8732.077414062445 2617.7178094806095 4632.844982670496 -2197.5763448018215 -4032.135579482974 8804.89628412756 -3788.065583768889 -47.84357988857846 3114.034335803606 -8970.46265441795 -86.78025927081399 -9547.517867416298 1738.187437577757 5080.373748290869
-7163.139489897305 2003.010334370074 1544.1500235547555 1534.4823173101195 -4179.692490395774 4913.174623358116 4967.58241652132 7150.55849215393 2312.0169016648033 4212.610026583132 4958.110047512446 9450.429265564624 -6004.9578498983155 -4283.365416230969 6521.969179977103 7463.39936169334 4224.974550006491 5318.788897889515 6601.457181557278 8441.40556231881 -2541.4452327127065 -3238.346380160784
3400.3562636322786 -5523.513227590264 5293.460592418383 2307.393123177446 -5643.42843410335 -2424.574024460542 -5659.077998158593 5177.655749007277 8287.269771987601 -8917.00464027108 -1701.0060302229958 7136.578386624929 -3915.5257835402417 8932.327510072642 -8188.048257443153 -96.42343589213488 8675.927638202687 2086.1995377809817 1174.0318094188224 -5469.490618537733 -771.7610550512472 2452.6540363754248
-5813.663965719713 -2276.131277659919 -2175.825398618176 2631.6454147697605 5710.084421166608 -6744.177909208264 -1325.0412327317135 -7747.775497183209 5100.758469355653 9035.868165852622 3943.0187897602354 -78.65068068249275 -9312.311252872667 1072.6787712659716 -6285.405413833705 -470.044377252143 -4334.385961291491 4326.361242844519 1659.7124963690076 -8642.226617772245 4578.800248593923 -5483.5158579535755
7575.677956653231 -8321.408234054108 8890.216258834065 8248.335117829534 -7099.489562796999 1189.243226690125 -7035.800666566236 7154.861471923119 3638.02015285961 -6992.885025868032 1365.8155860634924 -3096.7939346436933 -6475.53837116363 -2937.5210591717478 -9492.134987327561 3032.4972447217533 -1287.8776971550105 8960.003927304118 -1816.8531558889936 -5882.96511848004 -1996.6115909912105 -483.2868683439192
-3883.930481056599 -919.7334142248983 -1313.4976352443791 -4510.0266685557335 6687.977620959922 -1994.8194476672998 8225.175295617646 5488.7426696503335 -4779.384695079821 9390.391708655512 -7760.256231544733 9674.655204716379 -700.0592926261379 -2738.6187444247216 -4366.291205177886 -3648.6640048705012 -9441.08283049697 -4822.445273811031 7846.219003949755 -4994.312930546816 5646.751086597351 -3563.294073852303
1442.314859732891 -8066.423752023819 -7304.034144621636 -4279.775128762926 -9654.314785382101 2525.497729604329 -6672.586077892096 -9215.47220441747 -9817.204159157234 -7353.626641648936 -2527.53635177497 9286.229690934382 1755.3467024916572 -3728.6946719421258 2162.9752860719727 3338.188881436301 -9471.172955418213 3181.140000925967 8251.811956669855 -1132.7386272983567 7305.293257235724 -8543.447381143005
1710.3573742494846 967.6257593398786 -98.23309657066784 -2777.5451780481335 1104.6834770183577 -7961.716543651798 681.9295965887177 4524.741052137953 7085.916164498678 5135.587863966342 5464.26953323497 8418.43555540621 9722.365987718142 4190.967009844448 -1234.3897394832056 2951.882399332042 6131.985482569693 7954.586468040165 -9012.103963951862 4037.697463989287 9510.910744141038 2002.8412584998969
1855.893858342859 -8816.82735356301 98.1132814041157 -6052.452788174274 8552.610901340744 -5926.868068298521 -9660.572175037896 -7352.248439774858 3121.069328739548 8040.904447836074 -4364.306917204506 9401.429294577476 -5291.125719652574 1989.8337300195526 1915.4654831878943 5612.932032845514 -874.8716551199377 -57.440506624985574 -5721.46718034851 1628.9468328758576 -7317.1368478422955 6662.773422690105
3516.1523633405504 3712.3200468500345 -4125.058770436664 5099.01128132319 -611.1179341308889 -6220.286304944011 8840.7419216093 7405.515482943891 -9713.344750949846 -6537.134456533986 -7641.106183877704 -4403.366224919796 -289.80449382923143 -8377.839996545728 -9322.66276854226 7545.72368816282 8938.409105141713 8718.45008161178 6631.831053549078 5011.343240550064 -8095.565574024142 -960.2567519523618
9394.632634134116 -1702.541098808184 -177.31576133237468 4409.051304508603 -568.0093748810668 -5166.445476208648 -2803.001571738666 5078.6495874942775 -9007.054466001515 -1294.7229507797783 4484.255310467754 -6935.354542170962 7073.965725161193 9501.068232323552 2847.0359545614683 149.62384551536343 -4650.991176322867 3761.5172969056966 -2194.4002164019284 -7041.072418945373 -6199.6796899420615 6624.318223891358
-5852.620899401552 -9458.011860119093 553.9516489596845 578.8325481593929 -1684.9458746721284 1366.986862392474 -4600.703657090268 9904.472661153333 3633.1346455645144 4025.9663286292143 4194.841702455602 -9595.713538401198 9565.739037292911 -5170.2938251624555 6770.477879835598 7806.854504414783 5957.0454364284105 -7233.375277843577 5051.639812930996 7727.446041193598 -6292.272744838015 7050.720920060969
7505.9356836277075 5773.3813041628855 -7413.198187222733 -8881.851583252914 -4078.070709534989 5322.320114703438 4191.200504094768 -5254.966453219349 5396.632114103901 -2186.390348145881 -1169.650985759954 -3030.4014668074487 -4796.664318152954 -5887.690458615045 5231.935589540026 -1880.5803226926291 2106.8818804977454 -4623.922029857122 9955.61181296231 6800.8142213051215 6009.753153749287 -8745.728833916308
-4927.362391282415 -7053.871964607439 5386.458492082966 4438.860349521696 8225.02465318016 -4698.061317913056 5638.128219474931 -7366.462849582487 -9719.061107135145 -6243.851493493357 5804.179148433572 -3843.0345517689066 25.056896039443018 -9227.657022535828 -1031.2834120260432 -5084.908258986498 8617.412947389974 -5501.302401332829 2552.4804780598606 6601.4900308127835 -3465.5674834034553 -8373.324811906492
7983.172876969878 7347.098353078902 -5127.636077028607 6031.452468060226 7253.386683600667 -2831.508931849271 6216.910869311185 7036.759901015925 6490.588531265799 12.392090734445446 -6075.878345578351 -2836.618024041737 -5355.748148092461 4931.295346238981 -5477.077596408648 6150.68908869207 -7966.857521567749 -4293.65769647952 -1795.266234269844 -6662.943078771462 190.78767538489774 -7560.954045715782
-3008.7382387987827 -1324.5376664046053 8318.443180874234 5361.862507182965 9701.062048305335 8572.71868874699 829.1035218958223 -8768.968392573976 5269.651690980152 -8192.805550152918 3893.6576626171336 1614.5825255007185 4217.423395531174 2310.6519586990016 2342.3816831096738 809.247597422409 -6560.291711225111 3757.524536041945 -3213.9349683512864 6710.845276963104 -1862.95051595329 3741.1883927587296
5198.993597807523 2829.797024125677 8877.183577573112 -4124.344898422028 2474.4124241736827 6973.737745472819 -4236.71248796629 2630.310020235851 3515.60424921533 -9387.36555967461 6162.872598857195 7443.305781713207 -1015.1758690894712 -1540.3753808834535 -2210.830989436594 -8344.421053883028 -9946.19361939191 -8620.801148353636 9601.597707339322 -8321.77364280671 3534.5964410547713 -6953.761855098979
6890.290075727007 -2105.8026869147125 -5735.790661946274 2721.6408181342813 -3708.8288128534105 -1953.649787441218 -1365.586928396955 -3581.7573204693235 -2649.423612481598 -6733.479364818524 -6785.083210745748 -955.2748072236645 967.7511021403661 6372.11058212864 5306.676783507653 -9226.330356667917 -8814.952568932662 -6369.463734412932 6327.267933452889 4858.082637708541 5308.682749497908 4407.503577342633
-7151.958542347718 -9993.656784995388 7948.368920175319 -8060.353234485416 5130.477226024526 5432.190342056872 9175.09535220324 4393.454697681869 -3448.5536953936635 -5411.463536018208 -1879.2799481045222 -1694.6356194222462 6610.393124439528 3554.5433617029958 5336.666398712125 8246.056020621389 7500.155735659006 9393.466270409623 -4772.924929940033 -3771.912192363853 9804.09360399919 2510.0015543972277
-7446.433713444978 4438.032039321848 9002.582942232468 -7483.778973647703 -2304.8686967308104 -9170.233253345406 3655.617595275391 -6719.1507789360585 3399.997401457469 -1824.674778386122 5984.72821826086 -9236.156210505254 -7843.008617630476 -3478.651351383306 8426.952830551501 -1587.6729868213843 2681.612054101359 8620.117909200639 -6220.31098102861 -9888.189318577031 -1277.5036988863303 -5380.81289248666
2880.426226175812 -87.13868529507636 -789.5078403170537 -1841.0447582335255 -145.07743362336623 -7538.940365311764 -7420.025936050767 -9381.33966143392 -626.3596204365404 8823.402042450853 5679.567214237919 2861.818251704386 -5746.113689373879 3057.856511134385 902.1910675739236 -3111.7133067380955 -5462.055235360268 -1691.9653017913424 6092.154236510629 -2402.36484737143 -9470.014837409188 2223.2919282831517
7781.833287748497 2703.5181209812617 -2274.6946316048143 2545.7492617831886 -9753.921139931428 1554.8917622789795 2129.4620901805956 -5183.894674111875 8461.939616504336 2887.0440243477824 -3260.0098325863237 347.41360724401784 -4069.7645615563524 347.0708046963391 1814.3209646547184 5050.217392444409 3624.402574389671 7889.128930012801 -7018.940925820705 141.9399138705321 -6018.9669526564885 -7009.423788419454
1027.8750831791203 3150.56364544823 5800.258453109229 4860.214181280933 -3536.4886738629184 -4081.4113878010194 -3807.0521028926833 9191.490171940055 -8449.181410454239 -5093.435979926478 5088.844364619601 -3685.4932850413743 -8452.605885254996 6043.915519510192 -6453.542692400589 1749.5001249305933 419.87945783282885 -387.85854327589004 -7734.699101691336 4845.336674986875 1679.347451883279 7043.988943930301
4006.2520353489 6853.69725781363 -363.7973145215583 -5180.814736764217 -6221.0489244026285 -6698.658703894975 -8361.79355341492 6930.216287971041 565.6380099068083 -8449.091367778667 -4961.299105009422 -9230.506181896075 5084.0413751174 6684.561358777497 4078.378766867434 9997.805584254547 6603.63659699275 -6009.790291729667 4962.3772911035685 567.8939933060228 3005.4182541554655 6909.671875510969
3839.8487116370034 615.1525185889241 4331.451272184266 -1145.8521414308761 -8998.08547955513 -4164.002146429712 7980.678667474571 -5078.0390624679785 -5709.968655804214 3351.512716751924 5669.650583758099 -739.6063391184744 -2231.93304524417 7986.479926215612 4020.714242980066 3821.082956974129 -5854.7070777667095 4809.900012691332 5093.321744580317 -9265.979340450955 -3549.743943362798 817.1794371635206
6658.9224773364 6098.087336999937 4317.413647702015 6352.744677645393 1398.1777897670454 -1627.5440189726123 -7436.415029149168 -4000.898229328178 -7231.187247022266 4166.2090337413265 1914.6518357783152 -4376.790695490742 -7395.061705287713 -1997.898625830705 -1348.1027824955727 5471.897565314075 6128.216383909003 5144.671190687821 -4979.921306900028 -2700.7169428610523 6612.435041000856 -5532.529504545749
7570.370100888544 1811.6561660030002 3266.978734989345 9433.841612114022 -1707.5162056664067 -6233.611586024617 -3443.254570691789 -2975.1192374604307 -7071.24320845679 8508.167053137353 -5012.586424603463 807.6071380762914 6717.003790626815 -9932.991823610724 -1556.2559486380396 5636.52513610134 -9656.005665181016 -8497.771056681242 -3156.1089388838373 -3845.5774888452224 -2569.851503308755 9355.19103880678
-235.19956399738294 9906.831055051869 2325.276645750231 3089.7233775656423 -8453.337636926582 124.41908517993943 8508.673259441122 -2526.352699902088 6754.391779181016 -365.4383949820658 -4942.867276381864 -4811.579904360623 -169.14812527973663 8813.442913641782 245.43475236502127 -6782.966118676241 -5424.417595045213 -6308.42059768542 3670.5217841558024 9959.738793429071 -5510.361810563806 3470.409418040421
-8785.725964944986 3553.8437658617368 -6289.416618901242 -9928.24953813561 -7200.436186497467 -7427.51660937566 -346.10739991554146 -5021.869985093861 6353.1006846368255 9286.922866362147 909.4006320993194 6947.430051137762 8668.173366722705 2161.6405199413894 5496.221829529901 -2281.8732436790006 5418.209007816527 7264.830773600599 385.320277568042 6888.4667834466345 -1743.8258646810918 -2436.824719688251
-9879.283819585586 -7129.31172041263 963.5799384660477 7229.163655701217 6109.588400469145 4840.001442878876 9151.631310076125 8776.86395262022 -5219.973372536566 2584.0942716890895 8193.37886291304 4922.790330077833 4698.743945924927 7126.1183448376905 -7969.732563790164 -5815.00338567046 -3472.4144844060193 -4551.38414213567 2127.2605714466117 -6353.475823103452 3273.789375950091 7029.644070792772
4993.421278961776 -6093.070061785847 5109.366924538406 -4229.15531953852 8.287803565193826 -4535.9942245715865 6871.870782206406 3838.203687165549 256.42164615097863 -4330.808693481614 7742.347452888058 5701.985250651189 2450.33873100651 -9373.6648795749 -5719.859292446916 -4134.677239906666 -3952.5317496402176 9120.120991878011 5964.848598878825 -3846.6532669686694 -6461.083341319356 -9670.191041024642
-6997.279698540764 9934.86972073284 -9713.345255884518 7006.83883968505 1031.325208712 3015.5991179913635 -6653.517342059916 -8560.405862430642 9142.711415257316 7093.015008968403 216.41687073555113 -323.6469835283606 -9562.372999954152 -5826.269926565006 7985.704202101395 1592.2787509596328 5663.145653652826 -9662.322841332681 -8228.651803456403 -7895.827770040091 1609.5389712328997 -5596.192210376154
-1704.5526342727553 3768.289885597249 -4560.540363593246 7192.644359935839 -4604.3460156209285 6829.92016694936 -5280.714906613799 8290.194487726483 -7950.456659470199 8245.931379225854 4534.747145956517 -5588.630406658568 -4982.917150143269 -5080.86707958929 9210.094751911467 -3572.082956329883 217.28954721539958 8610.153966767619 -4639.287396556957 5755.652683745173 -6005.243964168265 -9926.137847361066
7799.521240191541 9677.275898855969 -557.082093760313 6567.533207287612 4074.742614571065 4765.428112767633 5531.827361073938 -9508.634053458887 9635.771408534667 1415.1703578816832 -2336.000574381931 -3121.0141632697305 7350.122727080936 9260.08875334344 -1988.760561502936 5765.552215740261 8562.662825731073 -8914.381247449488 -5115.417782340901 -6940.896998386199 -5982.193241867795 9542.523508700626
6338.910173930426 9151.342552928902 1704.4313704599408 481.7776004520674 6053.628769643539 -2003.2132364660947 268.30991279275077 5205.821953081813 1794.0530349913406 -2670.6201500852567 4934.30751049953 1912.9207388479717 -3529.959731645178 -5614.3206137845 -1977.033894238467 -4919.002054404617 -2579.19380057297 4074.538020781707 -5667.8843612736655 -4724.718150104896 -6646.497055234992 1483.2939632015477
9049.716739111387 4858.649594213664 -1873.764052223787 -4879.372079975115 -2242.619498399061 -6392.812190742363 3403.403445196185 7345.491716440229 3291.2514378253327 5203.419513333447 8242.912009185191 4509.5683450544475 -8033.123343197086 -37.487689787780255 1840.0751995241844 97.64876644690412 7190.331944105834 9669.092532283175 -374.207278371925 -9501.00787456106 4476.733863474779 -2732.3052719260095
-1077.725386832275 5808.70380647849 -1389.1413315640766 -1826.2882593313325 -7971.831533531579 -544.6527519277388 8392.341958189765 -3149.5957497469517 4721.141763389374 -9132.129770958985 151.3251854288319 -3728.31722444946 1187.1804616997924 5412.918726546393 9606.644824077604 -189.66821013561457 -760.4473732815804 6547.681124836214 -6363.26204615455 5597.411452564265 -3905.231388616834 -9840.593235443532
-1482.9357233571536 5889.516346315038 -7001.887375018958 332.36190251718654 5773.792583886958 2305.748727624341 -340.0806507329926 -5666.203625909325 1680.2562505200167 -7770.975919527008 1791.1153953535377 -9476.537185745416 -4433.361459183782 -8465.944411161352 -7142.039243752407 8275.711441608579 6646.328776165752 -3430.6819702265147 5972.595554479261 -5006.715382460973 2706.5274842550116 -5653.530001349282
-1289.3280444973134 774.3664768715589 4200.602633650731 -9706.224395789939 7485.738319070617 3018.805048560582 -1594.0465137771662 -5730.156692327099 -9001.981791385919 -1336.9008127977086 -1793.6718024689999 -4210.150964541955 -4876.101972197184 -7695.640525346287 -4637.025284535012 -1637.1095329104319 -7145.891469795179 6303.5324503859265 9784.506108958794 2669.8803902453183 8746.355155946047 2019.9812643763435
576.2387186882625 -8110.527903098444 -4078.1643960592073 8862.617522833167 4134.372758883865 9754.354558876079 -4926.993955652521 7752.830165864831 7973.7692360416695 5642.069249377622 2906.0030102649325 -774.398807953954 8737.915537501878 -729.3818999949963 -6899.48642925011 7098.236513086249 -7391.682920596531 6070.849737673518 2965.125327015983 189.37773830568403 7906.715516370685 -3830.809773685158
3241.4119759832083 -7488.4441803566215 8928.467334104145 6514.368086874449 7901.095965378077 -7096.355842979156 -4939.042637041462 -8708.625189509608 -1788.4254543277184 -2025.9235561019914 9472.266067269324 1037.1774747491527 7327.593147175081 9288.351869834289 2643.0440151472267 2881.0326685657456 2997.6037527085555 -3039.187957096181 -7677.59349315718 8397.707822396402 -809.2225803129131 3564.076362763153
1 22
7406.482525367021 -4671.787763551225 8223.252987971566 6825.487116134609 -2289.1554813411212 -6946.30625448484 -2717.203895167626 -867.153774228751 8670.723644904294 1325.5503705831925 9718.589242573133 -4253.799766796469 6614.822241237274 6521.332461584923 4229.470374073699 -1073.063721565626 8706.644413895046 7157.996121140797 -2896.1572401648364 -2833.5413328726445 -4015.6987250809025 1803.3584716380974
