84 23
6098.69811920664 -8622.806807357872 -5171.495383747296 7189.172789743861 7937.675724825396 8900.464176067992 -2536.572403412294 -4998.1703114721095 -7824.58487968111 -2432.37784959514 4055.6768648754096 6001.357661113798 -9458.737806128194 8137.5821351940795 -5003.785837130519 -1318.6046192334015 -900.0005235177123 899.5893547608703 5447.35452795705 -7291.177191028953 1148.0076410429847 2021.252121434316 7117.34556813585
-8030.269528172517 2282.8644556099134 -5314.92386637785 3097.3044565521413 9916.595249612194 468.49471306347186 -6380.316954862008 4518.398116927283 5479.274370745681 -2321.814127762221 -8408.454101775942 916.3136858901671 6376.9950076704645 -9164.149875408879 7137.988981145867 -4141.411728317295 1745.0113453280155 -4689.119151109864 6211.229872916763 -638.568427049302 984.4523204167908 9018.609014933641 6534.683635734105
-9811.397003590959 5390.995354378405 -3562.594203922895 7328.743286345583 -4070.3772063115575 3664.632952469483 -5347.123780887244 5265.364256558858 -7900.363033638414 1875.5089833648617 6106.498581213569 -9459.282112582461 6069.373966346708 4785.9460398876545 5140.6104919378595 -9046.677552941572 6850.505932940261 1869.0269973936174 3914.838280860673 -9559.125555231665 7848.26862252309 6769.804567784282 -9451.426535525141
4331.739004077404 7169.12434407949 -1169.662678620769 480.39095746723433 -9474.459598865658 -4671.002335543675 7293.585470685488 9087.233276665145 737.1729833872687 7745.293317717718 2814.077901995177 5205.95641528482 -5230.579573011895 -7787.603355778032 9657.090310093608 -8803.243232193181 -6103.803753966368 7020.037109920573 -5438.511887113007 4425.693423576571 5814.277808238596 9402.422763478418 2364.2211087910764
1154.9719870293811 -8777.711239881417 9533.481239337263 -3067.0170373137553 2415.140756228897 5022.8148908702005 -8031.437417797689 4727.900482231706 -5188.847788101216 9797.547876447788 -6927.104741156116 -6553.117383101739 -2676.5854313274185 3811.1358992860405 -1407.6556422763624 1245.4782086264204 -9136.730690223345 3915.5416220086518 -6079.867366829423 1989.0855879719202 2235.5068673023798 9268.565060698063 -1154.1148364680903
8858.017638486923 2731.336368687138 3272.405590222452 6674.5633694774515 -3708.096458570775 -314.9027133279578 -2060.51839526799 2389.7015646803884 -8945.499408986412 9277.048254208406 5862.0170891534835 -1643.056929149394 -3580.51635786093 1805.497613374504 -8084.129170037124 3021.4643033565626 1005.1154188182372 -3104.094302632894 -3898.7474566855426 -6052.350890162133 8678.93488884396 2168.9617990059614 4658.036490790379
-3050.082594379588 -4188.939294731908 5855.1529587838195 -7347.661252125326 -1650.0248471079922 3376.4504621650776 -2164.491552307535 -5930.457528271667 -3864.2024321160325 -9987.611150393159 3095.09476554462 -1006.2132712538933 -7673.396179800855 -2407.149548758667 -9130.06042173264 5254.186176542105 -7037.873366846854 -8284.186601943846 -6577.236512241438 2143.7092820312446 -6826.288818829527 -1622.9009553401738 -7411.592773152081
-3736.794030415367 -3084.792979632449 -2607.610810232919 -1702.958929830591 -8164.460570006153 -8069.961997424663 6351.367803505795 6421.2227341901125 2354.340339432287 5514.4714529388875 850.2159069395948 4273.177497197677 -1177.348859378626 4354.879246460865 3017.1013428294264 -9657.660761953275 -3518.030178692661 4716.811844238988 -4953.015901510323 9192.001045835685 549.3209542105287 3376.246669977274 -3139.2807608586245
-1658.9622466390356 5937.133132047546 -7538.842156084662 -66.76021389766902 4768.899875037148 -4011.3300735169096 -6469.387050900652 -5455.349571509111 8489.842098703706 -511.6865095201483 1266.0245059230292 -6105.0524981487215 -3094.872190146638 5831.924207910721 7640.733654341646 -7438.650410727956 9105.559869694596 9290.884448242308 8894.287944724616 -472.0343274660281 1178.528578012596 -268.09348321321704 2023.5525723567207
-7555.3207734441985 -8337.362483813307 -185.9196656146487 418.7722600444595 9589.164384293606 5182.058994072995 -5239.168892372588 9003.284078252967 1294.7667629266489 -4916.050703290269 -6386.75851922111 -159.39508710490372 -5322.654742152857 1768.298901776543 8542.672337908927 4007.8955557946047 292.5477856872003 -3753.620986768542 -281.3428607478545 -6625.00109401833 -3681.837890041431 -6439.4745286952875 5882.55098759437
9199.63594164465 -464.55404131631803 227.72878191926793 -7858.792486263995 8973.085206385229 484.0443106413095 -4281.8006546754 -3675.566835308461 40.22914374317588 -9737.458470469372 -6498.966604030722 1681.6282423879984 -3583.4041075353507 -537.4646896385875 -2722.489789138278 -2110.368078000606 3315.3086186797027 -9566.97847965187 5531.749737935583 70.35328479728014 2134.8249360205537 -8827.623728036131 -4095.9933322980805
-5065.352178266009 -3196.4904872307006 1918.3426341873073 9260.5561563575 -2232.9618898441113 4278.343292769507 9988.433883455375 -2849.455793182203 8117.021593375186 5927.551822524649 4814.158487998779 6413.165123895858 -2646.9735080571736 2621.710835859556 1805.842192820668 6342.589375950112 9787.795934473379 576.7630558530454 737.8198665773034 2473.301524343564 9682.731915852579 -4842.425209962691 -9432.127721300556
-5515.9509823542385 9970.00096039271 4937.513108732945 -1691.2064269198218 -2573.599381572695 -2663.4462148458833 3651.895379117692 -9262.582198717084 5190.40801851236 -3110.079823389633 -13.392337465264063 5726.035251472504 -7258.357528464183 -6362.467302561541 3722.8479994176814 -7587.010583001105 7985.09603332555 -2708.2352390602327 8603.132113770444 -9904.459959199718 -7542.391434753906 -3609.664512617499 -1984.3481201973746
3132.9061642445613 -9079.625495210088 -3530.922343627618 -2114.2078905165527 1989.3274460827688 4957.350797310053 -8818.97908741512 6824.1789878281925 9898.198059458988 -1226.1053221696002 -3269.4512445431155 8343.54853324376 -7766.329224078732 -6095.854953323962 4810.369950978289 5300.2157888316 -5951.388062181115 8158.400488803942 -1979.3128313621346 3479.865843456302 4622.687317242053 9562.314868921963 -7962.778317160013
3765.6331596856216 4892.897930417708 661.3837705217247 2212.471396471905 4305.292524530296 1058.8993908281936 -7492.110607703904 5161.55144197606 -8897.033790253196 -2539.974002406291 5544.520460820508 5016.67181662355 -379.9827384481596 -4938.044352755311 1324.5676871670312 4371.463661097299 -5421.083607303474 -9275.319936631648 -3247.130587723741 9599.088266125706 -6118.450016830763 -2095.5810661097976 -3974.058499218436
7223.724629195571 -1742.1968838907778 -1447.8938316848416 3756.4676050298112 1879.0427538575914 -1099.3386468269036 5588.996650637742 6212.995143168759 -9360.029547531643 3760.0100638017648 4110.2076963926975 -9834.232171314938 -7331.559034756734 -8236.802775146323 -8686.170067563071 9768.282198078163 7303.529360832923 5936.645149199099 -1675.6916710447258 5916.697736720844 -6675.307474605396 7501.6368667955285 8080.425422588203
5439.303285074964 8636.569163754339 -9043.439053175161 -7326.6358672841525 9819.891327968595 5271.876540897345 -8458.389601493916 2657.0335082291967 -8422.483850895856 7652.835280052259 -6968.813437406976 -154.3050240949451 48.64992566531873 -2549.7951705961405 5240.659792863449 9692.42096985628 1056.031121432472 3966.625255062794 3208.686934722413 -9952.786786820447 2628.5137814795326 7644.558945676952 8533.401153379527
-1365.9220546391207 3226.229996886572 -4027.1566413944047 -5604.513543083373 -8601.14459655065 -9033.13771150068 6774.15431894362 -6666.4161599894 6979.314649874756 -1536.7655620852365 -1831.9014959289452 1942.3003860547433 -3536.1458481020436 -8556.677895212428 -1827.3403676647204 9930.936754544295 -9785.275614340266 -2617.386021965107 -811.2197180884359 -1742.8394852263682 5124.319606243907 -9385.17637915099 -2308.2703659940807
-5615.2624287461795 -447.8278963381126 9496.522678333524 -1440.6347737535489 7879.728561318287 389.8710803378781 5796.143327650869 4507.773169631142 -2336.1609718475493 -7165.035570065937 801.3507608913678 728.4799958797648 -1839.674333050947 -5518.046728341028 4447.467278661787 -128.78750282395413 -1421.6827975612487 6167.96439782561 -8620.056754149336 -1747.9416986684737 -448.96630400243157 7539.067931813544 -3563.3736162306986
-4546.048081089251 -1863.2521359947614 -4063.793081344418 1088.0291824351352 8612.868152925581 1348.3495631918795 4500.461656226633 -8676.753644202965 8823.153711249106 -2766.111265929463 1726.5146606478684 -4621.664372315526 7988.5584676855 -8226.170467797252 3756.694582575721 68.47185353883833 -8674.304120885832 -6323.57934903919 9157.60722825148 8967.359336155136 6266.834022200426 8881.1637385291 5458.9884735054675
-4326.257888030156 -2902.382276662157 4681.0528031934155 -1826.4816949249462 3035.472168179207 8550.782919534708 -1684.1939549080507 -1009.9192164241285 6750.931560728521 -429.43525049982964 -1927.13768058179 8261.864806679729 5315.480990370463 -2504.548469760921 402.99984270798086 -7933.985447130157 108.48413943898049 70.48524199419626 841.1585843219436 3292.6334695231035 982.5102030900744 8535.607016782778 8189.332540071962
4717.179738132336 -1669.0258384826739 -5356.991553669881 9221.016758719281 -3556.5621880002764 -5230.651276146398 440.4995051874812 -5865.8191937015445 2177.3787959102647 387.1063602868471 9197.248896582176 2278.203048335865 -9426.457826729835 1225.1587300703832 -2138.239716752035 -9748.090516821601 9505.638854447137 8619.58108913821 -3662.1983319537367 34.259049764668816 -3695.080355266571 -7155.386752591031 -1535.5694471670686
-892.4444712452823 -6170.389106953105 -1768.1610973367115 -7058.712593766008 -15.971673441639723 -3170.643057575895 8073.618600719175 -7141.992691348762 8478.606625877437 -1539.2191093460897 -8508.197529516461 3755.8757866212527 7566.138277075846 -2671.4661972745544 -6937.011429506052 5032.319884602139 -7931.865495011505 3448.364960375611 -942.8487108033478 -3656.5852475070915 7783.572792442141 8809.403056198287 -3416.8911868417754
-1930.9566205080173 -4911.474438652872 -2112.9369853545586 6013.542029887247 -1652.7635015003598 -2933.0565709969615 -4072.8918357662787 1457.5101813626861 2110.7285083638544 -6215.048126174607 635.5642522279995 -7480.75963392059 -8902.637791368757 1168.159044753551 6396.808514247401 4301.529900973806 96.88165919713902 -1412.2909552641813 4959.579948645383 9000.529069657307 -5537.457001065835 9847.467407207707 1856.8832719722159
-9439.59000608556 2316.787582975454 -9612.009123532644 -2013.5114769010506 852.1646882424175 254.22766811036308 -6858.767814888968 -5958.876320617967 -5296.478475102424 9028.122379818338 -203.87986367574922 -4810.511044535797 -6062.505308088104 -7274.138971002498 -6063.876613193817 -3430.869990421641 8325.910749273065 -9354.27582279827 -488.46174073541806 -4122.660867888417 -7460.884246340962 -9764.759775895896 -4392.228686077148
5315.87341646323 2539.4265885137665 -5736.179378463755 2785.508512765855 6092.744419045097 8673.304544253064 4524.043078636902 4653.18010992362 1079.1126881220498 -9775.680632441661 2838.115646721586 -4043.782748536848 -1934.3163022835033 -727.4540931128086 8595.252126006813 -9634.631683892083 9322.571153946978 3685.39035874018 -7294.439021802257 -7767.747569734018 -2832.40178798752 4536.640650857702 6407.035359050402
-4934.546410077649 -5173.790027746825 -2874.455362360819 4945.194952122885 -745.3623099301585 -2957.6625343760397 8022.417230750307 9438.692079400793 6060.162388464201 -2335.9942320264418 5110.804456718995 3732.366188312155 8838.691510374498 5929.22071671043 9301.191986013022 3023.930244593488 -6294.693853289786 8025.937877651722 -3075.9062673439885 -7872.043468969154 4151.246065274772 2207.892428536328 -1724.4022098578553
469.15350857120575 7839.951741223005 -5742.884243295456 6934.263698729686 7027.693859540963 -3325.358542503207 7732.53223822813 -4260.43672595859 -3680.814751018979 -7160.660496995539 1925.5986975210963 -4826.274837975224 746.7203189327611 2337.9269734595746 5966.441532319484 498.79606858818806 8873.463461912688 -5138.198399033198 4423.654250906417 -3224.2941153950387 -2370.4170522014856 -5451.329839821113 -6413.964069196642
-2653.094205865361 4711.255366974212 5200.6073845532665 -7027.822676958073 5685.440622430664 -4230.035434094099 -2373.1572563987793 -2191.5706585618145 2081.367452798113 2006.479197442677 -8689.739445366424 -9998.173402833763 5907.7725714555 9502.105205222986 -5110.760235190331 -7477.301342446772 -5534.685387723699 -7909.292710042766 3781.763586869978 -6962.308192696527 -2398.1603853140477 -2503.559569421721 2392.0541609822467
-9203.720966701858 -3840.656417284962 -1081.7207202891295 5913.484190633564 -5908.495539759833 8620.310215520145 -4687.115259548335 -8336.24425323855 4270.553533602608 7369.701032478642 -3313.8436466453977 -4137.904691150403 4921.6265637567885 -6145.573540167139 3065.507445317713 -342.0504188961786 5264.5270586904935 1899.0592085907956 6239.68926748631 3730.3225871415634 -1403.278944300686 9114.979695853359 -3376.160883181922
3150.121585951003 -9818.365590610783 8962.839022106953 4046.1401417855195 1750.9747474058313 2825.690604706122 4846.316166596862 -6618.073793241517 -5182.115961085438 -7849.533330051227 -528.111261902739 -1787.0132451633308 7444.719401435392 6701.386169880479 1957.5186493134006 6401.654856616737 -1960.374344582132 9272.1742405166 5382.535997110343 3018.8991893827424 -4084.1768952645134 -7970.156424100008 8805.196466783706
-8846.765537139689 -7968.507944525702 -1936.6262578407059 -913.4558435309154 2455.394875937787 -8494.313759474195 4855.231570472091 6714.323972729337 1094.0569343240695 -9054.046120194182 -3437.21121094144 -7354.270234987108 -9346.192181706558 4459.359266421503 -1301.7769466011214 8211.93297428815 -9780.832966043376 -7003.024491228016 -5945.800015646892 863.5944835593564 -4005.229640636665 -6100.85201030912 195.73616824465535
1834.2515878890972 7648.959268577521 -3805.003443750057 -6449.6605551205175 -4663.81948551333 5181.951127362092 -5281.587146271109 9614.48170485461 -6138.263821523882 -6305.787292571201 5862.599296947226 -8651.105426857297 -1170.3066719736053 -1256.1741388105456 -7622.774114461357 4519.281838609766 2052.166862172071 -6277.090000667096 4151.99788129688 -3455.2375143691825 -2999.6153701520825 7840.135189409491 4882.342108163968
-8416.338935381189 2924.8282255390004 -8031.406056714881 6882.470918075651 709.970647873155 -5284.323089282803 1535.3860638691494 -7815.445508936216 1838.29053122605 3945.980296569289 7441.022113761657 1001.7077287291213 1432.6657480625763 6437.390822610127 2860.612313658976 -6561.617731962464 1530.7206035554482 1219.3525179423796 -8050.5940551312 1098.6814238509378 -714.4486159543576 -1695.208441904193 -5829.6427622841975
-1011.1282943838578 9469.90288845182 1699.458394736681 -130.07012423263768 8943.588468558475 -6678.916063447605 -893.6154621244641 -7782.096208004636 3793.0350491597474 -3464.8143249507957 -3900.708794174643 5100.70752967812 7062.136427178975 5211.134523699002 4026.1218135591134 -3823.8810480255925 4059.032666113395 7602.515429761224 -9605.467217509125 -279.9075108871948 -157.9884091670774 -1502.913569424376 -6762.870487402877
9068.8595851699 -7884.888948139499 3572.01027380867 6785.070227218039 -3587.403646959395 -9892.752816145432 -8049.32963239653 2810.2122396654304 -5514.12852181717 4664.682538939904 2640.921420111761 -7114.525061573704 -750.2638388554114 5226.468871857362 1175.4585700302632 4559.222181007377 7645.500064647145 8461.590186642246 678.5216811720329 2231.1590057452486 -1167.7203778940784 6246.948100401954 6928.914628857045
5414.920263643298 8864.244155255525 466.7052558099804 -8779.466221134271 -7374.671153893221 -9151.754443914528 3531.0857825775056 302.86491036793086 7254.312457159205 6005.913620145329 309.5982632657542 -501.7772900905966 -8818.485143289185 6527.941761528007 -6438.840600580842 2720.6238542667234 2240.267897867081 7808.3349764800805 7938.361379338818 2661.3730903600426 8930.66527809656 9539.014122431734 -9080.689055040037
9930.620175837721 6342.46646449957 503.25354291756776 7686.855903757547 -8697.303513810271 -9380.44359814939 -7834.415253684107 7915.287680299989 -241.54184705230728 5309.586659990677 6126.504423114973 -995.1183735705854 -5369.164839968492 3882.528607604181 -371.60650659327985 -8990.647998426604 -2505.697517764871 -8655.323255575207 2131.049807341129 -6626.561284771799 3291.13116669173 -7988.034719852999 1314.8702540688646
-3544.5399192730247 -5212.486630626354 -270.79539289607965 793.8237801774158 6657.815219496537 -7233.660054303986 6891.251883610697 7753.301083506667 2063.6036479353734 -5010.372659475586 -5313.528907778477 6469.460363526301 -2937.278649249053 -7052.224638561708 6257.9107581263015 -7015.834407423534 -3021.088322306886 -5719.714558750346 -3950.521771781002 2738.625245580857 -3172.8083012825255 -1060.5245607935522 7406.0324898782965
4821.642399652703 -8157.380786435966 2577.758428396306 5685.225876119004 -9571.435493091329 -2491.368220138237 5336.196245363704 -2152.1135094238116 -7696.685684364302 -450.7343122846469 3566.483171839949 -9629.949080218681 -9682.548592996172 8346.510435083204 1197.9668434154337 -852.4260643624348 4729.025700540724 -9424.197455702959 2198.277926498411 -6700.942232776457 2200.62116566395 6548.484631736639 -9237.134508673651
3936.3341961101087 3905.8332036432384 -7197.800684893387 -8013.873635540285 7189.527535259025 3462.528044535782 1715.4426464927728 -8711.12423036839 -2404.2710271832957 -5552.015006746189 -143.6900880652629 -1789.8397358967195 3322.081816873657 6163.873511414044 -2381.6139464843845 -5978.234847379317 -6035.500244371557 -6015.451280692476 9971.314384118585 228.89308380244256 -5023.739590635439 -8427.213864950096 -372.56452528061345
-3617.570176391693 8954.834838512495 -9786.830421171404 2324.1503533471496 3776.2877968844496 7917.836928072909 2509.145862768448 9231.103287007969 -2371.9141525124996 -229.35349136852528 -3790.1846877037815 60.85043142589166 6062.96248248078 8707.46943738417 -1603.0776089381689 402.81383793570785 1491.8102622143742 -4845.210019027133 -1256.3427027492544 7940.845803813165 -1048.3662577370724 -4924.254819731946 6447.411280684144
1155.690614002755 -6790.732411023253 -8420.662206913314 -5452.943088513877 542.8601613709907 -1275.726745990045 -7695.090821332711 2775.3433415004456 9290.303445288944 4911.941398057901 1393.5615251101335 1778.7682447352563 -9315.130607066101 -8740.773100029823 9056.675612464296 5119.551278927029 -1505.6613600679575 1814.6033548346186 -6816.28337617786 -1869.3395464993737 -5871.10288823504 7169.916149819317 -8794.411275572715
3402.3785012878834 -1303.7276235633617 -401.39772855798583 -1152.8475966095612 -9578.680675998303 -4126.576970965865 4768.101262394861 9121.351560244108 3761.527360301454 8524.379869362205 -5117.593026766081 6201.099867500172 3561.089336170897 5962.632210054575 -1130.3731896785175 2360.8576115351225 2895.444903887548 -9959.124407140931 1986.934844166728 -5243.735478666771 -5546.5986798957865 1289.3723872416504 -233.48968689047433
2148.825395283886 303.8855991126493 -9976.69944941317 -457.3993018565834 -7494.119845301612 -4816.377066257065 3201.7989568223584 9752.067669660446 3119.976953667221 5412.661898674669 7396.286162489261 -6306.383654452227 -9440.872010669 2025.5540146060303 -2261.5897961451756 5248.070966598538 8571.214272649533 8695.179092387116 -9884.668115412525 7690.583288181937 -8028.080929854072 -9305.339553890115 7265.113356713115
1316.5134508744177 -3957.71750734778 4781.184072903399 418.23408349800593 -2048.201762285553 4957.1944314031225 604.5239948172766 7322.00185510912 7264.107400332563 6647.378786770409 9843.793981884977 5273.67992275404 8648.92928840363 -6889.440539904708 2726.4710786147843 -2496.1497418509234 -8910.16598729647 -4759.474385297693 -5564.461582322009 -828.4679887506809 -2503.1991416341516 -333.4234882143119 944.9528061317105
-5859.863453528036 -9691.526694052483 9784.25463723781 7937.143788331148 4765.349260474779 6932.211371340465 -759.6837085634052 1461.3272808817946 -4343.609122740042 -2104.5529140062927 -9877.823293343561 -2649.267935659256 -3155.5694888339804 -9915.943135454578 -8219.811869711935 -3378.9604336503817 5121.730178102898 8283.006392416683 9633.938405553425 2725.592297771829 -4484.89761102519 1876.124849627884 7886.983679173722
-18.144046266237638 -9469.544386477515 4114.803706343049 8897.20669946279 3579.915306860541 5151.301752720532 3745.9117767379794 3038.8815644498263 -3954.1705668582126 2660.6854723372126 -715.5034638449761 -3645.9530573295388 -5130.099073200294 -8793.911808529223 6085.116773859536 -6354.321809435816 4836.603670118913 3174.923464701822 -143.41419786806364 -5940.852540436488 -3447.2397458989535 897.7768762216583 -766.4635006328517
8994.571992017987 9536.424288379076 2180.7921163857864 3457.162169711317 -3601.5320929837544 -3897.4306442963916 4259.648351521168 -7328.64749663716 -1168.2722647458559 -5836.623225592987 -3056.214327505202 4847.378541265962 1377.338082975195 -354.93626036036403 7106.188336023501 -4090.3914333859693 -1872.769816375694 1602.5455185977262 -7129.592544986781 6591.994151132778 5819.616890583087 -8295.444055847202 -1232.4374185316192
6662.697473536489 -5660.014859150045 7456.533169315237 9495.808073866043 -8076.495277256686 -8102.080334766004 6065.531898478352 -1395.9922316853717 2488.267380291254 -1699.4789234391774 6057.572086503535 623.6737465364513 4335.930344681261 -2923.763784804516 -2716.602549928215 9922.719926878071 3061.634523512301 4059.4000927563266 8322.344840437217 -6919.940882066869 -6233.4528423313195 2899.8389927645294 9692.95167813696
-24.318541261309292 -3035.009945399085 1716.8834466954777 1483.6110067746122 61.87753019428055 -3615.7244851763126 4618.2437650846405 4492.4060850545375 1642.317349730587 2978.50636273911 8285.227795897477 8787.83772870784 -9424.605949692872 4996.236205456431 6911.3241629603035 8044.321822258244 8531.669097525122 -9466.104230624382 9262.495781618614 1738.065369002592 711.496659794977 -7350.024030202627 2504.5242031886355
7172.565867507252 -5941.410864733669 -7442.830079441341 1453.0350756424832 -9469.90242267503 9737.343253528768 -8976.857266076797 -5983.037976212157 4903.537832130642 -3703.818743517595 -1706.7341943710671 5715.2417749117085 -7781.629814182811 -4610.488614744319 3337.4311570759673 1615.327253009351 84.81437448611541 7249.886700593652 7550.539908473122 91.11155633110684 -837.245304025686 6660.2956772272155 7466.659734542325
5053.650991520086 -7827.4524104884495 -3951.4209537996694 -3867.49714697304 3252.275582831162 3825.68734018736 -3210.845968772418 -6409.253236194405 4954.420065358112 -4114.430001181347 -3266.1612903543455 6513.735392444196 -2544.5032620491247 -4409.808271909923 7748.158151196021 6564.10338303597 2463.872086939871 4554.4936593843995 -2942.478395934285 -2863.6240397697275 9643.967936976387 -6402.183741915493 -4221.870175465785
-391.0956359384036 7144.583605255004 9555.102432788259 935.4115810342046 -215.1926859200812 8813.499048660233 -2967.2268722884355 -6475.709288349912 -4592.333914448825 -4077.7817530781804 -356.34613029019056 -9757.185162676797 -49.92958142813404 3535.1571436013637 -3293.5826316833645 524.5005720706249 4288.368442912048 -7756.8468264929115 -5156.007176910375 7804.284621337087 -2915.476250311719 1197.5858121485453 1193.2640605442975
-3283.424440818716 1592.0210832638022 2856.9044192017045 -416.2187251670275 6196.261570054199 -1299.9855926803411 -4677.0332631867295 8004.201498225593 4202.929463983888 6042.439316498814 8925.296810288171 1754.5210275514146 8830.212936661512 -2312.3710738784966 8178.444091478261 -8418.177722652586 -5555.314361963208 8199.888907901717 -7883.472824449307 4926.4690886034805 1083.038793583628 9712.692649320426 9553.945001008618
-8433.654897630746 -7383.422161485983 -381.90421135354336 3849.2868561278246 -8394.771603287843 -5542.083841344065 6298.81922281438 -2248.377404285804 -9235.593147214217 2367.6139096107436 -9854.162848577866 -5630.092732894592 600.0400906435661 -4382.387238146368 -4295.0432535997 -6149.489641570432 6762.814228671508 -3420.540772733083 3794.4494393191453 -6584.333663698454 -2864.7939076337934 5701.608705754961 -5626.059728515571
-8734.17614741969 8820.213520345354 371.6192402137567 -3347.232883633913 8638.984779975872 5.77142467865815 2172.06996653669 8212.02988540128 9229.896007189483 -1146.5062788727282 -8966.04852413309 4460.825858969327 181.25287404696064 6780.628311575034 7931.545761798559 6087.867046591695 6232.7272310662665 -4359.443639960494 4292.010304087156 -5407.406046869383 -9796.499479256661 -9375.68514018768 9770.457310972648
-3584.505046792683 -9357.79338541126 -7199.026220720198 -9111.56958273085 -5439.098552074455 8620.172563394262 -469.4788885746784 7164.191526955921 -6229.488934786289 1162.388940372457 74.36202520018742 4759.387024114903 1857.0283089181848 -1253.9064815200618 -1334.2674228852848 -2338.7125266782414 987.0618490055276 9744.888687493221 -4628.98776675464 -2942.907140667392 -8603.50110125537 -2055.5858826887534 193.44578187644402
-5919.710837353392 -4108.170244634768 4260.613352023283 -2983.2190712717947 -4986.347119411003 -4765.630475910141 2826.03406905024 -5163.636557239402 -6555.803328432968 411.94415872527316 -800.4846158065484 3096.661984658682 7070.550198391276 8090.37879888327 -313.09486560228834 -3707.7932354897584 5221.221200087959 -8795.716003629495 683.6058430101621 2911.348792684281 8923.612307574334 -8609.24765034446 2660.6670414798464
6949.990700716859 -6377.9826703479375 -1460.793758460326 -6856.648365972993 -5439.391872266006 -3207.9831832346017 -2087.0855377831485 4717.474020255186 -4369.19606381601 -3811.418503716206 -4156.113683157858 4710.319180908058 2791.966061491734 5622.871586164834 5992.147786382317 -1430.588031632391 9780.95670352206 -4161.6590384672445 -9225.925242134324 -8806.785448174714 -1885.271561837163 -9876.379967621811 -4894.670598169917
7903.089315153666 -1473.2473388135822 574.8845645954789 3875.580578907611 -637.0579305160554 5849.535136475975 1375.3338722919434 8521.673990504307 5269.773118024223 4389.272945392626 2841.982880471105 3157.0495439975675 6923.933338445284 -1186.7081240845728 -142.4114831729603 -1113.1649600128312 6594.767314910827 6926.75168391805 -3452.583517606414 5689.362353825196 3440.074153886153 6967.192431982978 7177.071974281134
-760.7399598689826 -5269.814544355247 4772.548826329876 330.6327594215727 2487.2074087578058 -9047.576209819454 -9309.596573622483 8067.418607913849 -1683.7349427756635 -2424.1563049202286 -4722.178331259172 -6508.419439419593 -4478.857209466684 -900.6522042905708 18.6820095700441 -4850.579682127347 -5232.157760336849 -8384.350942019715 -1117.339602277676 4594.640284482632 5032.621228870157 -2185.455788483595 7588.386220703564
6240.851938630363 129.48247920686663 -4510.718052963963 1515.9356115548435 2032.1395768174025 4494.142025220684 -4498.15030458739 961.0048846627906 -5643.873071695087 1950.583261988504 9769.382416551969 2985.807622259965 2851.3029868921185 2971.14301457456 1052.4267577048358 -9695.03111249138 -1159.0419672465305 1352.830832300182 -7235.1150667658985 -2463.2421471982434 -6970.245006536477 9559.88043830412 7320.194217075255
3143.1671657700062 138.55252255947198 -9253.530796526207 -443.9636904463987 1140.916589664068 5814.663271909882 1159.557054260189 -5286.954937543287 2470.21129689573 -5751.648186066831 4844.1772226075445 -6068.248714296494 6841.9306822933395 6986.726157866415 -6596.001070696062 -5614.353561729435 -7148.972238838755 9462.830599352252 -5935.4747750646975 -146.56530025113716 8305.81370486172 9914.78816717483 -6312.047741628288
-9958.301070908681 -4534.289268148359 7704.525388924871 -19.713490063786594 6548.452942787098 3935.436949481689 -1933.276811605906 -6135.9788936453115 9215.445598152175 6240.503222444389 -5145.963294803293 1268.962199865593 -9293.057298844873 -9950.478281539288 7279.025792536737 -6580.833539875819 1849.923257367056 -7175.945531954871 -3040.7046604143525 8701.27800596994 -955.2532212841052 3142.5997343144136 -8715.742651441995
-3957.491687681516 9131.884392181291 -3732.1012523472973 6978.48771040298 5683.520418795844 -7525.91146217495 -532.8131002051559 -8049.297112626293 -944.7440725222677 -8828.098048228887 2942.5740980873325 3530.84575579621 -9088.769845843257 -5142.511116222237 -563.1248555151669 8878.45043153115 -1830.1195710364746 -9912.620064316618 7872.878678858495 -8256.839226577444 6184.400649826597 8286.105650360118 875.6253966710719
-2365.439391815554 5177.360469977877 6709.238654544788 3399.6045771471236 -9167.042745970695 -6760.8032096525885 -9237.902691719304 -4535.4864319085555 157.12447803646864 1713.1180204508983 5372.524718146025 -9818.070833978894 -7542.975138506485 -6547.934541493789 -7329.121663966731 9210.491232946966 -7624.627110287891 -6750.974133163443 6428.67070798271 7966.06911973529 8362.032673938484 6773.936874224371 -3567.851073225621
-2805.73564295082 5685.0101228045405 1548.4329035265928 -5378.123003179325 -6133.222305771668 7796.500504683554 3775.867203262271 -2147.1360452206654 6366.808529612268 -8946.767146030368 8695.204788422958 -239.0832738624158 2104.7947236120253 4033.578860804804 -9591.716962972714 -2889.832850225862 5644.8302634714055 -44.579495041880364 -8520.91368965229 8749.472940977896 -923.3831031231548 9178.43997777555 3412.4439505252813
4211.000164870875 -3419.440870786736 1182.2972851702016 -2475.2061427463113 -3643.343657625577 -6370.812589137484 7483.08945562406 -603.1184709449371 -6906.542689657606 -1062.4712366861131 -4971.284075409124 -9048.834447581457 -4732.192352233921 3657.138816458775 3005.241536888714 2773.9456107138376 6453.675327503737 -2612.799182299661 8848.987145507606 -2312.3682087218513 5978.157851213382 171.19759626668565 4340.058138597262
5423.058981185219 -6705.061530937864 -5593.221310415979 5347.882404740905 -7752.8133301970665 -4848.122226023195 6932.341798386522 4536.331822723709 -1833.4745988529203 -333.8268534995168 -3319.3494817732353 -8637.102146392954 -9026.494954113918 -5139.852294690526 8319.851126892958 4118.666389968259 3592.116525028541 455.3520426322648 -7361.515587537555 5546.131234055818 523.9384375994487 -97.80801782583512 -5778.628372683292
-6630.198951994539 -6404.226191927462 -8303.265021469042 -8877.968650582188 -2181.7490441155487 3997.267308222841 -6137.204211865139 -4539.57965553176 5258.725412361218 -6942.88786148199 5921.602232597088 -577.9497740829793 -5093.748374537237 -4832.404937471116 5402.648798504908 7911.503898816602 1649.3366802752316 -1955.1827519804929 -9635.372461189085 -3248.9562361873814 6319.854776226672 9530.321284103593 -106.05603828549101
-8518.054272317426 -6735.271244365075 568.8093646132602 -9111.892771149483 1516.52631973584 -2424.099909274096 -5274.64053603069 2510.471319364062 9217.749567198622 5727.513109256974 9318.508341530163 -910.8538885800499 -1829.2661191633888 9538.468543563533 5041.3792537642585 -5629.302026183871 8030.8346289078 2205.3898938278144 -4867.7855544945305 592.6870313354175 -7383.186363112879 7712.550196548003 8751.404801520028
3011.237859450668 1601.5617102606793 892.8296689418985 -4297.054254026305 606.2029677316477 -6032.95980702401 -8393.306413584909 -3729.5516077662996 1833.2167543284431 2490.652809228248 -1458.2391146494829 -4939.368472497594 8930.965236077238 -7281.52199376954 1419.9404058937653 -2792.330509751495 2601.4188068577605 -6036.373482600148 7688.073141880777 7363.005972639261 -9110.0394530538 9041.299310293572 -5673.938929128261
35.11663333508113 -7244.731902771368 -5963.653398965365 -1828.632184609829 9254.413909767787 5684.856705098791 -4671.0572760558325 5073.670048968188 -2617.191759339539 725.5490801546512 -2574.899936849646 2691.096337125682 7508.410349478581 794.1910202428589 -4026.4822023548395 3241.0620417053997 2519.780307799254 2827.1077473628684 -5251.5131998892375 -3066.379642499648 3508.8651575932017 -914.1994817322557 3032.3154149982165
-1260.9710673471236 1140.032563069397 -422.2926177371701 3030.1538185252903 -7842.549878008824 -9291.968887459241 -9024.157112585339 -1006.6675394502417 -7448.538628639493 -2777.5773576944493 -926.9842590631506 5081.747352998185 3897.955962136304 -9209.131298832192 -2365.1477905251304 3142.855828300415 -4806.509342180285 1984.7800356988337 -901.9497842722194 -1545.5945392479134 -4933.924125918714 -1785.9066685206617 8545.392446139358
6099.8400029775585 -1532.3941215388932 -8238.875586782244 6564.961486924196 9673.989775039256 3046.5549390854976 2367.603895937218 1931.2487284637991 8128.323538136163 4683.4835853483255 3523.9447314942136 -5412.521921420414 4449.664541248532 -3970.0335917810744 -7014.755857481156 -4157.479303783373 3878.1611171256372 7286.430545529376 2676.5867788133437 -7320.305156301223 -4946.868229926405 -8726.222098043036 6301.093526678487
-9118.210809400387 1427.6793739850418 4793.954306463851 2194.532468918631 7642.781202702226 1473.1382872516915 7195.863004930656 -3386.984803295265 8498.81498363668 9884.483708019452 2043.9650358726485 6231.995208525059 -2440.5565217306794 -9485.636739091697 339.35038862819965 -6332.369912604814 5979.07025813128 1303.5076717462016 835.5085034751228 -2885.303966279498 -9758.219945816521 3909.025784592781 3422.986209549934
-3657.7108381278304 6931.517168107672 -8245.117803397248 4425.7072208814025 9637.162058503825 -6469.83231017622 954.5050637838594 -3014.9119781222635 4620.739916324557 4678.275276894936 -6188.387733578902 511.03801477870184 -2570.7702831077886 -5297.580205828378 -5804.832249135104 -240.51669240933006 -4614.280775812565 -9983.60712069946 2607.819016315254 8166.097371913893 3922.67201691475 9472.676751976684 2289.396727868232
-5540.098165614373 3018.3143450189527 -8562.530332512179 9102.037669047302 5021.3711980789485 -5259.739505429835 -3267.2348733615418 2252.468927971533 9374.1957433364 -6965.82206240318 779.5987263780698 3024.156298408625 -8510.051964390746 -6677.106396432426 -4406.238953773854 4318.242275557517 1510.5143113373051 -2935.782312225908 7043.698221128328 -1358.2063954313599 -7965.299098530545 -5546.375107470367 6634.748288925406
-2111.107791032796 -3872.697120917488 -1864.619715925306 -4587.911275210279 -7222.6070374745195 -3091.1542395097968 -427.82369428121274 1874.0144619294897 5096.272213619686 58.5412232005674 7287.483680376365 -3171.8047952164507 -6225.464686153959 -8142.816967248925 2935.6487265175347 390.8581389414394 1748.6874922331208 3450.3344122257677 -2291.338015592004 9727.064044481034 -2444.555025855655 -5456.4959177918745 -2893.0377306901773
-648.5176044991149 892.0587642630599 1233.1234363229578 -1658.6771380671198 6520.257638490257 -9345.725080621776 -8597.678636090119 -5334.925391446148 6635.561173127477 -6869.1165039990265 5062.1018933941195 -326.1761025687629 8921.713480891114 -5648.704357244043 903.3648551224578 -5105.266360428535 -8648.566221374513 1880.0641954337043 8369.41401886343 1364.4701014849088 -6535.511834375078 7115.324735841405 1733.3090046833004
-4442.319162590673 7486.5943182343 -3437.707314356213 -8423.54622201678 -1242.7922327243232 1769.7786635021675 1803.751453245848 -3624.1636749120707 1181.6949174734655 -6567.60047983559 1725.005174517335 -5946.34479988113 -7273.795945528076 7680.2489245543475 7908.363652604101 4556.1199151956935 5719.928906401303 4612.863629050429 2212.208511731309 -7093.893310879161 6731.461167659181 -5317.375754622065 9632.007438479272
3168.3050042893847 2109.439000833723 1585.3635183799834 -9548.873458644795 -8214.266230084733 3688.0558229190956 -872.5165365787216 -8084.639229173689 -4575.479371409772 -8426.291018782435 5070.842654903006 -80.58842168713636 2276.469543224526 -3363.1511391664026 -7526.000287329509 8143.277638018448 4859.030057039134 6198.384338983338 -9127.688772579173 7928.063297582332 576.2297042022165 2868.6122842268123 7128.861534447697
5138.653504880011 -3028.015424178281 4934.246771355947 5937.154628397606 -1174.7844375509958 5963.737403008978 -7933.412028086775 -9708.822503978356 -4208.119178467842 7812.590320087915 9441.560091909341 -8457.555974113806 679.6326089040613 3826.6102129962474 -1207.8592426136966 -8954.498015930414 8491.339075885717 -5696.835474785493 8783.105444562902 -9592.189939622309 -8682.55208465935 -2607.103954359689 7991.9874578778
1 994
8390.03894685063 -211.57828263375268 -6120.635735252577 1616.0776528541264 4739.7629004073315 5380.309447573536 9679.716227551457 126.22073754436678 -4066.758744719159 -2482.0319366070116 3891.1498634977143 8715.092723201644 -4382.252154288799 -8087.217880374677 -7384.915543448249 5773.565915875592 -8106.246569240642 -3203.173353741655 5843.645898974193 4909.972251622479 -7173.80308448846 -2083.0420266683177 2380.7623127168226 -5375.439385276226 -6782.255770957088 -8752.313444967216 -7373.585340292369 1087.2317615761658 -3337.330750058498 331.8668854434127 5770.038677280103 1822.9801377105196 4421.5102048117515 -4151.302910073547 -4964.42961854203 -9790.927046949339 6255.874150423002 -5539.630134512472 -8688.000444190093 6611.212606609126 -7720.541066805716 4327.519436034612 3869.3016508216388 -7760.968364552367 6667.950549117148 9897.922194437975 8213.436961565752 6649.650139949124 2265.1654517997486 -7270.624749462495 5792.3267619029575 -3094.1221839226164 7062.673071097437 -8008.080465312161 -1641.6423944846356 -347.27330808169063 50.213040328468196 -197.42234599407857 -4117.884431450394 4452.16222901105 8236.497331071241 5618.058031242452 -545.4045431903396 -8395.815689518156 -5359.064188001595 -7349.029287888747 -9251.53763031335 -2498.3973004153186 -2810.8905739041165 -7116.351582490883 7231.6963842819605 -5121.488829567964 1878.225189894487 2752.0737111614962 -6528.904591430848 -5295.79471430891 787.0411706131963 -1725.118567319978 -5595.170632663378 6587.268304738031 -7357.686539700257 -9253.086704007603 -5986.488858483852 8347.99097449678 1717.4319801105485 7606.201428800719 -5669.327384328515 -3336.080758512405 -2559.630264714774 2844.3891137568444 4991.128341854754 -2937.472452823453 2712.8005371120125 9794.16279551452 3274.8949803680953 8611.59143254114 6279.133291167729 -7953.157495997026 -4600.988883764947 -7554.119610136229 -3192.7906262308416 -9130.238768533507 -2473.5730162559585 2418.65480409084 -8684.402395171834 9821.955517354476 -3207.0263601247343 2714.373159482866 -1390.4516985499995 302.30181672441904 3461.8820582292665 4749.1928731692515 -6451.8054333563705 449.28581459078123 6042.723929677944 -4825.285830905639 -234.57043933416935 -7827.967704720848 2028.9306761941716 -6866.314728519716 -9019.014274076919 -7078.3660480240205 -3176.8825847266635 -9814.86815866854 595.3926529418313 -5683.562595456308 -9743.193745958499 9787.280951143202 5258.138116676006 5930.730974207114 7935.945025314675 -9159.085514106024 5029.70662547521 -6424.461206645593 -1032.7533322513664 5716.709028608582 3914.4642023946235 1983.7730844674425 3373.4228728415565 9042.355518906847 221.21389054198517 -5473.046943379887 -185.10463636793247 -9290.664191985305 -5924.924243962529 5456.897728825234 9857.11227115621 -5797.4883879809895 -2895.219631138297 -8404.090152049588 8264.420965227986 3894.097827351452 -1640.0822744879788 6855.337622602732 -1531.6222644293648 8357.915193030763 5022.030251055727 9415.316159318718 -3035.5071520043593 -3047.2814544967823 -2423.1084447940157 -1696.9387485605675 -1590.067248706844 82.5675504376486 5056.439646562179 -7306.955939494499 -9030.011808130741 4564.929235986419 5962.776723151377 3199.9818480277936 3910.6151826285513 1400.5483608845043 7790.190908187091 8949.039258296241 6335.5256676568515 57.32882956933463 580.5665504901335 2190.2914120240457 -1339.4842661781622 -7455.359751797601 -1867.3631919830777 -537.4291233847689 -7042.613982245501 -8000.470003009681 -5629.028856575757 -5508.940721376638 -1276.5538240433543 -4144.038633624842 3067.004662759986 -9996.799182675672 3809.70060644152 7378.767859979864 -6769.463543271994 -3828.5290501139225 -8006.124759825532 2876.013193054827 8848.404168052977 7264.416508634928 9997.480886766094 -8172.991443707196 8467.638336383909 -9393.301308378288 5232.262210797342 7436.099004457454 8345.690498977172 3924.53292225105 2155.74890113569 5237.360459939608 -702.9592285868785 -645.8308539146947 -8961.4450357438 5740.021774366045 5696.5603380432985 8193.001492717984 5225.623870393603 5086.478281259429 8257.38403102816 3855.382580058871 -3911.364224252705 -8282.135147021076 7519.996874448916 -6376.543101015697 -7363.4144968995715 2301.6725428085047 -1388.7745294131364 -2881.9622914848496 -2378.4287652384783 4440.920623583323 8470.398038531857 5078.590473778735 1247.5937701092935 -2121.923101848238 -104.21454880396232 1165.5114251404539 1291.1617504536734 8762.361964307387 778.6741852433024 -3153.530122449095 7398.104189331196 3354.858235834219 -82.05678811195321 -968.020496886822 3185.5590994993527 2924.288570596769 -5229.5227289236545 7044.21470457975 -1177.810391174793 7063.837188619778 -7278.671106048946 6618.931356935493 8774.887495579496 6979.185851056369 -4290.274801976803 166.91734501156134 -520.7986969121466 -2523.7029400765705 8740.275832470608 7436.923488101002 -7760.082363231626 -9283.935231825071 9596.2799753008 -9402.168354336647 -2542.319613199631 -3503.7794444179717 -7292.892179681563 -4700.513691841395 1661.6380783606128 -2540.167876613231 -8880.1707229805 8446.252260127098 1505.8278641945417 6258.872457054225 -5594.716994638154 3628.478822528614 -6731.328705495962 -2677.727344056866 -2348.1914675303115 -1717.2558950606017 -5.8802951779762225 1690.2876492153355 -5806.976874267615 7053.877135036459 -5528.1623539512 -8579.355177088972 568.4444671515885 8260.293698267531 -2655.524448220567 -7321.038068382437 -1666.2466502426978 3410.180344732138 8584.925216907577 210.91594672054816 915.0729332570572 4335.476787550058 9469.032342069371 -1829.5043608341712 1841.9089208551068 2213.7841722466837 5906.619994854313 915.1595462676269 7090.698993534454 4788.663545719282 -3380.2708941170813 -522.8636245960279 -7622.924235167076 -269.828767596784 -3637.8933324271866 -9978.195837855861 -9137.407933019744 2613.1779132550528 5426.043026256686 -6011.329917790365 6115.504694687459 5015.8028212855625 2726.488583283677 -3343.686023189598 -1830.4116490029228 -5651.853566796183 -3897.514751337274 1285.611395663931 7443.922531426124 267.29943260398977 -9571.006555867225 1329.5112913227822 4557.565933135729 -6737.697090494119 -9957.074866810059 -1160.2402698019923 -8377.077012904716 9493.599154517935 -8018.96300778679 -7648.29413602308 3632.690609360845 -1702.436629273623 3666.7646356152163 9446.233594533456 -6471.184754339008 6348.596133307916 -7850.462363529765 -5218.059425166657 293.0381066657501 -3261.346276981516 -2700.3400737797274 -3708.5619508672926 3327.835437886408 3063.803257871219 9185.7527570895 -6270.598241553618 -7208.769093835978 8776.00647927475 -5812.640816671595 -7613.234815746239 231.0251438228479 -9045.934502464974 -1427.2710751958002 -6148.0651379630635 -2166.5247163016656 785.6928694996204 -2224.7007035894376 2735.6307142400074 -3721.421927372643 -3023.4139703614264 -9936.48121188093 5095.217561765245 6130.206424508571 -7767.115586684814 -4764.024183364255 -5919.911160120603 6725.939344054666 -5720.985642052498 1715.6911617390033 9725.477587198107 5402.195779809817 1752.9121510321384 -2589.900533190639 6799.0703416004035 -3638.581444546984 3861.8251096130334 5680.544722907212 -2307.5169414440725 6974.812410853374 1269.8517448859384 -7364.677087099672 6073.5032342939885 -1625.0025986068686 5828.417972059178 4954.488309901277 -6684.302884391278 1854.654707529513 -2725.3694766308745 8054.913570305671 -4453.967697557077 -5633.452045362675 -6127.4955637477115 -3397.2622233606908 -8230.08828177708 7082.945113820297 1301.4419270239105 6594.205197882351 -3953.645512278259 7493.928709362142 8493.043921736014 3069.1224984508335 -513.077720207275 -9977.181341828678 5403.7259365563805 8371.45840228899 6669.502155099533 -3998.530722306057 -3460.372856940612 -524.4098324653824 -1358.5166494548412 8784.30467386786 532.2231592380904 9795.088979295666 5352.125876641625 -1323.6209072734746 3241.925730341105 -1167.2570491040406 -360.1304343535521 -700.8376522905601 -7792.873660178868 -2141.27358110549 3712.3823480209194 -5605.658854813953 6190.6059006709365 -3273.956914328369 -9311.688359380783 -3707.955132808909 -2015.4217842061753 6369.451365172814 -105.42712967869375 5538.8841764630215 -9644.27135225557 -7663.117543568647 -4654.5836176189 -2035.175465387193 1966.2474682421343 -2541.8403680232204 -3999.690483121396 -7255.247057929533 -6758.363075674416 -4803.156777071124 9502.896296925326 -3940.0404628254228 -7559.000113578702 3573.0583321417635 -8364.313709691509 2184.252156440005 -770.0744535668928 6610.221626141189 2230.400584864139 -7364.730232727823 5561.090549283586 7553.240365553433 9262.568654469855 9934.91806253272 -1584.291962744106 2959.8840125147417 2589.622580880585 4975.002303757297 4419.541461742887 -6972.53138531541 -7668.8944726635455 -3091.8375808220917 5274.797557706632 4822.453213517461 5188.093436311048 -8809.240641042834 -5060.18412341771 1192.6622137647992 -2358.7095805746876 -668.8977926991611 -8911.165321229255 -674.0812141999177 -3466.4484582323093 -2526.654931393772 3592.7061726683587 -3434.3390399440723 350.9302778672354 -2127.3733534843805 7670.032191529022 6867.60907598598 -5960.42869130966 1921.8289242628798 6740.836353990377 -9783.325354683657 7744.400470648849 8255.963967773347 -8940.527766615913 3224.774029686978 7709.337997037572 -8472.463348019719 2211.8172051530673 -8273.06136918315 2028.0102572189699 9258.13601636994 9071.898479864376 3230.162405320307 2857.5869412451684 8137.169529071856 -5793.597724281034 4566.954043787258 -2708.2229088395306 2701.5561729937563 -5984.335623870431 -8159.698537910797 -5425.604028743011 7505.118171739166 -8178.290512212052 -3761.507608312054 -2895.9122222697497 8621.349456870179 2346.187830846393 9971.291692114533 2513.31314121586 9008.779116149326 -9343.836173028947 -1000.6811723658047 1619.1624562973575 328.34621068222077 -431.4519247058415 7095.889721779571 -7181.529592553923 -718.5867542707892 -3098.346527739126 -2680.5941628092733 -6011.45145969654 -2524.938276779092 -8609.12061929772 -1588.7488491382137 3755.024975036793 903.2997710466734 1233.301399989361 -3221.2330739552453 -6930.002622895754 7168.667967843547 7340.395410658828 7867.961272175624 -6939.398806330941 1608.9656792783317 -5726.772178338202 8676.945935160944 322.49424135102527 -5604.106356299936 7150.1100796592145 2325.9593494033197 9899.5495718536 4052.3865143683215 -282.5394297751518 -8583.887975998654 6990.4365372242755 -3480.7850043751314 3559.5570657206754 -8125.887887415175 2821.340242176828 8455.215931143666 -7734.803740835891 3510.963405922281 -3059.890171321995 4063.5684041515615 -8072.358019469743 765.5806069814425 -2347.4151448533266 1322.1184299638971 -3610.787418838814 -9724.265475418066 6604.340947569177 -7861.325302613004 2436.4292796249247 -2136.142711623057 -2392.2640782852486 6636.18345387284 -9997.833688929451 2795.5709799304313 -5382.210389125177 4393.9316360217 -8408.360864725128 3269.127412779364 -8820.299744649683 2094.524292419772 -8642.667134989322 8510.371071524067 4091.9449057510974 422.82329847347864 -5745.87314275822 -293.98529175536714 -2753.7769850471514 -7843.358519933294 -3705.831071101975 -7652.543254738115 -2897.723204509606 -4253.644788601263 3342.7284722639088 4070.8752931167965 4531.049165171391 -1322.024351242313 510.6340022872773 3354.393783693784 7779.472062081062 -3732.2884293821353 -8966.498119343061 6082.937982695623 8020.028156137738 -5753.613479719153 4761.74694997002 1645.9459454694606 -7541.8655285537 -8776.927476326444 -4271.042321547271 -4555.645155766852 -9116.539204186609 5695.90105571829 -782.3116619735829 -7068.219056962288 -2814.118126802101 6389.407209915931 9462.479092813599 6062.543643013651 -8668.986837583849 8264.57295504993 4814.948563151573 -5891.105798355676 1458.571450523421 981.3535465775094 6660.038001465182 -6946.544291004271 -2457.896787569218 -2352.5352468084156 -3438.835380383567 -2985.2912638280495 -5578.749416827833 -4493.5784388262355 373.0481580876876 -6281.877952482153 -3107.670632142421 -8127.232710766008 -4507.0409027109035 8847.785879576746 6471.7694660832385 8877.268467036018 8412.809874871906 -4245.969067818698 7460.422168012716 -6755.410454786794 146.67272364191376 -2285.046587816386 2207.4859210725535 -4061.8573992160154 -21.07589099609686 4091.0650407881894 3720.5057832641505 234.57744387521234 1117.4277083436973 292.40182482162163 -4145.931339226043 -918.7981062755152 3564.3861760566524 1795.70956745084 -4261.566696439725 -8178.375091236007 4041.838480064809 4260.27370606693 2564.1764545060632 -2597.7105530161634 -581.642395772742 -5164.738478097915 -5560.779166475285 2132.766936939788 -8266.45799013846 -9375.606296769583 9291.21441958888 3422.664793146885 8316.84928704815 -3345.105765355558 5138.316697817185 -5825.693069877091 2437.657452814583 9628.005480775526 180.6790333393419 2789.3217501975596 9822.16000420646 6841.6546648396325 -353.6105225205574 -3463.326514120621 -1511.7686217098708 -2500.3892372335486 9941.11467085261 6521.089952031962 -5150.970315068684 4984.247965024148 -16.26987227356949 -7593.525352065371 -6390.383167871978 -8471.119015003658 -6427.425207048647 5406.296425334158 -2901.6182687480205 -8007.494948927964 4021.140218608436 3986.669602542863 -6071.823452231862 -6005.260978090648 -9732.593152164312 -7951.081903772352 802.1359396261669 2215.4338760934424 2933.0002849442026 3775.4560000799047 1235.1708296218494 8934.630183026406 -6526.643451087555 1620.1942114158683 9545.029450316157 1022.2931616241785 9938.116967363301 3593.722213980376 8319.210692149274 5545.413250716068 -2036.4717508447084 -3962.214184015538 -5523.218839402273 -1654.9899647329385 7098.136675131671 5743.35994341934 4729.283525174824 1786.3975434448712 8952.487750814798 -1050.2635478020056 5273.711671006347 9572.46470835491 -5012.545406176476 -4907.5418318822385 2604.2272802174375 -7430.143479795457 4272.278116940091 2907.9508475310686 -3220.9265907508016 -4777.829285173065 -7919.65624024668 -2041.983270510219 2297.48926512656 -3627.0149859006588 -787.1011845002868 -6857.469721381184 9739.446498901463 -9619.843618682113 -7296.388344005107 -4522.249595947989 6971.274867489381 -1458.2851210180688 3771.6806365875673 -4260.1043460936735 5297.910012620045 -8289.454772643876 -4982.451165656541 9777.937380096817 3622.5882525681627 2780.3865004937434 -5855.1205404038155 -5821.851048402525 4157.641513837065 6842.047697424441 -7142.398906342324 6472.603103558002 5642.588780367016 5225.16976326288 4780.282252991785 -892.5460556804301 6734.384648779003 6242.458312051427 -6658.058420656373 8071.4904914574 7715.768988246651 9052.21665623512 4575.345898623042 9235.912834575302 8284.812188252778 9932.257532525411 9146.210933040551 2902.0536247073633 7614.64093560246 -8519.904799254791 -5814.562648568422 1105.801578876224 -6046.549377677102 -2186.1272850606974 -4240.11039682727 5701.333892984469 2752.430825786296 -8869.94343974601 8436.551020259994 -357.79672897716046 -360.1067105358288 2241.9998550001783 -8338.033582588181 4986.948405786523 8502.496527055562 9200.382731801223 -1766.7133808775761 3898.3542603819533 4961.676874091161 3255.5064029406585 -2382.846272352823 -7639.210098179574 3664.462056516999 -8650.372046683337 -7350.902300100996 -3257.8326642342945 5130.985951862385 -7380.394995946018 1364.5662859906442 9416.987696912649 7255.975482598584 -9454.166357934231 3353.187641136321 5024.466476952746 -2553.7551373674505 8377.010031328435 -8492.08617962689 5755.359982966249 8619.930448994193 -7513.00976532958 7887.4125385605985 7362.875099757632 4126.17094078493 4867.37986660388 -1339.0933153037604 677.5043034601567 1190.5313408488164 -6293.620205984964 1043.6454311381513 -3043.8731099472043 -2123.7667204195177 -5305.715387253238 5833.806109088382 -5112.964007793097 3598.2461155123983 5744.179348280961 5771.1530284197415 4383.668652043842 297.4654527126095 5110.187808332532 9386.036199102422 -7054.7286706252835 3061.554990362216 -7610.941007044021 6901.3522509180875 6854.11131805068 -5682.219565898552 -4485.992838727592 8531.601510054996 3694.300189175503 2055.5595912431654 2548.588778252013 -1164.518947887007 3203.576909320951 6152.3717114598385 -9370.739024507115 9619.501783884367 -7746.584236094196 -3338.4503685729405 -1346.5602825436636 1071.7374058050154 -5706.362498443574 3615.78726092135 -6419.8261006996745 -153.64424602647887 -8578.802489549984 -6484.620806711257 -4765.591993091549 8230.486574281531 532.1336584816436 6173.414752560704 -928.8555138222182 5035.119687487331 4430.966099645437 403.3843555765252 7371.0140775384025 4155.9515575817095 65.4654067393476 -9564.07647843312 7436.284435565958 5737.523515041665 3229.335575344481 -3354.0012408891216 -3483.333556821899 9996.652823499036 7110.699911004325 6650.766727777878 3167.2074151288034 2017.1199585763861 2030.5907316062294 -9971.625855179302 4771.754948752034 9318.35738788368 -1504.3527830055118 -7797.0175003430395 -2342.092689118027 -5690.361943146098 -5224.163256416164 -5810.5771139887465 -3860.2667743337224 2436.395299766682 -1951.7982489060541 -613.6547555771613 4603.901569285119 7507.995106160182 2337.650468166881 -3813.98409168779 -625.8917414603275 -9963.820553153859 -1487.765234153425 -2006.625999495246 874.8181776527217 -4354.83076357742 -6896.263143187649 -8028.105811484811 -4539.127952613724 8805.166996706655 -354.4766550815111 9341.222326257343 -1130.5507305985157 -4407.923810242715 635.5287177778828 -1266.5731185182776 -3598.9600616926646 1892.6264790358764 -9040.861165267852 -8998.899613867718 2736.0649552416835 5712.634595587038 -3337.106087076085 2487.906518205298 3158.729025738925 5514.434518533395 9253.424897456378 8783.696854020356 7775.586796982454 6537.335688447369 -4801.397182448813 8511.19426469287 -3839.370099598209 -4703.652286166971 -6110.102978568888 5902.572583246911 -5569.270443501717 3415.514631570475 -2579.194102791431 -3710.77907938524 5142.942749876911 -861.5040178252202 2235.3467187473507 4964.570269812619 1009.1680411557754 5522.53453743106 -7839.420721961576 -7036.446446103863 -8273.327739289885 4022.3763160099697 -9834.24275516553 228.3206872495175 8903.195044382122 1256.1955491635981 9036.655681866447 -8834.997751720335 8112.2749542280035 -8531.985075319493 8867.770755373014 -7333.064107742202 -8205.036200429582 7547.996695301343 3445.3362786019243 -9860.633698523157 -409.7505541652663 -9266.38634104164 -6545.086664257402 -8665.399112454854 -2481.8452500172716 5754.0785560721815 6233.993048636379 -3500.794185128908 8618.60574317594 7807.906330194764 1767.7310817956695 -6482.029567267116 -9823.088946330914 -6424.06373495293 -6133.3218429925455 -4512.052107133815 5502.7008941485 4659.525411556715 3777.3077408400677 7312.5910883645665
