43 11
6027.401286632714 1305.929263744907 -4334.212883059307 -2929.478221223316 -2785.5808467630713 -4978.821051352982 4155.401866037551 -2266.497497146762 -3886.3617260968213 0.9013346490519325 -2880.120403411772
-753.9965800778446 1920.0097733627135 4201.544362323995 6574.832392595828 -5907.820633879899 -4104.910616977259 -8242.279633193233 8682.027233233537 6435.226986493824 -6585.032169274589 799.1844402726128
2062.1564766177307 8962.21784935805 -877.2317625016422 -2185.9555978234994 9812.933583788843 7479.655708210146 1321.3450180013988 -357.2007153365157 8251.450548332403 6091.599008853185 -8739.781000192217
-8503.282009495371 -7511.5112108782905 -6241.42840886255 6356.316582168014 6627.583585745851 -5443.64321344063 2883.7252458383173 8545.634849041584 4390.9393237595905 -4997.449933495451 3609.382407003428
5968.13908108246 8310.151259650847 -4075.4469671800343 5073.259993921796 7739.240854204712 -1276.0947255451829 8263.37706783487 1087.6798145998018 -5781.771749826446 2418.563971623742 -319.86073134901926
-6840.206314682293 8415.548604204523 6976.214145987626 2149.814152066616 5652.950303412052 -9010.419420376738 -7057.450160047898 -7831.140646811341 -1125.314834855486 -3211.237331995485 -3323.482515901699
-8327.352361197285 6793.469828712532 -9316.831957390808 2303.679628730706 -887.6940156870478 2964.0939641830937 995.2996018619724 5955.199477102717 -1527.1326995499821 -2059.7935082225604 708.3206152747352
2663.427814111981 -386.97787991010955 9712.818933394905 1728.2649519056013 -9447.386882106617 7867.517350371327 2590.6392318999424 7646.3467996678955 -7446.5974437559225 4082.659641896971 7528.942508125761
8124.575033735142 1801.0905307494504 107.66475470228215 7446.3562881147955 -9435.554248268407 -3691.986989377716 6635.581081441393 1963.6569950253343 -9657.95896730026 -9596.43937705985 5274.821933071857
709.5494179003144 -3770.8305174169564 5690.059379098948 1825.966105339472 -2078.3668251279814 -6482.618486439007 1613.1247217446362 2463.169164570756 -6497.821951717917 781.4178475982008 1283.6685795386347
9389.21660664543 -5263.411547625807 5321.326550938607 7655.506723671351 7798.518545890594 7274.310916126662 -575.6553181145937 9133.97932463868 8564.78317203958 -7500.057702418304 3948.0485263346363
6971.435279600719 -7248.7154415530285 -6388.218130257783 5954.428909943621 -8964.271910075964 8655.702607860832 -4344.456140506927 7194.719230987383 2258.3687918663873 4980.669136759685 -3069.2110359950584
142.15386003604726 -2909.3421924203503 5043.046607376544 2930.0569559639116 5192.667884517696 3134.965833143513 -3809.161966753596 -1605.6565298353235 1358.871916868562 -1817.1596616291818 -1389.6375781366569
-8931.54850219149 -6124.471877007138 7537.404803858575 9468.53305171831 -1350.2352240974196 -4682.361078145245 -36.35053268748379 -7570.634619140895 2907.1856150303192 5596.7150188826145 8297.163000749031
-6996.383722006014 -5461.911973404157 4456.95123938261 -8037.4762242117085 -3319.6275187699785 4576.977032884752 -9291.009895369865 5784.7756590623685 7993.824380047179 -3399.2380112875735 1654.2394223060383
5147.126684507013 -2628.5150500782174 -8023.2777107033135 4623.3262995206605 -9446.599434672982 -8356.099286329149 -3234.4620410936977 -2904.273786616871 -496.1218070381419 5433.0077630163505 -2032.8297833057186
-2771.9012844467543 1991.607991764271 1967.0822017336031 6119.475694832419 1474.9392141142234 5852.266999031297 -8950.382835650395 -4101.08864775071 354.85686321758476 -630.537232890314 3848.0152714062297
-124.2878424097471 -5013.906050006493 2487.4314760694324 -1485.1702828778616 7724.485350420164 3147.2531404833917 -7102.61122529555 6245.650572345234 -6080.492093025278 6239.9423990189025 7226.637436646226
3136.1123068983925 -8845.991567817728 1067.043151335809 -1153.0942965201011 8064.034573154055 -7518.585200387762 7919.2635488489395 6487.195207863591 -9071.613301376292 -2787.448294750272 1880.4700882333364
-4450.18734756734 1754.9698599876356 -3896.2206521984363 1205.7158760825532 1914.9986110372374 4702.206439081505 -4686.7067923961695 -1480.0236301372533 9765.735147394433 -6716.441781971074 6801.4771035684535
-4309.043693317378 2507.622642374865 -5247.833839679421 -7610.807672535333 383.3196644822401 -5197.8891261491 7245.820369998852 7842.625650595019 6914.354701687815 -8342.099539623076 -1900.4896067481277
5565.361563300707 -6507.480336407887 1202.3496593772088 -1373.630717030739 -6329.884808869805 985.7747617281111 3146.1817894890155 6970.829096066325 11.362182870429024 -8405.904989094994 2847.7653248821225
7827.187657224218 -4160.486170764608 -4974.699821507007 -6786.625373934871 3458.2453970902607 3911.4920023530813 -6446.6367263686 -4275.2500347804735 -5800.0424493069195 8975.255856908094 1588.722075921938
1017.9557430547393 3186.214399443448 -5073.523631744081 -9546.05127674114 -4836.566455610689 2685.4679970470443 -8252.506921041802 8535.926538878255 -6309.425042235531 -1097.4619843433902 803.5118717353271
7643.47663952786 3199.1259661962486 -3630.9784265890667 -4075.1584862104437 7576.829415536689 -9828.628858814196 -939.1949942225456 4913.593752850982 -2892.868083950453 -8717.7941831044 9691.696175951452
5708.234503514126 -8988.511661899629 312.54220112115945 -2293.786570415139 -9054.463190871116 2617.21649766074 -6954.601559696914 -6780.875024810164 2386.5232390347774 -4173.226936528907 2171.02422874454
5556.018309541141 3706.18139016673 2342.4156944010247 4597.750108407368 4908.597381672198 632.0067120679687 4458.8971064941215 9335.304449969051 1415.265438494258 4937.194499197423 -358.88542632921417
583.287919338336 -900.6608625685058 -4474.5524924099755 -6302.8672922528585 7477.877802578154 6273.407057817227 1721.2515277694965 -2705.642354486433 -1066.1152602116472 -7739.286898792732 2140.2029071298384
8244.067501904305 -107.23555245710304 -6652.982106639784 -6551.907513350061 3788.2648432784536 9980.477122968641 52.340260320888774 4944.244637747892 751.9459635243693 814.2965340767314 -5329.158367487014
-2072.62921124679 9099.200374138065 2235.5392629347516 -2665.8494305347394 -7182.517933203887 8977.981546533108 -7894.416334040658 1349.1254707378284 -4603.18937884711 2650.456347355781 6201.685934918867
-9578.784845049035 -1672.1441215045816 -6166.146350573503 5225.531591005127 7204.789739698768 -3052.464049926737 -2042.2921293431282 7236.022733960228 -8537.059528907437 865.7006095000506 4526.923127467535
7542.02592584987 7396.239312518057 5783.784236845859 -8793.244021004244 3776.902878656403 9961.718039400643 453.7751250106521 9549.34491649022 -9427.438660908127 -4500.294419910345 -5177.339022858138
8952.736443948186 -3777.045048832213 -8873.775949600493 -2494.9077315208697 -9115.154068237181 4475.261049175284 -1812.541144630548 -1340.4753900830838 3572.7697394023417 4902.265994788857 2778.939377231427
-2238.8372621213603 2232.1763311947234 -875.3661321033687 -2498.1399157172636 4380.312776808902 7633.939440931565 -5920.296464530717 -9584.026939375479 5279.742145033966 -2947.0696032539736 -879.2667592972539
-48.1129143389262 9849.540701584476 -478.7765811843419 4333.920980100598 -7227.357731361508 -3530.152705633165 7266.045334241455 2445.926255432183 -1442.8187432569357 -9117.270894582834 -1025.34558677498
-8523.294333897902 5246.110509223598 9282.126903720866 -2443.8254744406104 566.7703412313931 5569.903216570043 1039.1055689116783 7388.992687377206 -8303.660873673905 -8693.366538732123 -3535.143263412726
5547.831543755812 -5824.371309490297 -7673.049301962249 -7242.516745108265 -1657.2491496456369 -1806.347990733644 6120.110382829289 -3580.8925464205595 4774.789106713912 -3401.7079934055764 2580.450535391703
2360.5526507588165 4094.298271649888 7347.757573142651 -2169.7078468209274 1908.230759867738 -9934.694735432126 117.93628487490423 7237.737085734723 -2572.8718820544236 3778.584517931591 4195.274962935351
9192.15063605064 -9781.574067972926 -4405.840791381856 6121.094659488466 -6668.271513746476 -6368.0331823897095 4027.6175014134787 -9658.920281799026 -6128.353941980114 5086.979697680888 -6721.509309326406
9881.893506224013 7401.891606658191 -7653.721163492959 9332.688626707288 -7176.70206258868 -2965.8601014001842 866.2464723593603 9964.442181036415 7935.313713702293 -4764.651818046479 -1787.6202032172932
27.94241076860453 -62.50581278165737 3774.477480814514 -490.28770491819523 4000.3991753202336 -3784.3231625321905 -7629.855201477185 7431.471410122125 3786.8665470945434 6871.689765926567 -8341.30256174413
-8437.84456394755 -4643.694421356006 -9093.571987641195 -869.9437681877953 -2925.393292644987 7246.979727116617 945.7402245261401 5666.379166011004 -7148.358868099227 -3719.0296874105425 9054.058288968958
7376.417538056045 -3558.7455118855323 -2571.2099258208455 -7576.482823657629 1128.840089714724 8407.76564881123 8874.402639025448 -7786.807393031534 -1535.3062030489782 3555.4145028114817 5551.90211245018
1 11
9150.714845333296 -2821.570693572242 -9441.984674906096 5846.750000396189 -6799.330722848913 -8573.63391506961 4506.059048674868 -2104.8175466797693 2680.4816597121153 6230.404090712185 7228.681522648058
