90 26
2496.4992982920467 -7945.394472788274 -7399.470875393921 -1085.3267409091059 -8381.05289445987 -46.90446741363121 2204.909388821463 -1018.4323568339441 1248.7072191059542 3477.533983459365 -1919.0297793030031 142.5972196259354 583.3776085842546 2211.2983755576715 323.73748533285107 -4894.4670785626695 4599.643748149849 7355.374221825274 248.56082144428 -1903.0033417981886 -4082.172683330543 -3249.0512438009537 4598.466320793377 7750.835832371009 5013.290636593876 -3147.3217617933733
634.4782133850858 -8888.297084946602 -2725.5994214246666 -6930.027974421802 1299.627513108926 6752.259867712564 -1594.370708257491 5152.985757979111 761.0897411321876 -5978.315443947211 -9640.250464842404 -17.60616190814835 -8009.222012142463 3255.794284842201 3372.5759172596463 -9083.427409233864 -1591.7431324063982 -9749.221888349584 1461.0186516431295 -458.45447696080737 -2684.094000339014 -1138.8353837250033 2195.9421956998467 -8348.743572048554 219.0726415951085 -8998.324188247698
901.1685706571916 8641.208693796707 7396.426365218282 6205.968578347798 9763.349086367987 8258.798996091184 -1405.4149048384697 -5840.495062882172 4002.7643532798284 -5746.779137702513 3589.3794093619726 -6196.328593235352 5341.1836324706965 3692.1064554777913 995.0088730152165 -7254.972124170636 -9966.27631125828 7719.838949114299 3974.983670932894 2037.6733831676738 -774.1398728339682 9852.750434605034 1913.7484242156497 5285.697239941097 6699.408954311824 2275.6850914333354
-6681.566814576125 -9885.396610616566 1788.9761047978045 -2156.9079933092808 -3198.1112767151144 -4264.971808011733 1113.3537260333105 5216.405211866515 -2770.4963361820464 -3332.4494842947042 8904.563961609594 -775.1872680302713 -7937.537808030277 3102.2932037145274 -2018.4266550237662 5785.182280658104 5627.493940449856 -1275.8627348789141 -8241.469763674604 -734.9875358926201 -7701.30434284837 -9793.865287192184 -9500.415393350058 -1578.1229895702181 710.2149483127487 5525.9838679010845
-394.12886704799166 -9648.749521564801 3953.37254670746 247.1310028419175 -6189.792597192707 -1958.7134136187533 8012.118675009973 -1615.30498510285 6172.85555592074 -4390.666173506 -4817.852597459904 4123.798155877288 8164.564371920471 -4622.302459436374 185.06538425973122 4213.347416158003 -6001.2624672842785 9153.845889533513 -3630.4992103573477 -4341.936526670261 7211.49385904321 4048.229462601723 84.94179201343832 -4395.991986815217 3553.6432832958 9034.252009072501
8696.06166180248 -8108.808423086302 -2346.8045368312087 8458.571836940639 2556.2933275510786 -2658.7745254392785 8169.6816137426285 589.1973436873977 -5264.471826515769 -1144.801223591121 -7082.426186919101 -8006.1924149361885 -6165.8050663157155 1218.7931702164187 -971.3204721446655 6083.572553790864 2966.616463148479 7177.492373707424 6759.387468360583 -3483.8393582230283 6433.0039620749485 3440.1896140969493 6270.838684920704 -2231.442747534178 9712.856294157256 3867.7437872985683
1085.4321303916422 2085.962703201625 -6284.660387364658 3116.3968676265813 -1527.6724818052335 -7955.582635014329 -8747.9323123677 -8627.689265280953 4294.444296436239 -7531.822102759805 9828.401356013128 7208.500360854927 -7171.761951048774 5306.929786753179 4309.769244754045 -1662.238201388389 5708.726860681611 6017.793458004084 5090.323111434285 -3742.3878434864455 -1693.8632570182108 -8085.358040620643 -7494.458451991281 -7370.339422463448 5083.202605996379 8148.09194649183
-3723.132947150365 852.9226079038162 7282.048789080807 9754.82615246201 1034.5819663699185 -8085.632837622903 1294.695068142737 3349.491613059019 4116.248645058595 -7643.7363045279235 1663.533726787913 141.3556049964227 1908.6812338050804 -2255.2368287889176 -5053.5172646105675 5340.246556895387 1861.682301388093 1591.5457096673636 1423.5957186945416 -5000.696740018054 3332.749734095072 -6066.337612127628 8322.104753891403 -8272.340742692648 1316.8802939094585 5642.6541259857695
-8956.912293321171 -8604.656058047884 238.84025603586997 2092.736909351248 3981.1134438844892 -2355.747394276382 -1002.7391877511873 -7416.130063609577 9028.1651407631 8967.933722824338 1999.4443484976055 603.9742368421157 -7463.588503132583 -1835.2118482851547 -78.3369844156241 7291.464651651713 -6105.739450463201 -6812.195351899894 7290.008423312505 -6095.086204332471 3858.1096186249015 -9022.752112868679 -6971.780120570037 2478.0889488920366 -3336.736372841251 -5567.8413962938
5617.3586504414525 -6282.9457311163915 -9999.937788279349 1804.593944653092 -4225.550276845418 -2488.858052863967 -1360.9894510802787 -5112.200705989462 -1346.1425222617818 -5472.6063116142295 -1068.814608947756 8146.070640045538 3105.5172916842057 -7467.380581664436 -1320.195396423058 6402.1962417335235 6029.427680858458 50.408322231684 7322.18572882449 817.1144250429079 -1514.5475535116293 1518.094054371897 -8568.880333129207 -5021.060515478777 -6786.836422234657 -2142.706390809084
-1898.5667103704127 8364.536385538318 -5598.935429838479 -6810.80865863962 3414.980816089879 3721.2217840508965 -3501.7812469838773 5594.748076346672 2121.5484341790434 -5494.081310935708 -9674.68437378252 4327.497967860374 2418.6792326594295 -6111.041006245179 -7591.9814204847435 -4629.649330097181 1281.1097297206506 -6522.488916563587 -6386.299633546435 900.8950799412378 -4639.4369508177415 5899.413137160185 -6678.170492435278 5848.100235886217 -3163.8619547139933 -6851.038986974234
-71.1477045870306 4215.029133336277 -9429.848883468538 -9143.907544921396 -5041.050367685727 1410.3037945567103 -9375.238613797303 -77.55302632653365 -2882.9194679879347 9573.034146642429 -6286.254732489462 -6723.876136955776 -140.38447102281862 6827.942411008564 2639.1759174666186 8479.24223203674 8693.577441466456 -3404.2019250677668 5929.565513717993 -8713.641879021452 -8160.664848277921 756.4717336310914 -6321.958825339034 897.9444078557317 -3582.3373330274144 -9270.387914613775
-7769.937344135771 -8015.812974936119 2589.366311479269 -8977.028462081087 -8427.60328207742 1255.2487562132646 -1286.2472420011381 -7113.194675314548 -8666.044308857166 9021.414891307733 -7381.057970932021 -6908.55792907121 -9836.08509996512 351.09268919925853 2146.544997399895 568.999724802843 7001.966769832765 8619.339057229543 7446.423073536211 8252.49132400691 6286.2001325113215 8116.920884287745 9035.074092750045 2085.0917999594203 4854.384176892509 9015.775936386239
8176.852994891709 -3946.8080697641117 -6358.842425395938 -1462.0492065230956 -6574.8851551862535 7190.804494865039 -7646.47655439592 7007.756087479887 7649.889730016574 2376.6738471415174 2679.8574549103632 -1559.691169930231 7531.637292106745 -4063.8907157776675 -5601.214247603554 571.269666479202 -2675.616529900207 4277.973616660403 860.0962242292098 6262.429804838792 -2841.418223079697 9432.271825553144 8826.040718140306 4630.096652362183 2203.2689870157737 2533.26369381358
-8458.702815139382 -960.0502939691396 -6089.537402911796 2185.353865051613 -1190.583345431869 5473.358326386553 -1469.6811750949582 615.8872995496658 5236.449249609765 1105.7016654235613 1008.3332616298194 -8865.582043998726 5508.039236503015 1069.4540846973196 5697.789072232534 1240.268898496557 -7394.315696976654 558.7360645878762 175.3387752126564 -1875.9634243379405 -4920.912394837423 -1143.104206237398 -4874.3837621226185 -8168.091708656011 8301.212166017656 -8593.366575731698
-6175.253055350345 -7151.442422503509 8774.403565128945 4954.452207510511 4496.240427873558 6295.280967115697 4564.117922694166 -7541.205070070915 -9904.468755677886 2812.914996208454 4165.4265766696935 1658.427710318656 1972.7581229462994 -9748.552195923132 -7029.717289440685 3215.079697219582 -7547.617775503983 -5642.3501219579775 -3969.6236238862466 8167.754822968156 662.3403488091699 9788.321871166168 -2116.69967056068 -7809.565887966605 -987.2990734447358 4292.131024896442
8011.916286295313 -7979.890367219793 4176.904302735098 2011.9683114242962 9607.850338399068 -8923.531444910435 -8160.679777398674 5700.564808895671 6692.374121769746 3628.095591252377 7174.254651183397 -1262.5746515745868 5481.150953662431 -6685.001254392078 -925.571965761148 -8084.898937002556 -4236.916102003545 -3146.263937747355 2007.1292135324748 6970.014234498707 6571.157896990055 4229.780639303066 1756.5970519615912 -4800.0639702493845 5585.600393122571 4414.281769396726
9804.410102274818 -7513.500101670521 5947.925733976665 -9632.061251381288 7725.821034109151 5994.663253580959 1751.1241798988685 6595.9287792836985 6013.006607643525 1574.5811755356845 2633.5883928914554 -3663.6806086628467 -345.50533762983287 -5477.371005411706 5685.445605308676 3143.92015824565 1710.6498919279275 3480.8615371609067 3708.7156283444237 3962.7725119097177 -1706.6765190018905 9253.734067460144 -7833.179934144526 -2269.5613942554946 -549.4196869795214 -9874.483746472235
1168.36987228834 -1064.5915418900877 4236.612218849923 2673.5866361016524 -1611.409058454079 1862.8856895576828 8842.596877079468 -6876.140380727263 -6755.510818984796 -4044.303034699683 8258.580711981715 -8141.470477481769 8049.056958867757 1194.1634536125948 -6998.382792037348 -7721.350119994851 924.932046733873 1053.2248260714132 8744.634547309146 4281.617056687959 5393.787605849991 -6878.823085757451 -4285.588689343822 -9025.817765351234 -2841.387509784543 -7562.606993690612
-3649.366208842611 -6177.645219373817 -9902.20424478968 -7730.487743812202 -8844.759676682232 4678.6877097757115 -2166.158061557797 7491.997207653767 6812.4428469987 6391.702395950302 -3923.393816144434 1749.592914017483 -7245.876314208357 -2288.026803047527 -2294.7465655869782 -4945.51955795048 -8940.233408296608 -6267.010071832317 -5448.547726342141 8095.952579341083 -2529.443132057616 2956.1887000976767 1167.261008198202 -6879.459967917296 8962.731433759014 -4522.561308855948
1388.679909360677 299.5765725011843 4177.178377995659 7789.620539676685 -6318.126492875389 3316.8393976475854 9156.86930962386 4258.571941038421 -4703.1971751417805 4286.403893329121 3447.3285220121434 -6139.830819264101 2026.3959322865558 6163.579417423258 8843.165466027622 -7616.04015489286 856.7083500374956 -5936.652626899019 4338.45453631923 877.9436928136674 -9878.543073631585 1335.4855751838732 8911.872815343624 5063.847671502397 -2685.416388248791 -2595.1284074998384
3582.860997920847 535.3449153950278 3457.1552923217314 -5836.653696049434 -2497.575605874971 -2167.677295341997 2819.9200138011583 5927.9603974857055 9645.680606882888 -2372.0010586218796 -8002.149742303155 8899.505416688211 -3625.426029347367 -8920.083598715943 844.4433171660512 2506.1563463871116 5935.829561804949 7011.903860472212 -9780.712606262065 -7035.569822676805 -2588.602446054988 -5431.109730262396 -7171.045749479528 -7963.269663988053 -5316.564348343702 -8843.586122928484
-775.8877996889605 -541.1332582524228 -821.0678293028777 4859.042456328463 -8073.891140545004 -2047.7065231950119 -567.5714118974429 3579.4985650134495 4292.330644132608 655.6489470993365 3051.474216938357 5371.393145952257 713.3542576318996 -8150.755383693178 -4841.183167299736 -9297.95923433101 -5434.059000785632 7557.848693181753 -5953.543384728273 -8699.34967995834 -3101.133165518344 -4925.283481144061 -8508.8114299008 7200.5631794724395 7253.9806219254715 -3881.029564422056
8261.784370844089 -4726.943294702865 2761.290155095683 5173.039418640472 -3187.2229697300772 -4872.894971193334 -3581.6323556131265 -3774.387034381195 6606.2287278415315 8972.518541526682 -9306.72679826302 8417.521237799789 -2699.296153338444 -5852.425670318346 -4548.268584686582 8808.457122284522 4861.541532636413 3573.0981373859177 5873.797806537579 4181.903195808176 5189.694716579532 5696.27608135089 -6915.82846896776 3137.125217868421 8268.598069277941 5067.92470543196
-5737.651879955454 -7773.642205243434 -7490.681282205161 1036.2912083763385 -5519.136480159869 1432.3533282466396 8949.649540240818 -8356.280277421749 -1386.9416358573399 6033.751221134895 8056.826835596166 -2243.299129816045 2635.0883738678294 9861.8954784052 -8122.092090901257 -6058.350360285079 -2296.513328025738 -7685.536687465946 1777.5612368901202 3610.7710402968587 4331.053612682472 1923.2680138513388 7399.809024490391 -6428.122060842065 -6794.45943001185 -7551.722000453143
-4785.074855911402 1210.6778389398678 968.5189579767211 4356.065418197753 7498.020530140468 9541.337547427669 -7761.349291756758 -9103.726243842726 -8706.213304196668 -9798.957450481299 -9619.117734969654 5972.206086735645 -752.771706546615 -925.788123311162 -1923.1297710944627 9676.548684854813 -5395.323009498107 -978.6790761647699 -1021.2934657893547 -3919.9057315485497 3205.0199939650956 6193.655141145815 -7612.4411995657065 6014.48265984351 -1466.9285298848426 3888.219125814152
-5095.194551702018 7783.445957609103 4625.592640184295 -4056.7197370731446 -1680.5024205584232 7527.866321605965 -3869.2652470622943 9085.180370284466 -6924.090419766313 -2750.8555604882986 -3280.476034544815 -9368.244500120387 7796.314226120496 5674.893096308102 9508.685415493193 -8958.038190985764 -1739.8544449403526 4700.094168416932 6728.508953176875 1443.2603962091434 9024.729451552885 -5281.82179304536 -6222.465094725809 4977.990007481041 -2946.3577329224 -1308.1459116712103
-4748.548548500957 1588.5763848629795 -4000.4987167011177 4881.20597854784 -9487.319522495673 -9763.843978560462 -8486.86638324103 8688.345102344101 5368.231780763366 -4175.903490428576 -4718.6413805474285 -2434.6135913572643 -2168.1662940785436 8389.395210930052 -2573.8151485162452 -5151.374300416081 -5727.175695008937 3127.119469159479 -7624.608486445323 -4301.493417589834 -8514.083030639787 8945.396460942786 -508.3397849371904 -9883.967812017601 5075.510541487509 6569.286254074123
4137.491100937155 8736.898537686586 -2566.575644565117 -7552.151778385496 7491.818770110451 -3447.302565333941 -9013.999011371028 -7833.374430381681 2347.587849332702 8376.760219408581 9223.492011048947 -6391.291299715809 5799.603287450665 9527.710696703867 -2667.4143767642545 -1656.762776275651 -3416.927795302585 9215.969482515462 7907.489759723681 1810.1838494520343 -8533.771399570964 5658.211305692474 -5889.060133299242 8867.660149814881 -8559.116711599483 -3687.256465678721
-6447.431443655769 3961.490672324 -1207.1819735156114 5760.179183021124 -1980.9881585505764 5705.413976974467 2491.502204445922 -6141.976214832219 6020.820842616527 9817.303403807025 -4365.608432729424 -5900.193805137186 -5925.057363925029 -6549.782635829879 1215.338656775999 -8651.419781602139 3216.6174813354846 -6175.55613401082 6735.275183670481 -5187.570284723568 -9045.819632204737 6898.9301632692695 3393.1133151361137 -2484.5502630934743 -399.01628307855026 7473.126891555265
3252.2344146368414 8341.569205961117 4233.767173183649 -3528.201706515075 -9832.362988684936 -988.1289714309951 1485.2122506716605 -3463.6285288618083 2910.111498850878 2403.7616394509296 3006.2822191867763 -3127.611020441217 2353.9291754420137 6658.333832491895 5513.196036454821 9943.332857269816 -984.1333977760132 -6533.338904844184 1717.9248864124365 3259.0748933743434 -4617.33642229722 -4348.966235941291 -9377.054474721846 -1124.5513786825886 6384.904643354788 4587.1740607654865
2468.2602289082497 -753.2295277825797 2767.1835028202695 -6799.111659517299 -2882.65028106357 -6056.702241186685 -1276.948492521904 -3797.5469862021246 3067.7319829108656 8483.356439013285 -5428.874814539455 5049.302404759988 4591.782187005747 6131.645929855933 6579.227657116982 6667.937538654449 4273.543789896477 3639.6681068329435 -6162.413363876829 2056.6786100197423 -6544.7430621534995 -7115.658946490787 -347.0745150012244 -5594.831109555014 4133.828670477364 -6230.387340889685
-62.75397056100701 3638.1436157680364 654.3618410613581 -8450.64475691678 -2454.113368561948 164.59889623002346 -7951.28496288531 2977.78723501087 -521.8005059817497 1621.2978747054276 -5257.427876484883 -1079.1141927798017 6814.353146259149 9990.489048394204 3125.28044902522 8475.323945916094 9180.625816490436 5985.531386327864 -6743.13102178147 7182.58778807682 6857.12938626661 6181.4337502642575 -7220.734119738508 9741.47127231746 -1269.9935359971896 -3686.865541336224
-77.99138429899904 8659.344790405059 9510.570068737678 -5088.781855283531 3113.5544723448365 -4568.930467150661 -3665.8892649177724 -8359.237852494769 -1867.2448953847188 -529.17530453154 -7446.40599954397 -5977.775248596248 -1569.4150620749479 -156.03499183669555 -8579.196085623837 -3286.799130934346 -5404.657705584863 -3614.369332879046 -2076.340289354299 1104.7017680956906 -8910.792750467774 4140.083421614887 978.4822088837864 -6027.053630379944 6082.140517990278 634.3854046910619
-3932.495009804702 290.0908346789638 -3396.816088861612 6745.126208776059 5812.717938485013 5623.756753408161 8453.114175267856 -2885.4428545674573 6925.405918912027 3947.4835916732372 -9075.068019392196 5702.511156655619 9360.796732918003 -4503.711579743661 9982.219294272789 -3642.686435749605 2168.5906957118696 8684.087182232499 -6810.13060494783 -9060.787550620304 -5720.996384315653 4079.286815535994 -6061.195361535743 9794.028181030404 -6161.175147882829 -4286.636672298822
8422.763910070702 -493.5706702522657 -4344.505082470906 -5813.415664959063 8238.37579274836 -296.08977090860935 -7725.471966397628 -1952.1531787181439 3636.0398263675106 -2083.403140201359 1069.3459626977383 -6710.588128636033 -5674.799907890404 -1757.8119127640748 6592.116366530448 1190.908596715375 -4053.932960917253 -7781.5200631087555 -1705.7984207540194 5810.784811146279 6435.395506476703 -1261.5563869079833 -2960.036166304396 9458.702144216328 692.8464370178535 812.2462907629233
-5567.50688168741 7362.645231597115 -8129.132673006774 -6182.587044883172 -9078.361282999653 6398.215231717291 1398.048204094508 5687.406469286918 -3427.619152036954 -4420.3619243292815 4339.65654302923 9227.789881462046 -6621.607539260365 -491.264981119597 -7088.641771594961 9092.25448416116 -4557.871098525133 -7849.4683060108255 7175.936569731228 -723.4560351695382 9128.556437899952 -6208.55894185587 -9684.037477419433 -8395.081702503465 -1311.768998271078 7675.747865000503
9840.829131778031 9576.574868905693 722.876054186514 8101.213564081299 -1929.5566804496157 -2756.8459535622633 -5327.054753307257 3808.3052823637736 9658.898262981325 6067.1334480381065 9862.722820916824 -6131.198236172857 4491.657861738982 3440.858486084615 1405.0860603222773 5006.322214163676 -2789.2585972611305 8961.437764464357 7213.698161203902 -4949.778797672897 -412.8101790975488 -1136.6694056833057 7377.196213104577 2608.9250094033578 9587.152516352166 -4234.034364146933
-7239.564198477362 -5144.113847628911 2919.0604698308343 -5262.163261100619 -7525.496622710887 222.83581670559943 6224.319721397036 194.79331033930066 5974.321057601954 -8556.65281971305 -3993.7760058945496 -9945.175284084979 711.9670560053182 8387.879073410008 -9030.649284167346 -955.2302536976276 -8418.272604681271 -1873.0274017814045 -5662.021706538212 5978.437265768063 -5916.052690288616 -3145.301610029891 -889.6148732047204 4321.335778342171 3017.1959989429124 8685.01393015801
871.4427353972496 -1683.486442081019 3211.30361416951 -9968.845372653675 -6205.216161683447 4432.511412815951 -1915.0990778264495 -3408.8852045405056 490.7454646702208 6123.058627398144 305.29168279744226 -4139.364324846704 4122.280745458944 3158.505732147667 -9486.918143431016 -1305.0975092572953 -2475.8534706643313 -8627.646664176216 2347.8864527643655 -304.23290298342727 -6002.476537549832 -2090.797804929268 -366.0290132373011 8137.203666659774 4382.872569842386 -1760.2764057849308
-7848.39473676556 1665.9230519054727 -749.7398424187631 -5157.183474293867 -70.74595385911744 3432.5439372950896 -6042.56536936386 1324.9803460168532 9047.709373743437 -1215.4055000437183 5320.844584243765 -2346.2843678593545 4592.257121529077 7983.570945262283 7193.712695791564 -9601.077146301797 9204.316524664893 9114.311977159734 -4734.173631925103 6350.99087815681 912.527715366834 -5444.9252904428795 -9944.788656232533 5476.001483860933 1605.6743372865585 -3614.3698576023908
-288.60558018316806 -9471.985880939277 767.2335047386587 5123.024461173527 8047.953779269243 8569.280367019877 516.5075977540946 -3233.3115468654823 -8928.407831674738 7377.1365298461715 1527.8968262232338 8235.477903981591 -2727.072558155721 -5721.2544696535915 4799.335254073369 -7957.196597956806 -3469.5731668352228 -5220.866264653614 3314.667754227179 4666.721676447065 5566.340736969538 2961.803759955006 -9372.100281653953 -255.37054103617447 -2410.7166219149876 -2691.3668103158316
9397.653317488923 -8558.416945453859 -7071.268780569837 3964.7248729691855 1007.588570008058 -3316.4966142884423 -4919.603163909301 -3796.289364352816 5738.708891695704 -328.69768189003116 9245.169362005414 -2091.8328102354235 -6287.674669906991 6665.735124365801 4050.772195786234 -2217.9100787962507 378.0118540069343 -4475.857451925185 -5625.33358684032 58.57701408985304 -392.0753252874638 -3602.3744721636585 5153.1704292059785 6687.403374181882 -5369.722479177947 277.1115932105713
-8243.355110761164 -7433.15590118119 -4830.826855975381 914.4975605932595 6637.185786597125 915.1605596529171 8158.159315349843 7054.964378253757 -3991.4927268319952 9818.461316902882 -8586.370123821594 -833.9946439881387 -7904.5475543878265 3206.21872247638 2130.7236428035576 -6109.150094455702 -7152.868730858335 6431.239426597993 -1971.310376295456 1460.4430195292534 7222.110160553591 -2613.048885399372 1517.8394540158843 -3636.1074507435396 -4909.557921504211 -3300.651193763495
-1130.1961693147641 1971.7850922567322 9278.461965233804 -5379.688799900955 320.56482333044005 -4073.8374346393402 -9726.027904540877 2458.9352405150858 -1610.3192097270603 5073.968244961521 -8751.360521842882 -3185.5255060417685 1944.5613742515416 -7649.113414706332 4161.527103069211 2924.42002025659 9525.365485913175 -4756.877030765268 -4611.882167482852 6845.836162308951 2017.1928151275406 3455.4454047844156 -8826.462303358034 -3941.323192879656 3610.2721484080594 4276.052814791223
-8989.375035182125 2299.2891788931447 5658.0873411760695 -5623.816174746436 -2992.750612946833 6601.535530949928 -8916.383556481976 7720.942968940737 -6513.657080820856 4577.5022088898 875.9580162426573 -3076.657201550517 6513.4089898675265 -525.6496198158384 464.67854932181945 9468.01412325081 -9986.994334002658 679.1162829638524 -924.9379319121817 8622.076662396088 4905.427128478823 6101.476523964406 8595.098301227717 -5280.052217202691 -7834.3944403904225 -6009.6823995658615
-4190.197523208286 -1495.3258204567046 -4822.097963178989 -188.18906818750474 -3884.320467178084 -241.0458257679984 1980.3115427087214 -576.9861828422181 8764.693702634984 4014.6087525500934 3311.2057032087087 -9819.527499845173 3349.03078012311 -1799.5883643086727 3440.158336077344 -1253.1189615041512 -5872.131585624083 5317.742822776923 -9648.785473786074 1571.8103339949866 3263.8780306159097 8945.291506686463 -1333.9225478041735 -1600.2499787132438 -3974.5396973225834 -502.7976171147984
4003.566855927067 211.77593624335532 1307.4150080973177 2102.8195378356304 -3857.1233870026253 -3601.8384788617986 7036.2603592770065 5551.804567432586 -7973.744822466258 7346.43306233795 -6272.776650468395 -6367.242369338706 2873.1092855226925 8858.638476262367 -9753.479732816095 4369.456430028935 1881.9419881872946 -8301.300162296435 1564.1365898710064 105.56800836949878 2028.1575439546923 -4560.632917040492 3814.2616349983746 8192.058337617022 8210.685284013303 -4675.002463330453
-6462.2385564081305 -8458.784415960765 7052.962299726427 -317.49054568904467 -6843.327520912261 -3360.33809438135 9485.797207453346 1760.9943822325695 -2867.518063637349 -813.776952833452 -4260.035197251093 8862.290652302756 4554.8192939880355 3780.3926358495646 9104.624626510387 -2817.934871704788 4698.712372689395 -1002.1766298334351 8136.66236136674 -590.2560922390257 4922.754435260136 7206.760532017332 6636.158568428877 -4555.403821389618 -8431.976074439022 5992.468459734369
424.9454585221083 -934.0551731641608 -5373.625776355287 2015.7404468996738 -943.4099805304159 -1558.7974496008756 -2169.532871849824 5141.525683892587 -2675.3680642213903 9282.376402812315 -5868.4369403890705 3027.087018505803 -8836.268695689289 -2127.751370044417 287.2238155831983 -7311.149599266511 4762.763089783128 1606.7939215774186 7897.2864820434625 -886.9593922451368 -3483.750931163605 -7011.609930744704 2879.3290673552874 -2358.269931846664 2629.44470512322 8051.05152289437
9930.878929169616 947.8350409164595 -1936.671811834818 6618.43522102616 2020.2050810632754 1505.3082874357624 -1145.6200213286374 -7165.203538561815 2592.944493324434 7524.939305055654 -3902.711035375204 -5973.94085598072 -662.1202514245579 -7351.25334997188 9172.554308870593 1148.2286555285627 -6346.847969406844 4619.006983171552 1822.0117144127635 -2573.082782405171 5549.245915951744 5032.394421293635 -8632.562007435565 -4720.666646153724 -9835.405629179719 5609.799324493815
-8332.813916798988 3484.6825761826276 -1416.2402152086197 8516.537150822263 -2285.7659721129385 8980.555419853368 7177.546971178392 7645.252829388253 3954.7705221881242 -8509.838996586952 -2943.565437043907 -7709.073330331108 3997.0089770747636 7893.375733010158 6558.117389119321 -923.2244218411488 8161.743015359796 3857.256817769541 -4694.881310155741 -3606.509508398841 7920.652841836069 3422.68828368064 -6494.255655389688 -6726.068858717184 4939.286128059277 -4083.132409487209
9673.299674225062 -1088.0151815052523 6175.994440116037 1716.1074155338429 4332.8552193013475 -5972.050590716481 -3863.159856337983 -5406.449286376594 -9245.694761493614 -777.7927890336014 500.39115823551765 -9410.72487946672 -5576.2038528050125 3183.347774344753 -7300.943382972687 1682.6271562174134 1169.6378444064321 2102.485614057983 -7212.886288178775 1818.4233985041083 -1238.8126707780648 4019.5013868476235 -9697.0476747988 -3695.1229862398986 -7323.614882711416 4923.225807154167
7976.210836769416 9843.659285732323 7788.953502294356 -282.84916296284246 -815.1069335513603 7247.913149588498 -6992.4715260402645 -2755.334310091055 -3206.7070946479025 4746.561308584185 8116.33212250593 6311.192672118239 -7309.133462089128 -6291.100497905498 1190.9720791951713 4878.490205679131 -8830.97836953328 7145.527431052287 661.0303584562425 5004.967908452185 -2247.649407873402 9104.49162230533 8260.257017060521 6403.90844058539 -8354.143944510433 -5107.21676931916
6506.682452032401 -856.4657898938713 8623.038566143558 529.713290347383 -3992.9272937102933 1675.8260632554284 1480.604491899394 1672.6006813975819 -9577.378221069777 1308.0635193672279 -5550.014470703375 -2804.5818639288145 7755.367364271799 -5830.682553951329 -2445.789550550865 -3067.01605274748 -4490.925725700976 9326.694502996615 -9212.748436941514 8132.266191976883 7699.628901089567 -1526.6669980240895 -1143.8425906766097 -1480.5526346421811 -2618.8238852492104 6866.8057565535455
-1550.6880198931358 -8781.891077934126 -6265.174780985576 8597.780983393583 -3283.6017296665814 6258.674494632551 5473.091630933857 8700.015359663168 -7783.19133182753 1712.5655450331742 -3547.387467252821 4988.305402936028 5095.682229931772 2603.1192957929597 4284.661538633425 -199.13937588973022 4490.472457180587 3709.821798463772 9326.207145224758 1720.2696527083372 -9104.51856199178 -4209.9008283745 5303.469136422276 -6514.2615662381595 -3623.975274472604 -4661.994397527358
5558.835144771541 3525.580557230265 5715.160336772886 5047.060620782573 -4794.76880299115 119.10250877562066 2535.191601186829 9256.513440010014 -4624.520944025454 3990.600858705571 -10.642093274720537 -305.6474493626465 964.3095881129866 977.1711422606968 -4648.250593419818 5586.8728636169435 -2942.1766066995206 -8950.611884488555 491.62667208185485 1460.4118101577442 455.00053544026014 -7193.286563851664 8279.855539144348 -530.4666991254417 -5258.942392494284 4849.629728429885
-1822.5301089694249 -770.5707908428376 6930.016197539317 -1127.2774463140631 -4957.355436665831 -4374.344723041295 -4062.8420144712063 -9769.777785071832 8802.705013528728 -6850.130745982888 6627.848025440184 3130.6089330706 -1324.0153751495782 -9120.948963443798 2040.4670328187512 -5043.055176072236 8960.699400161418 5633.436995851629 -8958.117039452249 -4746.8301295517485 -8344.496979850177 5569.335285428282 -9995.378880362883 3639.218178268584 -6840.886848051504 -3246.2052433657454
4366.199206654661 -3527.062399034713 8222.709067335818 -8482.038386762819 3625.7312136515156 -1899.549361317143 6941.915134143968 -9695.12202850245 -9688.857998800537 -6508.618991981437 5504.787274752338 6574.638872639654 -9849.998929551275 503.5886545296016 214.93346851559727 -5883.6757629807735 -1978.7156686028775 5366.227717109099 9337.877154238678 -1434.5780525247574 -1128.4676229773577 9045.177862250941 6671.147335976577 6756.843839220572 7320.15253425025 6210.207939208816
722.6639773595634 -8063.724316741843 3747.2718257692068 -5238.190462478383 5627.159938853252 9381.524437387478 -1201.7233044425848 -8950.65479332583 7946.584481573773 -3645.965736707424 7663.259084566682 5925.962721229791 1569.0351223524867 -6330.213382224139 837.0640078336437 -9751.585033261797 1113.6806336700247 -616.0511003640895 -6922.948697113847 8022.617418581092 -8451.473266266996 -2233.9027862083567 -6577.062634214448 210.91996630804533 -506.61193993130655 -9216.739165169145
603.2831196261359 -7465.658833043778 1339.9311746607527 4687.396694951902 -2244.075092698865 -6063.514392007052 -4104.619080635072 -4562.514937851112 8260.244164417887 8825.601618086817 -9044.982141855702 -3923.0916297275735 -8229.476121609256 5083.934929718895 -1515.7747356615273 5342.419319877597 6715.4708547242735 5264.693302326505 -5735.577731800839 -6059.003662116336 8716.66761216726 -1851.095725606724 1233.1310879222583 3059.618091041011 -696.2640847485472 4472.368592063398
5345.145993253069 -8225.071049735749 -2828.5135260682973 1879.0238258489226 1262.528635900686 8440.353769254278 -9243.613270814662 -3654.902528091008 6830.927688117077 -1754.5759165210966 -4793.611389632064 -122.13871245980954 -5269.655581377326 -6806.811172541705 9874.543114237676 -1417.5790181743378 -4132.179674058083 1760.92074006871 -1965.0631598572236 7630.5984984641545 5290.514883423137 -4376.294266111436 -9664.728636998534 -1167.5886854646378 -3732.8629216791833 -5567.229553906925
-1088.4278676173162 4092.59827659081 -2468.2331723765465 1329.5297361088142 5558.481187703863 -6616.408800209648 -671.7560815457964 1347.9601477234082 4481.716098102761 -8939.142497043482 9831.94139657466 3515.614841715076 -4112.629598544228 -4707.499756050797 4681.466795415745 -895.1476028951365 -4753.440216441727 9490.724468740093 -46.1806304023703 -8450.248896104475 8987.4861265795 6048.151638305739 -1805.6864798561437 5907.970180452883 -6711.354803260843 -6986.638350780301
1530.4361590814824 -3824.9226069726337 -2267.6296895326905 -3111.391292445809 7888.884229614454 -8013.204562440328 5753.814135971306 -5054.409723517288 9734.164953146108 -9695.594843978417 -3792.2380339453966 1905.120540473974 1786.8614922535162 -9230.394904847079 3787.5574209493698 -7263.609870749397 -9602.143405075818 -8240.187631303239 -1019.2715356151057 3403.869405008638 8529.563159545225 8888.250628169135 -1349.5158170938867 -9142.775585702124 -5432.235832112886 6527.768274944756
7707.4552838897 4481.638916280792 8245.095138001827 -1397.8838897459518 2258.9181254915 -5653.594828696718 8351.911515117758 9833.92974490612 1755.176757388601 -586.9995149980605 9699.750315091464 -1986.990168929421 6559.397592860492 -6467.794491291801 -9103.871892630457 7946.55028850372 8360.227755151704 -8807.238264915783 5533.916705088799 2176.4852741901577 91.28453969107068 -5291.9788717415495 -951.3422504828231 3180.6129299233544 1398.554545075618 9706.455120160437
8944.302422523157 -160.8672334137882 3824.835545383303 -7691.417535274799 -6965.604630224576 -2930.6122720576222 -931.9032362667895 -9240.390839810654 -3248.8474854228807 -7904.6765270066735 5225.9135063862595 -8848.369291021807 -8561.507052335948 -3241.9474588170424 2460.7920219569714 -5303.0680378665475 -9884.911556135665 -935.18782566353 -9776.225762998423 -2334.880369748298 -1992.571955893798 1679.8822936187753 -3829.524140005665 6774.281138304868 1084.5175317267294 6668.662207937286
9343.079634942442 3666.8641150620606 -5811.079790364155 -9395.533322785623 7066.6018577839895 -5575.804364967007 -1323.881675129389 9076.64156043671 -2034.1951087223006 -8976.899011453368 -4296.321664667599 -7.957918901609446 -9177.6036219361 -4900.981694662208 -2168.6145582764384 4094.616978567292 -4368.367350849427 3590.8561472166966 -6737.979545768525 3656.659688580172 4601.237576519454 2432.286790049682 -5747.349512932223 7627.494362985784 -312.9244899542555 -5606.269396146157
-2788.6067102677243 1765.558065640018 9637.772551313155 7605.635571317525 6942.746952139074 9494.80202489578 -5929.951157763547 -6893.463122073921 -6218.385932119541 2166.908120829401 -3661.666106735648 4094.929728783831 -9309.499534361941 -827.6778599560603 5311.45129261156 9148.665116669421 2325.1225277546364 9178.811039887561 4635.1260234983565 -3857.3583405319205 -6716.803000646128 -7370.982783850073 -80.36826809473496 8094.821435686132 6149.108339303331 7409.654561798772
3071.6243458751487 8504.32458495074 -7447.200583800357 322.1881661538737 -4209.24975282561 2702.336250632825 2881.4793608548753 3723.6675756144596 4507.897299221808 -6474.1315542460925 9605.216948174904 -1866.421667372635 5645.101362950398 2903.596572998995 -3177.48856693572 -4954.684512497971 5988.340808105484 319.9514266891183 1155.312703060572 -6056.266528819146 3619.407375775021 8057.305115534335 6022.939270061239 -3310.9228340957616 -6687.0211267984005 -5757.123551722594
2239.2806896852144 -3338.004102861927 -7618.41483689002 5089.346722072545 8104.266730748564 -2348.8553064033076 2571.8492248738094 -7700.792836682309 -8683.138764472309 8370.599349097236 -1605.4670315122894 843.8385705033761 7512.449191775158 2243.9975279113078 -7803.214438676995 7694.328226923739 -3938.4722330929044 5482.819149288827 7152.092521435363 -3121.9892403544145 -8292.508933914798 3994.4164185251193 2438.3931555173403 6312.587253732201 7512.220394138374 781.954586689948
-8098.737621272871 -5570.418890480937 -1790.9883237376416 -8271.212681490828 -4365.732641604354 -4057.7061617869094 5734.25399267883 -2969.1858434072956 4826.081758965167 -1086.285294250063 -6950.580048484947 -3162.1609517122233 -9727.929083889909 3357.730085493833 -4233.102471541597 -4342.550261193816 -3365.3824382602934 9659.770671877824 9687.134729252692 -1207.0004053296798 5458.1055312565895 5737.218718739043 6957.637037698783 -5088.225934107983 -932.6573775196321 -3615.5203088507196
6497.881582496149 -5420.821005817069 5490.94005615805 3183.3429508231984 1809.754679077163 -4956.436580572574 4707.7433128395205 4091.352147355532 196.11349254575362 -7596.828399893049 3925.2047257768336 -9839.774855886015 -7359.532883201944 3748.8053214416395 9260.378130750567 1518.8484758387876 2823.7698868312273 -653.3309266476845 6685.784984404261 -9767.772680528025 -3343.03554401125 972.0262839391071 -5433.661165954284 3192.136690492689 3291.0403990350806 13.88398457538824
-8283.243273365124 -9231.405734853408 9562.195235366074 -8778.166508419565 -3529.689511215619 -6270.258752795692 5936.091438733803 8683.526343042358 2974.8289897442155 -4749.2612864437715 -8969.824036694074 9251.629195930538 9197.454886688527 -7253.107190653194 7510.641250638484 -5515.336433974376 931.7899515964164 -784.7070402334957 281.39711085033923 -9474.535128484824 -8611.434749220894 -5223.571442090231 -5984.34193098325 -8275.4581980934 -5786.646238775488 -4128.882678701735
8971.950345812267 -9569.138319732929 -5040.266674682454 -383.45654497786927 1140.0284358107347 6282.012371916135 -3413.3373539422537 2728.3800831474728 9761.99560968055 8601.335201008646 -5041.911536797359 -9010.185314622035 -8526.716452505589 6664.450099827816 -3899.125331038831 -4232.3953875242105 -9142.827361165995 -8428.614114672184 7003.227881064791 7634.31874036161 -6212.586147763177 3100.443133955954 7294.763086878691 -9567.91330831512 -5939.524063167342 -3377.6346102986963
-3501.1606467262864 -4457.060583321661 -3366.8091346392794 3099.1800147148424 -7541.045323363726 5390.34699744894 54.9831153981886 -8876.485839099732 4049.4359382895564 -3246.639928695842 4952.174632033328 -9696.099580179674 4152.884025333906 3965.582848723894 1820.8650857579014 910.3835356501768 4607.473250616267 9663.055797007437 -3294.2653198008175 7721.3648660612125 5656.239787664301 6715.10396294891 -8758.190083501418 -4262.498237443695 -425.0595732307356 -2937.2435351226823
3389.397292499456 -3978.539016865566 9437.76005550089 9715.258914686801 8269.225383843259 -9836.1170140297 4935.115982275691 7487.224500188724 -5777.472897715475 9260.602050246664 1435.8483221378865 6856.265900616316 9337.584103835605 3776.152806892749 -9359.482232798355 9740.339727657189 -9.164997091200348 6622.560637071867 70.05190648831922 9014.12294421412 8058.924815345661 9050.647649878545 -6467.436136633738 -3370.26710157611 812.6904054345978 -9928.623383370594
4264.686851388766 9412.451308998083 -4547.8169467218095 -2491.452935356946 5259.475131455076 7427.14604192695 -9305.002010513255 4097.436254401471 -8820.606241075793 -8847.231346612985 1646.4239075320183 -1876.4718670268276 -3648.2583062937747 -3484.5934197227525 -945.9296420236788 -2921.659787144952 4701.618962071399 -4208.398861185127 9898.24482254872 -2767.6034071794556 165.7000749321869 761.3735256624896 -656.4504636789407 9591.57005345439 9978.953190948043 873.347246052117
-6720.15898321512 -3489.9486823322977 3050.5041986367723 6845.2503077316 7020.889041191698 -1361.8727198492707 -1321.2719072102464 -6668.892008489451 3200.8276832686297 -3940.0274228320886 -1878.2315392057526 9587.606663461342 -3688.40919350311 7186.882848512618 8301.630882981826 -276.1336692536661 705.3798519713691 -484.7922892101051 -5847.909863262801 3385.8071215741493 4058.1810498000686 -3409.1957304289863 -8996.236959994143 4188.471706878878 -6540.618676209866 -5276.9153996967825
-9986.447323150116 186.94529586686258 6945.695463317155 596.1255238940485 2258.479673873433 -6407.900266361706 -7580.051550763996 -2195.8712082178236 -7042.020978083554 5656.661661970022 -9289.28729332618 -1712.5107585505011 2029.5654371905039 7381.902134390752 -6847.588658282762 9491.084130220923 -3441.9685795926007 -4781.153272442122 8920.04681023294 6124.164465180742 -8856.393919675962 2344.899333180392 3128.7110467347065 698.4243026986405 1915.9308854128267 -2118.6674872042267
-3561.8258658396917 8583.158053601142 7920.4018823517035 9249.230948752513 660.2480700784636 3902.936435788124 -5125.0546481806 -5809.35076476546 6694.351629540462 8957.402879920443 -130.16353858890943 -2797.602920764828 -3905.5606374859744 6429.509072306893 -3747.9267415289287 9358.630309660348 6936.890261740653 77.4198803813324 6173.762936641189 -9357.15792743754 266.0689066207051 7026.960754559779 8310.68649815158 -6210.099264311537 -7972.758862063704 -5565.273479175117
1122.5645363036892 6406.719614277597 -8549.537129514472 6106.4143933239975 5653.877332540829 -9216.072038777624 804.7315994738365 -9381.44877411212 9830.978684147482 -8834.753980536887 7431.717259152207 4642.496828668292 1947.017123146179 -2308.1393296862425 3068.3010769165994 2117.396995605901 8751.543248127356 6647.925037145924 -4959.463277096603 1405.4730608713453 1450.328454834762 -7143.925837089169 7224.188957892227 1416.4870228608943 -2034.3750622776643 3104.6487709026587
4950.4876890934975 1106.2590819097659 -9470.502175261045 -6372.49518782268 9772.167338719195 8776.662468544724 -8780.6666142822 7772.431232185161 7601.673970398224 -3448.8112051330554 -3909.32891239341 -4062.6007414999485 -8421.606635731428 -403.1777390151565 3077.6116309996123 2631.9734041271167 -171.63881040182423 9617.910304362755 -409.69658434059784 3072.5500720084747 5375.321506820381 9869.1445708061 2385.3783797818287 475.2674395249305 137.9540304158745 -5727.0108335670075
1005.6832383487072 -3856.6753077888043 1670.313173815146 -970.2127828608554 -2519.739711875428 -9640.528313124734 -5002.089223088615 5079.83607724321 2325.8581063146958 8975.965956592285 3438.8146583620655 -6240.257900561015 153.87347420714104 8903.791500481864 1953.3730542032463 -9906.968548494297 -8249.798580118479 974.1662448806946 -506.32283040583934 4284.391400357905 -4548.629011697199 -9625.12768443536 7450.6529664635345 -3686.636995029584 843.6203205167039 1115.5622486438406
9749.012435085919 -8769.743446980554 -237.83589634220152 -860.7666278131637 8392.637858996222 3390.702575700114 -4576.473617174696 -6412.305534349436 4682.161741851827 -2928.2068640954903 6984.01770546049 -2761.5287084940073 -1584.8661623868975 2375.780651934265 2849.6677318192324 1812.7763818111762 -9691.34293011646 -5924.057832017873 5680.213365306468 -5200.250770796815 -9041.691350748331 9713.2737355949 -2009.3305461180225 -3123.464953355743 -1571.5933519886603 3263.932349431381
-5478.065710046189 7882.580154772542 6224.223076369002 -3673.1331884522915 -6587.375846406542 -6331.649364587566 2740.11787076582 9165.916632880948 -5021.305293688656 -4846.440765711095 5441.960888228405 1466.1137093493126 5551.439012587758 6974.33001410669 -7605.938887596216 -307.4578798157527 -4029.060385123391 4192.802192523348 1600.694071263997 -2953.6902034935174 8853.805254983588 -7265.4506512696735 294.130543546602 1226.7240871256472 5455.254990896978 -4904.174845123996
9573.581360367418 -5809.306510691017 2239.259852370449 5674.7528190923185 3871.3864161281926 6923.817904229403 5737.738419672569 -8975.370533668844 -6669.7693041250595 -7142.81700787945 6901.363409328482 7807.875199575254 -2964.9072073776715 4043.2279656360024 7383.948421289628 -4553.061617118164 -506.0496631276146 725.9858641495284 3813.2131840321745 6321.148403065061 1656.9193180085877 8739.40869388717 1043.7343504339751 1446.7731631587212 6993.66672413185 -8294.781913696994
-6149.5410769359205 369.15988859273966 7775.574927981877 4263.010240557152 -5912.612823824271 -9031.311457477079 -1147.486099010881 -8030.057409185303 -5362.50729318267 -9731.508341631592 1880.6846572800223 1359.114637222523 -1446.392799639818 5118.944234323679 -9907.421174789182 -1603.0020018025662 3484.830499343492 9881.029145806631 -2514.5448103076924 4284.00319320591 -1742.0872627464814 -7147.641545130466 -4441.583389871251 7380.9903530506235 8082.483732314278 569.3596540458311
-8958.411843319827 -8686.69141772444 -1822.5153435618458 4779.123064110941 6496.892824026272 -864.7572586007263 6764.524847017816 6659.34636413159 -8629.143093134055 -7759.781813347057 -3378.4516762866206 9155.094583181668 2554.4117289691712 -2783.8546211659514 4094.665917459857 6694.362431980793 -6091.687563257807 -4764.042104750439 3519.8555222441028 -6441.963763497359 -564.0482720175314 -2180.691696786701 1379.340397608874 9097.573632576215 -4099.866564989369 -3871.353855482429
5045.201341803237 -7039.237180425317 8982.011557281308 -1494.6983258813889 -8874.126596170308 -7438.377931650275 6782.712594043678 -6272.407471156917 -5164.532530885941 -6733.023618651874 -8354.83571200725 4603.763709313618 9750.174117811497 -4212.139461734579 -7634.192744233855 -4488.231952475552 9229.519220831931 -6999.896773705603 5497.720569859472 -5346.666635757791 5349.459417772625 -6070.8477654874505 -4181.867892331104 8910.627438578958 1292.8468526926663 -3238.8475733429887
-3853.45891316742 -8083.7100600445065 -8204.574884754185 7174.466006301947 -2840.5628634400036 2154.5964169844283 6049.4338908467635 -6866.97255310051 5955.179589583135 -6079.807304710812 -1163.0498178607213 9960.513406923146 8569.267622372205 -1258.4765575489873 6000.767508642597 -9431.893583501998 -1835.9360345520463 7250.723103578508 3727.603641618285 8412.153228953226 -4215.564747145044 9278.400459858829 1028.4748992584446 730.8534390282384 -2849.9332797300503 -1871.6267454282233
1 26
5221.768433656052 624.5812711330491 228.3356507260778 1192.9612655717028 -7069.5647101026425 -9659.015852022992 -4620.325429628169 7424.389558086481 -369.1922964098503 -6598.910501939221 3371.7611090260616 6843.382564008989 2556.6698123437673 3125.3536742839133 -9457.78151362846 5974.709951021838 6860.547417216294 -2668.9972680564615 -8321.682468432033 -1242.6929979368651 -9187.348614384911 8632.369639641849 -2181.2615299357476 -3988.3005534099893 -9898.637495919598 -2401.4413289860313
