20 6
8315.089627564223 -1807.0227425289813 -6056.317581104698 2671.5688047453095 2754.7968906415554 4897.07899895688
5757.309125486601 3116.146595310731 5211.425190827433 9006.616771341734 9982.469734829185 891.6085471783681
-4992.916342218728 -9232.349350761771 -2857.3066203688713 -4022.2193785344953 -9142.513923893315 6130.261231782848
2473.6242524094614 3783.0518555611616 7689.613933025514 6470.784449487899 -2005.849975046137 2806.872664633398
4075.844488940844 -139.5794037524447 3999.9709941898345 -2506.5998845234617 8171.661134281185 -1138.4070312980748
4403.432187895418 -1811.0179478209702 -9355.989323014306 -5694.773067493071 5437.569921858569 4735.94134651951
2713.485980996473 -8529.58428687701 8310.599634919206 4655.154193002643 -3443.3683123269466 7014.348369812906
-6724.901943568293 -8100.29341644809 -3975.572443514826 -8191.125466875049 2306.0083919206954 6915.067614853939
-124.00777220333657 -2965.87534720887 -2281.953619488413 -6759.63910343256 2835.938856347446 -1276.5252063268817
4149.330624881059 8171.635786542538 -7027.45055535861 -2179.882763831951 -2116.6873333160656 -3264.2544966921296
-9184.47226509642 5609.364039271262 8463.654102749584 2354.0990158454315 2904.828380194007 1581.0130746028644
-9968.37650990687 -3543.1809935525234 3923.685568584271 4007.149832225654 -3235.881986214533 5533.892737453129
-9085.318343171144 7430.20693147396 -8289.78657868646 9381.130626635408 375.12500241974703 2524.290474321884
-268.1983486900681 6272.73040315602 -8534.96007639067 8016.622036818797 -7661.231008678979 2227.1637844227007
-8405.206720844804 2092.725881358683 2234.11492321846 -9165.636109632622 698.3569998248404 -7506.115949474019
-5156.447580534733 2157.290853194345 -4753.887737259972 -6030.9325068644175 5431.7965737478735 -158.86996333393654
-4004.0551470829496 -2291.9618047928416 -8196.102369713528 -4149.989478636642 709.3434752349785 7473.459033451356
-6869.606872198452 695.7811342982059 8682.040605154802 -5317.256512301978 -7368.462275270715 9586.52659412265
7118.135980956624 2955.990234546427 784.476009280248 1559.6487842537445 4429.017073922769 -5139.840052916198
-2625.080678545344 -9040.251987198255 -3970.8091917401052 8808.148382530286 7376.138670601453 6550.308410179106
1 6
3508.301140853029 -6216.307510284087 -7652.416355842717 -5445.742558280919 -568.6703079483905 4865.98764142105
