100 26
7947.7093877373445 -9494.44321506064 -5886.323795714215 -625.3983112219903 -9044.311931332595 -5595.510003065987 -3951.06243330305 -25.37109213983058 8887.449368616602 6053.143272202085 8149.335039756119 -353.0869567697082 7895.7000170762585 8729.32753505321 2965.1054007682014 8795.44406259308 179.23446498310295 1078.100068736274 5643.770073464691 8632.781614383952 6783.239997124991 -6143.023745096501 2081.9303933249084 2211.1092200697076 -3898.422767286338 -8447.27251011657
2476.121695468468 -2684.4095912976272 -430.7709673362988 5022.442000540073 -2366.944108931212 -1053.1304178486662 4590.848104037315 -6495.852602713323 4873.186393531734 502.35537241669044 -8873.335848117014 -8189.511994737144 8335.901659402884 4254.540338513147 5440.755613590913 9901.849237633323 5689.039049403795 -6505.103000310484 -1994.230707836824 9001.236380966373 3927.0505429769346 3815.2447414738963 700.1759823963002 4816.724036828617 9072.699625124631 5638.748834381742
-4660.447278260289 -719.5437842794545 -2575.527469128243 -8077.477439966651 9519.18796511785 -5022.156013393202 7173.359992084792 5126.396828638726 5816.026835392169 1346.4856760099428 5912.975129679733 -1458.5783695947957 2677.0558507136884 8673.86955612259 4442.662746571639 -3451.346204286183 -3224.85259077683 386.3783784308325 -4767.795051806436 6336.675752816265 -5467.962577707488 -2386.662615692736 -9594.530823799543 -8298.282198276958 -5889.744223434596 9167.890940017896
-6446.568660281642 6141.509192889851 -4376.948862203049 5630.253409555135 3514.3548571700176 -4234.893497417158 7570.037721483579 -5955.953304455846 -2937.619948321564 223.5818961796831 -9859.086158447426 -6754.699282584967 223.05914189539908 -8241.738766689026 7887.074160036667 9467.349949661122 428.8378631316391 -458.26962740815725 7719.019994946251 9746.788353786309 3562.845671569774 -2492.9692773165034 8448.86873379784 -7099.184238175174 1141.8239868174933 -2687.688887506858
9914.654370230066 -7868.576126166958 1071.2770710423065 -3930.3985303169693 4980.570806972457 -7111.682083754613 -6111.156043485981 9231.762545340149 -7885.155300191411 3407.953731465508 -8631.835238121095 -2661.173083048574 -4534.9922366229275 2849.5836681796663 8501.778032682447 -2240.5075434395512 1614.9663755077709 -5480.304294899674 -5224.854338620839 -281.70529654500024 -661.4623856226772 9634.030381868943 -790.4448019060692 5307.1606815755695 5504.755445451514 -1080.0356803271934
-1187.1107174605695 -6512.425384079583 6115.771555745901 237.39661467316364 -2180.8142580288604 -8781.985203833985 -2170.3499747909127 -7549.545837103369 -5580.984453369395 -6795.42406876273 9830.716886198748 7749.8925963484435 -7017.750833273873 -9264.89148102236 -1750.3764758963753 6240.047102120845 -2139.464808173415 9724.395583279791 -1185.2316401136814 4238.298055647007 -4006.6189292837144 -5016.1989197207495 9357.426974355745 -9041.378138529957 -6803.65990605669 441.6436686626239
2332.429922717305 7013.832350187102 -3139.9755917468065 -5239.18870570841 -8376.173731679366 7319.187666255315 5564.7147102576455 -8272.907852332111 -8021.077302451351 2574.7447199731323 -1573.6242517990577 -2511.679097024613 4701.99830129453 -6388.514555862967 -3919.8514437407403 -5376.618848657225 -3342.1143161089685 -1201.9041682760271 -4814.955445833684 -2346.4525905588116 -221.6348076241684 -9888.642129116803 2730.267587642851 3760.8791814082815 -3436.384208554364 -9653.754949023541
-1171.4019955906151 2760.1942561665273 -1972.8886647612944 -4404.682084741456 -5772.096274783996 -6913.158914024282 -857.3972781528864 -6106.9151189639315 4927.231183385609 -643.9935804917677 -2573.0084766285954 -4478.953166534896 2597.993986103076 -2943.327620905873 2377.8539936455636 7559.876579463795 1978.8699969287518 -1976.174012819838 3670.5441898701647 -452.3513917551609 -5851.962553054375 -2033.806369696329 -7010.859595923252 1564.4702901731343 7995.7271615691025 1117.56470635374
-9007.196115371818 -153.99303692890317 8581.491176276813 -120.54305274407307 -8617.85628580066 5298.150444113036 803.4029610414509 -3408.1567024589067 2642.069014389015 1499.1902914004095 2543.7250580785276 -4350.325234638308 3438.6308228788203 6579.501626531473 6019.59786471334 -7555.0016485994265 -8217.698969607933 -4670.0500860011625 942.1557905941008 -2383.8886219125825 377.55319752475407 621.8582772495993 -9234.97867088561 1765.6350794017944 -1325.3302213204242 -4129.665697735026
-3127.2663005791546 -1309.373324635224 9412.092609665313 -8540.167574661227 -7077.541747272869 -4591.864542584432 -1160.0952723412756 1099.6027415186836 -2144.6122186885104 -6978.334531609571 -8985.15339446811 6822.30154360674 -6766.97064243921 -5547.746796339934 8018.636430562983 -4892.689755662862 3308.1077396743112 6165.45019624821 9421.259710367609 -5106.115141352401 7540.099519973126 6938.210438357106 1178.3549526999232 9747.755436554216 -9268.876614872594 -8575.447890633728
-9324.442481043901 4013.851148525873 -5293.031970312565 -6780.716364924663 -4748.156780677828 8107.734741422959 9590.296301042486 -4272.442991904981 -2110.6757297699196 -5636.05122599701 -4533.21913567875 -6943.327889309565 4732.776046982306 -5939.214927500647 -4535.365017677984 5077.0146113564315 9292.793405147168 8484.591651745708 -5902.255037931334 -705.7706018831668 2552.392874925248 -499.71396652629846 4380.545180560668 8049.619927018 3522.5870003225664 -3717.8900752003137
-9772.98704423621 1743.7608240343015 2914.1511128603343 -1663.08644788106 -1026.5552369074558 -6685.477686072989 6628.941846611186 1545.133919895352 2462.2845565751886 5496.389091487057 -9551.540934937724 2318.696335314273 8648.006690145401 1286.0629759274798 6693.3451672378615 -8272.420883284945 7229.015255216786 -7258.955968096865 -1682.1437001868671 8958.83149869458 2352.732292680799 -8387.080215667886 -6257.376304752113 -8944.767481169505 9446.123519734392 -5668.537868955225
-6091.854724868397 5699.866649803551 -9003.100714106056 -6793.865521066504 8704.513810885604 -1531.6833379054005 -3763.699361724839 3441.463517676013 8108.386388014296 -3831.391392150831 4046.430424970351 4936.231623813126 -6676.505359561343 6518.35268683152 -9186.03506511295 -1274.4399475191876 7990.512875307191 -8433.457144614802 -3859.2504447504816 1769.9005746170988 4978.768555914283 -8435.321671072446 7461.542738099695 8042.697076109402 3285.9209571125466 3884.4809568084656
-5435.93882984493 -8667.534879054781 3695.5678736990085 -1572.6705340820827 1333.4468627682636 -6387.6377216877 -1503.97616190372 4046.400357651866 4184.394232855337 -5858.505973960664 3314.088963950011 -8751.143632184054 2983.1996320787766 -9203.050269839363 -5990.347564338085 9634.116683887754 -2591.2202501114343 -6387.400761398887 -751.1426026351637 613.8328026412364 2282.2335259771025 5125.881605533532 9298.104907970432 -8217.011068530433 7023.809032469842 -3781.556951254288
-9253.147542455034 9683.3342245272 2382.2451195093527 5272.199942433406 -5272.8273115669235 5477.446990182943 -8402.077626026366 -3381.2014241686447 -979.062887817674 2038.0108310036085 -12.886452582040874 6937.343508414699 7389.104917939203 -1710.6369850206192 -1181.9288742411554 -713.0058120201029 -5395.365026716155 -740.065550256264 -2475.1429613550526 8678.184658511098 -9141.310918199903 -7518.489195252884 -4898.660706362625 -900.171445887645 465.40840096772627 -9636.40950099931
-9017.25556310458 8339.1267209791 -8526.06688431241 -3627.9643009517868 -5597.137283703979 -4167.668004927667 -4458.088620167213 -874.5467319623531 2034.4654376655017 9476.651706283024 -7138.807095531312 6853.382403255982 -9076.813753006967 6307.0148585433435 2974.245592748297 -8227.883650401887 8193.567045742904 1128.2478650990124 2069.9942083094265 -7945.324191127564 -9638.094256365466 -9349.510636211093 -3618.9020277763875 8398.58565532984 -2677.024517796611 -2147.3317627335573
4004.6552086834836 -1115.9991566812132 4575.336349213299 5780.5555697595155 -9975.428839430448 -3780.626481830849 -3404.1574298234045 -5982.111508838139 -6611.145415672883 -723.9406591338557 6006.405456835269 9049.043280101228 8053.812165352145 -7958.389535404238 5500.623660868479 -3457.482783546955 -5988.835719609424 -1053.413157800227 5811.362017808071 -7337.440167265979 9773.83168168318 7380.4208487759715 6084.69515023569 2872.2213112267073 9754.653995620534 -4965.883544841463
1629.883077073222 854.4827873086724 -906.2973125455719 -3104.892224935503 2011.9784382447124 4610.722618530121 1606.4994319015423 -9825.76964733741 -6786.137389239399 -9652.391520503365 -1834.0259058141964 -521.6768389193094 -5013.535011399767 -2482.573610822962 -6918.575773529483 -5443.431139230744 -1781.3220761284483 7097.186841911291 1314.8776832226304 3098.615348063875 7891.603663646845 3271.1672714710294 4474.639144031362 9395.302770351409 -7940.305269031662 597.249904705799
-6222.289340869218 -383.84335161274976 -4923.095126963944 -407.6110593466983 1150.8175320423816 -3460.953890971299 765.4867333233542 2682.8951956127385 2624.2758437361917 -4545.059873361266 -8945.84762646849 -6460.04055985121 -6097.641874414901 -2124.2305587180945 -4934.106353878149 -9924.074333926723 5013.528001991623 -9717.695350236463 1329.0246376811283 1825.5704598661123 4340.367519017818 1832.644687067048 -4499.306426739029 -8490.77231592914 -2239.055769971372 3245.318430237254
843.1467079806971 -2538.0353944392973 -2747.806514151951 6831.550360962916 -1387.1266559542892 -915.331440414704 1926.015180185852 -8809.208431643705 -2701.053935851097 9624.562603451996 -3403.4461805229357 7734.169025279971 6718.777369078034 -2269.9987304458255 -4734.694000493636 8865.322954997162 2656.7471344141686 -226.12275184739337 -3330.45618341149 -1267.624388844566 4739.371935044766 -9488.019193784576 1935.66317847561 788.965653342826 -9357.876981002599 5594.900319200893
5009.205556047478 7508.107143818233 3747.4891765130124 -8370.80433836388 5014.374126642382 8781.340524357147 7629.574588526681 -2026.1368710435736 2988.270038259843 7811.764313985972 7372.260354056176 2846.062726778575 3481.8538645856133 -7366.463067460831 2815.256853495466 -350.26859890857486 -2566.6837359839947 -9420.516767072102 3976.5282084669434 2170.3574303870682 -4637.550087148661 -1596.5289444645532 -7742.188034520352 -6221.341593908373 -743.4163392920691 -506.853188789697
3689.7137557348633 -312.44041630301035 -5108.3259291537515 1011.0247583546698 5620.735164900703 -9839.719938626333 1496.163547044207 1693.8681835701427 -3588.5926468766074 -7580.647522598514 -9488.036076847062 8177.41575613882 -7907.380678597599 771.4074550873102 7748.791571276484 -4661.306259253482 8757.977574429893 -6956.155267781621 -1545.5606574696194 7419.926492535185 2176.20393176996 436.2217669022011 3454.716244233721 -4935.056141363876 4080.566450513812 -7935.562422669735
2889.0289071736133 307.9380280382702 6814.127900256881 -4061.6931797537536 6880.136242089557 6252.016181637053 6920.141115365041 9144.099199009666 3862.54048462888 7390.016961180045 4160.293956596437 9985.024681910956 -4019.517955732461 3097.7857589891355 1899.4757291461356 9773.164306965537 -3367.667011463449 -4193.11830788408 -4335.138519967423 -7331.5812171223315 4454.634760944366 2038.3848463018603 1964.731653711795 281.23804919271606 -6785.8551722085995 -1044.1233843003974
6584.905767875483 602.1435289025994 318.6219661764553 -8218.426758035184 1563.500444930718 989.3393951430899 6084.568784931887 6749.812401729072 1455.6323672806993 -8008.3429876859855 5587.315108228677 -8198.372084605315 -5901.420668717219 7492.043238288425 -9711.159557456662 -242.6066142858981 -7599.860974219035 3606.7415777791884 -7158.120178673766 4006.496538737196 -2514.6698403703385 -9608.38631310995 4199.286098797413 7402.6993747296 3499.68464540668 -9638.678447167486
-3762.7788663498077 7105.460780982485 6633.114338374289 -6401.553135474991 -7166.856561701517 -3463.8791653199833 -8098.974906453609 -3339.2628354954577 -2194.6209159995924 -1023.5866587734417 -2266.018289719689 6214.689295328986 9380.249161729 8295.695502847102 7812.44688894715 8009.169423285879 1454.7856622143954 -9301.120573292057 2791.773775085858 -7891.593438928943 7777.868485674353 5512.296873045394 -2930.752929447407 -5341.581113917205 -1416.3748827841064 7311.100848934861
-8414.855462132942 9458.508243433957 -4826.15353977222 1910.6799161798917 -1791.7384650463337 -1565.3076464611313 -5304.423392862374 -3264.7462719277564 -182.78132798957267 8617.892511004316 -8770.812925653687 -7107.29988309722 -8543.570157798678 -5412.4398168397865 -75.12176254811311 6433.713362969949 -6413.100194289341 3982.9450453057707 6490.156773596864 -8717.740930812904 2311.4087010245094 8482.824209276961 -21.137478105132686 8637.85280261483 513.2266349509009 -7544.028270449985
-3521.9682173048604 -4934.15333712145 9305.448327884162 8870.532806051771 -243.44127095293516 8099.269700819561 8480.2848850874 -6373.180415304804 9843.481169534367 -7213.94347053861 -8932.93311229508 651.7909414454098 2051.4352431784373 -9814.714223974654 3959.842977320235 -9218.44793033027 -1124.3761863186282 -6208.0342311474 2706.912191757374 6150.300175407518 3519.8331224724097 9768.623186292582 -706.5549772006743 4682.000772623207 -9171.400292291712 9024.555998400949
4194.732976882473 645.3026485254868 4436.83017247221 -3656.1434306747633 -4661.052062231079 8502.230580703777 -3509.625454495819 -8421.95617675543 563.6805806276607 -2290.916584167606 7647.1346513145545 -1225.9108457066286 -438.1151753345075 -8768.924991903134 -5807.126835502472 -8178.81404006749 -1913.3219352421493 6189.498951688864 -8581.416551487444 1703.7926885041416 -9470.107707243798 -5464.410041942711 1900.8194030130235 4527.551386868938 7465.888352094091 -3860.0544121073035
-6159.852354637667 -211.2917659942923 5777.94646633083 7015.6857691285295 -9309.029352046791 2181.158138756451 6631.916124109743 2352.0900467241354 953.3676416153394 -8318.920471166703 8926.165396947981 9364.733665240317 3540.77265183487 -5255.434963215966 8054.069433707147 -3646.0790658141714 -7768.79793643009 2227.6822072845825 -8406.421522865669 8761.218796322137 9261.698841111724 -5288.461929352355 8430.34903913935 5826.773378458949 1345.6180516606419 -8757.711585347533
1197.7974110593623 3604.551954473267 -6511.199332238655 -2909.576881528302 7391.508020779078 7190.416917661958 223.16916783980014 4187.120396388867 -5796.501925572681 -4989.563188350101 1202.9446387629378 7946.173805028422 -514.1142973213227 6268.950567538652 9053.43898262431 6621.28242826791 -9617.976998782642 -1742.7203808668964 7050.038439173739 -7431.229731276295 8948.651141829643 -870.4069866281752 9329.452026412815 2137.048669581063 5421.614410010163 -3355.735263829336
7835.640530826186 -3634.8559444358734 7188.97068610202 -7943.608528511728 1499.3898936618552 -4601.022395548724 6282.779361632234 943.9214885646779 4780.5187996328605 -729.3157300821713 -1666.201948809845 2218.4764464036725 -8265.56107743071 4480.787944093763 9821.1684088929 -3745.8847230191814 9715.590629680344 -6144.925989277736 3640.462629688038 9174.182282438895 -5222.902905519424 3087.8926552853227 -1289.1090087171106 3436.185896199204 3492.1194281466123 9716.958029937323
-9494.808988508814 6071.097443126304 -6970.7945761008605 -7848.616896675243 661.5011331538153 3849.1631065508263 -4531.394888327704 -3527.7104148925528 4609.533699734338 8582.55351398826 6216.448731149014 -6950.189587789839 8790.950806344052 6735.46856108708 -4922.406919094114 6163.201862663738 140.70245538694326 963.9162710302917 771.7193657774351 -1675.930046446465 1969.527625455461 -5404.938313846066 858.3578033122958 2822.1350454500953 6094.85622933412 3961.0941670744614
-7907.883091302956 -2356.791914848126 -2830.0433061439344 6603.475523981364 -652.7924722088901 1016.5952799263687 -7603.444912533047 4615.920037430082 -9622.375499439788 -1806.3957376703165 6628.096250248975 -5623.957036387304 9528.900697480716 3427.9075407494784 -1496.6272009758668 3130.3090334248845 8066.224284739692 -2741.5579148364104 7290.45268790712 6455.7093526754215 5420.789501182437 7399.688852037045 4205.3162838851185 -193.04983046068992 -3552.3227579371205 -9297.049959726239
-1630.1772294119019 7828.961954317703 9880.655290986848 -4213.343526048554 -4631.142029381006 -9344.351269765168 -3656.0962262159546 -2232.108114030926 -1627.795311953054 1104.4447805044128 5314.610977800461 3986.0163494534445 7671.8595120503705 -5883.047487798998 -3454.752412846722 -8604.416624120106 -1935.4176564593818 -7935.959159940829 -5028.323630324369 7131.834903899824 -7046.580272314432 -9505.31380286956 -1430.7191355004397 9713.598836056444 8051.6869096497285 3222.265001773534
1190.3567541875855 -6990.158579647723 -4617.228276393835 2865.427122516052 1675.0989485470564 4601.852905041014 -1791.2285496377172 5790.823603766561 -4063.826645010613 8042.070807464395 540.9282188016914 -5098.021672848234 5075.931479809718 6428.052933705476 1565.87256302071 -6657.559816703053 3026.3627159920816 6779.77809656944 3227.6996426011356 2517.240662017688 2164.7175077502307 -2010.2202275559057 3216.042279036168 -866.4160817469565 -471.319106308194 -5949.04644871677
-7909.343229490247 -8063.382332454414 2471.438006316741 -8562.896710518262 -1298.0079084849567 -7034.46970847772 -977.5764682252629 -7124.967344523329 1026.587841594588 3743.497929733192 -3269.8248492991015 5454.5346579134275 -6981.2083794991395 -2054.6344177806122 5764.745794215294 -5263.361593032742 5693.075210205503 9864.464585131213 -4542.2848031867825 2373.964551589919 7788.960812072521 -8067.910172852775 -3222.810265315801 8801.736490806481 -8867.130692064788 -3299.662388411706
-3313.9066715741164 5360.842167832856 -6256.801200426523 5834.456261871117 6265.231707766998 -3323.241759731827 -5632.227624090294 -3205.3126489269016 -7153.778297770757 271.31418025880157 -3962.427828956572 8765.042229267081 5712.254854482493 -1379.8191033028306 7232.5595592939535 6316.700707240088 1989.3612718866825 9773.754635725592 -1033.0533952519254 -5997.8535509897065 -9524.9256358415 -5121.877173473977 -3251.7223428089246 -8872.31280640016 5617.9845532214185 -6716.028139704642
6476.536962552429 -8991.333138286258 1550.3109497638397 -3809.8357161327967 234.97735566448682 3324.8954209940457 4276.598630212804 -6206.672149860937 -1565.5761075852497 -6526.682211359267 8893.396721186811 -6610.935030529197 7398.14776377934 8158.44111434821 -4320.1987148559965 -3470.99761734565 -8148.0601559852375 -6201.070800165189 -960.015277778708 7570.167915111237 -7744.031440615014 -3728.618252055071 -105.62084371599485 2104.7315100294163 -3359.8065442296556 -7505.144831041842
1040.1307412683018 -421.64505346191254 5354.747546032013 -1847.5876845656658 8185.760743290619 -9514.58650446423 8846.31998714223 -3857.237713434174 5660.3541614898895 -978.4052971333713 22.696306837393422 689.0507184094677 6993.262850212992 -3777.1357648864705 8348.881657958362 8510.57228341532 -2596.1622257140825 3694.0983074385676 3519.6449422370606 -5729.7966802000055 -667.793985430957 -7200.202100680064 -8467.972235747326 1242.353425950132 -6899.162936878485 -4269.981857527121
-3744.3977468659505 -3564.064434802154 3652.2365829810187 4470.780228117677 4670.6566723031665 9264.97661395989 -9427.089189084052 4278.253463347086 -7111.005942129409 9087.48684870984 6415.463199237351 6020.537959078707 -7431.585720642824 -1215.89389597224 1410.6220394008924 2769.5504551558224 -3161.8140458619064 -1271.9236012386664 -9376.360277020383 9980.524536724115 3414.1357125589766 4878.167312007485 551.0303913546322 -1909.386407815461 -9857.865988343612 1435.8375457410657
-7670.375297378096 -1238.8723884616866 449.80838988081086 9348.36093576013 519.1371017315432 5354.370972517398 4917.189939336122 -3707.2891259676435 5402.062644607406 -3783.3072706065504 6356.392643611947 8307.309929438357 -5229.953766725064 2621.453223189168 8620.105012766227 8692.499002502736 4335.962596546404 4179.425778051724 3728.969137321521 6998.588439053561 -1996.9078354091207 2413.6051259914457 -7297.50512298432 1240.6504928960403 5703.453621197139 8701.861992514645
-9429.856856489094 -5749.600602094687 -2948.030903156083 -4524.335376804723 -2352.0254131764304 885.7164098483099 4913.979057593915 -3920.9589173543136 -6961.126751937809 -3812.9241028186534 -7388.666915619091 -5379.754950829088 8467.262382382465 -7760.883414699473 6095.71351759111 5894.721698095906 -2131.585059052505 3571.995870311459 6297.131637482327 -936.4449774320983 -7728.4585285776575 -6724.828292369955 8121.916258098856 9196.948837512518 -3006.1534661417118 1005.5212710185606
9904.290597551764 9536.128629212188 -8660.509693049418 2126.5785962726295 -3131.864089862286 1278.50081670468 5483.106804177129 -8147.373574929311 8797.171684413908 1156.9694367706434 4008.218487402113 7204.855235675968 6270.529327202918 5286.029999565984 -2238.386801204524 2975.297859115766 -9790.686939508125 4540.143414493794 8879.317066221112 7348.453275147687 1801.605477181949 8889.244986842597 460.1045508627285 -633.1496630681577 -4549.868138871813 6910.333261427681
1071.935227690099 -884.2090050236038 -6085.9583612034 3685.7289787025093 6298.54074796426 2822.1433618879455 9901.4648008662 -511.5747031870869 6573.895611838128 5445.372373297892 4246.584764716565 6091.562909951981 857.163752232842 595.9581793799698 -2995.438604427518 -3978.7858984634704 -175.03343062950808 -8840.793631134851 9085.020052610733 -8623.041495836085 -4019.759773204765 9323.814742644368 5068.581251581927 -1860.3608709365617 -6464.390122642918 -74.18947694308918
-289.22861069556893 4005.1541599236643 -9197.247021971794 -9634.175888311047 7533.601994678742 -6656.865177977463 2294.3403172752423 9703.32658382721 1357.9784388839598 -8202.165598858448 -453.35934855530286 2842.3133730811533 4489.723076912307 -6090.706448372914 3605.564949193702 -2034.8543352091237 3958.1184129195262 6671.46646807529 -6342.4444862000455 -4992.419694365042 2843.7536142918034 4466.268295448139 -4715.714093856221 2894.9266395126724 6506.824791068939 7258.358809194451
2894.96818109 -163.75513192071776 -6104.8856457216025 -2597.3086982420427 8894.278022358125 9500.207408210787 8220.056130098084 -769.7566460524995 -2808.1146663935106 4597.253082490301 -5075.163732440009 -5031.4621668702885 1276.5146267245782 -4822.797674846542 9014.03950236248 1464.4286341713596 5312.683584332639 -7691.872794380625 425.00327571871094 6508.0690980256695 9985.280280799092 -8348.644129728977 237.2729483844778 4224.927653638002 -9983.214650428403 3628.460560035892
-1475.5514653988612 9462.55010851299 779.0638302814677 7732.260396531685 115.89675006624202 7085.933155113486 4907.713753045389 -7997.146637400805 5172.246392298413 313.81640767647514 -2268.0113346396283 6783.205087001879 -2537.1822960129766 9254.122776176202 -5637.159575158228 -6726.42809940105 6215.892438781359 554.2005748204028 -8471.743852610869 -3479.970009465601 -7698.557554618979 -4714.090239583377 2834.328874202618 7786.261236693161 6397.964652445022 8558.822571504741
-9293.130141665875 -1292.1961565230613 116.0174057979948 -413.45782143134966 9594.985935921035 3963.6737363235916 8777.866929091164 -1604.7344640821138 -5647.353218287983 -3332.587922415495 666.2602829331645 -5521.752454533888 -4614.959741713671 67.86833197853957 -1982.379023644563 7298.710823049183 6495.904051646707 -3658.4337372040945 5685.093231940644 5686.278865755403 -1772.3611694842311 8741.973796941624 -9065.501241186024 975.5634992316154 -2150.610757260263 -950.1604475352487
-4949.707377185928 2422.0467864490784 -9714.622897017856 5391.781649944924 -3238.72709630622 -2688.604740442939 -4420.2439376748325 4464.457868065572 1359.1744526491584 1442.6642890361418 -7541.307643831284 1270.5647737525433 6651.27548242201 5025.351796888046 -3301.7789505752116 8658.402315217685 -8994.366025186731 1230.0998285935657 -3639.4868648095844 7142.329278974576 -7362.743664513529 -4985.8459953036945 -7722.329651931481 -6665.801286783235 -9301.731387592785 2913.55395478599
4593.045422399313 -9782.439100898211 -8520.998544955915 5797.532091339372 7841.527537278354 -3336.1876346501476 6328.17467656911 -6552.596796056589 -9997.816633949396 -587.3092908943872 -1171.1429010967804 -4122.556046225176 -9505.648989250227 5088.667126840892 2422.441357588037 -1827.5544702815068 6575.497254874161 -9816.26038478346 -5329.8629188453715 7775.360178792755 -4322.258974189342 -6554.557704267962 -4498.179784413361 -508.0159123242265 -1808.9205441417635 6558.666938847335
-6523.143712555242 9379.236017044925 -6049.459394524106 -5048.675487125894 -235.82662083541072 -7532.920630796522 9134.829466688388 -9889.06749496134 -9699.262935393073 -4864.729567974171 9310.014764181935 -2909.0644638223102 2392.00515580058 -8439.225325461199 278.4744059780478 5854.747442172584 -3552.451460959549 -5121.027604330712 -1001.7278906428364 -3762.47232346939 9063.147421634458 -3588.254154522084 4389.306972974753 1082.2814129052822 7080.010566065452 259.9520238969071
2675.5966995812487 -449.260576411858 5408.667969088958 -5971.868998173828 1569.7557203942215 -4318.055612653798 -3709.7109356509336 134.42002432272966 7960.953525539899 -5694.2159859901385 -4155.354088928465 -8685.04658872555 9640.363050968663 6473.321810489197 -3514.7726012044677 7830.113177599986 -3375.793666776969 -8926.948825882375 3550.8497961190697 -6103.468242030647 -35.15935576861557 7192.164428751512 -7608.650744604366 1983.7560710194557 -454.6507791664317 -1957.6611797122177
-3127.114236922661 1226.9036558896514 -2761.412599248447 -909.8006515116595 7085.137451534192 -1810.151106955418 -9555.817983892774 -1636.8882085767964 -2649.9991501667573 -374.30615899528857 9001.329267169065 1114.0643503029387 4176.49734878082 3367.5474074086833 4266.582369796803 5352.165185526381 -3643.0062974298453 -8233.237482778164 2007.2822222317427 4723.52500761706 -7329.077647115474 5336.587733697019 -3288.1314932716996 295.3685044997983 1066.7587379992256 -5739.876998857596
96.77433717805252 -2915.6049820903736 -422.4899354723475 3078.47345990571 7826.7972843957905 -6534.949229558464 1727.8314319230922 1811.0305277378848 -7044.629232772979 5323.1943022802625 -1006.6473019442055 9562.449130291548 -4951.390593253075 4739.517792606324 9157.231707547668 5049.158830078733 8538.534489785307 642.6145339949326 -5325.066053504006 7760.645733430705 -7660.6473173602335 -4125.6103781346965 -8383.21735793497 1126.06172791889 -2806.157919940848 7395.4786752924665
1238.1934284575163 3923.119758337405 444.14415708142224 2133.271204732011 8809.06072954362 7683.484074810018 -5402.2225303451705 -623.8130006140727 -2599.022311214221 -5879.448848828865 -456.1833668712916 5939.601836994267 -8963.32160407775 1749.2877743804038 2352.1507879781675 -7324.797782021542 -9140.685576228741 9122.51570723765 -5496.094055079557 -8510.117797472347 9688.857046844842 -1898.1048711137928 -8523.616514987601 -2000.3164517833948 6888.735494588676 2106.329726487995
5369.026635116974 -630.0041863112547 -3050.3810154675202 -3768.2139959627884 -9745.190518164613 6599.863940173422 -872.320139400168 -8601.52514878884 -2409.1015068839843 2302.152297602437 5588.673079256259 2528.3569052545117 7576.560812972672 -1604.5901873055063 5402.467199249359 -149.69927857429866 -8957.791943075668 3630.8249194910823 3182.6855778848803 -9903.954554864671 506.2463460045183 9292.786242121576 -6306.121986005688 -2747.6478794162776 4782.502378364285 -6597.679019621915
-1384.3978245134458 485.72481344918924 8254.755820916118 1400.4623189280865 683.2608912596897 -925.9183558053937 -7640.1510560773695 -5953.603919142829 9996.059092202206 7020.700941330124 -5735.768522336728 -7971.159576071481 4318.694283578561 -6422.071174752084 4967.094790265603 2005.9246444686814 463.70346264827276 -7149.227025541182 5474.2879686359865 9577.813397921815 -1113.8498043683958 -9787.855703338357 -2586.6879020266897 4320.5637332894 9083.272844462328 1314.421970350033
-662.1168474280184 4033.0752276812636 4207.684592873917 4706.233742983319 -5118.699423832682 8260.362133030405 -8267.057660959323 -7030.496408535889 -5080.200190943425 -6381.547202666465 3091.8344616755076 -1983.1353854763374 3378.275117144869 -7992.681175834806 9664.24803434065 -190.30472472886686 -2140.3321705561584 6620.750734284833 934.6796374893602 -3650.6736305139366 -1435.7435492078057 -2538.900179593362 1403.8640770196125 -5227.634699836488 -4081.7753387040902 316.1129553944029
5317.117295539587 6980.138605748754 -6267.299406009914 -6758.7822673183 -820.3424485901633 -2734.49040401216 -1644.6052188760168 -57.193475187928925 -1607.4671867221496 -1121.350670522077 -9840.476906944208 5262.926036579258 -8630.766375063367 8546.879210124982 5161.828082552687 -7033.342786152512 9832.465264296232 -8656.949080646587 -1692.3452448560001 -7701.18898122226 1595.874478442658 -5082.196550472114 -1940.858461286246 7402.717914920428 -7505.496943493404 -1779.1727585937679
4478.179210940794 -6803.601431822026 288.9676004284811 -9257.553693890743 -6050.032341940266 -9622.710373474214 -2018.8180364245854 2358.0089905957193 -3508.6028220628386 4598.9846718291865 1190.343061676609 2584.857590680451 3253.5013260496635 -7941.576234554348 4429.389818737842 -3139.488889066537 64.938909272807 -2138.3635338361473 9255.46423004345 4359.005159679644 5857.606846648343 8480.71490844649 5735.287941364719 -2269.227464544696 3502.746446814457 3738.5092050079584
-5958.233650923361 -5774.182709888267 5805.1611313565245 -7722.391957278849 8982.296839956492 2329.8862616148017 -7723.582184850673 2557.495659060489 8606.920029819703 -540.8245796264328 1057.3641350356775 7460.722359547177 -4126.79735282991 8538.670852932097 6577.748924209216 -3514.3014200956604 -9479.738809618808 -4839.093367410763 -4441.632154631317 6814.892473284835 604.9000492187115 4107.116204158077 3291.0577946608028 -413.37530101646007 -4087.6618696957403 -3553.4986034217163
-1143.5818040183658 4703.542046800167 6893.763336640903 7139.266881738968 7343.316585780594 4092.159153566201 -7996.108276375658 -9337.39286721897 1382.1035351533938 -7496.1896823939005 2075.9456497999945 -7501.719857056565 9651.473206824012 -7150.228216349011 8900.069332378262 -2311.480077506196 -5752.6438888655985 -7224.982336462166 -8185.448496918053 8954.189849454855 -5203.119755733145 9136.97621610052 -8752.285501938357 -1856.3582439838337 -6219.4444053581765 9377.07639968596
1832.7848113258315 5658.575814234273 1627.795339128792 4357.107115908015 3769.403823346516 -7408.305835704583 -677.4962304980163 -9060.223222680344 -1184.1312210849628 1675.4341895168127 -2195.7437235662255 6730.741514182537 -8862.340030843516 9788.97876131678 9247.135505172348 8121.651588235229 2513.2919188523356 -8105.146175298794 1150.8035465956273 626.8714077428631 -7378.5453698821675 -5040.777968636996 1305.9947365117532 5785.214817765858 -7808.670067230565 -807.4218467546434
1784.5168626039576 832.7611755314447 -659.7097747605349 -480.0135181243604 -3029.6755849286346 -346.7666600451339 5096.27825705459 -1607.506761981831 3858.5016620442802 -3011.9003895739716 7913.864890009088 6091.474619573022 -3909.4559123447234 -941.9701303675265 2262.627105227926 1615.0448202587067 5621.8359861028475 613.545215025566 6538.627223944146 2272.6093779136663 8614.15817213092 -6003.882053380005 -8591.217130763913 5004.855386847106 -7209.347908397684 7100.14996065239
-7575.20646828399 8781.916391444276 -9623.273509373368 3925.8254656566332 -6813.417854636575 -9897.607321425696 9853.080202442314 -712.5393073712112 6663.097485433122 786.1680398609442 4611.412840926858 2652.1554421546025 -1083.5184540873925 8619.040095556516 7923.95252316388 7086.537079169371 1570.2519476596444 -1992.1959622872619 6224.492250232703 888.0750170804622 -9750.561812726739 -5022.160870962722 2027.8956138329722 -4783.692552391008 -1480.791346045975 -5295.475609794465
-3732.57434303653 5234.816047925982 -4459.182662411119 -7803.28748553665 -836.3283917966546 4447.983098915929 -9262.9717948279 7519.079300684691 6383.05235437036 -282.3665236505167 -3533.4585925373303 -1168.3951720763198 -9044.882914968515 6667.502640970921 -5873.175292540487 -777.0088149794701 -7050.996603754993 52.88238762314177 1719.7561664279547 3278.3804853527545 -8305.85099232237 4105.872689892787 1669.256209134308 7409.201501460211 -1128.308971559296 545.9562702909261
7653.192601133171 -6941.384971779315 -8495.94848105309 5044.015767514849 3186.1341685312236 8958.110265157076 4898.699112519522 -2455.213490353359 4908.907440545388 5511.370154211723 4323.987472217794 8039.7881808628335 -6080.728019191899 -203.69892532865924 2950.1757275088785 -1211.11277374794 -6887.703295370566 7686.880936096011 9859.19580265466 -6464.945613475536 5969.015216990145 1137.1171342008802 -713.0082156876542 -7819.890057577737 -4240.298165276439 82.75343441677069
-8699.731200091996 296.68060485940805 -2616.4727206163298 5952.946285555934 -206.04359708728953 5947.813205911985 1527.0420284109223 -8942.603121613152 7673.951993445477 9223.814683599994 -3225.159576013705 5002.978771506947 -6966.369373398689 342.53553189935883 -5392.414844302293 4882.90050260713 -9003.670383769038 -9879.20672898745 1361.2061380667146 -7185.605147292759 -9201.363607941164 -4640.685896950556 -2255.6374095094943 -5967.015059685424 597.3193228531909 5859.467864888333
9891.498268528521 6366.548308232726 3130.6737060536743 8904.685879873272 -9764.614939582956 -3617.638699126149 2276.343773187662 -6478.91678095281 -7671.6514118116265 6999.8979357582975 -6268.193468141319 8623.037977144886 638.327290772937 -603.5940835591955 2077.425200531263 -3592.154051551566 -6519.478190476233 -7752.182901284463 -7504.109320712906 -9277.793742351363 5729.477771491387 -5989.837162785365 7501.515284841818 6048.920054120246 937.0588028554466 3335.382385694418
-3552.9259637267123 -147.0401349849908 3965.888880810784 -4183.788066982656 3875.583231650102 -7844.988897046191 -5650.394339923632 27.35923647396885 2474.106523617991 -4553.158848314518 4138.969835056665 557.3999963570732 9293.191767434742 -7647.852237640771 -9417.22371712018 2462.241385661342 651.938066062994 -774.2411236979315 -972.5715144506812 -4873.024556952776 5809.118616797872 5255.04824585047 3965.599335643861 6410.0129004883565 -3187.1055553448605 -228.6847964710796
-7129.432904000314 -192.21500008216026 -6137.013307388661 -1390.0020987537064 -3746.5303846123743 -1340.8243806200935 -6508.927364431207 274.1786640210448 -3543.3301202149805 5236.972525472467 -4843.225432699136 -9416.989074583973 -9548.683816242063 1216.14335291319 2251.0289987821743 -2087.5310484559013 -5219.0806911507325 7736.766420756398 6956.400207030521 4292.65677570307 -8597.455657789076 -9555.823215982076 5302.673870923625 -8904.480597548936 -5214.373846490345 -26.40217003869293
7582.929457221773 5457.667373183687 6396.881576985346 9398.856453789227 -5654.6347604378825 -7765.307287521315 5062.612971184022 6739.024287071472 -6684.773112173665 -1283.0415946032317 -5548.16073189254 -4297.489506782499 4038.2350387215556 -3174.1630722458012 -1640.874972396161 -6018.14891575819 -6695.294612780153 2895.5103268655876 1109.66538781712 20.70703752954796 -6562.703095885842 9403.883396234942 8574.160594415582 -3103.80729755583 4439.281260226382 -3034.9100208051286
7508.4824762146745 -1320.1367984645822 1079.8022244143722 -9086.806532719305 5059.87572806657 -1596.199962618397 1663.4770576764495 4626.327566329552 -4536.7304199866585 6225.14953657363 7674.556749752039 594.8326625625541 -6711.773573655278 -7296.436306332023 -7606.181536245238 -3232.3278235862745 9131.398723073838 -3333.1522846585895 -5546.70683748623 1081.337153805449 5786.69066912523 -4292.01504635292 259.35731862145803 -6695.475807385843 -1275.8412752772 1987.0058460255386
-2323.909111339426 2145.764402406783 -3170.8669884865712 225.41811913403944 1114.7041390812865 9667.731627773694 -2947.011373574047 3031.581105078969 5850.99446233343 9220.72008876596 1326.7812693744509 6259.18124941687 7447.406629166173 -507.51634300900696 -1068.5119995805726 -4956.707071722315 7980.025157077456 9646.537632337418 3421.144153786143 -7723.782722237542 -2632.8896208550677 -8240.437844678703 5610.813488569269 1133.8926186363333 4272.524263698229 4025.7490459328474
-2904.9617992327194 2055.787904621855 6866.28000834359 5602.261085141332 -5489.302674114682 478.2882507634549 2837.740342199082 792.5178110837842 -2049.351181213219 -2637.00814106465 -9192.033805759958 -1661.6069787834258 -6720.99654410883 6250.369017534065 383.8867155810858 2060.953149962881 -3623.2479959883813 -1077.2944170242336 -5614.2329816432075 -9722.436895901685 -4770.981623080521 -3636.9768325081604 8092.400272434988 27.84335246113369 9794.555292811176 -1873.6437722578185
-731.0843884247697 -4685.766901733042 -9395.064863144857 3003.891243605145 -6732.482841188714 -5069.67675069655 8565.407138434595 -3989.9325317669354 1072.865937214352 -3835.5624986191606 2650.873065463733 2191.8205178661283 -2660.6657176429653 -1127.2067684718404 7882.044137785848 -7563.992134798698 6757.337232726131 8682.264234761202 8538.355043436506 3254.0020706015566 -8978.396732015539 1424.9430106416676 -1777.680215107377 5427.673099315492 -4615.278009273569 5111.037477216898
-6097.201990892642 -2546.645998472545 -2658.0462638102254 -8372.000068010691 -5899.506327234872 3701.5214607532325 5106.884739649735 8736.367413235857 7901.317449283444 -9192.141114838232 1102.1500133213121 -1211.7838468419468 1774.7379619627463 882.1681790516905 5261.573893492301 -4918.736884890438 24.625781895598266 3493.9614453181675 -5521.490520240913 -233.96974902391958 9009.11182306624 23.96445194869557 9672.230991132405 6110.614827508272 5314.934499648174 -7426.470097705451
8134.47051072491 -3407.5990297331036 -7810.408524192054 3049.0052979362627 -6182.466234127873 -7740.2865740250745 8272.038953743882 5928.000386992269 2706.693843809895 5895.851408849807 -2553.501177028392 8394.611522557883 -5116.313256009659 -6333.399544180307 -1944.4966437822204 -17.46805718377982 516.1225654352329 -3730.998533275736 7615.170428262234 352.022977431041 1001.755457075973 -1913.9157940288933 3000.8184985273747 -17.841769089071022 2920.860816018967 -1248.2275885227937
992.9499828165935 -1344.875291254264 -5142.619107971805 -7213.79386496398 7375.866750901783 1614.616147299348 3982.5013419627794 -4176.231549291955 7747.375060044356 -2674.967464671443 -9216.525373514713 -3405.0312426863784 4441.185611650088 3180.3787077310735 7819.046614493316 4705.235811824108 7358.142402496636 1718.7525750963541 -3859.499063588448 4085.5100161784612 8618.57234902688 -812.4520795406061 8714.014795145908 -7805.617964680254 -6270.48428862318 5242.208238964842
-5910.7443759707385 -9382.1370627901 5590.140093045335 9096.142863256176 -7013.1260006509 -3401.036166941858 -7892.436953520277 358.92145365889337 9713.227972052664 3040.9606128477226 5468.576271271932 8227.723547554924 6593.668506363323 -250.502985945408 4071.3645974970186 -1235.2913175490357 2134.473319299408 -7107.230424852045 2045.0548096225102 -3098.1787229397305 -5817.664141387051 -93.16138769682584 -3245.329485205293 3552.9493173490773 -7188.5326153030965 -8245.728605938875
-2609.7329249967597 -3850.549406660184 -7146.6193455135635 8337.86341198298 2632.8714303723737 -5950.03150967319 5072.204313300752 -8449.71265736326 5703.235459284384 -7920.578555536253 4078.2967668943384 5240.059097828313 -535.2384789958378 -2451.225910792714 -4288.540294399534 -670.4104295014004 3281.1745133506192 1101.734244266887 -6760.908859560582 -9550.730790252292 -1495.363613448084 7804.3110913624405 7150.423019986309 7013.013623093633 2358.8454928940555 -7828.203195290653
-8855.10225912869 -6136.735697979477 9790.60308694929 -3060.372965385578 1941.4523386951605 1809.934158612612 -5945.262246801808 -9695.862294272836 9609.789573885446 -14.809034520301793 492.4641689921391 4567.27454684497 -4518.258393435001 -1548.296351420673 -6970.062674542117 9429.97786583722 -8915.28162471472 -6717.842219080825 -5713.993416838374 6637.402309258319 8404.781818076044 -2086.1078726408696 2938.3058647743674 5820.927758996166 6723.050368420256 -1134.9854391154167
-578.1770160411088 -5440.991720903725 6243.007255029939 -8750.913307776289 -4263.753585564756 -9028.576733710672 -1200.62209285861 -6302.6091869031825 6268.08738520234 -9773.181908013861 9773.227420821728 -9205.893466439926 2260.8433965020085 -5784.138158412975 5782.329236057332 1198.4597103168162 -9126.016166102198 -7717.066231224363 -1969.292655830226 -8287.423346016576 -9196.346933916377 -8428.69470510886 724.171141621031 -7978.736494831648 5307.414371391042 9329.49522016781
6890.142732461187 -3454.7948838825996 5758.549181333616 -8320.836047950555 8375.39783676945 8674.523545362506 1700.1617073020952 8563.65575373235 8609.81746329078 -6943.840199217439 4901.615978041247 1169.484304062742 -4317.822748989086 -4136.982028747018 -9214.046839784723 -4609.454851049548 -3297.9298669630834 -1084.8479605601187 5190.089547508527 9606.279876660676 -7383.249909575027 8104.897096204277 -8200.57975765135 -5862.351976333879 -5318.6309373870945 -4113.138917572479
4860.913713524647 5031.068328658319 -6974.415304489241 5513.498308266844 -7964.340467959887 -3589.5304388596023 5197.900344532209 7876.951260509988 7669.527199197873 -4129.445450094769 6084.770120324085 -2315.734696693834 -7514.13429304788 2255.495276070218 8302.410298091105 3057.9995587341873 7289.187465525931 -8434.284071017073 -6387.42706449553 -8459.249676072073 7274.353737360849 -8340.681828735906 -6051.713019186675 -9805.42621921428 -4438.252670195204 -5481.11374468182
735.0690707430313 -3919.399995374728 8107.125094051022 -7330.896522119734 -7797.324119389699 2387.456265529074 -1479.6212196999277 2508.337640125701 5941.605802665648 9315.173737744382 -2301.2720670823783 1973.0763627698943 4047.214239507426 -4219.258023110466 8816.818712470907 2221.9409918497204 4505.720234170176 6201.023533196736 -3759.8479530677077 -645.837890093524 -4321.290441423665 -5376.664038850796 2198.631326748826 -8514.01104219432 6281.779346565163 -7374.239050292459
-7645.67240582515 -9569.607489781509 -7240.787338810209 8614.649274936834 9078.970759718719 -9279.72731872985 -9853.552423975329 -2293.1759583630137 4951.678207941275 -8277.971501376822 -4334.688156563575 -7653.306252790935 7394.858063405933 1008.7081630029625 6441.903635178045 9572.347056814753 173.9157515088773 7521.505336623883 -3290.462195995545 4435.581108193677 -7921.370526946763 3835.101574265551 -810.2683434912269 -1211.7960840661872 2005.6398463034711 3787.526916539897
8942.360047006481 -9780.055400809622 995.9778120270184 -3102.7980917562754 -979.6551014176293 8611.72562554626 4592.310503130382 3446.513224692959 4774.748666607844 8840.772205989932 8828.573720295084 -7912.676541101042 -75.59980809553235 -6406.648975193024 -1491.3872645033825 6676.373725679357 6279.751019398051 -8878.06417023436 -9119.660388919432 -8563.072300921529 -4176.396144192962 -2667.2689748065377 190.00474754248717 8039.48188891049 6085.788011613729 9125.848437449622
-6227.871751037053 4841.258792916997 -2043.3099050537185 3720.5852895580974 7166.208656493807 8256.492426523379 -1778.2813772601367 5623.4362382071595 -7151.20231686144 515.6204793898814 -5949.272049024916 -6506.124912346234 -8262.139637863422 -2899.740852835508 -684.0848695360128 1861.601413954093 7625.476314038402 -1647.476341390704 7988.065548577513 8171.5669362757 -8776.52293467832 5217.993045455747 -273.50676235002356 5021.010678133287 4162.04624949012 -8355.519970919722
627.8558869509034 -5615.093951572237 1594.810491478147 4298.906761958397 9784.226867173467 1413.7639706383688 -9711.915826734874 7885.694959472192 1908.914453564632 -7656.9967758069815 5270.1566669461445 6428.8422007576555 1899.729191249251 6134.185601250876 6186.452441513737 7470.634393020351 7404.388884716005 -8050.429144196864 5717.857430485303 2405.6238972236297 -2961.3793516483993 -8286.884451468715 -2617.3867258914843 9492.699484132001 -5888.503851072495 -1181.8091548232078
-754.0607036608562 -2280.20524168514 3261.735656960387 2945.929217072631 -5714.077420533039 1114.5624050260885 -6329.291772864439 -4563.826669646569 -8651.739629160333 5334.900453037595 -749.4138768581142 -5372.759859075704 -3414.2670336002802 3114.552460823392 2565.496264323847 -6867.286189989072 -5606.168420897868 -3725.184599095288 -9085.082287493658 -9959.42079340228 -7736.538260911181 6103.052839240772 2407.8661917041954 -4233.687884836288 9904.255515838624 -9439.561982213172
-2213.796910164805 3177.9545152541796 2695.5087873138436 3497.190055527786 -6473.065718778595 -9337.288143338073 6327.167640367661 117.35691981964192 -3673.397950646575 -2594.631196777057 -8669.271212752561 -5145.833764920185 8602.187152608021 -5019.8585541558095 5865.455796787948 8617.791494702135 -6252.075798977868 8858.981753286283 1010.5601691881238 4356.904587942014 3453.5799345045452 -5987.159563289604 8687.866047351556 -7904.357993589135 -5754.3052456140285 -7945.5724013603685
2460.045292250481 5241.623448192297 -8553.068100707822 -3048.3595532192267 3641.286109670871 -2283.2138592155334 -6226.082940489561 -6156.153292677107 2742.327392641115 -4659.6174345304435 4516.751504982776 8151.726270344116 -9659.821519261279 -6285.77576173697 -1774.86880503282 -4474.8178743799035 -6037.037820971818 -4417.087892349838 5682.639550766371 306.21959773672097 -2385.6137717103265 -2953.1760354515854 -1142.6184836860193 3073.5653271223855 -4652.765163930381 -3058.9621610397553
2202.3687486741146 3951.3736367794154 -821.0462486929828 5857.309442173586 1194.5623621968098 -6046.202407224908 6274.243122004904 4283.159370285926 -1004.6381068196079 1428.928590655285 -7669.109240064114 2556.039538735622 6451.324598352279 -2825.3734310463315 4426.420398662211 3642.454248895625 -7108.688471150475 7362.371366392923 -5799.666904275165 -5057.576567628974 9063.081582901796 -9463.496967080197 1419.7292993405372 -5719.022597015622 6466.685314128317 4716.682728741573
7588.579213928664 -836.2578519501658 -799.3203701948587 -2097.8677150502635 -8464.561579761474 5785.449047907481 3280.9444550116896 -8457.998243391012 -2281.258681660125 -1676.9961423994464 -8201.22627525698 285.5640143814471 -5629.360288456395 -516.5368475388314 6367.4642834981205 9723.023397257213 8982.858826502503 -5576.574289044866 317.06233470800544 4847.377160879938 -9927.348089485566 9985.092432870028 434.74507347518374 1495.1324935362518 -5074.492907092429 -5718.761802596086
-510.9108006846527 -281.2078679189053 4915.423580695182 -776.7679716436687 -8776.60617292754 -3636.451697132841 554.2138763153689 -9917.853221526388 -5779.979137164897 9288.967856621031 4192.43307717782 -8197.768875402955 7819.6702064456 8500.79205500595 -9330.051136240889 6435.306323228986 -1098.8881678818016 1415.9433482050972 3253.8102642033737 1025.328748435899 1043.4690512412308 5910.8426144968325 9681.600958980176 478.59395359823066 3689.5564356992127 5699.516270488259
-9671.501983455273 6416.226611525402 -1427.3525141875307 6091.822952804436 -3872.438867586481 -8757.494066538291 -6659.298737583125 162.57079941167467 2984.400661706495 -9954.39821261177 5238.949060219724 9545.938344898903 5571.713495159913 7346.6471349327185 -8580.65119386859 -8052.885557649792 -1546.401542769072 5196.390197168086 6858.086883776956 453.1355287475799 -1025.0835160001443 -5434.625611473903 -2673.2884126972212 380.3243820690641 4039.690079772585 -6444.8126427246025
2465.791983590747 4050.570415125465 -1956.6948250070172 5666.791978054711 -1878.5389592393794 5174.396012466959 -5906.20997063751 8073.5424800713445 4606.705151546024 7740.7927306324455 7436.41737687416 -270.3518638029109 -3476.6347900257215 3687.926048854524 -7951.187981776453 -9223.64750889428 4353.462159201628 -6016.893338011358 9705.498905185184 7158.557883843165 7317.6230489636 4765.568733649676 -4340.671357579471 -6095.715881504917 7226.321765877416 740.8396822698796
-2027.5914993771348 -8024.426642326228 1071.8321739923103 -9567.670090449854 3058.499980792869 -6697.309174235872 4167.7291398651905 -702.4313565881894 9423.224598014112 2613.5274394995213 1784.559623509187 2240.212275416792 4060.2675107919913 2533.385107447448 9937.504188818792 -719.8819465919623 5538.03162192176 2919.2904965486014 3788.6742041409034 7935.919499760686 -4106.924197501589 -9173.466010999997 2684.933411600041 7329.511462710085 -973.1749997590341 8062.317040588765
-4029.8688909027187 9569.40717620106 6415.981701746929 -9720.355110799728 3983.9177272102843 -5871.523062324173 -6493.044602170788 9544.499586125403 5617.315537736084 -1258.4997230886238 2268.425909292295 9674.076416275711 -1577.5563571629064 4993.634001695087 -3531.23594462619 1466.2526634433652 4996.002209627568 -3968.077116889246 9934.81382073103 1301.2233807504417 -3775.1013466940367 -5715.056040058619 7326.519802809511 -9582.61313158693 4270.338785837466 8550.322066445297
1 26
8065.073018838397 9129.927091610189 3912.3491624862345 3328.5727862303374 4677.2732492780215 553.3915927582984 987.8209962926194 -2356.111772494389 5237.954902472493 2220.003498794964 1899.0718886656614 2823.1237895600134 4995.932308278076 2663.639696063905 6070.27322827189 -2724.3319713428145 9368.803184675162 3277.983755068528 -3467.416406140005 -647.7020668565983 7729.746603577663 7412.043091532072 2143.5969487601633 -870.5440216617408 -978.4447799917361 -9865.206782156301
