89 15
-5401.250165629998 -1239.4306723864793 -2073.9982282640376 -5312.349815327797 3177.727099491678 -5165.012861338269 5931.521999957486 -5656.383870827804 -876.0946155810907 6519.002250521909 7004.297674540878 2584.251375666081 749.6426776720673 8589.222346997936 9179.535275692007
3703.873196417826 7869.853961579967 -2749.0929136127097 -961.0433522951571 8667.533327762485 4058.064564296539 -9144.019581411749 -3597.3498451259875 5619.976491051524 3874.827358507451 -1250.1816105362668 1267.7940694791105 7031.895933620988 7701.610660745278 -1912.5231704976704
6095.9858594370035 -8189.305867214643 -4675.2504812477855 -6672.910157760274 498.190806186949 -6221.807832651864 -8170.604551583442 5366.059493424178 -5782.0584984601055 -575.2100045190818 3349.313058126014 -5046.769964182518 2527.951194559142 6445.8740586285385 5027.91211659122
8345.203986668424 -9191.799696015258 1899.0559623724203 9424.99224233023 -3945.5393820240815 -9749.392843667098 -2613.074156241122 -3563.910932916101 -381.49141338563095 -4660.344868603108 7959.212502049246 -9198.185734090972 4832.3016709737185 1710.0803472788157 -9269.674514927034
-9814.720521116169 6611.945596722351 4757.643295510747 -7058.640774337675 6299.1828684228185 1240.1549277171052 -3927.469201220055 -688.5888218624896 5379.6641079235305 4948.446947834831 5017.135317739305 -6243.851520577584 7435.399690254191 -5381.915051661344 4339.32239741571
6206.934038933894 -5593.128144229413 -6321.375263645297 265.618470900421 2509.435675990495 -1562.9519939753463 -4806.0768647466175 -3478.610514686822 -7370.192382517566 -9169.649613160049 865.394491929701 -4307.052003226446 -5026.784087057974 2790.585912723478 3028.469043208883
-7988.077565403109 3048.752881637318 4172.8300793244725 -8716.341855425082 -7682.1970103515 -7141.857065542809 -6631.24083931566 4581.548281291545 -3577.0496055790727 -457.7305843655431 -2313.823436021854 8524.615153918872 -9831.478583371349 7699.9312463147435 -689.4056090182403
-8606.109712150472 667.3912322729248 -5433.931967042021 -2151.1465065853663 114.98024107917809 5471.209824788195 -6746.792074175824 2278.5999559079664 6570.091609411695 -1320.209312318897 2577.199365539738 2449.3082247981656 -2992.121602838567 -1074.3269115512176 7441.175462640149
-3047.4922546005882 247.58582760087847 -3735.7514996244336 -1894.9436699788284 -8315.429012309982 -260.77069508193017 -9468.384880816198 7144.722412477549 -3134.2135314195275 9578.159660018791 5069.992600914868 -6860.70531883147 7427.877088846915 -4842.027398282212 -2723.5312253132424
-1554.6055104593725 -8628.26686858827 -5170.325420000537 -5309.917900143258 -1164.0139932336915 -9568.069665811452 -6291.241452676788 -1542.6717745689893 7531.541382980984 9768.682405675252 -8581.925902339313 7304.021621561566 -5941.466923159782 -9333.256708476882 3508.7262607105713
-7327.155495032395 6799.422381081611 9992.073304873607 -1460.1554992128367 -8364.512458801571 6206.62146170035 -6678.833780423376 -688.8223267567046 9477.082804417994 -3112.3186491930865 -5746.785789609073 4094.3049675613547 9426.017637193232 -1215.169507855804 -4146.509415440187
-281.999173494296 -7025.151035030571 -5802.107624482156 -2880.795124244859 2563.769768691691 9153.907393799771 -537.8417133321236 564.5496200553152 -4679.973219807716 -5807.685788794712 8670.356312176846 -3492.97486434067 -8712.75911879398 4704.740977208026 9977.240782471825
-1908.1420895818592 8859.072496838882 7971.318310447441 2532.167020393823 -533.5924414591682 4196.3933574556795 5514.046605534677 -7193.485872346106 7447.827615735085 -9036.310090985573 7522.243272539534 -3343.530555807568 9378.800242520996 -974.4879021347169 4076.7306244383144
-672.5915873426184 -5744.384472600721 7916.059080474381 -3321.750786312052 -2929.3089145224567 5622.018563779571 9611.27788699925 -6948.700082075264 6868.730931807142 -527.7427943698258 -5466.166253707676 9784.363470096785 -2668.415644446287 -6519.357266904942 -8343.094496715545
1276.7018326966227 -9601.012092119969 -5242.318532287611 -4042.748517748846 9324.368853464497 -4274.1714090219275 6834.4727258493 7398.186739040713 -4415.380542685805 -2948.884725675285 46.308095260958 5781.577804418337 3708.5274801847772 -4755.790348293929 6846.10522337184
-569.7220100253289 479.2545371718952 7851.926248788877 3542.906753650903 2852.1223552037463 -419.4215978774737 9092.96811311338 -9676.439057814152 2827.3534661880312 9403.554439467694 4343.112608142714 8998.819247268075 8666.177294244597 -6185.609270471943 1942.5021320424748
-4419.318863654799 -6109.795815883812 -4791.572035884228 9646.309071440228 1785.5282665868763 -1876.392926920027 8442.270414352417 3955.918237311598 9442.660599772393 4147.855727425689 -2804.400439330455 -9578.627426718065 3611.7727538011695 8019.782957987129 88.26599752724542
-5698.783832762684 6565.757371396714 -3060.6443026253037 8934.126310707805 -8875.676024784587 -2433.8402516162596 5006.33677395857 -7571.822628889204 -5563.199671224062 -5101.946858673774 -9515.928959817382 6709.322207374051 8403.18675168337 841.3929549925415 -3407.726780988669
-2128.6121113091003 3788.0965341714946 2531.1714115636514 -1811.8973147992583 4915.23885202145 -5432.233848819273 -4801.111094938373 6705.586094193142 -9309.716020056863 -4479.725878964568 1153.2606622423573 -385.94060921557684 -2580.0118528632684 1330.7572005345137 -6649.689448612992
-2384.010164544483 8527.5131944247 -8291.050432725464 -7039.736202205829 9810.009032189737 -1103.4517653341445 7688.7292838053945 1808.7833029441317 7661.684278443707 -2940.5671705600953 7742.369753594085 -8080.007912336276 -8627.650918423391 2948.7055701133613 -2846.5944519047716
-9205.448034118252 -1854.828458823321 3805.9267319474184 5252.900427530094 4625.392546371086 -8062.493881974042 543.7776864055868 6793.936401140301 3878.9650145888136 380.6759376472364 -1261.005067316186 9767.592494470424 -6567.830508034709 1092.7705729510526 8777.740277412016
-2858.5395978842735 8917.780664242171 3236.3473152230436 5963.305686095937 -8161.294372436445 -6360.574963886858 5134.85418081858 -5097.450113298989 3054.7585409539715 8161.59655301171 7545.253787235641 6828.425574474921 1394.2334365041825 7750.963353990821 -3892.665479092064
4864.560876734797 -8844.05875013665 1514.1293720733192 751.3456797447143 -1420.0182570079342 6468.926506116943 3660.8751438337986 -4502.694407641632 4501.778587663101 -4789.168282910319 -6019.263751876809 -2538.740437876366 -3394.270644366371 -9268.741901110669 6942.137052738923
6194.935538402311 -9055.345595238494 -1525.510721581515 1814.6702088439597 -7266.351135356644 -5275.281448384304 -6936.805660023298 -2513.907185732176 7985.234981857735 -7555.080310375526 5437.175508130838 -9561.982011181972 -4953.471390377664 -2578.666829873908 3178.424857541675
9920.973139375361 -4853.058788256104 -4377.709608632572 2724.061641509501 -7847.068383229396 -950.0008372461871 8997.895491587587 -8705.3838092573 -896.9722003517581 187.8038805495744 5834.87899677717 8097.091090858805 9229.56778832735 6194.306928535654 -7445.534046925313
-5464.558488778377 -435.0237182137316 1610.85662498513 1426.230640247577 555.0259168790581 9008.422852649797 -5046.9496739247925 5957.660570618389 2166.8978806155483 4700.167400869026 1192.5136113783847 3653.197321312893 7078.087303706481 -297.6629747062452 3120.0147431479854
8478.45639342933 1333.6198285324735 7797.454272273553 7576.826181337678 -4854.461788381927 5479.824565380481 7335.553095303854 -5473.909557703966 4751.9221453177 1001.231293799643 6927.108040431285 2947.9789521715884 -4285.797813997174 9473.685498439598 -1900.7106338956992
9776.51537837078 5046.898525842009 -2954.857346883028 7825.4986039290925 9236.269295259517 7766.091224778971 780.1879677146026 3241.4715343243515 -8271.921325612495 1544.088720366868 -7500.822059342849 8277.455277819943 2526.7007727797645 1958.094266218608 -6148.450454795098
-8588.323576590949 4802.891272179886 2009.9928885942918 -5896.415373617936 -1293.7091560213194 2729.6531183678544 8111.822519924361 6639.015723836386 -5689.874652458735 4559.088875036048 6776.926002084525 9170.748132959161 8893.624048499263 -2038.2377647791873 8335.236277766293
-4560.4178977990405 -5653.119640703597 6165.861478227964 9512.078861900729 1405.7715762630723 3440.222787541521 -5827.352285198397 876.0924026643661 9678.39620497132 -5904.746268178218 8844.444697924988 -496.9737351774347 -9036.86721902202 -2389.8446941283273 5265.98428016897
-4677.553502138956 5210.292701282995 -7733.28786174724 1047.4223346599592 8147.6840336623245 2846.0944216834614 -8280.52341897713 -4832.995942251837 3729.175938706643 316.34792749442386 -2790.246121603257 9612.878001090874 4668.4784877017155 -3736.594127971458 8751.917495965823
-103.51842696665699 -3173.2579126694136 5480.700065742794 -6224.822277297144 1273.4476442545201 2988.011329343779 -4775.095459688261 -2123.3424207090866 9342.884024378403 -403.68565882825715 8256.196280702192 1024.403728936155 -1962.0612835072907 -9343.266099189745 -632.4057346567315
-8571.262432881565 6328.659925151727 -4081.757217250346 2312.518737659979 2520.317981379876 9328.165486936774 -9899.129520139333 -7386.9303980781115 2157.051470729013 -1968.6363353682746 1952.3504767510894 -8128.1316966405375 -7440.0459066624535 -7691.163593587431 2847.042172299767
6694.836762283023 -4342.82192136841 5656.791098832116 -851.7058777885668 -7699.717351413331 -6914.310796743559 2491.7082243641908 2764.215344276721 -9540.778066788502 -4727.542424926694 9914.84307902561 -2719.046527221394 1117.964321121166 -9167.116264900758 -4227.703404743337
1546.6560760636075 -5966.768328124423 -9156.944809107863 1328.5408787179676 3867.6264773870753 2690.4185312914324 861.5596219510298 -8421.667886676008 -1745.4549242549765 -5352.801450979674 -2937.3465757879776 159.72423372137382 -9986.450719632548 -6049.801461662106 -3096.883219771811
2995.074465064552 6907.463570359501 4342.595372459415 1233.9392015929898 8143.940925829553 880.6644315042431 4984.719882290263 -5404.142018368379 -91.46080593941588 1618.7792195349175 -4143.970533877834 4873.455752478612 -7564.855858984445 -4010.1064637495674 5822.688365611457
2047.8020699837034 9502.086884624394 6800.090670434656 752.9680703530121 7635.459675929709 438.5990719716101 5052.331174275829 828.8701962363957 4106.907322080684 -1279.4509521031941 4396.8985550989655 7032.450838376415 -4281.805163064613 5792.91798382597 -4540.218541911665
-5401.722930856236 -7971.987469881452 2788.4751793982377 348.82449488980274 5781.4594239132475 -7388.457388717134 -5466.621200558115 -1709.611346694337 -5366.411285512438 6014.6980302752945 -2338.930150490868 -6391.17636970242 7004.060721489172 -7928.951295221204 2200.923378143565
5715.834759289699 -6988.035739010578 -7725.7614889194665 -9245.023762704992 -6466.957099108899 5437.448112495842 -5547.248934534575 9061.983825515395 5008.508507615688 1681.2208433493852 9054.126691967209 -6028.516287962489 -8187.1611698401375 245.74005396285065 -1073.0643598420393
-7493.835779550785 5370.65518673274 9657.143464730878 -2084.4800687503894 -6828.816827037185 -1800.1593398907298 5023.1140831272605 2179.940486667927 -8604.186970514378 6667.64067975997 -7214.07108656851 -4537.221995920142 -3175.592091650623 -5374.76487325639 3266.1559869204284
8929.848575043503 6930.690554146622 2273.8018949017987 3671.207159789432 7310.6515003210225 -6935.141826791234 7846.1650766107305 8659.815260158688 -2483.1659396396135 -8134.811462597227 -9716.942811792927 -8593.106653547831 -5262.923150137731 6204.045891951731 7689.495336514035
6378.838120451646 7336.754308087027 1895.6175801389782 1007.1647849888504 -7847.843550148093 -5447.483522801713 -7403.955008006633 -5311.365206486907 1427.9075728869775 -8690.059202108612 -8617.703288134793 -8283.03942484911 2407.328871139567 8211.331317772041 -5337.288046686665
3689.0711865864923 -5457.910133664203 2442.931127274531 -17.19628098049907 5344.761250775335 3445.8162425719347 20.750622744624707 802.4858886374204 -1995.8169761441468 -2162.0414449653654 9679.129283703573 9874.143356888653 5908.670334985785 7680.748644854411 9924.125405247756
-3182.016625767812 -1409.1837182326308 -4919.634105517687 292.62047756560787 -8948.837639271756 -6466.223552418322 6529.162357956509 5255.436730773883 1125.192352699618 -9343.838345712244 -3425.317754907951 -9982.19838222201 902.902495878765 -5556.311952504882 8604.152591261434
-4311.450566256387 8295.48435610906 5299.0272745005095 2556.2996626786335 -9288.607909385271 30.461732975289124 5289.01862130958 -3914.3150630486653 1805.0004322437126 -1032.9715627235437 6973.380894465143 -5250.350500899656 -2939.288572719287 7636.607482256753 -5342.043600739854
-5777.6608405964835 -5024.85252803468 -8598.960535051952 9056.132398363832 -3944.9901836564404 -3278.0096145989955 -4916.3600442962925 235.1709345888412 -3130.958486748863 6703.56929968972 -7983.987445567586 -7168.839098074489 2968.3136725699205 4943.255195277807 -8673.450681809007
-5575.786254373809 7068.339877361501 -7728.70975083604 7370.364752367921 -3304.94385587734 5920.762921935164 9865.411066258617 8163.938432938157 -6190.928040098523 -5257.187694190726 7707.598433305808 8949.967385217304 4775.113806140487 -2231.1240762217913 -4774.348112661175
-2443.6993226542136 211.04848253910677 2991.476018130954 -6199.944071422586 -2072.0407380621527 4425.878940087954 7239.083234948768 5959.906171785076 -2686.089346624678 -9872.884459272535 -9731.380599377 6150.374903618695 3404.0405842161545 1752.4605404015383 8814.60488081196
8707.660141079235 -2431.7192837458433 -7469.22535582375 -922.8551598566755 -6109.084453758642 -5554.232051201478 2247.216693141396 -7522.811721523964 7335.820009346324 9958.019098150831 7700.404664935213 -4742.014299607782 -5066.782074491056 7040.66345649046 -5597.331844740749
3972.7413962135543 5132.734228003539 4727.46058154405 -6822.389430490901 6878.156631045709 8671.820854456448 -515.4014340206504 -6613.0658761667855 4244.268961667947 1946.0305286445837 -2924.9333533781937 9506.814379633564 -6707.711179614349 -6324.240139014235 -7096.154449714681
1392.1408214430467 -6738.489570255031 -7349.378162390512 -3833.1484513731493 4735.717153319161 9670.913550003082 1713.7539045900903 5620.718643432507 4471.683978232706 1130.820142052773 9443.742088799074 -9075.446396803414 -7840.378323867725 -3796.4671160863836 -662.8905078928328
1227.9969954986573 9015.308390430244 -7988.257423135347 658.1126587413455 -4625.2147812501935 -767.0049514304392 -5850.433107365238 -6612.070532167633 -1907.2488816151226 5829.652575605494 167.04038640261933 4972.024717402763 3341.0646147710668 -7182.039790317918 6588.250267853924
5274.601444347125 -1843.2730345896434 41.63033828989319 -124.70610617271632 -8716.667031679159 -6903.180752090873 -4550.063889466603 8358.947232118284 6151.24730646657 -3478.224798062386 -5788.073350452388 -8881.132521826908 -9474.055968853829 1490.7035813677685 -3209.472030355636
604.9165040270291 6019.987615178117 -7872.155009669757 -4961.364250923472 -1069.7197834605213 330.89984275568895 2674.4570201793267 1713.0825123951217 6375.263626887261 -8698.828862670343 -9899.86754987455 -8274.571613043585 1955.1687478909844 -3336.4401669178424 6597.271307028739
3167.566773259394 -5098.3239048692085 3873.4375743820547 -8405.062877475419 -9432.896308073437 5224.8131519099825 -2771.105141981622 7782.345448019849 3005.960371912459 2924.5079178860633 -6271.788141121604 -6570.913958310795 4082.340649886626 -9663.637319034713 -2540.1421423579395
5763.042934143332 9374.927423525642 6666.0289173525125 851.1145657338857 6924.157793244827 4851.870938193169 2403.0574033229004 -7435.995782921589 5394.365013967517 -3169.8307431253306 -1486.4049750852319 2062.765849301537 -6138.047700682979 7982.844208704639 5825.132385425575
2596.5738267867546 1670.0019061065213 5518.323985793679 -2841.3132340986995 -8359.622794794757 826.9092392259681 -317.92063968632283 4003.4628279402987 4540.51747685712 3013.4078599561617 -5073.434382042526 8062.919107854512 -1119.108645874554 -9880.869559343279 -6964.4129274007355
835.9928751450443 -1722.8886248081453 -2554.6751166331715 7039.415251107854 -7205.710486175085 4950.259683807319 9176.342335119556 -2314.382065571852 9780.832855965225 9490.288027286446 -7377.578829725156 -3611.845271919945 9189.204638929139 2232.5241911087487 -5732.017113475289
6387.251208959653 -8267.434479482179 -9551.970490850896 7196.322720196218 2512.39766028124 5011.623155561278 -5125.528037494496 2882.3907467179924 4664.935503519911 6043.369355695078 2704.059879323797 -9045.628395254265 4017.974069239106 7904.233312211472 -6176.393612074755
-220.8097936432041 898.2021407298307 -1173.6871864674176 -1648.39950113725 -5891.046137071247 3869.71208298073 -9743.727651036774 -9547.777454928837 5810.526614350054 -499.9667402100731 -3210.6666117593186 -318.13177931182327 -512.4721093559256 -228.4635114838402 9787.606462201551
-4561.262172079108 6445.678208835856 9421.176767029927 -5970.662774732014 -9961.644435007693 -7678.147528846149 9444.992479831904 -656.1179234889551 6948.740038054122 -6571.248560354888 -9547.168181949964 -4649.759622542353 -7362.184691889062 -2205.904880761531 -2358.412104134324
-3469.4195156071746 2116.102285124791 -2289.263380773923 -4370.737232738611 -6807.1698793167725 -5462.989528681841 7807.145526413769 7062.888223530223 9952.707969989999 863.4350465444095 -5309.184911605435 5702.502828585066 4816.920992034735 -4645.356276636891 5701.056967071658
507.50221390146 -8227.136731946479 1354.3756346020054 -3432.987466293276 1865.0489647660033 2461.182581515828 4394.763684028636 4859.78893670346 -2484.9114973435317 -9889.785066066512 -273.0235370034825 5642.571837092399 9169.646918681523 3146.033112091176 -2087.7032464769954
5034.494496615487 -7992.207160262957 -5437.543509697147 -5946.372427176556 1469.6901097606624 -1890.931117809564 5705.084708228558 9913.924839265459 5711.034971493476 -1586.3121896979628 -133.8357686607069 3306.866294745583 -579.2604907077912 -8677.196174317845 1310.5431209697035
-3514.385963394604 -7197.6649676807465 -1756.7446833692084 5215.201803483556 5162.1095516493115 -5252.734784821298 -3990.029610030526 4878.527681790712 -5171.785780200166 -1988.3425406313982 4859.024009284369 -7072.790602270568 -1933.3928212771734 3188.48513077441 2589.3521322548804
-5621.665709324264 8714.349169559715 -4719.072286630879 5430.395963029547 3038.3750247929165 -6963.724656444801 5284.498327107716 4978.54766221026 -9789.470026744506 437.66930243811476 -7349.1244527262525 2259.3341726734743 -6323.546321577258 -2751.73934823941 8220.148831446502
9204.901143955332 8330.312311090558 4890.634389921885 9703.034908112906 -2696.623415629966 2047.3490234415294 5498.913088355866 -7721.890106000211 2020.8826482599943 -8004.337524963001 -9924.459460663964 -5170.060055112648 9831.99189527009 127.6235082362582 9004.602537806899
6510.1128913363755 1365.8876183897446 6046.488859484347 1906.9637729812184 -2363.921116671435 1154.922453211473 -8174.499943185118 9886.245641544792 940.3956660750646 2755.686344610007 -2122.281329225717 -7502.696191457933 -3394.1369607725737 -2261.482028238699 9662.485028693496
-1989.8111111336857 -5483.426681891709 -8046.3434440361125 -6402.870309774793 -212.18537161349195 9333.53717156198 8369.15930078581 -4899.200470669496 -4570.172092682501 8454.39231520774 -7877.464204165123 -3128.784346400211 212.69004764334386 -4192.579627858444 9884.897727853986
-6113.884985621665 6279.023602924424 2743.631853621544 -2924.719210459468 -1425.8591334849243 6814.485306147213 9135.247255697293 4091.664878744061 -5232.4673441641535 3109.4923025257613 8915.06785359934 -4804.837849836725 999.8513589964805 6063.536205141136 -4512.321823878698
6200.905435573401 -7159.685718532282 -9346.779857882982 2958.890868179331 -8808.930759442033 -9154.436645393056 3260.3668318299733 -7768.842729845944 -3637.019699813437 -721.1901104283024 -4419.025467103397 -6323.301128909109 2901.2957601320722 818.4041760254077 -5544.852572086696
-9714.97893460073 -827.6433799028873 9033.429991897447 1038.0100512998742 4388.668211277682 9021.382127215835 4469.341447126539 -778.796091140388 3467.9388339028483 5505.847339529291 7530.337147187052 9844.68508274098 -7875.745476116401 6881.827800015315 6582.047945446491
3524.624780228103 6351.33807385123 -6436.868586264976 -810.1296048911281 -7175.946301722726 -3990.3195537810852 -7184.301453501156 6288.694881639887 -8590.815643956383 -4338.354402908669 3746.8931194593606 1986.8205357207971 743.5345583035105 7634.433350536881 -2255.9647369391914
464.95878948103564 7819.092930813797 2402.4685536437355 -5253.837629828562 2346.897217571908 723.9711991043168 -5101.433961914315 -4079.645930383551 1423.4681637211415 -5776.814912172897 8425.267828552413 -1787.7565437008561 -1158.3272736850722 1707.7683728739612 1167.8201647003953
9217.678990881519 6267.48844626113 2610.6499920416027 9230.561238921153 -3844.0929509640728 6198.705112005524 5213.8903392449265 9805.840054082335 5002.381301569561 -5955.320384659584 -1641.5259668647777 -6916.525263476765 -3173.0112976967175 2001.9455153617564 4075.357620304947
7015.47155060076 -1275.7811271222508 4962.835268686951 3459.70651340165 7310.967490924137 4847.408395143069 -605.343008797423 8212.395232329873 3013.857038914264 -107.86076338966268 5294.45207989745 5525.640907014642 2789.9622042028677 -4162.7271712875345 -4400.999610282921
-1439.4283243832415 -1366.6658231424262 5266.185171244193 8482.419397223712 -5842.818779418524 5812.638119631942 9275.800140411855 -558.8043151510883 -3627.4707205763043 7623.955675454083 7725.644719530617 -9378.358844887493 -6456.889978413931 3947.0120324205363 -1882.9226034900585
7011.961827486954 2353.5819459151626 104.3514151611289 1287.6076596505645 -7755.980441696195 -236.4114671802381 2202.006447643782 1382.3532841753677 8052.297668195508 -3757.191746566562 9022.807495548379 -4802.1967814822865 -2600.7342275393694 -6858.29329845971 9795.551521853264
-224.2760226623359 -9738.09755795366 2695.579226566735 -9292.962746255811 2405.9524839415953 -3919.482708124624 1388.23638620348 -5531.246165062742 -7429.235786956463 5191.999032743284 942.3720444878309 -4606.406715808092 -8931.107525105723 1088.4238876771924 1557.9666167344658
-8330.41059780015 1982.4897459861859 2438.1527830582054 -3183.0299797334073 4203.968494909241 9055.819346111908 -9925.382342790639 7622.226850058305 3244.6045295875574 -3094.0551942997345 -6278.740037366173 -7329.744894087629 6814.510223961042 989.780709285651 -2188.154774790012
-726.7897689720248 8561.212890580915 9378.449986100313 -6101.081254994431 6478.217103185405 -4111.898724006944 1771.6787443262929 -1593.9415443702164 -5093.994109344335 2332.248088281265 4810.355191092023 9442.014544938807 -6552.222001446426 -1331.6301867791863 -6852.35488470092
5243.295871327444 6378.3668560552305 -927.9266009332914 -5479.318522735945 -5178.961881210033 355.72597651395336 -1803.780257788614 -9709.854058710363 1974.892799080948 4218.532216318012 6553.078960761759 -1998.204757692998 -8138.817512827336 -4156.767612929954 -4398.467426691972
7384.606476552697 -2779.17350598569 2740.3769757270657 3073.5211038315374 5233.356924770311 3279.5655479587112 -8411.825251678145 -5196.263443092847 -9494.298009201953 4406.811816211022 -504.8400258490674 7796.424393619822 3043.8509756575586 8055.478995722529 -6230.718897611036
1568.8625114048627 -9282.986892661753 -4732.587812954478 4341.404861236528 5044.125513462781 -5695.1698924389075 640.2578099599541 8752.234668538225 -6386.829160244627 2239.178200058215 1535.6212883111602 3604.4291889484903 -1275.5969029939406 -1605.8925914430583 -3555.8578470838584
4683.951442990268 -7450.875251251666 -9268.998785288093 -3299.75228269169 -9881.271919244515 -235.8598968022925 9982.716405696898 6787.759520809806 -5570.870622977004 -8753.37007883146 4098.32967005124 1196.612894012811 -495.96884297858924 -1800.994549101586 939.5983139346154
4882.623286456965 -8148.929095524524 2065.9604039465758 7567.195980775297 -2952.583927673233 977.5689558379036 -4934.555319535394 -949.5874614188651 6624.868735807326 -9044.303458512435 -6917.552142905248 8322.957055911535 -3677.68925989717 6936.9034339803875 1269.6017409908509
-6868.60352649594 -1509.1694076859203 7228.775723381445 3919.3084693585006 -6025.485941886759 1355.4914570736564 6379.8930258170385 -6848.700367449707 4116.921184502382 -5087.680624914144 6295.929265153121 -916.8528321950489 -6032.761969638212 9785.61258931629 -3956.1306652261383
2029.231793321711 5256.762922179812 -1554.4018417395491 3945.940169120551 -1275.039930990837 -36.63947155420101 5881.939888508576 1957.2685467811516 8904.43143373081 5409.586515905996 -3188.6564461380894 8542.601411780124 -2678.607474018284 -8112.942636512444 -7440.64534811359
3071.275627986912 -9249.46916548599 6950.3127183457145 -7638.1875280075565 8534.5898822315 7657.945824375816 6603.631683795687 -2473.7062358416706 1716.0690936615883 -2483.6947891371055 -1544.6222345802325 6508.924212833765 8922.474468985394 8051.985309191688 -4249.982694673633
1 15
-1485.4197158361076 3655.2037491814754 9243.873007203743 8231.40747268446 2996.1341490606756 5037.932535324828 1153.9626729832817 -7321.513265019499 -8386.808936171661 -8490.065312741597 1974.2948231261835 1917.6652151327726 7895.276343544563 1585.586922334569 8680.031819029493
