85 18
-3868.1765237929612 9674.161098719742 7941.1751464652625 -7339.58838210957 -3405.426141576313 9558.97287930471 1212.8476685167989 -7427.6750872952425 -3785.4047511881954 9484.27652445692 -1504.073387845916 -1719.350856820156 -3084.4765572866354 -2013.716028406856 -3499.6787089899435 3580.367830983032 -8908.425716368229 5859.159983493117
-2377.013495360229 8667.192852581848 -564.6531282059059 -5758.537186593722 6795.209455455915 6686.928685226601 9568.721814385026 8942.167563243478 -4917.83410333978 -7969.118379981115 8618.13808209337 7520.848953609213 -3007.2700554096436 4982.730803022892 -9334.486609804866 -7222.411551344314 -3668.4687201935094 2912.3637833643425
957.8932593353165 3364.5521990586967 4696.5330440368725 -4063.842058317966 2924.361640749774 -1060.1483726311217 -1290.0446131060453 9599.742820850068 -7963.624541570027 751.6934512505231 -1706.1721246058878 -6528.033513638418 -6243.091077751416 2705.8197809947123 -1158.174370617664 -3398.9720023791906 8718.327877026622 4025.159940257805
-9201.219310692026 6118.597076406364 1239.6608038790564 -7896.145430967112 2050.778160336973 -3598.50542787038 6607.64344413465 7652.2950992284605 8077.4405534161015 424.1714405890889 -866.1999204450312 -3494.5757074476314 -8344.704227485707 4722.183656413408 -7600.019424067173 3255.56338654327 -7538.887215458197 -1765.5077568636298
9323.012869275255 -2210.409011577206 6399.949121537884 -6575.5502925862365 5471.021081790099 332.9397222001189 2893.706223502106 -5808.635243310951 -2141.2451241056287 -6723.068436622243 2030.304280654953 -9144.44246956008 2782.721040954024 -7996.2231183658905 -7565.614080470137 -179.4487353481236 4956.9124554341815 1860.2176149064435
8298.12207201072 -5176.214472862106 -3000.3288567024565 -4427.124404660932 1379.9105872613218 7243.315373044112 3116.084877255089 -1936.3778680633905 -6959.472375016864 -4027.56406559432 -1643.5282194300526 9702.659426185342 -7659.731638130434 -8311.612523435108 484.72048126488335 -8900.372865299461 -179.74741144489963 7179.802367289558
-4400.516218616546 -6160.736211632927 9638.737550662765 642.0940153044467 3814.852767694829 -6535.298674204561 5276.359246546586 -6101.571990253762 -8876.128806174955 -8892.573723451611 -9633.726389610047 53.59807501681644 -6976.905810583043 9359.973214335783 5047.57835365049 2342.442505853811 -2600.6133555579618 1567.6149779613897
5631.772976514365 -6937.756946777414 -8886.192021269551 -5230.767580685025 7005.22773014666 9857.943403228219 -4445.997890693876 584.8056683811901 7242.316109703734 -7391.164819455909 7218.196126435701 -7904.282286537144 -7152.530929274967 4725.810409157037 -8660.659789069381 -5686.134326853691 4369.657887964184 -3164.637737427167
6301.4550027997975 8865.006205165897 -3222.4664886591418 -5306.648483425253 -5682.069799133891 1793.4100164314823 7712.228376535037 682.1463384354684 3709.4684677563073 -4298.075515901587 -6709.14557895054 9178.671839256684 8400.41309083562 7618.870671225748 105.13374865044716 5270.426828217831 -3192.865721413882 -1534.0055642579828
-195.35126589670108 3952.598995315282 6018.525248484259 2706.3165187416 -742.7331879755475 7102.130108946058 -7123.058274274299 8955.952324834256 -6129.988083473026 -4987.69905955883 -6925.319700537908 -6879.28454104922 -8963.01391298802 2624.1179322462776 7150.1753684499345 296.4178998056941 -2213.3692559536075 -9470.091903210485
7227.883606483927 -6646.226310854222 9677.917663322645 3979.2582561357012 -6863.436394305775 4163.477959268521 9256.254769110987 -7043.470648996313 -852.7877476754857 -7886.908257958596 8720.78201945415 -6635.78197155298 4845.731588872479 6472.213704532642 4357.76317761986 535.3716664104049 237.59596394562504 -6029.084300162453
6235.820684578777 1292.389149371862 7316.577453835311 -5847.1141260851045 9747.33603994617 5640.029598425745 -7374.466384352301 1945.8020667447981 -9432.993624161898 4350.369763334989 -552.6893962550439 -7611.766033727931 9813.868823331479 -5184.877339842924 8293.772665221004 2346.551685165152 4804.764408677291 2993.888734144468
-9882.546508411218 -3590.472041105885 -578.2672830609463 5242.195920639304 7351.672464413146 3930.7052777924746 -7897.334181190196 1124.0642408705535 -7486.589449339259 9053.494419843275 -755.3262541669574 -6387.090821633328 -59.590058379397306 1238.2728472540148 -4272.195174283893 469.120707586515 2174.9981525744097 -6925.335722372259
5883.569268602145 6074.146559299757 -7040.650159226971 7404.673968281375 -3756.8170683300405 -6508.979412099238 -3951.336709345299 3275.405691462882 155.89885374800724 9261.608971253056 1679.8090399269695 -7964.617378288969 -3816.135357506687 -9818.980341605082 -9875.114551795046 1203.7829746239186 -5882.2439125245855 7624.800169113707
-4355.581708062315 -7627.5090722860805 -9857.34573951695 -63.581167593978535 4482.382423220031 7679.245186460852 -5360.945003290989 -9067.045141308072 -596.845448979846 5499.931412421334 4819.240537712509 -8728.95232833559 -9448.267656568602 1497.2133048825654 6566.626602185675 -8864.625507390288 -5330.805775560819 7783.446533300066
-4193.52612936354 1574.5789661934232 5521.225460006441 1822.9745343324375 -2118.351610954325 -4413.039764065099 4068.2015993596106 -1504.1734028202918 5364.7806867412855 6958.268727416835 -5776.134530073864 -3047.535158665116 -7279.925651542177 -6332.28825281337 1861.454574777823 -782.993694910796 -4500.221340236583 2045.76800277857
3580.6565578782483 5.578260939557367 -8327.299187014876 -5673.440833634116 -6729.103638907527 4306.575469114234 -5846.0220436658465 -9701.80606234436 -6811.345307386471 5623.612669063199 493.0551398763746 1218.4308059697942 1232.8287367616304 6964.279026685286 2634.98667698367 -3288.4543548633146 -258.22291506727197 -463.04774323319
-3153.892986186009 6960.316610058111 2377.7820291517 4030.6034161482658 -2731.834184598989 56.20910502427432 -911.6609130392335 2349.3519560325876 9028.12873564818 2140.947481281599 -3820.887974793519 2668.2459253885263 -4319.337616257726 -1867.5009108703925 -4440.102147668652 -7683.238616094632 -8344.458906034411 -9314.258662284054
-9367.454318733291 3111.8526837490517 5349.159943244709 -5686.463423986576 2499.81471595983 -3610.193830398791 7915.305053546959 -9821.967267559728 -1386.1416660416817 -2353.934312104134 -709.4719238115358 8901.597974034168 -8977.02821141127 -9340.758143320938 -4718.060593575586 -3344.552298832593 1676.5394418405504 -5826.095966595351
4219.154215656912 1202.505303333497 1814.3513493190349 482.63298698462313 -8381.599443638874 -3477.809726877781 1240.4632267624092 -227.69749597552072 -9383.15372261138 -3635.0690364278516 2198.021195169651 4894.53412497293 7177.857121481578 2885.69428016193 -9033.988455903545 9247.165750654185 -1487.0628801087732 -6899.227846471914
3361.6522820288064 -8313.319989810381 -8995.367092885936 -4097.914049618418 -5717.753249818503 9123.232815738178 -4038.207879464968 2144.3307773683246 9745.802923596504 6234.977636515227 1250.106157994509 3198.671602155471 413.35450098663387 -9783.910089115741 4881.583074754077 -9944.1058791946 -6971.236843241573 -4539.828083973974
-320.38985120533835 -491.10658000770127 -7547.858303960995 5494.56822470421 -8059.183175743605 -7652.309037659433 -7314.321404669643 8821.892611316547 -7327.54488801709 -7235.060741465473 -2200.6382564352407 5838.315699213939 6679.995432509233 871.5222075108377 3120.834369211372 -334.43258919842265 -5330.193704674175 9338.604388778243
156.22872096449464 9802.391809872883 5545.627311849808 -2035.0271693546574 3753.969634522644 -5757.644363041077 9457.043763321257 8586.737852267757 -7070.573170304666 -4373.991074680667 -4221.52012543715 7370.053640960796 7907.1529616613225 -8124.532286581516 -3563.0020114689987 7934.511226304763 -716.7996110824351 3894.670505544298
-6502.29912060182 -3181.6380584101435 -738.1361041245018 8495.079508479626 -9088.219269446738 -2014.495247252732 1037.2720038663156 5254.507059722144 371.659635300668 6547.3419298604895 8398.111401102196 5315.9307515205855 -2593.553774823802 -3907.8297178498733 624.6583828067251 -7669.177842663275 2343.4215703018763 1699.3346388938207
-314.14768800576167 -7701.434492066437 8148.268764888162 -7029.80528625831 1719.7807359437484 8435.746898294452 -541.7976421742023 7032.849588997644 -3181.8773473237698 -5616.315104298886 1415.706259735849 -869.9073260777786 8872.8724596898 -6265.252872588342 -632.2186557183086 4402.9227855266745 2258.437149996069 -1683.8679361972481
4579.382584460807 -4361.039931112993 -1567.3137245034213 -8025.229775796574 5317.141169353179 -7647.593707507987 -9423.03758755714 463.800988577661 -8469.220866074218 9819.41212760573 9433.413882287117 -8621.47711606861 94.38717749346506 -909.7248998186114 -676.912182119182 6321.046739444268 -9142.43582669694 7100.495729293594
-6673.31734003177 -4880.545480757892 8556.939722534327 -1536.2684778134026 1459.088895618408 4896.897534109856 3719.3682024936697 -2272.719452974674 -9174.641910897157 -6475.412936239649 -3504.2981700322052 -2082.4413264425457 8078.153502711826 -1623.956253038221 -1110.8193343130497 -9994.271887579245 4061.714864620353 4961.651637975016
-556.7171897174812 -1308.4536340767427 7373.655026699093 -3836.6705669787634 -6097.378751331206 -4575.559808460083 -8226.452437782353 1838.782891070632 9003.610888286432 3668.8287383950665 9973.824007390667 620.8484230180475 7876.047391225962 9021.173983866855 7508.145534630818 8710.684432522965 7747.433262284423 2883.4603927481567
8302.865150599486 7512.391500197813 5511.109575996352 6024.688643365629 -2890.833990038981 1492.8162762887332 9428.303050008297 5138.737435541092 2707.145584944521 -4977.7047799480715 -7467.366434205556 5064.60671389737 2636.528517762912 1931.1038812617135 9321.781118655275 -1556.5975478450891 -189.8026554222197 6953.7608344652945
1013.3719711310569 -9602.886267681895 3547.3169199944496 9139.767541636797 -5891.864061275221 -810.1274580222798 -1398.6292306950181 -5036.276018009103 3145.0186632708937 5030.12586564334 6232.183229498873 -4733.275551316991 6409.112077008715 -3484.0792793800056 -4986.78825519369 4284.623134165151 -1230.3814984728506 855.2424479276997
8606.130103815973 9565.087585389469 9113.948932827738 -7261.972803349521 2564.052273284602 -5811.376277357647 6535.202842224411 -831.0317030734186 7581.443302974232 -6152.797451096632 -9301.043492813666 8122.035988065214 7841.852175381242 984.052424199208 6900.426267438834 6402.052359571811 -504.96134666375656 113.070018446846
3131.213458278333 -485.5600703296641 4213.329989687616 -1839.032565816614 -8360.415141374979 -4479.986123240096 -509.1835366185842 -4967.359608064757 7923.596519450402 44.58766351272243 -4127.423122996452 264.11959330212267 2001.8379224167475 -4808.61855378047 -1677.3712819658522 8701.933406490007 -4608.42294141314 7937.34676383332
2980.1374819710963 7645.019400417699 -6095.305212440522 -5226.925891349645 9099.266840451703 9077.469049177991 3226.2132627256124 6699.734945971853 -4888.404156661434 5402.5159271678585 -2152.0350558365517 6838.026909016804 -1260.7605334156651 -5522.745464483325 8206.345558772227 2588.755717821179 5134.823464207637 3732.722707947156
4339.238330002499 904.013619080968 2388.0161322790063 9463.189478490287 -7137.423190291918 8111.625586271708 292.96071781803766 -5990.3201540224145 -2160.3952794949373 -1024.800701449769 7682.08720967103 -5746.486134275177 -4867.0113843247755 -9526.542634566682 8034.559181339246 -6373.021573119037 6417.83601999993 7813.900899687331
-2185.279498396735 8220.268748702827 7083.965435241938 2995.3068207703946 -1989.7261004901993 -8513.6796979028 4205.778325638983 -6938.365418510497 8403.277362617126 -1798.250170435398 -7393.1476263125305 -1116.4896309509259 -2197.469577427709 -8040.642134531302 5364.492863273888 2902.3070764435615 -1896.0690890709002 -6444.191378189487
-4594.790261955272 -5909.023608061583 2748.4105502003367 -3216.4046790647553 5230.686366291628 6308.447680718771 8212.044528031256 5364.363095069375 438.5651674467754 -3091.04607707563 1452.4345113885975 8378.650119455688 -4992.336065084957 -6864.812615417399 -3103.606215733601 -4895.592161223772 -28.13342054646637 1968.106306839758
8373.663642852458 -8220.32799388807 4027.2219919394374 -883.4101100399512 2655.3318834940565 -5484.763125836917 2899.5404552883683 4140.509911120735 4436.471012500844 -4800.611343550789 -4719.353250193528 5088.816025813454 -5023.16079047878 1247.8237418804347 1869.4857689167966 -1450.5346775594626 5252.022108022218 2626.183302984775
-1731.6350281537743 3143.7733280018037 4340.287243274397 -5896.722399936812 -2756.1068416041553 -1816.8698644494198 -7488.402381970141 -1016.6479229632077 -3619.380909069865 4695.276513294144 8100.6031020862465 896.9735546646825 -3043.8448734204185 1881.341754624702 1363.2605781824677 1556.7324704529492 -5287.681046269974 4076.9360095254306
239.52202271073475 -2089.356416923016 9725.129348654646 8412.722972014024 -7390.353174674334 -73.2589646551387 2669.099844669894 7693.654533365432 8233.233437097682 393.7030227024625 6700.223933642785 -9177.276911753896 2615.046830001078 9943.822804603838 -2324.38310151911 5810.20398423472 6075.164275169527 -2966.2206653403773
-8497.438875939331 3373.73539425142 7692.733515070111 6445.864436510696 1531.198613522136 958.5363825540499 -3888.883647079815 -9338.029154342117 9723.082614882362 5521.251065697865 9342.017775755878 -7812.430600267613 -4624.847389931477 6421.387130936961 2909.1805131648216 3054.1512459533133 -6249.0369235916605 -5322.57319020051
8253.459971430264 3830.5195126631515 -7726.317141283079 9871.790573529386 6411.070841557848 -1493.5311538312417 5320.3212647501205 -3607.3043697008216 4310.587544681417 6832.231444731544 7550.778737036766 4758.161790322321 5852.737740201919 -6045.916019223341 2284.4498010464667 -5281.226224966848 -4831.9830314450755 -1874.9276393807368
8814.428180127426 -6603.817502991944 -8789.24296020687 5818.131946716523 8301.108393440405 1494.810166725607 6992.301969399232 5289.594507677075 -404.47045336585506 -6576.842257402175 3196.227006087285 -4851.085700406381 1380.9931654967495 -8262.556124641578 -7055.9980789243255 3343.075951463363 7730.8818537719235 5758.6981216612985
2820.974020741727 2197.308795570145 6067.434057458737 -8264.297972572305 -9422.522580206545 8323.29704484457 -7216.900687033754 -4173.214437666943 -579.296712730431 -1656.0968828217447 9725.619551981366 -2683.1037676391497 3057.357944187952 -7477.107199178474 6812.088106210729 964.9836952203896 6017.715605897969 -8711.802902084386
5593.215164594154 7432.792706530479 6212.817582083053 7818.585135460158 -4133.737622730029 -1441.1695616519155 -1861.7655835526193 6396.548586363122 -5308.973082144246 36.64373843208341 6779.263155818659 8529.583593737283 4605.011385255626 4202.992941349083 -8674.671861562867 2157.4395709875407 -953.0682696484855 2988.126331673964
4981.761585180129 1016.0111533144081 -4819.211235401646 -5277.60130454135 -7435.081424761318 9597.159455839545 -3326.493736537288 4266.296234167781 1214.444278767147 3705.055363352445 -3835.297666054924 3861.3290233587395 5375.555816657921 -1429.657037758563 9769.980895631175 -3639.861134101039 -8413.690052341664 7205.047713082953
-8420.892415328943 9436.936854126361 3267.3493257434875 -3540.9070185885685 3941.9967008760123 5269.49446287928 7465.197480615901 -1949.5262462765431 2204.614248425749 2054.5599993170836 7019.383641944489 -8730.158997131533 -2331.1466457655115 -9401.828521844951 -5828.0137321445145 -1452.299275545347 4068.122405486063 -1014.170091898417
8036.881635678466 -3334.5125455920543 -7140.057340244586 -3009.416925540527 -6029.737143343547 -4645.0650179785935 -3825.0008863642133 7280.6987591337165 -1628.832314277166 -8369.818193386283 -6974.217956302695 -6566.87233586921 8068.944898650607 -1859.729085363635 -5330.493976823074 4517.015234335251 -9158.005151669735 2384.326683368454
2954.981558059986 827.9417129457142 -2269.8285328491365 7539.716343760389 3570.0174691002467 -3593.0137529330477 2046.2672626870408 30.66771858452921 1360.3359344923138 -5113.159476929818 -7697.382389049086 -924.1332027877288 -4973.549083586222 8431.315411304808 -9795.528897675038 8635.028273748074 5364.786530603518 -9173.109063814141
3990.1855439642404 -7343.8097388002625 -5150.138215177871 -6588.239453077474 7766.118665162354 -5704.548458590511 -6278.6276184245235 -8127.893279588643 1878.221285166679 -1702.2688064461854 2396.8216692969017 -2829.5777738523693 7398.685598681561 7313.451780267431 7339.991589675152 -4440.77875221297 1880.9381058189501 -413.6548527007635
-9079.625970005698 -934.2745419208095 -3619.1397012264633 4608.779375260217 9715.466296730847 7419.844743297355 -2380.526078914296 -7368.507010371561 -1510.3255090440416 2234.2730918355774 -936.9163729107277 -9487.610477055916 -353.8406783152368 9507.958012002058 -3393.669013050553 -9623.569193516232 4243.108039232684 5243.559924877325
-767.6997219770437 -9628.050053882062 3618.946809297944 8628.36357203832 -3935.7770741997556 -7368.720229040193 4257.067593032347 3138.986590004566 6298.632853836467 2532.4263793860264 -7754.889249816432 -293.5852195080588 -5964.863695128346 -3752.6962899848295 -7892.875063570681 7761.584074458671 8958.434810823292 -7847.662696844289
5416.980071869022 -2716.9394163866436 -8172.8733359844655 -9399.69973201545 3284.9865578512363 6172.365064172929 -9215.261280554612 6828.789421092937 -4618.662450860785 -1439.8626472812466 8299.876004017096 4711.447883459585 -2257.5119107908367 46.50953036728242 -6579.842666719442 2585.049631577085 7761.140678139072 1077.921977017104
-335.55629995787785 -1434.4027945065627 -692.979990355987 4716.904928581966 -3780.526113763296 8524.744483459315 -3554.149663350552 8003.6143232085815 -6182.919546609381 -7429.564288548616 -159.70387206955274 -9991.86561279762 4668.256631988752 -7439.841042114402 1324.5758907775744 9987.428571208915 513.928065369535 8057.64237823736
-2004.3760347239713 -4341.373472031629 5976.305188299044 -2074.0334153196673 -1082.9083706808815 6464.264230629175 4642.118260615436 -394.0586601725918 -6628.332702418043 1911.240920034763 -9810.207044352375 -5788.209777208915 -6397.296146816078 6622.20001054577 -818.8744172113329 5076.925334732225 4054.5113227167913 -6035.541563518842
-8798.829380972113 -460.00450996288055 6369.023746681723 -3093.3841738962165 3380.8982328741713 5433.399025820738 7362.382524338445 -4297.334119547478 1770.2087426007583 -528.5780538745657 6.829160956933265 -4735.439512119059 6734.264289480812 7368.072215520362 -7615.439568090425 7841.225218479092 -4625.267672583879 -2830.929847584116
-3901.1307735643477 7546.677151380089 6725.703708997069 1555.9040109245834 -1033.8335712257776 6024.555753490406 -39.17696275966773 3485.487886352319 -9104.799068230084 -7029.612087690526 -621.014273875875 849.0207371912838 7950.874080026719 64.13543612632202 -3293.4920147155153 8917.415792516975 4650.5337124719845 -7157.947434095866
4716.834590981942 1978.136050715444 225.85399185629285 -7614.88192151184 4097.064594437741 5817.328331970184 3947.4954896955624 9712.720589514887 1938.4468584582355 7684.57003197353 9037.421620374094 -9186.042618753401 -6467.370301224462 4088.249348684518 6194.648200776757 858.8669220657393 -9639.93435278714 -6232.582990522857
-7321.413415571645 -6030.325303108668 -7700.23838779265 -5773.506704381873 -2930.2553704447364 611.3652040384386 -2050.6368217316813 -5986.9198508548925 -6917.179867845293 -2802.110641609949 -5922.242179891579 4046.497692479372 -8903.77865937179 -1221.9118574278436 -1124.6884474575 -3217.6576582812368 -5598.73056275878 -5603.971579231222
-7933.7326819474765 -5708.524487475009 -5048.575759488008 -6186.044618982811 -3132.39531756188 4683.980930456204 -3099.3681441400004 -669.4867580923183 2453.1088978549433 -6561.667101594883 -6272.276147927622 559.428610638708 1046.5959680665146 1980.3109822240767 5340.172186416667 -2315.131931831076 -7788.6892374872405 5681.807377423178
-9558.252987168356 -2671.397915891811 -1721.9493625563991 2326.397703356626 804.1494358246164 -1707.8355178393867 -3642.717317435884 -8678.475944928876 -9371.757368649822 -9906.459772477612 6750.547756890395 728.0881540021928 9909.902138166417 -8171.17885763242 -8698.665034923619 -2658.808942733215 7855.459173267242 8838.538290775432
3086.427573898047 -2707.5475028176133 5461.378598084899 -47.31240526433976 -3171.2788870162176 134.66863759649277 -3031.2227452694933 3899.8515409074116 -646.3332152998919 2222.860250843878 9579.490827292939 1160.5669194818292 263.3469889266835 -8402.708731943661 8142.230847582068 9987.519295122747 -9939.54501458823 4907.368162920457
7310.968841416376 -9464.255881906429 8684.592773615721 4857.003556631691 -7466.857257455995 -8529.621684473579 -8344.284380770141 3518.6487763276236 2417.4468267717166 -6088.381977468653 -8921.876180769017 -199.88872284316312 -595.0073844686503 -4519.126168051713 3590.7596444413466 -8223.414051740743 5189.49849904869 5590.579343558507
7512.91769467586 -7649.795359354776 4414.145690078181 -2607.0777165522422 -888.2309653006978 -7663.713411472999 -7286.020433381371 1500.7508124639717 -8305.820907074429 -6792.567822254063 8857.776056366889 8122.691509047909 4856.496457898085 -2540.0317177362194 -3384.499736156421 2942.2159437014125 3298.3194761350987 8696.960498675238
9594.163507590441 1254.0225755374995 4063.5725304830867 -6927.519832085456 491.786889905532 -4332.653836349434 -7865.292649976512 -5969.4502950728 385.7316772564336 -4283.569813762045 -2002.145925494321 -7673.866362106616 5421.937849450425 2032.0646044056448 1925.4077572419174 -865.808717189213 -1360.3556690590085 -1408.9633133201642
-2936.8037715876308 -5379.571306901945 -6248.5600749148 -8191.509177225762 28.670813250941137 -8586.570824751 -3672.1795133627456 6823.457103313707 -2426.785200067674 7303.917504086898 -6039.6304231883605 -4766.231393073368 8909.203529698054 -9651.989706488837 -6200.248698545905 4623.255597537875 -3016.8772598463847 2874.8388386311617
8680.676311534418 -2489.962845523967 -1382.068927295908 6377.583541640348 2302.2576163565154 -2125.836865436406 7853.584366062252 -5309.537891212033 -247.96503035993737 -4162.140885476318 -188.33324673925563 8318.224863734587 4346.151228313463 2231.2869567776634 6998.607100897654 9745.36332741104 3654.7549925243675 519.7532490455742
5334.288751375041 -7000.329548609991 9775.31507989622 3750.248342030849 8472.232971089084 7478.187085824167 7705.403447472723 -8625.687066966708 6921.86543625233 -7157.705035496605 2785.879178184876 -675.4332757539378 1864.1269224839289 7771.123589501352 -8976.49074692505 4240.224143440944 9395.598180907684 3893.2566623398834
8610.1925696232 -8357.048494581493 7856.182091141494 -2341.832963013786 -7980.104523293418 -5868.8250052889225 1771.3685105522982 -8520.735654528231 109.10544521985503 -9258.557556978352 9460.442985604179 -5977.479592210386 9583.016005096357 8902.444812099573 -3614.383483827907 -8876.631165373063 -7142.208833280401 -109.40594701648843
-7327.912452752438 4052.7228999107137 8206.94665904994 3320.272636069787 2462.5346907554176 2580.8304362436247 1384.7914447363019 4230.114265604994 2211.1371648863624 2238.285392526317 5703.772691621738 -2969.531792624178 6223.2803406025105 -5796.7085177944555 -1651.3556127781922 -8998.349376364144 5138.00974687423 -601.392177998514
7906.870048274195 5711.751877023376 1949.8533542780078 -6326.709318107218 -3193.1425413413735 -3389.288838459772 -7318.71195714614 5695.811555027818 881.908867614271 -2496.0500606427986 8783.498035940625 131.49722102842134 7695.0546243987665 -907.755088738928 -5407.313497961388 8727.25367982552 -2356.531300885369 2335.7477682946937
1318.2094604525373 3412.228893800533 8624.16658057991 6256.435154314497 -3146.451383002025 6628.709176208002 7265.233212507857 -6678.837367952721 -8615.587820916766 9718.437082899967 746.9234415293504 4434.3447644108055 -3227.924508353086 -9380.465788011674 -1003.3207350885623 3538.0068549170046 1431.3609715698822 -834.3822708798762
8808.199791161704 -1264.1507543729422 -1240.2634752492086 -8170.202818776642 8183.433893423517 5598.416884046224 3522.6869941842015 -6317.920356778377 5353.567860287076 -5493.550548304948 -5968.755631869846 -2181.348323569159 9675.544120278777 4670.607239653353 -1820.9906218443848 862.1195714732457 -4218.897418836474 -1650.9810095061512
3148.445268793139 -1974.8843682316556 -3958.1213582437376 7073.651019066936 8860.566858160451 7568.784736984722 -317.1277350779692 5257.370041551136 -3640.9654106027656 -6511.340335708464 -8343.690001604222 4559.379362717782 2376.0863805953286 8081.6685164658265 -8857.696342334022 1542.4766468207436 -9142.978678835978 -3187.625612723783
-1184.2276387401798 510.3482206813551 4027.1153699249935 6836.404267299149 9999.496683347785 6565.186496571114 -324.72633324290473 -9944.274100825776 -9683.219812234725 -3791.855680693164 2285.1321820664907 4907.810950461269 -2931.3507606245603 -1090.257996879247 802.5438053236703 5131.65311415384 -783.0712351659495 8684.890514973165
4091.5360220269376 211.9544736027874 -2403.458742266289 -6882.564903892679 -9141.450533725432 -3438.8463836580277 1379.0591341584914 8558.222101789172 -9308.777545289231 5979.298496189664 1066.0829197336134 5318.064408398808 8595.197563166861 7674.949030681932 4520.686483684685 2291.1734211970343 -9141.245120505691 -1974.0199118239125
1166.3825610305303 -3036.951648495263 -1589.4458040796144 5603.7128001596975 -5355.026525090833 -2198.494603718912 4484.518947379458 -7459.994620150596 -6027.00571227798 8897.030310220052 -7326.652455236264 -8067.381041386583 1474.4939777412255 -8929.006146712569 -3321.746394783727 -4788.184358620917 6927.302862745353 9500.18849184785
5163.0644477481055 5026.4168241347525 -6920.369362386072 6868.809074531218 -9534.415927345108 -2924.4449451536393 3052.5130475056976 7018.1357112543155 8594.125716784623 -6552.420936499301 1721.4112089419978 -274.1640110958069 -8566.772634635301 5362.434707119164 -5537.296358464745 -9531.827123319876 2794.3740150463473 -9656.32209681286
-2974.5809939805577 -8606.002640977986 -9482.847349819649 -6682.815741601891 4916.446599250954 2900.0676332960084 -6890.076874906663 767.6772757860235 -1232.1281753125568 -727.0863707684221 -8871.033574283163 -8257.027021867807 -9586.398273020572 2889.3406037213445 -5272.955308956118 -3221.113909871913 -7375.285724426377 -563.1225275963006
-8148.516625561799 9925.75455407185 -3278.5890453050733 6553.845711071488 7632.8509146141805 5271.172894357096 -2676.832276229502 3700.4494374642636 -3896.496577057238 6042.644908254191 1104.3179860729178 3026.240041853658 -9035.108723401287 9460.157151873282 1687.4849836950016 -6503.523736876032 8624.641618454058 -1060.3749128304971
6613.318289449271 1379.2716218493824 -6067.702599755565 2439.994082310279 -2173.6628652700056 -3742.969162107148 8955.501967148757 7062.882675462515 1390.8079914711197 6598.033871591375 -7830.279504794093 -6445.605297530703 9687.52964529604 7544.77069515855 -1535.630295406283 -2424.6196282292476 4430.74991476544 -7146.323579472813
1334.7165671337134 3773.12275596761 -8210.29324077492 -5634.433108296117 -5621.12559933809 -8717.801125634467 3379.3962706977145 -6758.635287884894 2235.233276210258 3.5465605026256526 -7507.921339201535 1283.051319443839 5603.103152207466 4960.046602234634 -8039.522464579285 5727.773788913391 -9956.37519823572 3256.192410112455
-7135.588835586712 -394.9027766868621 -5055.26364910345 9519.39436880423 830.2999930833557 -7460.903242569266 3911.183922576447 3253.446443971803 4019.566467915014 1001.5075076728626 -8100.699587042012 -8271.191989673165 -4793.740883396811 8645.881983984313 -2745.7536848572954 -7723.792847299825 -4155.905121473203 5037.149980041999
3073.0663500799474 -8461.423034752695 -8855.390873515851 4076.4652177563003 -6143.987805539943 -464.74072423534926 8972.079802364802 3932.799745860646 -3885.0912219650536 -4659.710852784849 -920.6050635486354 680.5717654894979 9212.129307007854 1495.417025625129 -6438.189090632079 -228.57967787676716 7794.473816957576 -9081.939255393101
9188.956709209007 174.022696449656 -6903.95299707921 -1705.143553342621 9572.8238477001 7559.370312472842 -4480.470054876373 8415.702231033658 -5997.697392388172 7684.936872927388 6572.630663595079 8655.638592629522 3797.266256222836 5622.695177855505 3741.0335845555637 -7446.223313427794 -4634.909671096765 7790.9036911007715
2206.2410887245896 7084.937728405963 2256.4931166695314 -4222.448805536925 4023.198243027642 4903.99034425038 -4369.673738628292 8583.743929976008 -8714.258275393608 -4120.04739429314 2698.8956423580876 2646.655811791956 7463.978109085721 -1520.4711380104745 -5936.869860152192 -6525.597827297751 3587.9478203014514 5367.52023782562
1 18
-1769.4647280650843 1961.0118813949466 5889.946870944286 -1372.9153826767506 5701.1820569123265 -3536.233809076077 -608.604403356996 -50.42024400090122 4749.708486167716 3992.476465157026 4991.814322574446 7196.354429663901 1179.4393202045976 7154.87725059269 2684.8652466221392 7060.2404687346425 -9775.011606077122 -1783.3976594748565
