94 15
-1561.3422463545357 8417.995701339765 9933.886411675827 -6479.580314030018 4785.461365070007 4077.9830081439923 2537.971206654691 9729.738575967698 -2687.060162979651 -3033.121465935924 9211.240275234879 -9625.564407735532 476.51847462317346 -7205.610629243811 1044.086864478424
-3853.12960347014 551.3995343056522 543.8189771913749 3740.174681881237 -5876.702543849177 -4199.666468802418 -3848.1665509664717 9718.376873168665 -77.13409204939853 8157.351350317811 -4825.35561046588 -7632.488111294999 -6108.401499052836 7092.065137557631 9510.721735209794
3864.9091303146906 -3360.565098730035 4861.402200181516 -5449.130298566598 3651.5661042887987 -633.2968571791553 -188.86734678947505 5535.746424968875 475.30752749946623 2840.102127617769 -1708.3916584553135 9000.879229173817 -6965.315360272566 -1574.3973792272354 -7768.246345137531
-6473.175291418012 2629.738387127378 2303.669398791797 1455.4582978503659 2718.2572241997586 930.825155369881 -9632.822919779072 -1565.9105401917968 8609.003816861561 -9601.876854800126 7024.176234707244 -3896.1654632711525 -69.85969457677675 6380.571533553346 7523.21171294056
-5304.5690454226005 6480.856529043354 -4795.553795869046 7040.479145482026 8466.139371893896 2891.9435915437043 7874.125263732174 -9912.597823225962 6533.3899536635145 -9602.191147032654 -993.8416863123894 -9456.478406558528 2442.776316400308 -3703.9080075170714 -5333.363160504894
-2639.941172426963 6416.230366060514 5918.978822868068 -8323.522528971234 -2785.8173810505486 -3893.556320370639 5789.422573297677 3072.198435644563 -5908.533016188456 6282.451722838807 -4196.759425513225 946.6780909431764 7693.0321558293945 -6260.919425752405 -577.1665642174321
530.217757407263 947.0954763284317 8148.872620171376 -4105.7675844661735 -9021.45934943402 8534.719665237237 9374.707575003835 -8417.99820560002 1064.0218011880625 8731.818731671778 7686.316067610234 3692.3879920734944 -3782.3193308295868 -2648.9056979021816 -9422.537611349833
8995.11072681932 -4789.393667681601 -4155.669126640675 -1294.3183451624245 9020.4796789434 5365.419836636618 -2682.3983183057435 8168.8794389134455 -2652.3305254188354 -3191.3862157939184 4459.462755182611 -3261.3825643934824 -317.0380453043672 -7834.9878355021565 8405.59935606469
6874.090434346006 7475.873538631404 -7105.204601768193 1403.536642583471 -828.8600601647104 -5454.646533376967 -5212.984703029367 4140.864954746448 -742.6513310055088 -1778.772205917181 3295.7459261502154 1047.5307346156515 6853.148889345732 -745.8633240084237 2795.345870879284
4400.570340721328 -2276.7664854375735 -6822.21910744275 2666.163032432547 -3637.6446761668512 9310.846007504591 -8335.126229718375 9821.68302039442 4510.584726168969 -8757.260844247905 8477.713769460974 -8488.88383408817 -8967.094922567077 3877.053036697127 -7419.349990622537
3705.2733512938594 -32.662011711172454 -7996.9794088157805 -96.50043028226901 2649.8354005549445 -8505.028558106418 -8977.930774689054 8788.798802939138 3726.636681179949 -6541.802903249701 485.8731255140883 7301.067831405337 -4385.190513427837 -7778.975134833854 -9944.559285187011
4313.729615410448 1323.2247777947869 -2561.2613931468386 6229.414350273873 2349.3736455709186 -5088.610995936216 9752.0787372731 3730.5576694551182 -8239.213540190265 -7597.550752768271 -472.9457076989129 9567.045126489822 4477.613451828545 -2468.163653796216 8307.58216502262
1524.1213287857954 -1866.089599657519 1823.4118535445905 -9132.0672185818 8751.286150351785 6122.671295615473 2073.107269644861 -9892.218814379508 -4923.347403505334 3118.411691576428 7397.628290705048 -5906.700285832682 -707.1713140364573 -7227.280155043598 7335.115252336072
7804.828120497492 -7064.140155095722 3590.9811800472908 -1426.105743836486 8208.973639665594 -3672.450041346413 -1435.0778859204765 -6472.554674649107 8646.755111181938 1662.217762754488 387.2540902233304 -7612.775060792121 3131.941046446962 -3069.4782079281604 8341.51374129095
110.76970739410717 264.91701215671856 217.16360211534447 8136.88509065206 -8328.288576073113 3005.1734919233913 -7775.665256213846 8841.490665376965 -6495.605970027993 -1858.5668815811277 -4590.98680277249 -9806.483932061823 3319.4736133187434 983.4221052913999 -4903.163344681496
-4765.378013182549 4680.575255151365 2971.4768532089383 6610.534685298509 1470.3711326060547 -4987.948981620009 5061.935273895653 -5446.056912869053 5585.949946775543 -2128.8390375355175 -4962.012007182921 1109.4193729525923 7943.119407112281 -8362.532188901287 -889.4598282316165
2375.893525876365 -4961.811639004221 -3627.4122292829115 4097.873258817219 8523.82121907375 2465.3651305729654 -7526.285608605849 -1336.2982415167553 5744.815362102499 7239.616173809431 -5514.28970991531 -1468.5877065071036 2578.814981974876 -3621.1440353996595 1416.3544009520228
4227.638573022117 -6747.337522372998 -5178.148758107537 -1249.6238044529255 -8492.512150680672 -8343.886486841831 8144.782706828857 -5205.352621704226 2012.8323191220734 -6956.687765560175 -5109.839829479528 9072.232155135804 -417.1936231464297 -7567.601166219313 2545.2712674868344
-7577.3761609215035 -7512.486752840102 1495.5143636571756 -8425.939613767814 5202.469756273571 -5000.9399097669775 -3026.6161237135166 6415.71899415872 -6094.132419948635 5964.61826060022 -4270.871397334883 617.9313738381879 -8315.316012675064 -6631.675388458076 2469.7421677781986
-9712.927257993613 -9284.975698719729 864.0081771007808 -1378.9343005563933 5696.530705781681 -9373.825270871635 7633.539195569756 9655.945770957245 111.64817146099631 6736.895252602324 8989.469606616753 9512.723862216659 -312.95147914111294 -4110.915908348463 -9583.936442754277
5274.454972084768 9204.20477415406 3123.81592692047 -5186.235127156682 8206.318701028064 6513.734045382091 3909.1866180798934 3923.902464617164 -7761.840298748484 -8942.403704576702 -6023.391011874075 -9573.033011543286 8919.536070134309 -278.9481291359607 -586.9116069062711
-5527.023876457298 9994.589249901299 -1880.0704682525457 -2578.1498096113783 7655.527413991673 -854.7556174736037 7414.808200883712 5609.463029695809 -5550.406806589452 3803.7910482191273 5179.499287778906 4382.900047481606 8729.47619790167 4098.693341120785 2885.203215679221
1284.53921146245 307.1863317004754 2573.8155199811426 -8396.281839752683 -4759.205791723955 8162.635484069506 6172.89299243632 -7446.53830178116 -4909.805760970261 4877.577520907189 4996.186773680814 -4329.921860778072 1188.799475090007 2569.220031204013 1672.7923680603726
-9971.490203267456 2404.2434253445426 8277.51005208445 -4204.272795498694 -6517.255150410304 6911.816506684925 7484.613849606318 -6430.998926158631 -3321.732332943623 6811.462049142763 -6496.248681081469 5988.71545864986 231.03501287648578 -5053.079823730973 3927.6465935981905
7949.1207103861925 3675.35208563945 -4536.47859428874 744.2336085750248 -3926.3917170577115 5021.689975860854 -3379.196635247552 -5232.9242532861335 6380.309926688937 -4519.074148779445 3120.0178754909302 -5639.6778745069405 1258.7554186765046 -2688.8439802146104 3621.068832651992
7818.147120473393 3139.2498269541447 -4499.175948027337 5846.902859498388 -8595.788089467962 -6263.648361148958 -8995.342934521284 -8797.541201210133 244.56139746329427 -1458.4143201439729 -7007.378368711092 1113.5834888570625 6363.707369762364 -1322.287492726413 965.8007082973618
-5089.5394829248435 9931.627342154716 6338.483531367447 -1295.6022849172168 -3547.0172194428696 -8065.849504840347 4509.755659596891 -5543.262039079579 -9578.978098524469 8849.81676949664 -6471.32199865399 -6946.433189628727 4332.542097083335 4701.117301200004 -4638.190628169164
7485.538433873811 170.22053253107333 6567.297632774898 9112.625506351687 -6899.855638533487 1012.5638554612597 -1596.227933140408 -2571.6800165698596 1605.177365310803 5707.855703551992 -5014.4610288870335 -9524.85433179463 6508.9653001088955 -5334.679335170316 -2262.1169520862395
-8917.934748596608 -2826.1869066295667 -5025.490748938329 -9312.794834701637 -7911.011060349573 -8790.019586282126 -3107.548803790103 -9520.290089732876 668.1841765049121 -6992.861743090534 4767.3413338845385 -2767.7074166481507 4472.066916780343 646.1131150046695 3651.6811712952076
-8101.694493554665 8115.290939300838 -8095.314351176923 -4807.260040980419 -7122.230962176092 -2880.0722294198385 -3890.965320780577 -3948.8402576872186 2185.9967059275223 -5377.2117997710575 9347.162527170076 -593.3281817587031 8583.0799369142 -6456.7706142369625 -8504.053899955845
1718.0452259165831 -7268.43154807844 -7229.425567457976 -2076.0315608959527 3546.5046491156427 -8319.863369855551 -410.11640225675 8033.04063308215 4925.7688403715165 -7950.0307246293 -4510.523281968029 3138.543525138657 -1093.2581595034535 -9171.325925925408 -7122.247010682976
7496.596253303742 4836.056056710835 2362.3272736418003 -5152.215007241421 624.5159952109861 4494.841278947546 5061.0234254233055 -2076.831373985473 2459.7108166175967 3113.105398152169 7321.272108680278 1766.6079519213854 -4321.4948230014 -1687.9828616904597 3111.5719992486884
9356.507029370026 308.3753707667256 1881.98468303574 3609.5042276497024 5591.408413892013 4751.054139642829 -6863.017657310571 -9656.386216200764 -7386.466064841741 -8444.340477568074 -5200.1745172959745 85.84978804127604 1101.8862201625052 -9657.459327214661 -3115.583055766436
3271.464472109272 -4356.603698023098 353.2628731984496 2707.737707066999 1328.3405719981874 -188.852538029485 4509.302645801239 6043.139275960895 932.5573072899333 -4212.607826892206 -1834.8043157227867 -9901.335987453649 8836.306753505734 6942.262058643366 -9832.748775106636
-968.9953924577949 2208.773078876189 -6709.692147296393 5866.733578557902 -9938.939640019815 2965.929328187027 -5504.644300271364 -333.38024436790147 6924.858675259144 3028.1908573426244 -679.6767795913456 -904.9033072773891 -5560.442272291335 -3511.8319814041897 -9846.06898578322
6304.73623059093 1656.6900864474646 -4776.688348208109 -5243.638183240147 7661.010837687536 7712.3570177040965 -9624.227653711616 4504.6307473144825 4645.15679216947 3147.32579637699 8828.089939709142 4519.49331548177 5058.244348867802 -6582.359461094009 353.77062253510485
4075.040882048841 -9085.495425184889 -9643.361697104043 5514.279644720094 -8567.379229554406 -6784.624646956119 -2632.9762574274037 -1894.884300561701 -9667.873684717822 -9386.572892101913 6748.370189734142 -5068.168459233689 -8245.07710343458 -46.90592028423271 9203.09462754383
-1957.7609593311454 4399.420152476385 -7732.815466603466 8615.695487284578 -1877.5965898441864 -6396.219958287333 8382.569798543831 -3412.8487592804913 4891.916730767725 -9467.128559205727 8706.538871383069 9362.060729812714 3788.744321785902 9464.952062965895 -5903.2718834917005
5661.2122663872415 4680.632851088298 -374.13467171500815 7995.446347983292 -5563.641003101667 7865.917941111555 -6186.166938678907 8435.310375561665 5878.687384992492 1295.8560785668633 309.14178212972183 8886.818613970438 5199.301162024356 1877.2850695495745 8358.286913287422
7852.180117894375 183.1452508835082 5940.4929340229955 4721.136013291296 1815.7401343708407 7046.586132329201 8808.719805433724 -4397.562646397361 8989.105771764702 815.0225814270998 -7696.30552199414 -7032.458592747739 -5650.897201107883 6911.621832861954 -7562.3559190465085
383.9529572491829 -8297.513259097717 -4289.515468177951 -2921.036725910264 9962.396483229531 -1095.5435522485368 -6741.5000401608395 9479.89955788901 -5551.4193780805135 796.6615340403623 8001.26415136936 1458.5905977553448 -4285.626061691996 7624.4309753784655 5646.161651069064
8784.672804377678 -4023.6602838946765 9076.875464450608 -3757.5685589485565 -9302.430990583143 -7428.66808612838 -2483.423004167613 5435.391628522188 -939.0110958968598 7940.367106949365 -7384.714712440951 2593.880369757655 -3541.50845478262 -9026.103125022662 -7300.217756034391
9487.476175874704 -6893.205321412228 -538.7237948352467 9263.934179887405 7222.676454617806 -7734.613030466013 -6814.142341673537 965.9996002123789 -4831.850709197381 -7341.312532690092 -4433.28595248047 649.9965392609392 8519.566587508696 -8863.885860880226 1753.792259149388
-8942.764273239252 1588.158402877014 9542.044576269876 2450.1305537765347 -8755.086339535177 -5616.533898930785 1079.6454630391072 1154.8695529467986 9487.295307627453 82.33434177462004 6654.940561875643 780.6237336192771 -9970.552443872773 5800.78848943451 3242.97766835768
7771.334019479906 -1931.7666459310503 -1670.2858852523368 -3342.2932265414793 -2021.4622306944593 6280.191658311678 -6178.17164840539 -3515.8351433142743 -8509.453732027767 795.8472319974389 -1238.824403570101 3353.904565656676 -7887.359858608705 -7026.102522778996 -3848.6725956990185
105.49117229829608 -2387.456171537887 1695.3308843157774 -6954.126307424038 5791.834180014737 -1241.1445767272053 -5648.195173479316 863.5307543002145 -7580.45264944887 -5468.51713840909 3085.840070840384 -2618.143616780162 -8964.8191111218 8887.682729599092 -5601.904518464851
6429.325103673516 6164.502837651724 -8038.385850691939 5903.710771435455 -8349.41225152987 5535.743481835892 5637.738962514191 -9189.63951238037 412.2907007568883 5777.789003052774 6476.661383381113 4276.058136878784 -107.80965584064506 -9051.650013655415 -181.12936364021334
-3221.744520493903 -3600.2729643911134 -829.8272314799669 9535.965250832574 8119.807615440528 8646.371303799646 -3888.5187377115635 5564.1099422940515 -28.4467116664091 5139.63789154539 -3407.1099017437145 3820.076952464997 5798.009950689526 -5128.935339206593 -9827.02186380287
5663.351884233663 3573.6315126854333 9353.017754418132 1204.938809892772 5562.216763234757 -8201.292395819952 -3789.1127261383353 7892.408520179102 1705.096568417588 1546.4740174801282 -2800.204324909497 5397.250209335756 -9911.804376689164 -1168.9412948113568 5714.348025188039
5860.248700367039 -4540.427240097606 5803.219473991867 -5403.762505431744 -837.4988145141833 5726.507936398457 -9599.573657355324 4702.929267988238 -4545.62441572512 5198.987324290938 4180.538951045475 7835.389640610792 -37.93106837432788 -2160.312372262272 4564.3503523250365
-6665.703659545528 2319.363058162131 913.7135405462504 -2241.4559631840293 -4264.193460411523 2373.9649061337514 9503.47517793699 1654.2564966315895 6550.844699943853 -1119.5733919740487 -3527.0053345598626 -8729.235857340806 -6132.952981012405 6213.021774299799 1461.0645187260434
6284.557831679698 8902.12362212198 -7766.9026555406035 5279.965644843334 1492.6803101705937 -4873.614696741293 8968.143134760954 4899.985001730269 -8209.218850777652 4311.22024860929 -578.3815115669659 -8780.68557082104 9447.065829655265 -8692.07062083571 -2585.7456480155624
-2059.45303002945 -4846.093358836383 -3028.508770139242 7480.406238810541 -8234.540595074708 -3713.3321816152566 -9912.55522107924 1995.1937854904409 5856.629631199448 8527.56478856962 -8533.963638218916 8154.33401413279 -519.0472427548666 5669.222206008286 265.53710269077965
5127.183621538581 -5123.126163636145 1388.97561103746 4638.569063029256 -1538.659141925913 5579.201213145996 5748.485852224723 -9023.077650421805 8759.266474994125 4668.747277539544 2176.206568608037 -8864.915113747804 6478.474231723663 -6555.251351410403 2709.2061828706846
7949.125926595934 -1816.5579823801982 -201.8924865389654 -3401.1975117734173 -2933.725021872502 -6662.328572154852 5790.066324685966 -4422.441961152294 3539.3096747797827 9184.555530022819 -6862.007019078828 4686.360135960134 7890.355924736847 -8567.162442392655 -4022.9794174042645
-8806.227900047083 5084.7295955634545 -284.1200678808491 3706.346115435077 1517.0152154406042 -3759.265695742093 2120.8592141942954 1738.7174977575778 817.2540222827847 -2193.3433451446135 -8067.402295330579 6908.034758635586 -4539.307753867516 657.9902258166567 5820.728580686298
-3599.3333490188515 -9927.54845691303 8976.889305348424 -5003.188983614308 -8031.032617437861 -2242.0850762377895 949.2482052276428 3512.729535250306 -3055.5893724876596 -3697.5544303833076 -7745.0816193099745 8260.3155398462 -2484.1825804725204 -7607.341691587142 -7600.387824334709
2760.055508933887 -7487.291418303945 3197.501706749834 8403.97545310805 -354.4171228073028 -3153.4840438751544 7960.118840598068 -1057.3607917870959 4512.518642927867 -88.18154257444803 3706.1230309866314 -1155.441590825114 -8673.663932694404 -8465.88257877557 6558.096050291922
-1503.9529381778466 -77.71951832526065 -9116.24027770632 -8802.026399504452 -1014.5313679478022 -7032.796210348808 9140.45115494782 8849.290975714113 9984.308097028206 2861.714296744911 -4367.7986165466145 -2422.370415733244 2520.399691013983 -4761.750292301042 -6666.698697735749
-9511.132875235637 291.1825768755152 -5285.497653758167 2876.671439880656 -3197.256418272962 -3686.955413675697 9391.08041536327 -5839.991210972331 -1103.479921331189 2779.368830147607 3391.8464698453827 967.676713415538 -2255.077321864047 9152.126699606273 -2623.766535817431
1735.899795489866 -4502.55249190551 9740.30712804569 4038.1247787214725 2566.6558454324368 -3823.812486294476 -2637.5999782299787 8778.68781537564 7517.070408735937 -2142.33296101034 -3040.6764641229356 -1939.4175832176888 8186.849397517584 1949.6484617951373 5356.324577201785
4892.813143898105 -1255.3301069467725 -9045.877042539609 8406.117711728777 8295.653502601497 9709.39029675904 9939.055490021947 8530.229775045256 8081.705855875069 1233.8415683767653 -9824.587832304767 -7305.085022612055 551.8055687145497 -7012.579978541949 2925.089722606879
-275.96233998602474 5426.7132783776615 -5040.034044685822 8536.289628481514 5942.74204674083 -3707.3888971964616 -2927.5551434853123 -5267.371089419898 -764.0538622940148 -1856.1313901999665 -1103.1783571415071 3838.85398571485 5153.990656479713 -3980.4637062539114 6700.4639297681315
-7774.783250657322 4498.338802232451 6984.90390875523 -796.5157037891313 9538.532762999737 -7601.610043142579 -6254.265491747921 6166.670937078719 7235.462230354464 5692.335638516897 7563.166239692746 4281.66597561964 8837.643180091116 -5266.176358768613 -731.7704583062587
-5046.220497676579 8198.150476037401 -4036.1499441554006 -5968.908067747323 -7866.246605330263 6507.269563650134 3457.9147300849363 1538.4843945817975 1011.7173401298023 8100.213624828659 237.77017776157845 9780.692874676664 7324.219171132325 3869.223549477234 -3548.732124139715
-3406.53447856607 7701.718172115827 -9963.015374935554 4856.734783308873 7167.870671342429 -6398.241555463426 451.87976705943584 -7421.513336632823 -9082.899849839394 -3432.4576764821877 -252.1185960730836 -8996.413517694426 -6375.9473504886755 7612.1482917139765 -4515.676079999287
8159.694027503647 2595.735336269261 -781.726178149198 -4918.377643017602 -8794.066639696872 8065.114755177492 -6976.447298404402 -9949.263365763747 -249.78636466942407 2189.1523093714513 1594.8166738279942 806.1326807764963 -4433.027290638201 -3862.332383461702 -9942.469644064982
-7367.6222124658325 -9613.631629998305 -832.9579957614114 6329.947001246228 7302.9893561756035 4530.631444270275 4899.273596282159 8105.203531614228 6594.545279563092 -2095.6232879984027 -4676.353071967829 6858.65540457769 4783.7326531970775 1521.6627974857329 -2071.9058736771685
-2877.7390656346815 -2686.5347534521406 -1405.0389403163972 -8238.452280769681 -2711.0665402633467 -6796.280219863802 766.8674155130884 5383.939753954663 -5411.1552301360625 -2461.3679491114217 8568.46043904353 -1999.5143081829574 -4302.750908895731 -5685.94505154441 4955.496108476542
-2164.740691131986 6477.1252108426415 3110.5974215412116 2461.79163835311 -8113.325478221709 -5782.839374284264 -8081.570746358646 4334.951098403648 6486.226683133082 789.7752424435803 5567.961281750346 -4193.054001718539 2260.4983288144613 -4114.814108650524 -5437.71407962347
-7780.778792212177 -9050.467110801876 2119.066901705204 -699.312559112137 -1682.7386164930995 -2583.812226872109 -1584.5427806426178 -7871.377128800956 -8352.720817701098 -5064.08323672098 9677.239956827692 -3089.0003479182296 4283.8210183988285 1862.3628811358085 -8346.768570492004
-1532.6308653898323 -1520.2558446122512 5135.338818717861 -2050.993609852567 1352.8714217548059 -370.7746229043514 -5676.217631043929 -6477.501365854485 -7644.151263267673 7576.9665656697 2236.301883233047 -1898.8540638084905 9362.49807307776 2449.936179840137 -7097.972262136851
-8096.621206530357 5299.327278381294 7267.495831729033 1989.5043053563331 6750.649560800059 -5240.660904943035 -5521.506941199421 7945.223236827333 -5712.606966662785 2204.099399284625 3275.144156501963 -2877.1176799629065 -4161.110265968875 2108.037779667229 -1860.7928974967172
7092.204062710047 9856.774268773093 2752.2196390926983 -9120.081828137658 8371.558340348845 1919.3010795378668 6529.9249070045735 7992.6139067303375 -90.01114091830095 -9451.47389875535 -2577.413266252386 5488.2738139243065 -4336.126635306514 -8707.306424275965 -8981.027743499799
3867.2313672246855 -9404.133853305644 2078.840713164589 7969.631594077051 5070.511509568549 5221.760908020831 1552.6810545780081 -964.0594474224581 -697.7202422823812 4728.908992802821 9919.928852749068 6759.975225516682 -5763.4278760912275 -2117.8172020216834 -3340.521892077468
-9153.637664678494 -5145.990545939157 1266.6822889037594 -3849.35767843146 -7577.69000289746 -750.232069134232 8635.093373950698 -5505.700905720234 -3603.7621437433036 -6284.624788613175 1170.2925127737235 1192.5218222579606 927.5570151760148 -3942.459614964054 -3288.020913469567
3568.410126730996 177.0395317446946 1341.897618856321 8706.771070329636 -232.82132777742845 -3091.91471339503 -8705.742288529582 -9106.716393297285 2697.391310337467 3767.282733651795 4623.435091184716 -8218.739205297341 -2549.915718766498 1079.6013177729928 -9407.263389550502
-5719.672647448335 -6120.130709377141 2860.290797868578 7608.313364952832 5655.125017821763 -4315.1331258056525 9601.074607861112 -6281.368764414263 -8088.398402350712 8336.154229635536 260.72531465207794 -7793.161367120514 -6920.454745006717 -2463.2244879612444 -4031.5309598361073
-3211.397744418785 -1633.7586617926318 5285.641625421675 -3484.789818556531 2852.023548488449 6760.303292340428 3711.110541113483 4145.611990970943 -6667.10176663746 -5147.01187787963 -8335.33228958656 -9786.949049174009 5514.803011171338 9237.064797286352 -7186.272885219009
4123.480818697684 -9039.824077150603 9157.788345785648 3630.637819139414 -2945.8717382003206 -906.1602685581875 -9585.795716404687 5734.568411143106 3373.055804233247 -2973.4987036055372 4333.637596702945 -2606.0719843321476 -8981.597196120205 7041.806381055994 -2382.684699833664
281.5347018922748 -8814.992343648059 6633.838342002724 -6039.529205419709 3070.6946561444674 -919.6541634897021 8726.648758149262 980.7830372112894 -7190.835706110463 -5680.329411811942 1108.9087181191262 -5402.4941116446025 2296.307915773794 -5287.898920693157 4232.703223571289
-4096.044996372299 2678.2600791668374 -2361.6402216119623 2859.6052371194965 -8581.494640699259 -603.2739227294169 -2857.739228128511 -8855.490678884387 -7653.619838320043 3278.311886162388 -1394.936963326294 -4407.500207982404 -1344.8623917678597 5622.201008230137 -2326.1856764579743
-1282.315367771509 -6062.766629076615 -9476.870838768567 3611.531916168875 8110.972971989082 -3270.5095014851704 173.143919203314 -138.7564981103842 7594.161065722194 -2945.677914860754 4275.853888486885 -2026.481694072304 90.42050860588824 8390.21972426477 2573.945863494484
9525.631341140139 6209.460249283462 -7049.682761337473 6383.522758229803 5278.225211599018 9134.02372339155 4699.56514049766 2971.931766639289 4167.295215353721 -4237.451556840701 9099.784067649547 7805.675685659222 -103.89572763010983 -5897.004654542715 -6347.915111501354
-7393.483650556296 -9160.004264485038 -7248.944723970411 -4025.8651972065754 -1471.296199907505 7067.333454471325 -9952.195093240822 9197.33087570361 -2995.8751871171007 -1405.6552528460234 -6285.740854682868 1645.3650991055983 -6341.433664795069 -3775.095721969812 5357.09106906126
-117.47951724577251 4489.279336944002 -7701.710386521938 8666.5876987667 -7476.102686133092 2468.2934600316603 -8097.751175021579 7291.204892267415 7152.306139663582 1297.0021398209374 -1449.766265399534 -9797.627901863092 -6870.924496991868 -7981.70742808162 -7174.64912385024
3275.0885635281193 3985.273171381088 7307.431850850495 -9261.303147208715 -9094.12574241073 5637.547925340816 9358.255140587178 -1876.4869168642635 -1085.8651044091894 7197.496867061163 -8733.095275911583 7549.456454265546 7511.020276297517 -4790.318948128265 -5420.2896278258895
4624.099859830523 9190.107223459203 9550.98971845377 6080.461219018487 1608.3546482830607 4130.925208189856 -7644.442942413776 -3151.2938348717507 -1700.122540542954 -2875.9804164190864 8975.345058270417 -1455.9857792443418 7191.948447413757 -230.97318292580894 -8530.351136381152
2251.29509629365 1412.5285551684283 3815.777768433578 5124.6055148320465 -1436.7194695896596 5206.4731001836335 -6094.012308715837 4932.855369480712 7041.745165273995 9926.761209570162 802.565948856296 4574.436273453803 4232.948933266278 5700.745748995138 5404.539886840312
7992.182327395225 -7359.534692937841 -365.09151720508453 -5904.568889176488 -9059.331302768513 2419.523995312693 231.83913311555807 4175.902293883648 7256.213770977669 3595.3522017682517 -1508.3785881875883 6453.692703398865 3930.5482385861487 -2069.8753048642993 2958.954871763839
-5220.268859270843 -6434.080078594142 -4655.12746840462 2749.676562514338 67.16777273872503 4433.406975095171 -7466.481425701459 -9527.569846025155 -6451.976508977214 -3486.8315491348585 -7208.6254396332515 -9259.355145319292 -1591.2286922888215 -1185.8633574123596 -6882.0610068590795
-8407.97472908528 -3041.9236503982374 -9042.258721260718 456.2985386398559 9951.929215104174 9525.1344179572 -5642.159918429706 4608.2392867581475 9308.798449007136 4787.429380950951 -9957.007250095166 1488.6340759048107 -8715.138661301107 -4860.295791942273 6008.597346933711
-4897.945942128976 7770.936098888949 -5516.418200424502 3544.173924453842 8969.98826869407 -6464.332163924171 -298.3222583793795 389.06546667461225 3852.776632727604 5467.26090415251 -7361.866551556383 -2144.4614353448733 -84.1646530818216 9389.800993426292 9699.116596281277
4134.433001435154 -6821.400193798912 4906.948107347109 -697.300334521824 -2504.0369263712537 -2366.789505217932 1118.6181403179671 -9152.816513590631 -7166.6649009424345 -360.65537352472893 658.2051408556708 -9122.944042037861 6827.079065060163 4040.774360911346 -8528.991943674882
1 15
8433.05130227378 -5613.042084370667 3924.586727775648 5682.283885810821 -7270.14312200313 1383.8633339562766 -2343.302179262985 2617.2922186387623 7735.557913959641 7730.27013482945 -2802.406620361832 11.589831398721799 -4584.414961531331 8262.64180157044 5328.246947964984
