7 31
4961.361934449116 5977.838396792518 9588.973702956955 6104.513771713508 3897.295463841034 -7855.890159630768 -4805.3146739789245 -6220.519711626946 6568.040375853918 8602.662881210897 7662.058662591164 -5365.446366872244 -5656.560338898269 5378.192213782164 8536.904474687213 9432.718897530849 7383.180517085049 -46.319652900492656 -4655.912837358463 5553.809352830553 2517.084736824525 7935.242607104552 2181.2257402914474 -9163.654785678818 7272.688187791584 -7842.645548942382 6212.090654769894 -4596.206459009227 5703.487097354835 3482.585554453486 389.39828015124294
-236.74162526220607 5266.848154280524 136.27948154031583 2827.4550776295055 1943.9696880006923 216.57933657495596 -645.6988605430106 9890.209907386688 -427.89420590972986 9454.819669055738 1733.7369104288064 3337.4247017126236 -8257.300218544016 -5754.087847622022 -1046.1767515560223 7935.128017675954 -9698.513894413603 -6452.882821804109 5545.753671456885 -5786.403262112376 2728.9334120289313 -3199.3578323357187 5540.352214039252 2425.677147063907 1401.706232976263 -6315.621213170449 -1025.4420033414062 7694.655502739006 -4104.393594149123 -4844.2525523923805 6375.376924308042
373.4710750410941 -5480.947542927668 -7846.249976414936 7306.114705071017 1094.2588016102109 9770.984359808768 8671.111745476308 -7876.160044143127 -8999.608157113063 6027.929759036355 7134.660327049354 67.2380247764122 -4366.471939826731 5498.749766169065 -3309.4621602211437 3367.1971587474436 6422.43699304801 5534.386341476593 -496.33154477212156 2042.5089400506713 5645.417857780854 3265.654814276808 -8420.368629191122 -9261.097340695645 -3335.0427389955103 -1769.0531788643257 8331.165649669441 -891.9323668226061 -8454.0023845653 -4104.923068418127 -1980.5498310383691
4325.64824246707 4044.5806581042907 1995.8762725075285 -7686.0869458424295 9261.402496361596 4559.971752936597 -8506.35010762577 8624.917614927494 6238.7714382617905 1620.644634668346 -1000.8368381231921 6101.8142590601165 -3614.2158275490146 -1420.687679258117 7369.297946472929 9497.845610858007 -5164.143919334349 6392.2014318341135 -9311.296779165166 5550.317471189954 -6018.8753801358525 -4794.122359025084 -5268.87594324966 -6148.916653233804 568.3757198197181 5898.239266793693 -5140.868240231928 2002.6839732537119 8157.144725355338 -3352.0504136206127 7091.01836838702
-4856.140727741256 -9581.072250379246 8352.61525288684 4534.3468272531245 -3185.3494059092945 -6636.484184049199 8707.623809196433 7117.718401318263 -7212.870790699322 8922.441089688546 5701.570390520887 5796.405222914487 -5373.2174457708925 7645.860589723907 8105.454596298474 -484.79239470590255 -4036.1128532517923 -9345.431816362461 7519.753956302153 5706.782276112017 -4671.987414791483 -2059.536641966073 7487.195595980247 2461.075319313084 -8774.132493167346 -6425.894508838839 1605.809426800006 649.860174015248 -2721.8586216330823 -9114.964094255265 5644.262486521162
-854.405783002765 -3350.340283654258 9325.325135572239 -6059.757496852288 2897.6973884773543 4670.095176007713 -7010.5320627203455 -7125.59541442507 759.9177285931328 1509.9613971167346 6479.279529110845 -4965.99107849091 2914.7701166820043 -6710.847998581091 125.09066442834592 4672.3984997061125 -9746.582011950344 -9448.259831692874 -4302.758364138333 -4001.942548329871 9392.633250587125 -6713.733722049482 6554.827818712933 -7261.644180750731 8076.5710624804415 1921.7282088576685 -8529.032785366733 -7363.669848826095 -2043.72413005427 6043.355402184792 3466.0741648660933
-5834.885436527195 4624.781883378155 6421.508231511649 -2358.5856981745665 -6305.123146585028 -6823.370471100194 4873.083573270691 2491.2737503599583 8449.934548443536 1812.431456905044 -9694.999839449816 -6250.137433309895 -6078.9495592398525 8596.334481423739 -4193.822160314285 8571.696328688471 3317.3642774532163 -6332.927372398604 4508.3663384177125 -8024.813097221393 8379.008479133841 9428.127107954533 4552.705978320539 1907.2330732120517 6443.653847002552 -5562.515966261852 411.1422289944985 -5293.428324593792 -8882.000697716403 -631.2520618714861 -4937.635845471106
1 31
5393.045899601075 9440.031292732267 -7602.748170743678 -2261.7201285045694 5957.172313382462 -5148.510123415122 70.70036713793888 5596.704680014836 -8309.057441132763 4907.011544117959 -9348.931785854445 -4532.79371455255 -1831.5548285957202 2931.824359977738 -4026.84440491389 -3016.058342755284 -879.3710820465367 -9587.367535381523 5030.621934735145 1947.8059476553626 4278.3217187244245 -5026.316211773307 347.47495357254047 -548.1266802870487 28.883394267153562 6264.031997048833 -2807.652732523058 -3833.9598351794148 -4471.3371113525 3226.924755029906 5085.404193547376
