64 25
-8509.424066919471 -4082.1617393231136 -2595.289894067061 1675.8523185158265 3974.205859275513 8747.159330706323 -6921.492983480972 -7515.88485956729 -4713.686553497627 -7005.824565032779 -7134.518493124056 1844.0978328258734 9917.695055644432 -4474.024531650995 -8474.869270774587 -7785.743425360291 8782.598354741647 -6040.91383997057 -5336.998444222026 5305.391432814373 6474.724118984432 3542.215843626622 -3035.2944667849306 -7006.412018346275 2226.1017219566147
2381.215464776773 3584.218706937363 -6171.239192248674 3033.293118446254 -2979.010751809299 746.9340799680485 -9772.936266206649 8565.06181844007 -1714.3791980847582 2375.7339220735885 2546.5543124812957 -9265.211826363426 6318.47620066956 1058.1805268152239 8211.459524908652 -7014.1359265367155 2446.4467421693007 61.45073640531882 -4138.292634311276 -5576.625348301709 -5154.717381893976 -5145.0772603437335 -4307.039984345315 7022.871831485012 6312.912605475018
-3917.105874633213 4378.329987490366 7056.7859187938775 5136.315828335801 -2371.2990221471446 -9154.37613335463 7556.4239982985055 -8546.202579455376 4918.937271975086 -4987.93439324743 6840.888010633025 4590.9987889946115 -4587.795868598348 -7510.047178887149 -9515.74814831619 -707.8105615815584 -1369.1457979172756 -550.7213439422667 -8160.683482459443 -3528.9299589992115 4043.341558428081 363.55167908426665 -8372.570044134614 -4948.582066515175 8196.187163272465
3283.5476295561875 -8830.698002297428 2649.46118222346 8305.68003209557 -9075.944157914462 4591.172961369668 9694.190412365064 334.170980320996 -6763.6069684964095 -2852.0390638147355 1670.236795212446 3611.2920248693845 -3075.002389143273 -7472.181633248152 6998.348225180605 7758.001011572414 -5657.3062321886655 -9293.368812333221 -71.53585143861346 -174.46916368241182 7168.677833007947 2177.378250211759 -2767.8777642864798 -2711.7895175056474 6386.219002092694
5006.489849907741 7740.524410145812 -2904.9843685208025 762.711169307946 -143.60872333261977 360.62216295982944 -4368.394276553425 3211.9501645343407 -2826.134544776831 2674.4043569734185 6974.228221516863 -8559.91091131686 -9343.998136263068 372.230885896146 -8491.815453180394 2648.5520672030907 -8499.41645751008 6086.934425328251 5509.092356621039 -8962.286156936909 3689.3049967030947 -928.2528617111057 -750.3241401012529 -3759.173004708152 -6961.715706101135
-518.1572415827522 -7200.610976210882 8929.37755790593 -6393.0455939142175 -9948.830857062094 -8974.165100656535 6243.01762002911 6012.597449665125 -9466.403693287208 -9300.770293276912 -9453.891991836625 2499.340411687128 9231.705842112784 -5961.862856582867 -7042.73504967762 7822.196542019796 -8555.727707980448 -8818.68467123202 -7270.28171777022 220.28676478717716 -3251.3893673786097 6920.448884630674 4185.783971729115 -9077.31806796422 1916.398547451985
-4380.249063002515 -1058.1110427861313 1293.409262672034 2463.0837093705377 3039.0605131484645 7812.417035746439 7912.374805813404 -3433.5524467875975 9759.144221921619 -7273.337020250397 -2671.75293917016 -2376.8079420580234 -8793.743727475925 3716.3036648384114 -9921.288517972513 7830.116129624304 -600.6414983292416 778.4057351126776 7094.986042978351 6137.279800834922 -7656.237076099006 3377.8639798629592 2187.8628211529394 -8409.408780398777 9.51981170471663
-1961.1918799827445 -1115.3119617276116 6058.148665004726 2578.1064211311405 -6706.817095157582 8561.80058627381 6745.216799891852 -9323.944124718444 -6825.201595655468 9346.41678682793 -9668.445487019968 -3151.2104036504725 8700.014776617543 9643.052688981665 2133.1559260418326 -875.8716527469187 -9858.143397037513 1117.4138744468291 1473.5434365196506 5715.622851311829 -587.2651170460267 -3025.4458439238288 330.52688261391086 7606.033674234128 -7484.650188098465
-6676.041595050996 -8847.952849303034 5737.976966189393 -7735.027487955018 -1705.710478505609 2834.3446797102497 -3562.721468607413 6521.745855604047 676.9611301026343 -7101.601612205029 5563.146377792276 -1751.682714307166 -91.98030200258108 8705.128457138006 5741.995731093721 -5781.202170935358 9164.74166708847 7486.822888365568 -900.1314522410794 6584.275299627556 -1069.6235044584228 -8961.386275486993 5870.681052174394 -1761.638063801267 -7729.037941232726
7159.1658394500555 2285.904313755791 -128.18248358435812 -7088.531768978819 -518.091809662963 4299.545755877003 6574.105474745029 -4116.256643897606 6458.854455098539 -332.42086402370296 -3758.6024971933775 4195.454509299523 436.82146552526865 -1219.262438153126 -1307.0693656746607 -4385.07895029504 249.4703883150978 -3933.8002578124697 -8370.944258267717 7225.22941982044 -8266.113488918525 -7416.84889667973 963.8770677142056 6563.496922328057 -5181.551242117355
3757.9452002253965 -4041.283523430772 -9112.665040069132 -2835.470226953913 -2189.081539154392 6100.719864126651 -6806.714420470687 7376.825607672323 -9795.954740881598 9584.257213797147 -727.0869290831633 -3184.80916578125 5053.205409996064 -9620.786581263998 -1053.0354629519188 3922.7344954399305 4804.131375467448 7714.017095627147 873.3385409735984 6787.1858756301845 291.5751374846186 5244.517012237835 -5957.107895557241 -3543.770536462589 -7954.592987041345
1104.2192807485571 -8531.37390698105 3953.003447309029 1187.742209386388 5619.1056357326925 2666.014057518518 -402.09908923532385 3906.1836594998404 -7630.656777824516 7555.200710433157 -4650.268295654348 4244.671121236181 3125.6597465841023 4920.797523287687 4612.074936335905 -4857.588784067015 -3048.97837315607 -4892.693637719066 -2970.6110630950343 -3121.501321566131 -3007.2960534515314 7048.564538434897 5744.051275275091 -1920.8227672774192 -8217.69143080459
8490.651590401398 -4015.222293170722 5403.537572819163 -9712.84310862663 -9479.842272418311 -7308.619553168219 442.3082562552736 9946.179073117477 9411.867852879986 7433.208260597265 -5126.4172802447265 -933.3015708789899 1279.4243471659065 3786.0846643917484 -8023.4337538735945 -2713.4391095655938 8997.927066840522 -4823.220262219572 1727.2921657492006 -4934.859796572144 6209.805385677499 -4188.354017174212 7357.168273160332 -495.03543092799737 -6889.166238239024
987.2060841243037 7980.193609480146 3903.2489710363643 -593.0023956570094 3364.012114221361 -7156.258424891628 -4197.201429973378 2829.739711250075 2475.39520550369 9089.67563137088 -8802.896038960575 -1407.2451478256953 -8368.370943948417 -4804.070912951542 -2632.041024811103 2353.388255928825 -655.8539250617596 3414.928782093797 5643.107583476709 -9068.41001297381 -9225.05073037613 -9422.545750901436 -5639.254650565668 3832.8650384690027 1767.8123799452896
4125.785767061056 3521.3063132255756 -8163.160602005149 -3421.961386019517 2541.024554563097 4620.521012091867 28.350382957054535 -2367.8230505047895 628.0008784964739 -4319.553726426732 3182.5018408007527 7074.166941862124 4658.926592137805 3617.020249635885 -6494.24081745743 8230.359477850641 -8482.129660580764 9787.111955308777 -1513.1393003990179 6353.134214391312 3236.6561258113416 -444.9511260831623 7050.552382503942 -7748.570501682372 6955.81897307761
5092.553593922055 6605.051162412456 3738.877037530139 586.1644341098254 -2196.546591886139 3587.667787416427 -1673.562646995737 -3679.0787842096215 1063.5977891678358 -9387.741839049777 5448.09751843135 -9428.818404574635 -1385.7580659498399 6580.618475207393 8833.553678339249 2386.7573357601723 -4520.031968437012 -8075.100104983845 6251.456511251532 6249.633482163275 7382.183253880819 2143.8113410362075 -4358.0481045673205 -5866.636206848066 -242.15605846393555
3331.9768604710243 2862.5819008928465 -8403.601329578503 -8850.644869043294 -8032.0569413606145 -985.9772376855981 -8937.152106905287 -3006.2479054966216 -739.4014851149004 1270.762950475193 -779.0566879299295 1858.458761547885 1614.142812110411 -288.8940779563691 -6721.797235881275 -8537.62784883547 6237.800514333778 -4700.89561974681 366.0817866448615 8551.030583492178 -3391.3328924651178 -2635.679745934316 9674.084745682649 -861.6630090495819 201.55642003159664
9140.162214367716 4641.859910838513 -6828.403563086836 -2117.099451283899 -18.322145532161812 5710.7477177616765 -7663.423028490399 -923.5965215830656 -4049.4470740865145 -6467.746013308291 -9457.258275526696 -7531.925423029428 9498.37631888959 -8655.998902308645 -1728.7343734766728 1513.6510897503777 -6139.715554864322 5885.866848100317 7846.862903831872 3536.209711213336 5857.70464708452 -299.018440121612 4088.9469304503764 2509.825352392072 -8958.396796571249
1238.8912431958179 -4514.67127095325 -8233.309087848964 -2109.987310187167 -750.3097684271688 4244.575716568879 4048.665533169222 -4135.570393256158 6824.091050696512 8220.25058485505 7672.796105243375 4385.833509310491 5744.471289274976 -6098.489456597445 3367.8813089101877 -7015.245089754439 -8836.885892614657 -5049.27235597308 7778.467758769242 4848.797118592329 1836.922142505793 2560.1517721735836 -5375.097747343509 5782.64077631707 9110.761722305688
-2774.233719878299 7497.223405799952 -2969.7630938288075 7768.623001177879 -3747.2348044861037 9923.51636132245 -9962.56239074924 -9582.718814077036 -725.087901437797 -7839.430894208437 9991.982374680247 5166.13996290445 -4017.9871886169694 -2892.418499111064 909.349476020554 6640.445465111832 3088.8073686184416 9062.841338968094 -5804.856025875933 -7663.933440240138 -9508.894772029977 5720.58788798686 -432.89237366224734 -3518.664493486698 5335.147484139692
880.9730574106015 -8585.225707051273 -1414.1722043900518 -2666.654901810448 -5741.189942212032 419.78509813744677 -3772.308712748393 -7176.0627946940895 -3076.498216884982 1815.1645065749271 8536.967522942046 2415.487900386295 3815.462860411226 -8934.63133825763 -1852.165735882856 2547.8597303898823 2085.3263953551123 -5046.233585206938 -2844.3261461140382 2391.2657661100184 5758.099614317476 -9191.455864239031 -3301.2210702235325 3442.942610974087 5866.854745203704
-6846.675114043259 2942.329622692667 -144.07944532922556 912.3292867004548 -3937.4812651889797 7174.307860791228 -6324.498821013089 856.9403688718376 -3390.994348883427 2443.875155020345 811.6135155917345 -5416.744320006608 5886.911553897287 -4320.725817269457 7569.4278357880285 -4882.314536266512 6620.569611217405 -8554.398877417643 888.2922270425752 2917.9648315495815 4291.45403496538 -1668.231545681967 3509.9326564702733 7847.08076004625 1045.4896336525471
2011.1455297307912 -1345.5835959495926 5424.918155258489 -6455.511905953524 -4886.321473994933 -1491.5118202093254 -3352.1526976309633 9568.462902738414 -4605.18743730916 -2881.594989019587 -7234.530259016156 -6711.420429753236 9923.397723844155 -2918.780496484639 -8713.609332194805 -2886.7846226826587 -9922.87066004832 987.4741910320936 9096.988541214814 -5705.533710912938 -8967.326481388274 4309.08286477324 3657.2568166697783 7079.849376935577 467.61629662743144
5469.877796025596 -216.72765790828817 -1096.0365296472373 -542.420340525352 1146.182624154133 -5222.561274710964 -2976.24919082403 9247.09505434812 4321.157087823527 1695.5748860655676 1984.4906768103174 5823.994601359886 -6841.9457606885235 4588.985162357449 -2117.6760674977604 -9280.535243146744 5326.745680976999 -3742.833559085261 128.91532073226335 -2750.2769803404135 1265.477361308498 -3919.6443330081584 -7610.023362870386 4595.949465960812 -3975.198407574905
-4851.083799943743 9011.735982580354 7712.971908015865 2830.570160865529 4453.181338314163 2319.398314979613 -3947.7752928378604 5722.076010650566 6284.374549211239 -6191.071139890243 1154.6116536644422 5698.469407083137 -3640.1410826410865 8334.173467867182 -5824.638162607028 7727.4820544134855 6725.2060811731935 2838.6341262870937 -268.90689210088203 -6086.182201653188 -6170.546808507489 9662.94082201556 9638.867955932543 -3986.9926502799635 4499.525925503014
-8010.370329920152 842.7289754966514 -7796.796536190195 -5545.999571213458 8382.58359893136 -5839.834832218987 -5043.608172345628 742.9760333712693 -8712.122103789809 6039.1008375079655 -648.1207752519786 -2910.503321923028 -443.6305026368027 4199.564087230574 -7565.329024729091 -8523.626841371824 -5008.865173252726 -1347.396951037148 3709.7303484895147 8133.515164620381 4421.064761352711 4089.0095789428033 5211.786404983115 5415.941699186173 2402.797626007421
-9045.867686240228 -5410.202160879125 -4068.9013515339157 9533.958021554397 -3651.3032159807726 -6887.185744456656 -9007.52732030983 6291.899523327296 4850.993401851223 -7030.588207539201 -7090.814507970776 6566.242266553374 9490.739295228406 -637.453846413362 5228.258310567271 9543.369149619306 -1139.460337018043 -9498.916304876493 135.19329103514428 1522.3448151138728 -1277.201869098495 -1677.7251990976856 -4086.5398145372446 8635.636918439093 2440.281298696287
8831.818414878038 4970.230837633153 8439.786992322763 1403.8347249420349 3861.029151551549 -5705.71844063887 -7317.761497105548 6977.019112090871 5338.578534036897 3943.359170495136 -3508.1811382832884 1099.945997253306 3816.9982608006994 -4732.065401645611 9547.883128216035 -5364.702378769725 6612.417677718746 -3126.374805727528 -9628.217258096402 -4085.971679801958 4286.902848751297 7185.1450897574505 6097.993062066998 2675.677393161988 -3444.407317295244
-4918.334819538224 6883.005940900348 6923.562090902982 -822.8098765446139 75.58430717476767 4263.606082584571 4709.361327736706 5793.436742372207 -6926.379314189601 7108.744911987742 3421.127716811732 -5031.719266085232 309.8716239856931 -6000.716095422529 4233.755012540047 -6859.018964397063 -6622.600084430168 6129.141033858248 -4340.506012534833 7499.589720556236 2681.84349091034 8186.262598867295 1426.8329810663563 5401.892030815445 -9059.90899651101
3045.4524824438886 8247.588386881358 6829.6058066619335 9736.533713163546 2297.395089563306 9160.1524744442 -9849.597607252741 -1351.508299145993 5227.984080335058 4076.9655061543144 -9813.732278856149 -3539.4380866305637 7114.09512010284 8975.118731165327 -753.6549405988644 1704.8908164768145 -4351.043694385672 -6257.0369045494535 9591.71782419871 362.6198506239234 -4303.306602518024 6526.047803063804 1066.5919608291551 4552.234236970538 -3543.600498925647
8962.148811174018 3305.316597447825 1171.04367527857 -9647.496942378526 464.72195073077455 -6440.989136413826 -7940.298974898734 1980.075670169299 4914.415662644056 -1517.1539584893471 -8384.35807189349 140.61082648370393 1168.9428980078028 2350.9810410605623 3483.845641691765 6670.9949231970495 687.9373292894816 -7125.688659805621 -1499.462408188927 9365.890510228193 -8906.220701646756 3835.2241159646965 692.4668431084028 -9786.329700948758 -6988.573558052547
6580.737889599321 -3005.5369720459303 9777.93616447112 1367.97757736102 -6228.4118301054095 5954.679453865649 7932.969451434783 1788.334289531007 9533.70152812342 -1471.563916152567 -1679.8912078716257 -84.55996693658017 8828.248780149977 7353.686274926924 9279.055234860436 8933.397935146604 -4718.592071034993 5416.961753854903 6805.813650524804 23.705613203335815 2997.219046884902 5046.661735968437 -3541.9298117420776 -8597.911259157787 -3195.3032784031766
-8088.927942758519 7283.780033482635 -2644.265582567229 3536.6736886927865 7033.178532388174 -291.4853168466143 -3571.5817020294407 -71.12149363703429 8361.166515179615 -2035.0420434724701 -6649.956233188028 9742.540673312975 1905.4355135051974 -1407.7573600616834 7131.611757502316 6129.549596560633 -5391.555489045933 1468.085498747012 2120.085300739509 -1275.3616966712198 -3543.064574202357 -4568.359044309252 -9547.25545060654 8816.178017910192 -5470.202016870167
-9625.201588196696 2718.906746296958 4776.521395189373 -7351.001027126045 -6285.243537591041 445.3948748253024 8798.725776664563 6205.901730578911 -6475.380212820472 2916.261511598923 -1005.2793734714669 4534.00928824901 2741.8485620855245 5514.415562457396 7791.225301056897 -3685.9296678047394 -2807.427576520893 -1351.9822570078868 4413.8880890922865 4972.125502876941 -6953.200488709834 -8297.633871808674 -6401.044380222345 -5655.321735300614 -4779.792156748528
2759.2893688884105 -4653.2762969309015 -532.8985426986583 -8871.254869864486 6855.78341481397 5623.410936633873 -7515.741450534495 -3835.602045691233 -9861.839216630815 8492.118905813313 6561.477387984887 -7648.344846528193 7893.642370267367 6498.652892826518 7666.522267397591 8008.1556409772165 -7632.447799538358 -8543.326983697756 7121.547231322929 -7136.060187898874 7651.297068784381 1021.082405224508 8608.160778185884 -3239.920798826978 446.95725752870203
-312.30136263768327 6795.917876708481 -2683.124158992554 1642.569901183182 -4111.808735347784 4581.629862662861 -257.24965761444764 4260.054708537464 -8824.95550286923 5453.422381489985 5179.589868240069 -4289.150600533242 -3119.3344052940565 -5744.732179441159 -9386.233454979556 -6998.072244105742 -1836.5019454053418 6153.332889609057 3088.6944694071844 519.6591755749487 -9967.418450748672 -1776.2125093737159 212.46194003911296 -3596.5029187195933 -4328.014435759322
7502.475785703289 6807.468155847546 4986.841534663339 -7819.144694530895 972.2821637249617 6799.437620423116 7599.396227386998 3839.8228735009725 -3164.7803326954026 -5766.746651380606 -7468.993867789848 -2105.8013221478914 3143.231668301265 2942.4861993714767 9599.628061963987 -9735.850974580231 -923.219844224348 -2620.803773579796 1063.1468455849754 -2573.690559216826 1867.8910404064081 1993.4909549556633 -1954.0498450483337 -5958.518245956033 -7090.311183091173
-2386.374730919243 -8211.694761239076 -5830.045718461354 -1191.8341306791299 3269.0836677917796 3193.3083358129097 1032.200992904487 -744.209966842609 -8020.261797143342 -1228.7508028924658 -7197.894694875731 7004.44347080795 -1757.1985924032906 2814.2005682651434 -1014.9909826581425 9975.276229428171 2074.814203092841 2109.052278175257 4163.511893188232 -8307.36392954671 -9008.041341088834 -7818.9246727336 -2030.938030408538 -2830.616475683325 -6405.689631200428
2373.5520312375775 6721.920754081999 -6981.538441562327 -6734.517610124643 -6102.492062737517 2873.1929023758494 -9371.724829544954 372.5817850527583 5248.215636191662 -9984.936452063286 2978.7984143692174 -3985.0260211491186 2300.475357690122 -5805.356510336454 -2466.689945707095 386.86190350399374 -2565.722285000129 -5997.438884898447 -84.22435254045922 5308.310644474592 -3396.2194247342723 4378.925169796712 -4805.9077037466905 8872.394381831473 4528.542366451511
-6265.759475018622 6456.837737436792 -1042.9834052932638 2884.661883431183 5937.175801412786 1705.90336341882 2304.910746972204 2584.607771032737 -1875.1625963186598 -3979.4798895660197 -9970.277766384803 -7604.424637523605 -523.5180563055892 -6088.492055515979 -2233.299794028565 8805.995692491313 -4108.795881492715 922.9214868670206 -2696.460197493043 -3232.975085341299 -3845.1119604537134 -4421.8942250897135 -8691.43555144331 290.9455847510144 -1689.467951212191
-1614.363624694146 332.7352651347064 3966.455162008093 -9527.371589482404 9569.400729938316 6504.992603210103 -6700.694581845813 2089.475216785273 -9803.092991505971 -3349.1232902758684 -952.4058190499254 2753.469752023064 4814.489759254757 1258.0525240072693 -6507.830114918743 6785.193826147395 848.0468169383475 2505.809509230852 -1549.7857076444507 -38.19988572007969 6019.79123414871 -958.9152313875293 3457.0206063867136 63.09358751772015 8092.856592738299
-727.1329119812017 8176.287282434183 5680.585432731406 -2112.418758893222 2837.6796010324197 8834.598339591532 7489.585380651992 9905.237012410576 4168.202686657496 -8850.912065829674 -370.330840096065 -5539.059832476494 -4693.004517090027 9683.495997185964 -6765.028126049492 4722.6606868099625 -4246.564856182298 -6147.104906475099 -1102.9944714181456 8144.035228795237 -9268.831578648402 -2421.079708171709 -5806.854304051965 9168.116667301732 -1144.767075858601
-9644.147808834434 8027.17709963708 -6314.979753314103 1997.2931587852254 8.211188551327723 8447.478161315055 7625.283745827564 -6073.679084896362 4652.982367793507 1824.925427928094 7202.0730334904765 5142.312739466735 9895.422825810794 7103.791564055362 -3582.3040342589966 6686.038470144627 -8513.846429461462 9911.599530414136 7552.143460544656 6610.387276896265 -4148.8037542460825 9329.295946576738 -319.1767855008802 6601.581447433546 -835.0258013052007
5328.299889172213 2350.411367916713 -1970.3518608557788 1293.3789181287539 7086.599782990601 9725.920324783146 1357.58800560489 2714.949189242863 -8667.313361237135 7725.702287037409 5392.177555401815 -2492.11907737388 -2437.1419325856405 3293.5655050586083 3657.9826875292947 -8392.385932541985 6934.107226244356 122.90334845054895 3834.5420754806673 3391.6761418720107 -9872.24326317685 2989.531256750166 -969.4717896913298 9617.983304640911 2779.1672436695644
-5857.518893102707 -1351.558556832615 1134.7313365599439 4810.649145324576 -6647.867456623895 9518.28682051033 9418.49403512293 -6917.54687096229 -3526.1885286495144 4112.4758364643985 849.8206879944428 7282.7481071614675 3870.321554235081 9526.436447041797 3136.641703252697 -5091.255331158668 -2588.4993641930223 6358.412706179766 1632.170480810366 9059.126598329447 5612.041771771521 -5118.191767179885 1553.777416201132 -2025.8092579972417 -1182.6434212205277
-3070.858969747521 5561.491300740476 6764.999067577246 -5673.777279163139 1044.1664438885964 -3051.182862808335 5216.753121848384 4755.570554112603 -2674.056252928185 6546.176968548309 -6652.74811853836 3413.902999207776 -9157.798607452716 5703.492749717572 5618.883818979857 851.3648706176009 5249.380790706122 3830.212742871612 -3630.288896825764 -2283.578078764541 9872.086835472932 -1291.668028175949 4578.181561226142 5060.090600420499 567.4172475609048
1245.8022483145942 2655.6236519487447 6223.909369359568 9667.872866486872 -8834.239637378918 9776.28891080165 4823.73829503518 -4190.326066393366 -5258.212082804281 9472.24427412876 538.4149239254366 2087.370808350519 -9252.08977506715 5784.71052004016 -4659.648359223332 -3949.5583411974476 -7814.577793996317 490.80026845974317 -7931.137302948588 1364.6086664548602 -2123.9150338731697 9020.632377310667 -9703.036679822706 4658.990994236665 4993.9086592365275
2112.462746704772 -8326.669535215035 4109.441680900036 -5349.209867497156 -4822.657880201915 -7166.979303123171 -9267.992779994847 -5451.2177876761925 -6129.658466536516 9561.521843446073 -2160.2299051431937 -3380.5293865791073 -4585.464712790037 5452.7379849416575 -333.9422398452243 -1055.7061139994948 -6009.830030054913 -2489.137212608587 6125.085477203824 -3736.0279128502416 -1942.500597063079 -8613.822492798006 -9290.050480334068 7425.366603589871 -2193.331866606367
-2487.4086029128994 2461.0345954692402 5743.592171382752 2673.0260751984733 -3445.8886344450575 5503.645480197862 3518.696927667692 -242.4576767790004 -6464.725072892463 553.3312470076562 -3106.093557205427 -5143.888497405378 5756.114492985305 -2799.4009362905217 4321.921857278965 -2025.871199701346 6012.757452993885 2538.560335829461 5968.04012916051 -4017.146892143999 9367.25426682011 -1837.7232053963553 3537.1345071693468 4697.197919279297 -7495.848980012487
6741.071611281404 1192.7336072261824 6685.631987514476 -2648.0358402080983 -6186.735323193792 5283.601138807506 9537.184853762341 -707.7404459876816 6427.636043890132 3710.4778533033914 1682.560225514173 2006.374879021154 2042.2180201929405 6514.0550435777295 822.1709212057922 2167.0842391775586 1206.0502853715734 -7539.304629480856 4398.400004219318 -5770.07982932157 4394.51132398373 -3046.556199145285 5749.034385378591 3594.972969960045 -2511.208542762466
7885.428843635847 -5157.252043977969 -5080.60651994674 -6840.668471223105 4405.058795882867 8168.494582985906 6373.232039346853 -2013.0489299036071 -7841.367391207017 908.9946212106152 -8848.818436905025 4265.940325139827 -1203.2993054328035 -5403.170263217041 4311.59468268936 -8536.406353673688 7959.48271816703 9935.921456394357 9782.63961787698 6342.202563421537 -5130.131036548033 2989.013878664802 4800.119403567838 7513.918448767225 -4848.354333625293
753.3289989115583 8387.934877284202 -8661.24263393554 -8306.32421953285 -3342.6433694424977 -5014.113152456427 -4999.771405824021 3979.105016730973 1819.9718303220488 -169.2587066785709 7503.884906815263 -5150.060701413144 -7849.941384231851 6999.888663931968 147.94448558351542 6193.711279007834 5384.727896320028 -221.36430315529105 4934.652110972696 -7713.190983809349 1111.2997668693442 3161.512406259244 -8196.876588680621 5801.965878088782 -7224.315148082576
7525.030138782655 -9359.334521923032 9173.867626080839 7857.577512234824 -9984.096852640461 -5731.637469737813 9211.659926913486 -5735.126289682018 -3637.788165197833 -2765.756813527467 -4235.963512592362 -2815.16979261113 -8537.1354769533 6849.849836482255 -4441.350280826521 931.8611999757541 -313.0731533170092 -3391.10801129268 382.74900568272824 765.6091465259942 2954.169102012276 -1662.4357050204799 -9712.29992415165 -7812.939442936611 -2169.8978139754317
5730.410071513519 -351.843765065134 3152.474243368275 -4717.782723115589 -2939.671781258191 -7388.443161568736 7293.34348834863 -283.3446438807914 -5315.56653870742 -5412.965256042468 8754.962962276408 -2662.856177021229 1777.7639663577465 -6823.680918121518 -8904.605118675396 8152.7965532575945 4256.729436927866 -4490.707428122851 1155.3543195694801 -8615.604971661061 6635.540382971696 6454.1114097678 -2387.193369094791 3024.1440374730246 -474.1978457523219
5909.8766523431605 -7611.070252190364 -894.0186239533014 9118.986990162368 -6812.654439446374 -791.1078209410589 364.47575789764596 -3178.6349164019502 -6342.109854145184 -6960.7438334495855 -4584.7640583030725 9534.978123175188 2654.79297284307 -3762.75168175821 -9896.968660395898 8040.238744484508 6558.983841719877 -9058.627072373116 -1686.2659846912811 6246.770707072095 -9310.351072317173 -1096.7078629463376 4320.833939663242 -9828.064044547455 -9059.799885002236
-6465.065889125028 8599.194090241872 -2648.1192243217984 4412.1288666330565 6568.6394748792445 -4074.523669028209 2783.7289808398946 4663.483549408034 8753.717604033642 8901.102818891402 1979.4527643992897 3474.2145623780034 2809.204921655046 5247.228775477417 1301.9359447724564 -1709.8933212689008 -4879.327469579928 8626.15240848052 3202.8244795782994 -7978.010331371368 3173.6115478099 -6087.809335259233 692.1640055215848 -6628.786328942233 963.6480738723985
-2417.5611816376504 -1542.65748866363 4577.676048225208 -7941.060978584833 3492.560049918069 582.906118257466 -3896.4470804276853 -3158.4600077093783 321.9887403722805 9051.333081017707 -5822.7502643040725 -1094.2875031534277 -798.1991044432762 -3288.3228026409242 3296.015324583248 -4461.298307432528 -6635.140585892988 -8546.96972220431 1690.5388102713805 -2408.6355900963244 -6715.65956709512 -7392.4768009972895 -8485.35662039655 -3196.8111314633506 -1603.4690301911232
-416.6110614620793 1510.2343427200049 -4831.223614899658 8160.092106173863 1018.2658058764282 4644.123470467503 171.2821768314643 789.0777754637929 -3969.195124810405 6664.335393274661 9503.857382396938 5885.376772803767 -4733.327482853125 -5704.919241439008 -1632.3176538191 -6747.477102746254 4514.09223069526 -1319.4066412784505 -7128.714291622547 -5309.071706996667 -3223.0376733483436 -5463.981448747803 -7545.337207620281 5247.509436065306 -1701.247539092008
7517.387024969132 5066.125974833003 9513.421811749504 4342.288664042782 -3377.0262673956577 -5393.611307686486 3052.363007600543 -2849.370892219443 9312.606396972671 -8009.3652053866535 -2887.064864208546 -6302.809179297031 4687.854879614688 6894.86800451095 65.79726301495975 7238.8136183867755 1732.8189675243902 7691.317101639936 -2274.330952562347 6440.299585585348 7460.777000791164 9936.39866909029 -8182.326017236947 449.4605645640986 6563.083013508087
-118.45930118722754 -2529.92080454405 9218.901033224665 6022.102903176456 5672.907666338997 -7699.6656477027645 8989.501208084574 6960.413302809233 -2713.6175482094195 4609.654417047648 -1818.828908851644 -8515.75368691858 7364.188043251554 -109.9842740258664 -7896.431226906082 -9673.251112340626 8409.829598843928 285.53348051773537 -5025.894270560669 2101.8782071885453 -6532.705800476184 7991.7889631376565 2036.443572315331 -1392.9978413707977 6691.102572915614
-5276.380841949198 5752.209682038501 -5834.6804839928645 -7070.720505785128 9837.773069999304 -506.03449710906534 3085.91548055388 -6778.81474603457 -6941.687937677059 -4861.565801948919 -9673.493068794976 -1925.606948531231 -3629.503852317881 -9087.98604448235 -9745.855611325698 4229.199436053959 -1414.4500035989986 6182.61642841862 5751.453107256973 -5721.788077951635 -205.02568289189367 -1124.6415518291324 7893.502240303744 -4445.23625184017 -3360.407362776891
9104.940903876439 -1594.4520540106714 7024.609050749208 -3056.928108596948 -775.0315339319441 2437.3574256635275 4149.866884125406 -5628.297733736731 299.43473587124754 8142.443392866142 -840.1122319376937 319.19661090736554 2510.33992108685 -6111.398264908916 -2503.541147601254 -6406.885408908425 -634.5686031703226 -8981.748021874688 -7331.489106675686 6530.684812609612 -9107.310015942414 -3229.1105393461894 5256.9552322489235 2074.88694841277 7203.717697295433
2563.678917586052 6120.7577690135095 2016.5711833339046 -1668.4085721430565 8621.604200648584 235.7221437061453 -4920.485762190512 3418.0615186574432 4061.3360534650583 -790.5551166400164 7239.026691852698 -7099.7832408819695 4441.236457432728 -7608.601411479296 -7699.439645573733 -2328.5359113721806 -529.3670382207893 -751.2193171370127 -1955.1831179966857 -8531.11607741482 -3276.9112216423937 1105.9423283114793 8535.959952967172 -8254.151836229967 -3662.67407201226
-2272.545041150657 -7639.94794992519 -8238.064130094324 9709.880567097916 8179.90299500621 8145.052438716528 -3333.486076717738 6413.982677827778 -9159.836253048288 -4385.667524483865 -7910.6440043645725 8827.12896854273 9103.121889819511 -9079.441098390264 -4642.723663013433 9582.197825080148 1199.6111183116845 -5599.152947376753 -1267.92533055869 -374.2857351810526 -9717.673849305858 -4809.558197883545 -899.0250866574806 -5518.991213207068 6348.9376811116035
1 25
-1672.5620695239886 274.74750893660166 -9547.770568148044 -258.7031299979608 8480.048271950782 6072.404830237763 1653.594222653539 7784.93151967115 5422.893446827809 191.45010105576148 7908.142897461759 -6395.336524184871 -5883.6590252399465 3400.2434296190277 2127.8647110720376 -1534.1181760812142 -6798.141572854995 -3916.4945179312945 8901.813646498002 2862.002432017147 8360.24882891083 -9775.905868523536 -1857.4699123076498 -5166.785654215247 5807.85209638105
