26 6
4313.913482627993 2325.617827386228 273.1293806643771 441.57230776534743 -6790.153205358538 3805.447718700654
-7756.0203678868465 2734.457759882498 -2766.043434607459 -4824.795737580832 -1960.8108874578493 2691.47271327403
315.1614012392947 5814.206967669952 -1785.8415054848138 4514.077040921275 4076.5809230935465 541.8509337227333
-5978.128110684686 -7350.218896716458 -1459.8585491477115 2070.894814166866 6133.42738324848 6469.7435962114905
8682.84244825883 7205.353922035101 -6798.912079324804 2379.8440555780126 -4466.290216554631 3040.0578381913892
-2871.2722910756574 -2503.7748078705627 3705.9232215800585 -1910.1676087376318 -241.6326554843945 4211.644616082403
4344.455863395491 4937.453449052517 8105.532254341018 -4197.9963650747895 -6070.073785774686 4237.187015777332
658.681681211041 9116.690197503336 -2679.093780080426 -5748.854348732512 9922.354880639261 -5758.442730433387
83.57562340327604 -2659.9139776338943 -6774.913467095916 4958.671306083024 -313.1078379420833 6943.026699812286
2062.654562028376 9800.935763107482 8032.688263434047 -3033.2291207611343 422.7653514996164 -1611.7697887754239
-3312.3482881649215 6239.009446757058 8004.005449252443 375.69710392029447 -6525.096769154002 -3999.5663948335578
-7124.103122469934 -4488.368967895655 3043.247231621297 -2822.877121275853 -3205.57739095716 -6327.123565259915
-3049.4334645088657 -2773.4080867671155 3277.4227712783377 7510.602198495999 -7345.643236239468 -2580.4921227954455
-9068.293850753043 -1565.7412008412084 -1531.5150503994373 -1451.590177661512 -2442.881729890476 -6922.085035147709
-3622.258805752025 5009.205536135669 -2425.566787502562 8183.767803405641 9160.695124236001 9900.549392648136
7954.218795834397 8292.510936456547 1764.424902550365 8009.44155258506 -9594.87235255366 -3771.102734887888
-1234.8719169559154 9428.33095426155 2978.0808135416046 -9642.95125647381 -8833.203191927898 -61.768581901564175
9647.426504742885 -4577.176601377668 -6482.221885004767 1731.3459465875167 8429.353377936703 8708.118085364615
-6235.2897210091405 -2465.718611805408 1434.6357012805693 8879.820819758705 9154.045532542506 -8123.030095556545
-4240.8446893415385 -3205.2663402303106 988.3526153476705 7863.009770994537 -3708.2167093452026 -25.3416559114321
7224.396025695758 -4796.443616411252 -3592.765571903711 -9865.755611748556 2882.5220699606616 1972.037259183142
-3994.3909028267326 -7435.906212848362 -9583.339547875456 1549.9501326935479 -7631.248239218599 -3462.001900663545
2310.398096990937 -2771.926204015682 -2640.498479515536 -5036.179118172652 9110.108960146823 -3071.0443712738142
9692.226437085621 1426.8506856924196 7751.035975528248 2240.880050179412 4938.319904459087 -648.6960522571626
6872.6567056032145 2425.6241340857177 68.50739440712823 3234.644418729111 1499.8720963550059 6326.402219804795
-5458.239919973445 1852.6727995584133 473.37166787094975 534.08955095485 -705.7641499291694 -9100.36194043346
1 6
4954.595811582607 -7042.180517308285 2252.3383669080376 1627.9689317134325 8931.149312874073 5297.344428210554
