79 21
-101.47926316255871 -9138.18772815964 -5181.646133245014 -3636.300618994892 2916.3304881812965 3002.980932880706 -4425.373351974155 2032.4564800728022 7604.810451436868 -6238.662106050528 1712.853681694618 2659.2178810236965 -9128.68067944555 -1709.7599716603545 8579.729990908974 3148.79589733831 -8357.583313323874 -3405.740762260605 9129.546793192181 -656.3554245082651 6707.856810435464
9389.155796301104 -5198.614703237332 3223.2578112388637 -4725.085453632709 -4224.919836202663 1795.6636141203744 4971.8081767680105 1748.1412135261216 6983.706547868984 -4498.899553208004 8057.249070873157 -2145.99557680798 3369.4857798366647 5836.881785846366 -8657.156904003135 -4391.479117211717 -4053.248165946886 -6373.069039932561 -4621.736329007915 -6463.991418615631 1686.7820215637003
6229.138099441023 -6638.66792308569 -3017.6597350408056 -5779.878403620025 -3820.8792454686627 -3259.3567229036234 4091.1122577807328 9597.735317233739 -1037.59701895547 1418.7525987196132 -2131.8227475631456 171.40558025101564 -3785.0272705740217 1526.263336476064 2315.4505445080686 -3015.752503771332 -7386.931828293666 3561.1039961875886 6517.6111685655305 -465.51726301757117 7923.897060445659
-1217.1261208912365 -6787.851335292352 -1298.6473526303726 -7324.294278614605 -4144.055936862228 6806.074658181362 -3347.7844128196675 2313.8474000137776 6236.812551484929 -2432.0007764226248 5434.521841638025 -9946.03044350327 -2199.559993916644 8327.734045686051 -5450.490338701328 369.41288982579135 -9033.809516824249 -1783.0743209195407 2348.0147458040938 6374.286751069907 6841.387525760194
-2216.2206719768674 4938.661777683035 7549.007731628375 1477.9185051964541 -577.2066662662928 -7625.594249415315 4647.29349776912 -8381.350946378741 2573.0643837586904 -6539.367607369486 2593.690081874698 7310.681046034675 -9295.540573596223 223.82923088715506 -6647.9551752545985 -326.45722679080245 6657.561075818365 -4384.279119100496 -1971.9146984911658 3014.5933876021445 5228.1162647898345
2785.1621722078416 -8506.14620146506 2884.7467438568456 -270.2098576004446 2403.837364049088 3119.6375643889423 3615.99686471536 5825.010109022938 3321.517940721589 -2663.769741150275 -8877.642174164497 -3788.0596225215068 9910.518520855123 863.3303046787751 7073.462816064886 3053.5200528277455 2049.5261199006745 -362.0426492556835 -951.392808452285 5850.379555209056 2487.6901937905823
5420.553929914584 9716.662807640787 3641.4122930712747 -2294.033377721942 -5205.6370357858905 -6990.308076910421 9903.048406222213 -7277.860913819214 -5176.632367005461 3626.5567820502565 -6415.314359658295 534.0072700171513 -2171.210570605728 -6801.65351167795 6807.917799043582 -3627.2931886386714 -5895.59602647858 -1832.726824245021 4907.067805493512 -2179.9448372302013 -3751.813063233114
6592.733923187017 588.815157565341 3558.8425639665 8786.872695706807 -2973.4743212649173 -4206.198638076719 -9339.249669142404 4516.081600448997 5213.70584162973 7916.454955443751 -7301.772193844554 -3567.3161123345753 421.2947173817811 8933.619362461388 -2346.5306395119032 9528.396493149368 6705.740028889879 -7180.709845561617 6116.675108307836 -6995.469138111248 -5598.722597134884
690.6986730214885 474.78202389225953 9315.367236658945 3529.892261213183 2853.0018482974738 -9793.930515729611 2572.893083401026 8987.308934363224 -2750.3391619831664 -2699.166910060817 5252.057084304903 7836.412994761446 -6366.34785452239 -4013.453598729804 -4361.513036935061 -1807.619724477785 8475.188670372896 2465.4572929056194 7763.993283948257 9101.032911340593 -1929.3731276547696
-1806.799451332352 9930.476682105455 -9653.528730315897 -2742.1864592089087 4435.309143219172 -2024.9460742687388 587.3767341485218 3673.766826894809 6038.802586590642 -249.50580297640226 5468.5849083528865 -7442.544642916769 -6934.7184690174445 1218.9219154966358 993.668692429881 -3612.0748714020356 -6625.3436484413305 4914.8690172952065 1081.5443858486724 7689.425865634923 -837.2717890867134
9849.61003548936 -6307.158127178962 -7280.187465741572 8697.856052982595 7651.17556638005 -1064.8757222773584 5547.273417559136 -9126.88332640535 -9977.807870255858 5752.790783520755 4166.104238456852 -417.0364938100738 -6231.456557363568 2623.7668428011857 9014.318570906973 -8723.785055548353 727.5950431587389 9757.182356077134 -472.97583919335193 4098.020421715908 8698.223486382318
-320.47130824336637 1820.2827097305944 -3803.284424889808 4706.854142842802 2928.788824960764 7090.181162788664 -1062.288229964497 -5236.197806643304 -4274.5546786327495 -9870.868802050438 6233.467504662802 3858.930150510303 7770.064813225308 -9866.829868567702 9208.072838141212 3592.2730169830647 7190.406291895 4977.417321552231 7010.520904535679 832.3095913303841 -7603.9541689072075
1613.7348947007195 -5353.097067157506 9266.058473053843 6040.861285826115 -1958.1946440260008 -4640.301274492402 1261.6046446375149 7601.89763733236 4656.397467613069 -1952.1931777104865 -9705.028899607209 -6131.128572723841 8859.210360079105 4707.531175834676 9943.082097762293 5945.78289978176 -6992.535278357801 -4988.433073145642 -3956.9952001981765 -5337.753368181293 -9619.408629236013
-3121.6116147977436 703.1980334378077 -1338.096249189064 1966.570695929111 -7674.876706847651 2596.3714734075947 6538.620410783664 -263.50385492069654 -7165.148816503739 5940.016635649856 -5297.997178036693 -4391.996185381302 -6663.928225483971 -51.207896412157424 -591.1221364150751 42.73202107111683 -3716.3704193021395 -9808.25986648779 -9673.343885877779 -4681.185175182738 -936.2819890410428
-961.7570897789301 -1065.3580679902025 -8572.656596904693 7281.448365137112 -917.8208362257465 -9125.932522202216 -4620.308652167475 8477.3389351013 1415.497629543237 744.6236601004784 -2419.5007899076736 -8893.982449987994 -669.0228541964734 461.0951947751455 -370.59682093240554 7193.995980297012 -8186.584367462253 8337.384951971351 -9248.87151613513 4466.756058167413 8793.705976024048
-7942.927508192805 -6790.440102141512 5870.543759864335 -5676.791429059147 -5011.74950400849 -2628.9373224571564 -8468.310524851393 1398.9622144052119 -1396.6010651847191 -9453.228972327954 1819.0888648102682 -580.506820203198 189.46840598159906 6344.59743063076 2284.028778185975 -3228.1977646827963 -6593.004682959081 9983.49569103669 1714.572070961689 -627.3822772835174 2746.072559338714
6071.086565248879 628.9937839387931 -7968.985120313708 9715.247803447113 2077.370735737313 -3594.394968329695 6494.812608275854 1890.8426474106727 7040.388137060683 622.707852296684 -1815.9445083583378 1624.0250358099347 -2269.891587536883 9508.003867888121 -9580.932532701483 8592.891600185125 -7818.66736630789 -2481.22891243882 -9374.470365543353 -6406.710185689337 6226.326972204082
-4848.4838146049915 9119.268674098614 2616.8071005849197 -7996.329592690805 2396.3469240487975 -2103.4703138201885 -7441.0985506362 -3405.3924875317025 -1074.8670439553916 4397.419432654355 -1697.448103386756 -8354.188992912234 -8683.790064833755 -394.58545279429745 -5145.8689121460675 159.8545997355941 -1816.3328004908071 -3774.0852407996053 -1028.20972457075 7258.363345970054 -105.93011199519606
8256.91345458747 -1728.3473836702615 -3522.0268083288483 1996.313436604696 589.8997420367887 4738.539498442837 -5130.787155588099 9203.126848297994 -8596.383357336452 -2455.123291263936 -1384.3336897619156 -5057.268375929047 -9349.289309207299 4567.844860748042 -8785.90342583544 4429.705580547232 3051.8271876890285 -4241.969819366968 -2230.612028129639 4509.547450902626 -9693.23273680242
8295.657340681355 2493.7005289305853 2096.346208129493 9755.404029456273 -6396.375937381297 -5781.426107978446 9739.547589972379 -4347.714887112055 -6546.318009524799 -2436.175147034265 4503.009022711187 -6638.105995221571 -5989.788250976475 -1752.3751775668516 682.1135733473457 -8102.505810858951 4076.9875632929125 -6218.521704924305 -8700.682947099249 5755.935876970401 7621.3840550688765
234.08760850138606 3431.668414983884 -8401.448051505318 2299.6822189556096 7215.5326780586365 1485.603743844451 -9929.281425493971 2444.9075999369634 6597.568721592459 -2266.124993388703 -2544.66545247489 -5011.370635845403 1300.1782540708537 -859.2240974879423 2010.9171031473725 7292.938980107749 8528.601532929635 7538.952244130436 -4679.806659125674 4526.126290855998 -1933.7782910361675
-5885.608994994447 6036.963812359407 -4747.182307812456 2510.7179807726516 7625.070769454207 -518.3612700762933 -1826.0988620507778 -9901.08387899802 9218.848221950466 9475.33291452723 5523.937696018369 -2487.6408444863937 -7473.9218497880765 -9275.831103731794 1315.723005975471 -9193.420273837302 9096.632831363033 -3532.865260427665 517.0792357464907 -8919.21629445133 -8917.267279185131
8960.537063736832 9587.10899200551 9139.518249694946 1188.7022853861345 -2726.014835150115 -7784.509914092603 3196.653965187277 4079.3647371649968 421.10817739667436 1783.228939769553 3490.9645434522536 9107.025222449029 -4902.246276689209 -2100.911423052121 -4153.040056464821 7795.695693306283 -8881.70068789508 5774.123862061084 -6660.2024793603105 -8342.454669736882 1216.87681089965
-1313.8490322706493 4456.142548256299 6568.376980783796 -8550.77033876458 -2970.728489204793 -5903.256177798015 -2650.4942908426046 2183.319543792197 3073.8500748560346 -5661.169774482484 6235.949254817777 2364.7613854884785 -5708.924367866825 3703.691099616006 2850.1315401688407 -9375.237721371554 8462.909899344922 -6238.547566112309 -5271.119532549269 7375.949697582273 5202.743947970523
9075.736942195294 7039.536427212926 5371.929047823818 -1325.6214441197444 -4239.161334921162 3959.3108544470306 3079.529813361516 3430.160901026371 2398.644126491621 -5761.178525017987 -315.71667979362246 2575.814957503959 2134.3083663266716 879.1985507255995 -928.1588112236932 2596.2912994479466 1564.6895365963574 -1514.678734639483 -9779.936111282406 -3911.1398791861184 -1252.3688145633369
-6234.173804901228 4252.004606976108 -7332.874365862299 1066.0294483061916 4797.667687332003 2851.778591682203 -4682.626729837846 1335.7724777493313 3549.3685464048067 9197.404631298883 7409.96340533956 -5721.302510179762 -1938.4339998527312 -4372.001474533116 -143.07272540688973 5188.80867095931 9643.215612328673 -8224.207921085022 -5964.279694037536 -241.25891650534322 -3338.78913026616
1853.1556188434897 8645.46677168685 8860.84219474026 9406.213107278738 -8125.618898840625 -1242.2698165665843 6590.9742767145 -2826.4047716548266 -3278.544880493595 -4859.646737854122 8244.591336156602 -2632.5363173752785 2970.1563870552945 9504.545239442192 4252.150230148403 -7323.681606290404 -5176.590007105062 -1834.4580953855939 9149.189870742219 4233.49153531248 -4363.483367996628
-4051.7096120773813 -8476.522941845999 -1485.0333928910932 8973.217426283787 2868.891216053473 -2062.453070632837 2100.7649908042513 -3680.716484654603 -1143.7314382580025 -8084.176776930954 -5861.430620650057 -6538.866205118849 1124.4246075117862 2899.2087802572023 -5705.884623546413 -9085.295835733614 7809.118715546043 -1937.315011884628 -1822.978785058709 -8811.826449430831 526.7563219419608
8035.54902609091 -5713.382547859227 2666.86395061045 2182.759372841645 1804.2614811409258 -6344.987966799999 -4880.751346214556 5344.487910003558 1203.6650837550405 9756.611463627047 -9936.390987549752 -4962.826354431475 -7642.276847485241 -4699.638592752835 -2572.6154108314868 1639.8343859141478 -6363.560731523372 1562.5887530964446 8612.268729140207 -8681.424461229428 -4972.56459306078
4857.604022570245 869.9967978084751 -3613.0891585562686 -33.224800015954315 3841.6775098012986 -4944.100989367175 -6900.197008692495 7824.549840331289 8110.519247073225 4238.478299944831 -4905.278665356427 -5163.766724259116 9098.167548950536 -1961.9811962375634 -2272.6786515464046 3631.82430548344 -5523.125272216047 -7191.877019857202 -2291.5790049463094 8129.130855925978 4347.829260432642
912.6383265146305 6829.995761306516 -3096.4873404899217 -4268.24106333684 -132.98732338139052 -8993.07732106139 -4842.56829725553 4201.551780371712 3898.589588061137 -9927.477430856381 4743.395314262438 6840.664808341644 8127.278971760246 -8407.167902829906 -6896.435318972481 -2145.1007947731114 -78.03485991064554 6363.6750481792005 4177.956793638998 9155.310248795617 -4431.685717363772
-7323.787443879761 9066.701373147069 -2748.8102017654055 -8345.67429745792 -5689.159450697141 2234.5653056327083 9728.273072350712 9471.010270022183 5000.1991895317005 2460.6645162321875 6088.610154898222 9115.22424848552 7222.428612341962 4255.736762257753 6117.826078058524 -2215.19057868427 -999.2844377939982 6832.009513195524 3786.087795180967 4809.166478740015 87.19678725201993
-9977.705211443776 -3256.46257057598 4322.023819942211 -5823.781921094657 1967.9081602045571 -6591.499900080962 7403.43283635148 8772.226643931532 5153.348754563469 4548.914344025028 -3629.9150113395754 -4498.676281377958 -3674.890513119455 9590.880907377748 5868.908266322984 9039.029997806058 -9196.771526311695 -6546.097975598242 -3462.11872660291 3642.594891824434 8192.91753959551
-2503.056558517618 7145.058874812999 -4500.270721723309 7122.866145782758 9102.132544923428 -1436.7128587589013 -6247.533171158737 4062.6533853674828 -7125.679170940928 8223.298714896868 -1908.916018141269 -8395.541693389061 -2215.3084377591313 -2585.914938195062 5931.860604423877 -6961.141798828359 -2167.987386967947 -5707.951653956867 -5550.088020536395 5144.135840106559 9571.367967978724
-2864.723157054592 630.4404019510548 -1144.8978732306678 -5181.51372106034 9593.991239386138 9966.757781551085 -7597.806353825597 312.6473309829071 -4516.081408897494 5562.904436543828 2091.126649538124 -2921.5491542646996 -8381.206165992697 -947.0239247434347 -7000.117811245763 9945.229574978417 -453.4812204806276 -2336.393164604946 9898.320948907167 3662.37675314594 4618.755447834139
8759.975457714787 -7413.084344195768 -2522.2841403259545 -8575.005967382816 -1227.7718871637353 1718.4497681457597 -285.41145712384787 4730.574375550292 -281.9329876718002 -4404.841294537547 6378.590134059967 8544.387931982157 -4819.664001984991 9566.186498474908 5792.278348461497 9617.897091564966 -1372.9121551440876 -3753.7598100773994 -1424.9364669839506 3712.3320485067616 3096.35893744878
-1371.485489868077 5646.27986566111 -6362.755858654803 8472.151874506508 -9816.098206140356 653.9960408583429 7514.843511503332 5818.040207316095 -6995.651835533183 4458.617653800688 5810.063529152354 -97.24120260822929 -2970.2781837260563 -3555.937253400579 -7540.361488341614 -6085.58853978944 3236.1336251871744 -4617.38667908878 -5350.984623526496 -5215.9807359593915 -9058.863765583672
-2784.6793906712765 6142.654084092224 7363.112228246275 -2013.9265107600177 6380.164155380033 -2075.7524153723853 5660.251955571213 -7321.317305645452 -5766.570730478362 -2798.155132554174 -1123.7066711677962 -9288.022467402801 -9283.191420982752 -4489.409466528895 6757.218229495738 9405.412404108498 423.329262995363 -512.1212950088302 2964.626957199829 -983.8674353634706 9804.613309842702
8386.302369925928 -6230.953733320175 5134.918387184625 -9232.036852464533 6865.395336747417 -1139.945946076119 8074.454530892312 -8053.01456479085 679.6201490478106 -2998.8618671240984 2977.4443128397616 -6114.468733953832 -9803.312083699078 5747.634219629093 -2402.050491110621 -3993.3292833020696 -9068.072334182607 -3510.476584112017 -4771.843029459844 -6183.150644281832 5954.450014899687
3514.553008590923 261.74555896562197 -4415.780759832884 -9393.185989625716 -2098.1567294400747 4393.003165338487 -6205.373532742682 -5514.293136249579 7868.273602977424 1140.8412739932246 503.96875689135595 746.811858346211 -7441.236932371993 -1473.100417550484 -5736.205914227495 2344.0493666793172 7175.764373871425 -3268.171741107888 -7079.713599786277 3594.7864434663406 -1720.0589845303912
8748.548414849458 -6964.014244816426 9693.596342020508 -1172.8624752731685 137.49908905355915 7285.337061556966 7128.892572587611 -2450.482373686771 1896.085738793323 -7783.608622449487 -6450.210415391093 -7615.66911674625 -7745.278983176944 7659.839872594886 -6874.969821927334 -6404.482978605976 4140.9264310897015 -5295.342294532874 -2916.7265213078263 9184.03814496864 8410.31814178962
9044.907220374549 6618.602021347779 5540.074964405125 1170.1335246160907 -3694.8570815929706 -7219.690320510488 -9919.397241813536 -9146.79433212255 6952.021008543619 9888.51705713728 -2204.4337568501523 8752.444351495324 308.3748256625622 -1831.33919613325 9322.47535736224 7379.1489794509835 2644.4877423557427 7716.286611634085 8081.305740917847 1303.0928530057154 -199.21481703607606
900.2727963338784 -2721.065945251913 -5355.383972061645 2460.1606941924438 395.53455788015526 -7858.014144902432 -9537.669448945631 -1898.0682804576081 -4725.539047903253 4509.541861547037 2839.0781759371766 -5472.503599712364 -8029.3971588489785 8217.061712138602 581.3855759571888 1665.778611168811 7651.109708408483 -1073.1492968141483 -2900.379966299158 -4337.485974442663 -6649.750126990861
-5034.972735953973 -5520.735062302553 6075.618843823166 -8104.855732982559 -1967.0714780631652 6886.405478405548 -2603.9948845174285 -1898.1966880699529 -5113.725484475746 1373.4092571914916 -4384.354752167168 8438.57292338596 9273.792893313665 -3586.6370714758004 -6905.70567304283 -9382.877476955842 -6554.523510019452 9350.26348832426 -9652.614647042816 7786.2187590992835 2452.465545500332
6117.599402177881 -8208.109902477117 5789.9528178887285 -7880.68413011769 -6729.411459350285 4742.20122155888 -6521.328200566961 9305.707913084188 1504.8218981149803 1124.6761030650014 -8791.008749849192 9327.50680478476 1859.0443740390183 -6644.836418638498 7271.696395188279 -3629.019241910396 -7646.118491214311 -5055.343554445586 -2701.7568839227324 -5636.098114652117 -5220.221846743669
8705.177048669695 1373.9012765771367 7854.182507459045 -2399.175406848033 -2341.9855879792913 -8311.051396079043 -7987.44613285759 -8829.146008809377 -5958.06747887092 8617.915764296638 620.2060150855759 -4555.454239576496 7307.103369158267 -8690.017988976166 -6720.491851834724 -1528.6956517546932 -3618.2334888612513 -3559.298563363249 -5919.551569208381 3190.194468602449 8479.387164471871
2231.559202238659 7837.6606692362 3669.1691875002653 363.3420364003723 -959.9949446783103 -2519.947151192392 8351.1055864495 258.1178972170801 -1230.722810292109 6979.632154116112 -9968.053380406607 -1761.4270160258911 -1777.7487861734026 5807.6010230962565 4081.4954429542686 70.51969022149751 9456.733814247607 -7076.392334444725 9050.810747155978 -6252.973622000733 -6943.6790264191295
6834.375170739349 -3402.520607869228 1328.506109070724 8828.03748626259 -4990.920390459135 7363.23401699213 7113.860661942381 -5639.72462978199 -9771.646932806178 1438.9920305685828 -2047.8255880756024 5248.178623866133 6512.503720402565 -9313.273169054353 -4784.347551004244 7054.521859711484 901.2607111493962 3842.444814487968 3721.85895778383 9545.490047085717 -4813.451623172511
-3683.6232119394044 9358.45167802169 707.8554698184944 -834.0740541731975 3436.5808914410427 -9313.094333808469 -3727.8972860683643 5576.54991989351 1329.2532224937386 8295.101966410322 -4535.4916137078135 -4516.915824401713 2594.692280651645 237.13068010997813 1662.2150906083261 3939.259308630628 -2919.9246442826807 3412.430261361811 5855.970392710868 9810.515130370073 8805.591147658808
-6261.091719650083 4243.277519639198 5072.712006363685 -13.297918794292855 -2553.8256917241897 8262.288252975439 8774.365956760434 7132.393039545168 -8181.229745003478 9594.284657623466 -5281.771689082435 8187.866153334675 4591.619959498463 -4211.30575888276 4530.918161218873 2504.2240480046676 2370.7078320937326 3573.797820306723 6953.985729203272 2207.162816403905 -2553.31950154086
6990.419119623355 -7814.825937700693 9298.401326791194 -979.5679206074583 -7437.785912237998 3250.9940283744963 -9811.547238637966 7073.09975191316 -6592.87755000244 9067.294243954791 -6771.169187720298 -9983.339690539911 -805.0844404118343 -2566.0571565752407 7662.15010443897 -8410.799289969762 -9950.514680470069 -5824.954612986775 -3819.914508720636 4738.518547844858 1110.0635786767216
7458.760264080287 5206.870916677599 627.5516852794244 -558.9447553412665 -520.880547452336 -7188.148308390616 -7596.100862061479 -7142.666370769686 -2020.855726257595 -2839.492876653102 -2622.6174924287316 4424.34649151701 6941.688701327239 -2511.0480690583836 9809.691150447277 1755.679716481438 -4919.243860882374 8141.337222660888 2536.867500551516 -5956.5271956216875 1173.5506367720063
2466.6896935457135 4643.498978967897 1595.5224366272141 -9190.672845997326 5668.722832454525 -4999.46349329097 341.58146064438006 -7597.73555190876 4500.594642709662 -5707.372570583422 -5707.128979519886 -8393.348552174406 -3382.4144395972326 -3746.3233350112705 8267.285593284294 -5084.646347918138 -3080.988770663311 -2149.8827060115364 -9532.260930254835 -6315.795044325501 -2261.435226550754
4573.084171083239 5402.419429644966 -8187.141312345676 -9008.990757743153 -5512.198811218949 9071.562526799953 1246.6035236605076 -6502.919295410304 -6870.019208178371 -4703.510909499433 -6022.872294666259 -8348.007280790272 530.5075132640686 -7943.3200948334 1377.6196602678465 -9901.23530408286 1215.7566777157517 -2998.1446205077236 120.49063329008823 -7096.8519602246015 -5730.728672847683
-8631.213176795516 6551.886777694563 -7320.988221655249 -709.0074915363693 -1779.1373008507308 -2230.0058982632827 -5050.307288398721 -1259.9892002119977 2961.2659757573874 -4156.940473296815 7637.088355580356 -557.1217378910133 -2333.7448949290174 172.23965535142088 9507.772949210655 753.8926579196905 5087.992020968961 1863.7833650047342 9593.480684542232 -5309.7327255181035 -3960.5982648915324
-5334.387837370358 -424.91508135451477 3172.248503767836 -6288.2467437714995 -2743.3025080689304 -3609.4020031115197 7195.205796020742 9361.196910169896 1044.0131548030258 -2663.036070914486 -3058.8009148749325 2209.4961322197214 -2211.9482808468138 4678.657022244639 -1706.880642526081 8424.398137677064 -4500.834558950528 4350.008050854985 6164.119839288724 -3139.2085632448843 -3531.0602680240736
-7844.7602086125735 7198.182761571283 6539.074914216082 -1204.0430631056752 2070.9473116666613 6719.834965220984 6799.807458691361 7657.475053819027 -1034.0150905026621 -7936.147285954425 -5564.668390005978 9189.878294021633 7296.125516677148 7993.832919922363 1698.7311761521323 2511.5820449771363 -1108.448780540226 3536.785468693357 -5012.972365504374 6036.240756332563 4005.4862055814137
822.2025316019681 -2916.949715076298 -5224.465141509393 6947.499880509717 9233.186533085453 -7767.383021723466 -1737.781060862695 3073.5509578270885 -2478.7156885741533 726.6234028434665 7980.228366508858 -8033.704815366625 2817.4208659814394 -7058.9244539392475 3549.977997132668 -920.7663216563869 9103.225882324485 6784.799977886141 8758.970275413485 843.453624141719 -3624.0561985764243
3207.3246614314758 -7283.197914567017 -5453.694677172296 7784.084503853155 4076.117333609909 7814.530327844401 -4320.334290229131 1543.1047623630147 -6285.077480926984 4536.677865648457 5953.609251776643 2299.9955468241096 -3195.693363585785 -453.27077378544163 -4977.683024633055 4561.184696481849 -4174.728977796484 -9074.768117802945 -3915.1903767964695 -5318.561217353033 -9898.032687575367
-6896.652322420562 8337.274868290686 3194.326050113985 1111.7239435595675 -7035.107041705975 540.1625751893807 2514.296040965788 4305.6412799790105 9390.073880760665 -486.42306310821186 -407.04867383452984 6983.267410625365 -7444.8893932668425 7680.050331618164 -3483.70150661339 927.0465264628256 -997.9708704528439 5119.695831327012 -5209.908107040908 -3249.9742657573006 7333.644467579659
-2038.2719555739423 -4142.522054682032 -6948.665346126791 -9309.819624097345 -8908.724637195646 -5617.237626578062 -2576.6016320709205 -1083.0954162834787 2008.6489630720462 8624.217727301413 -7891.75869327938 -703.812223928755 6967.178296117829 -4901.137669308868 -6015.198632154368 3.305946361822862 -2582.9391265971035 1654.439061255489 852.6420256651454 -2698.904249780312 8820.256872146918
7317.973270780112 -4400.537659540986 5187.416623205427 467.9716838074128 -7337.865364341463 -5482.159983311174 4876.176479248901 8276.316813180252 7495.220699711681 4034.5782756572407 -1755.4630379584105 -9996.580543240998 6620.327550282698 7957.104708092465 -9419.185062632636 -3845.3365512394867 6257.001385195454 -9652.709648034073 6416.653138433707 50.79262035803731 -4810.695665302746
3470.4979112191777 636.1431108262186 4259.567552829407 -1801.8420280844566 7370.158554753456 -3645.5374680376826 786.2417596772648 804.8821767037116 8083.8031944840695 -826.4554121397923 -9554.07587500559 -7515.054619870876 -2277.1089498653073 -3449.77713075294 9731.132152183603 1321.6967697585824 3389.1523869757184 -1378.4284649951187 6535.770279938704 3769.27667764177 1795.693114487225
-6758.547579833783 7490.794868589994 -2941.2973219508285 6735.822871175609 1416.4211397031504 6269.5398207923245 -3778.180527229185 -5764.377440781117 2803.503438123038 3834.4888380411376 -937.7087537815223 2988.512667013778 1347.9009112168224 -741.3220868966655 9574.702985893793 -5624.827015455329 -8804.269465277805 7368.9524496556405 3333.3010888489607 5217.702440886185 3805.2395342627387
-8719.791760969456 -3624.5270440633394 4083.707218432077 9994.898496014634 -6960.703278914455 1014.3278296816297 6993.971725521475 5784.461654360954 8964.19575243667 793.1297765291274 6767.422141910938 3429.6877554595376 6253.871498407389 9584.32777535795 -9061.029493694843 -7918.791202576292 -6448.014364340768 -9801.595569135523 8210.851591422372 -9242.98478153563 -9993.632694373502
3458.9780376159233 -6377.139054037965 1199.7368187437223 9966.854833229252 2404.019499614549 -9769.367772225722 -6577.605068887766 1407.407920519263 8765.817220914232 1348.4686583890125 2322.3096818589784 -1930.5272646792291 8412.67926090361 5749.509191461721 3396.5625190844075 5095.70391643722 9460.651188124317 -6096.651482258951 687.0197218378362 2205.3711140058294 4774.998211708931
9678.487202254462 -3006.7343313371975 -602.0768284067872 6231.570478997766 -9226.72003516425 4541.337516587253 1892.3694306325397 4486.289612618217 3340.667602362966 9853.366884387433 3923.028977676082 -2160.403693222408 -57.53708367489526 8729.821470915755 102.57638354726805 8755.11641520483 9656.240869782832 8894.888192671591 -1705.52640415944 -89.00200982631759 -6757.603580609843
-7050.077475546019 1938.2793394464952 -343.78553902746535 -824.49075688415 9241.109687333781 -5348.388187793745 -5066.940114029794 3119.198380998696 -303.74512057664833 2917.317468662648 -1516.117207446152 1484.051799386838 -8243.865121121013 -7441.231490594811 -9776.325189070989 -4027.6682576418298 995.2378761042764 5772.069519200646 3370.804967668111 9812.315710956278 -8106.252544535637
-9956.65139109136 -6390.541777662735 744.7946772660998 -363.888515722123 -7703.042578169024 4526.226876778608 -7698.33629188494 -589.5159381530466 1914.3405823336743 -7930.551656812137 3747.906050454545 -2025.6338686101753 -4360.798168752884 -1212.7972347888608 469.0491064499238 7267.453884496288 2070.933129562023 3175.431532374676 3953.3661594605564 -2289.3637498595917 4013.583819408934
9620.175791694084 -8388.84027427757 -3387.1006772025703 -5556.848429486805 -6036.950738307998 -7967.575381531919 6275.705457746699 8167.979648194469 -999.476020200038 2832.094996962429 3306.7788988747943 -3918.931922342812 8953.491045196297 -9739.611180778853 1663.8959474337353 441.7421132415402 -7954.6314990512055 -4262.50241558749 8298.69085766351 5919.651835211522 1312.035169259496
-1552.8538881670247 1596.1562765430353 3792.7026725071337 -9860.857945738224 -5108.288597364925 -2594.6781373646254 3690.183843579174 -596.771727709418 4432.400656415257 -4396.093966121186 -1945.7703676725787 -9595.252402751761 5945.355876429183 6816.263914089443 -5803.461271922261 3447.2354984042177 -2378.1782795886584 5927.232827337768 3170.2431360799146 -4238.056707979887 -9280.538153064852
-2235.5494341991025 -3140.4986569086195 -6281.249918827794 -6953.196804804713 -2606.7056611287762 132.0946526245134 436.68730176688223 482.32520925106655 337.7354980959626 7672.898928154646 -3784.709004602658 -6499.315163762747 7757.9910336144785 -1648.6681852398942 942.0774442367856 1270.4935505770518 5201.400878637689 3923.515860922449 1170.2387624074672 -6829.398225687078 6363.097153400286
7244.549136280082 3076.541997157392 1645.1177147645212 -1301.0495522263282 -3814.69081350565 -597.7854711288473 9154.020223143172 -1350.210956598794 -6233.1095562410055 -7079.0148014351835 7624.022407994376 -5428.600408026714 6812.469338339812 -6197.474183002756 4721.391118252692 -1499.5104430754363 -9034.444389860135 8044.264610406881 -4569.578135595071 9794.401735125757 4541.050534538879
658.339665796846 -8493.249336792664 -8581.732329024133 8148.637250842075 4713.785014690056 -4038.3554407388747 4373.424840536178 -7008.1491879286805 389.2466439818818 5050.323446077893 7359.185824825439 -8977.479965829136 7028.413163627098 -1484.9954062319575 3680.9985700297784 -7406.543202569617 -426.35098421616385 -5512.396600601816 -5207.323380322311 -136.21993429566464 6969.780048257318
-5504.202582797188 -1369.8710949047017 -8343.236834379542 2334.148703603898 -6746.167779719858 1337.7260708252888 -4546.013259228208 -4695.035512112459 6110.327328499068 -9959.251719005877 3802.748642978715 7297.975393922414 -9073.164363390737 -4343.746670578555 -7786.892647046584 8018.099926659812 -2370.5232998510864 2719.9115620111716 5914.194071293106 4655.199535546164 -6994.897230305665
1606.2070272426827 -222.65227862968095 9122.803514940319 9580.57323036731 5821.392202457006 18.390770019937918 6462.8198687007825 -700.9880540082031 -3963.4189551079953 684.8339004654263 3236.563747929791 5800.010752682596 -6925.104118343051 399.2079731092981 934.2196590941585 -6384.186406118146 -8544.905312516123 -1784.364665246294 6401.545403316319 3928.7456622303107 3401.0563756824777
-7781.0069832525805 1351.2685396749657 5360.813083432811 -9734.45975809556 5617.170772679789 6954.830763115166 -137.5452587210293 4140.08789621486 665.64642909537 4246.781416213538 5486.305901706026 -9686.958697013237 -939.236841892447 8790.889234277282 -6356.735775616087 -3349.282156211313 -7360.050559821428 2529.603180689419 -8488.933972056775 -5337.75827046451 951.7550688519641
3346.840077003346 -9204.278052578697 -2686.3068994712958 6536.040515683551 -9377.746074303901 6722.596215427471 -6085.7786585904705 -8803.877877298517 -8352.153548291479 -6673.423839932451 -7282.007963233033 7075.333320791382 -9244.52576433311 -7158.282114219432 -298.0943004641049 5774.03772224935 -7405.146801426696 -1636.847930821903 4843.107983999815 -8600.817521042765 7005.27517275506
-2231.47875743402 -1650.3655045618743 -9111.421747482094 392.671334617713 -9634.143722179204 -4301.448833320729 -8109.300619983282 -8786.419731863778 5042.029899038998 7628.511344739629 -5557.753363532347 -4401.83037035799 -2798.8180610755835 3269.1121616165965 -8296.815076576517 -8953.609338886505 150.63175914025305 1106.3334245690749 -9645.514931785869 -7697.979738680004 -4406.079236204141
1 21
-5753.226893761749 -1727.3104620376944 6444.1975590388865 9053.116929817908 -9311.809080653113 7495.846626349612 -4968.315582157781 7185.522410482376 -223.24438491344335 -4334.503066841995 2534.5133620349898 -2364.764137772783 -9254.180976071939 8052.8893187321155 -2935.11367906105 -1060.0832024180163 8569.850279014805 4401.452146824044 9050.517182606578 9211.532308151422 -5556.154062879244
