100 6
-3099.8866853774443 8628.877814176714 38.59258419501384 -6513.96941748039 -2628.3853300409746 1852.2538808015197
6041.497101937761 -6550.064532138196 -817.2888487857726 -1407.449100890175 6991.459202883838 1597.4635526543607
6211.849042228805 -85.32638433724969 3425.5042147970216 3885.516476873725 6569.915001853358 3396.700498176284
-5414.864049627626 8977.575838860936 5369.750375635764 7156.24568899089 9072.214890488645 3745.046769890303
2664.5323166647013 -1341.2965898426137 2801.2256816467034 -5332.965426456384 7273.323921373769 -5658.903619415621
4766.387878069641 -3167.786404638553 8944.586560056072 -8672.430464397814 -7620.670196257913 7234.896789529554
9801.199715710063 1717.6449187168982 9653.615831642546 7047.252387010671 -9530.292385227263 -6315.382781262784
8169.519158255414 -1533.730678914977 -3846.8594586623176 -5549.145008785707 3511.029472798844 9272.818069991008
2007.7621507169388 -8157.886374862766 7925.813876301556 8671.346257364268 -576.0603087618201 3311.4714253196616
3124.4769790126084 2010.4092666064462 8750.775080874373 3198.8307016467334 -8674.251741722172 759.122387845433
9010.610601381803 8139.183890331777 -8515.109040324309 8276.905769707257 -2682.161348132535 4953.21581234091
-3681.6032247666144 7760.257294477353 3081.2767861655793 4814.451186546352 -4512.38970615806 7454.440408689574
-2086.2116139105847 -4013.7517021407175 -550.8374917745768 -1745.8044426304677 4250.449047358999 3660.850597703764
1432.8010965390367 -5466.256015151581 8274.155960538057 -7806.655516308656 3244.96758902522 1490.7482159383253
7372.507393509328 -2513.4098117220756 -5550.238565159293 -7928.18059148463 -4672.990292872012 3266.062325251327
3430.2932744119353 3428.5823624276472 -405.7308227589074 344.155454540296 6499.11919843189 -6260.866714946587
2168.4737529861814 7222.665804781751 -2736.958041033575 -3361.7418238026685 -510.5906128389088 -3436.06170213685
-9713.135500359438 2322.2872928751312 8845.766323671058 -1618.7877154748803 4675.778081111075 -2905.5961453408427
-2233.8511583258214 -4567.960416012073 -2996.062325875142 -966.9472695768727 -1741.337388457283 -3207.6795384846355
-3642.5261704836375 7335.580714536103 4394.440003256894 2025.711049568652 -2717.3362139024966 349.01346053236193
-6340.144749695233 638.5567722875439 -3414.0640296266865 -6843.624320452078 -4847.126091746023 -2078.631655822541
2924.362440093124 -9560.603776103793 6696.744352581169 2357.966901997499 -3250.2661903638727 4753.579148399662
-7954.965691892464 -2534.0673123709294 -3034.6489238549348 1818.2051150886473 -8419.063233935572 4795.453159952176
-1478.1602260385716 620.5552997407067 9270.830792635054 5400.027579035592 8838.831862344246 425.9293351382821
-6111.2023266949 -4156.3642234221825 824.459319418791 8241.70498361413 1251.6886787406547 -1709.382375023035
-9917.81202347228 -7742.8999122452715 4509.225088875031 -2206.1610572858162 876.3854648015204 -5420.6729555943875
-6332.947353232021 -4150.383133098001 4794.2904553483295 -6022.816441130194 417.0056823321993 7794.76979903497
2834.4136984658144 955.6177452079137 4186.415677581734 -1937.3468329156185 -8659.6919174166 -7757.131409126561
8638.786871845445 -292.6277076766164 -1343.212669501465 6392.549260965563 -3435.83530471844 -568.4768182939079
-78.95922400875133 -4017.694704031307 9608.17043351298 -570.7979442759315 -8752.926685425768 -5301.291062839701
-783.0227223314341 -4784.785051980421 3031.209410695423 5757.807947446241 8720.314742860854 5224.315487683589
3296.4985502235213 -5432.9159154512 -1451.544004930969 -8342.744558163016 2878.970100209768 6485.93876386161
-2926.506817529029 -708.4528659767693 934.1708803101865 4885.218242914236 9268.619982523127 -8754.733961292299
6447.826785568657 1525.1619751180806 9553.543719270638 5295.475377627361 1804.6851207998843 7949.747625538177
-3511.622163027173 4518.5573206443005 7935.598574427739 7766.3201374784585 -672.7404084748359 -3022.3232582007586
2333.560357318007 1738.921974736324 1788.1578401125607 -5847.506010165064 -5710.419751324369 3249.8522903918547
1123.084233618727 -4703.0131698929845 -88.28392597075072 3824.728494954801 7698.647392608371 714.5645556054642
8714.170614143863 -6135.282589986975 6307.879174001235 -1423.493612304921 -7590.452674641053 -8206.095453036338
-6754.3348251599 -389.5671071688703 -4620.312519701189 -9292.445738428325 -4986.50292044753 -1645.0718104792086
550.6203627074574 -8741.10938239426 -7649.652723390994 -3387.99344345015 -2885.492729222501 -9058.269099374145
-7221.327138388833 -3480.5187106379162 -6307.291639308454 -6931.274853581904 6102.349670716047 511.20539963530973
6199.9685880685065 -7276.722438211569 -2508.6039563771265 -4816.734897648001 -9548.76024249545 -6846.552033546182
-5037.378070027103 9602.822153364661 7754.906187252927 272.7458121692216 -6606.872207897701 -6816.827143395177
-7537.25285311946 -2878.228679573087 4756.685284261066 366.1016968959284 5208.270367838944 1490.2149879356584
9813.113177137908 -7038.390868856159 9747.313478308599 -2097.2128921245585 1792.0453186608029 2262.0634329397108
4419.465001637644 -4956.321325912276 1129.4099164251948 9858.981355496831 -4605.2548008855365 -4612.85672675433
5987.823091966626 -9848.457192853963 3005.8402238494036 6504.521211370131 -8441.486777541377 -7037.380826759465
-9237.095005564608 2739.8245153973003 6302.794283343601 -8512.911092732826 5909.529420182864 -417.02009522752087
7908.954849590613 5250.802584962043 -3327.0228215879397 4692.898196605662 3383.852067630669 -2912.901801599348
-2928.5464464242114 -5489.2656821815235 -8196.208250934109 -4101.657490878759 -6517.120842579516 9169.46834904878
2050.6655925553077 299.87226939534776 -9013.185044033067 -3314.353160888466 -6577.8329437777265 4863.293082279641
-3629.8103085815783 -2866.9078006917052 -3889.275120998772 3610.5305793306798 9409.699306626968 -7502.925707169392
-9091.87359761787 -1068.723279537322 390.7889516769228 2304.1871340850503 7445.789000583314 3966.551506322423
1229.216822835122 1231.6836627265166 8245.50199139995 -250.6352476623142 -1065.5112375482004 1756.429560189932
8842.443531937028 -2233.1186137751356 -1100.5589386344418 -7487.6522871620655 -1349.3050587410999 9788.416083491396
6280.000736810753 -3558.9912433526606 -6016.280012212247 8485.181474036002 -9075.65866457446 6762.479640064099
5868.556772429811 -6900.821557977057 2760.014567245944 -8769.381616870076 3675.8466667922457 8982.637629793313
-8314.290321211862 -2270.456427370981 -5236.3853316971135 8810.322989834636 9753.406522043038 -2444.0861797018633
-8249.221792349768 -5126.146362766575 -856.3106089735502 -26.07184582199261 6592.850191362842 -9437.182781567404
3554.6522468534713 -5292.874552582553 -2232.808572353584 1224.3585818163556 -3478.4901134291804 -1241.8186821894797
-6449.831575121547 -166.00011150767386 -2246.780281671352 -7085.684480034333 7268.15294572329 -6025.793247762541
6916.264637082451 8001.030026739572 -2490.213606340565 7114.152687603324 -7453.194306639976 -5358.234385989637
-457.59197809572834 -7668.933977389208 8255.172366489136 1100.392754342478 -368.6572536823096 -7176.8169211878185
-1009.8813927112878 -9871.66692233539 -9778.726651944808 -5978.891396427485 -9215.65821222147 8626.426153164444
-2705.290564499216 -6422.693934863075 4317.909710794052 6738.603415847789 -3469.269480699517 -7189.719915874075
-2065.187432403117 6737.9439913194365 -1442.159247014628 6323.01532165525 -5453.04695147141 4153.260341729736
-8889.897014837778 1822.4349166788725 6813.9134583826235 -5452.053246737132 -1790.2593720731893 -3173.064442909932
1376.3306783883236 8683.089706477382 6319.883074402251 9449.835637041739 8738.082266735193 -7719.582740632894
8336.16200747597 4955.972408080526 1362.9454090114177 -6873.233003310819 4267.925750242299 -4233.946769863497
-2739.2779866534793 -7091.953039237777 4408.143849674734 5616.115230679832 -8253.755590892717 207.01682873388745
-1186.733957041737 4770.306641817006 -2285.2136108542154 -549.1711434427598 -1871.6230262390172 4540.034200212549
212.5638702370543 4182.156295518924 -1751.3470939205854 -1849.1867688664152 -1466.0530079604214 -2851.559170060882
7020.656675079503 -5582.2555818366145 -4267.397285756023 -3537.3826958255395 2646.6146472310757 4861.954481113402
-7964.860175946394 9921.579237295708 2692.3114903781407 -8532.284091282449 2613.060472078767 -4768.484441591742
1037.099868027175 -8728.370677957777 2331.947795958835 4818.095455925659 6146.520077966819 5181.176825014889
8433.114201774955 4371.725765895642 -8195.898129542902 4827.887436364941 -3772.2871661063136 -557.8198318980303
-9038.21591344295 3859.435426908469 5102.700168924452 688.9870141570082 -5274.297811312314 -5665.921306518986
-5336.9828086988 -3867.6466442303954 -5854.146118118517 915.0781698822066 -9189.34780591048 37.642943945475054
-7112.120027562432 4658.980275055486 2943.374535378958 1988.402075188047 2721.1814357743915 -1500.5970016741467
6678.843952531355 -3753.650730660618 7481.565600690959 -7145.357806391568 -502.53343977486657 4171.454367010276
2650.3139091523644 -2104.2100702687103 -8237.37982761449 4697.204494306059 -3936.0870553856994 -7678.458363876802
-7482.7865716884335 -5714.381363197826 7107.782110254866 -4567.8857098997505 7917.778603999028 6780.643967953216
-300.24640350676964 3198.422031444061 -962.1699433853864 -7727.898251898963 -1662.823100239024 810.3081360014694
-1287.4284123377365 5836.49975346272 -1578.4238317036052 -148.9919113627111 6786.100733960884 2958.799865707495
-928.5735165920742 -6605.801283583929 2825.8976242154204 -6151.983237969394 -5962.83407459406 3367.9495507562115
3101.575123548999 7079.985780972271 8606.568536645947 5598.253217586691 -7036.216396762531 1400.5247276808223
-5206.370701553867 5440.7506836766115 -648.5418540276969 -9412.7989476497 -596.1039139283148 -3579.51430415546
5180.515007627375 3594.5829561879636 514.0492380857213 9394.61761897579 -6099.339340634691 -6168.932744496809
-2812.8103063096924 4076.800149927085 4589.569651636099 -5053.392970796711 7163.995295677083 -9352.307389341366
9807.426759734804 3103.573862297415 -7781.21557836793 3136.8244649007847 9550.185311840069 -5912.645334934215
-4945.4594549683925 4361.642758084456 -6275.732939501744 -7988.057880756549 -9947.959295257368 9141.485987059943
5157.675665935238 -54.46325465578957 -5697.53839870504 -6951.792252247409 5926.716226744404 -4977.804285228116
9678.795269217357 6648.088913292537 -842.9296016483986 -5520.052207482992 -4773.508865885831 -9660.881257798017
-8770.725067561238 42.47925955772189 -4597.0841305373415 -9596.12162760246 3147.7730422005443 9714.966924160479
-1286.614407134155 -8725.847239600078 9402.95632148148 4543.370427823131 2437.4451568489876 9144.999624872504
-7433.383559389857 -3521.8790971435983 246.63587793373154 -9889.172926222269 1706.595273571129 2330.121532654224
3039.3232970274767 -3938.4876271057246 -5650.845011784869 -2852.0861199060746 -4907.956895313035 -499.0578064973579
-2708.853654830652 8742.055234696032 978.6639587260397 8101.2047310611815 269.7838607412559 4083.569649590496
8052.890408564657 -8240.483189407078 2421.4076576465322 -7824.0869321675755 -4919.2869129501005 -551.8234181023399
-1412.6917527488822 -6523.282968710666 -977.2540024196023 -6686.274591163746 9220.241563000396 -1397.1587701415938
1 6
3841.8864225935176 8642.69483076061 -9337.53797742652 -2384.837039965879 -2209.1504429649267 -9853.05967519213
