99 28
9758.286856788574 8322.17010868025 -1976.5919514193174 9468.72255073853 8344.422454156742 4946.368006004082 -5098.831822710526 1158.6348188780103 -5751.728070816831 -1990.4469405210402 -2353.8954675028026 9674.718717438336 -9479.348524380926 -7874.450069462884 8131.581039039647 7067.327420973732 6663.31177984428 7471.026332031404 6814.221980200167 -146.6616852391253 -4356.514501289584 -555.8259545178807 -2293.2759834921026 4691.042064399335 -6764.889320692129 3179.405001824207 -1377.3911709104068 748.0960770969232
-5906.411468029156 1093.6647786103895 -530.136456758466 1151.9580454373681 5781.199878230658 6606.191615184867 -4743.6109902954195 -1608.421823968436 -5608.985064704193 9517.611154420047 -8408.806124115967 -3341.5848107415422 -4461.947532976716 7737.400205741564 -9446.163424656017 5752.529027034503 -6324.200818554082 5325.624669430144 511.75763253584046 3557.7048627560944 -9329.896550054076 9656.941900316724 -7602.743588690672 6423.556048516795 9671.384258314392 -7040.559122277059 -8585.60309540292 -8257.183464720918
1677.1295517886538 6808.386661214201 8845.83324803603 2142.5847666246973 -1577.3517107088137 9382.78273348647 -8937.015688410525 6124.051243260528 5691.206401195457 1787.0482055549655 -314.0753918604223 -2300.990836270642 -5934.646146539726 1202.6004762783086 -4155.92572525236 2636.9419533100263 7104.792529450515 -8365.409828604941 -1090.1236467972813 7728.910939691086 -6645.835713449531 -8686.44055424655 -2886.533644663443 8483.453984418644 -5826.390110164759 -9514.302103682854 -2714.608973022843 -7923.635767605714
4244.610172710289 -7565.490440951669 -6686.229640382728 4842.101091367042 6154.294912255684 -7416.716859626675 -7208.940697196831 -4910.406498211948 -1264.5990967369853 2395.2441357753214 8537.045012199313 5235.353329745458 -7194.114394349193 223.84308431095997 -1318.6331776011739 4085.869584589558 -2346.5233247143915 8460.559710422167 8212.636613275055 5100.676484585856 -9296.503623147468 -3475.442752772089 639.6678754311233 329.721195266382 -9585.487463649062 -4964.136143579328 -5115.448678238135 -8006.505629569376
-925.2260508139989 -9132.678316196825 3851.412032365575 5732.682161175058 -3917.882433595283 -3264.4924202754737 3059.601213009102 6044.425873246781 -1718.2491256866178 -6488.440126664464 -9414.618365577773 3812.000260334522 2069.6557005096 61.377701371427975 5341.332951610582 -1277.1383628495496 1723.5605999566724 7759.211228470998 1282.5702525711404 -5558.053677466768 3729.309315227638 4657.049977250832 2203.7739784889854 8681.800106975166 -4410.27342519785 9246.545487119638 -5765.216695485879 -62.701646448149404
-6805.3376265162215 3243.1463933356044 9514.393522708571 -4575.068393121948 6482.902285894659 8783.839095950181 6145.4445246755 -2478.3635621305857 4339.452814221237 -3859.1895459397565 9054.205710971608 8669.730388888289 -4328.649187895235 2647.672351300027 5270.41258378945 -8678.313301921662 8354.362273171631 17.41007936091046 1607.5761643191126 -276.32566696247886 -6947.616306121973 5774.297882744746 9490.382845308832 -6997.784405797443 8834.142785445067 5520.09565601111 -7700.636029883217 -4687.430539340116
1954.068372058593 -2264.132321589632 475.1298240549022 2362.26894196184 3953.3068710148327 -1103.0374123740112 8655.204540208179 -2380.6193934238045 -5925.795827588643 -1906.9878502888214 -6187.51128470916 -8595.337279508653 -1266.4417149223536 -7847.557984157887 -9194.058687589497 -8162.170986876394 -4224.550345199114 1202.9678638153127 -4785.814676614819 -2552.8065738093073 1757.5278899558434 8099.817829546864 3038.892599438408 3575.792210523141 -7162.701516916812 -1975.248581202296 -359.7254106163655 -5515.770228345828
-7029.188157390198 -3111.30416437825 -1198.4875556886564 -7084.4354873543725 8680.68437546421 -9398.025764613967 -9899.26311983142 -8465.806164014286 5532.462589382938 -2068.598549793166 -868.6333562517666 8486.528713111045 4032.468859078943 -146.78632157928587 -8128.071986188576 628.4681772097738 6174.382355551303 -1649.1118155606891 3185.578774938269 -2970.6600716955163 3120.9031723733133 -7599.826092088835 657.1542373862758 1041.2346120669881 3125.2313237697635 7314.1347430210335 -5162.216864995286 156.79681250794602
-8743.252055727233 2254.61740322275 6931.305680332098 -7918.233770177902 4725.855336023491 6969.571868316361 5585.198356438441 -9225.635576072884 3173.407438792312 -3954.3828492194907 9563.64818633004 -2568.0341916119924 7167.2375582157765 -9833.783231210096 8320.530096860777 9783.717181192322 241.222619272643 6313.212207744022 -7803.710939324482 -2597.4407415320466 -7234.80439306802 2424.3980631874365 848.306074371565 7203.671295080749 9238.969551398128 8067.022645819699 2809.2375390717916 85.17413429704538
4369.897063823946 4308.419374375468 -7457.337371127069 -2433.2184501846423 -6246.300644194252 173.08772410896017 1421.209127651753 9521.108311963977 -7728.863427542625 -8830.263002271357 6489.121868420323 -5000.281127639481 -6998.483623869236 4514.029114236615 -1014.8618347503252 -7607.129888681258 -6017.155624597914 -748.7308804458244 5514.637065181596 6505.218441263467 5367.198172362763 7796.93941881655 3818.0745867011483 -9273.080376084781 6291.647027299294 3431.677183590813 6678.981534718318 -1700.319510916952
-6432.79660826892 2609.318735946177 8652.44095049268 -4993.927777689672 -2529.415245252715 41.044719916313625 -2821.369828888438 1067.6156699462317 -5339.650962035041 7757.46273774256 -6223.727863105449 -3649.2257222759326 3265.8070492130337 6795.379530512768 -6199.625939165899 -9082.34706129073 -3728.356352832813 -9214.944789464867 5581.063695700099 -5394.076072867558 -7600.757651055485 -3377.1027720938537 -1668.615232504595 -7607.958584988401 -9671.041996676204 -7464.094838504185 -5445.382735825857 -6215.648196251901
1914.185635736092 8915.44227513707 5647.695748341457 2977.023625668493 2060.992198923326 7563.174162599178 -4032.7090371652675 7041.187005482661 3953.3040317376344 8775.459729715283 956.9835069989495 7769.2184375349425 5567.834616647358 7338.12814726786 5887.92267346173 4731.830157273891 -8819.901541375648 -1493.7694204149593 -6555.189489432376 1596.7945349358251 1289.246105202541 8799.93250874629 5160.968400894919 3094.9749487372264 -636.274259840724 663.8751172331395 7798.795808189032 9631.606946562511
-2390.0091579071204 6387.15661033972 -9342.025811890071 3915.7583966263774 -2675.2701076814155 -7483.718315132957 7379.558628130704 -122.905169830261 -5972.441420485233 -333.9825361753774 956.2651756257856 1498.7579796796035 3847.1350089444404 -5465.086937613568 -1998.9632446993119 6884.474820416952 -8722.338831423715 -3763.2546301920565 1266.7596387806188 4805.634561859091 2371.5011500460987 -7551.445540203994 -3095.2359259125606 656.4979754760807 -1885.4020708087774 9692.225257411694 -9528.767847609317 -693.2820835308721
8762.813534003551 740.4115580219714 -1473.3220620432858 -1936.2499770811019 -9749.877174204608 5615.446057161209 9704.056183862911 -9597.870271575055 -6280.551235379461 9387.369122206394 -2218.300698398237 3226.017348145837 -1765.2970734766677 -6697.840536207443 7453.315588678226 2785.1162633781023 8797.549266659691 -1343.7140887779515 -9360.62244627391 3069.9171079744865 3128.488560388396 -4654.388321519087 9477.220114955002 7851.672563877688 603.635562748892 -1986.9621881347002 -1594.205410830873 3040.408338645766
-270.45592341487645 2368.1735688541994 -5588.57220963267 1746.1516413934405 1483.7687493713565 -3684.612056748002 -2267.5920573952644 -3101.8631634482063 5791.896232785801 -3172.9598375683363 7875.291368224098 -8511.757039655538 5885.006990868107 1677.7180260009227 -9993.303344256952 4626.749109815291 1306.4466046804864 8083.055605909438 -5037.934977656433 -9756.50884094173 -1994.4221964041308 -9174.895919221472 -8382.33243067307 8058.5131190437605 -2349.0312043341173 -9432.491660041065 -8048.277917041329 554.608903730259
-5854.765570776539 2522.2879181019725 9552.793404493066 6346.166523924381 9578.083680769054 -1110.4363098676458 7529.353827564402 -5980.086633119865 -1539.7301245161543 324.18602495264895 -2555.0397793825023 315.05698275353643 9277.4494826827 52.04139799924269 1608.1738273955034 7302.172220788711 -5812.8085801027155 1881.860743909232 6188.8444359235 -5531.224705464488 3908.0510331703917 8487.459937147618 7326.137500872337 -1430.2431818816785 -1885.8762383265248 5547.645247102881 6322.00103797002 -5309.942880647449
-6403.859403115428 6716.351841528649 609.6414727644969 1179.2712648582365 3942.8925341158138 -9271.072280101758 -4683.4967420108505 2850.185833087855 -609.1911403136583 -6880.279501604782 4179.373866219654 4368.5239929187155 -3158.7576256287475 -6577.806346708224 -1139.7823174229725 479.5645379623311 -9949.390539264152 127.79755820188075 -161.7757092588854 5675.833195426496 -8723.728635419528 8838.297888482197 -9231.527441818354 -7902.726354196891 5020.658194014832 6625.777515221242 -6664.364248134023 7710.75126579994
5322.100801226239 -7479.316955737243 -1035.2578315780738 -8516.71017041136 5790.778237989918 -4399.459904520892 5132.348476916837 8064.710168433954 -539.2815500384513 -8959.718739516898 -3540.850173869004 -990.0770265965184 4178.156476730166 6894.32697645462 -683.1329501916316 -12.751155686361017 4558.441427852107 -2924.998033846362 3462.3015705520193 8219.124428088726 5426.644390448086 -6551.054264477694 -1019.2050104380196 -3025.5009179936997 -6940.231850866838 9822.482976275878 8560.127237052733 2717.6065882007933
9039.163484217253 1882.6582159444442 6664.274568135523 -6070.077347781 -8922.669854292715 -4849.12842339767 9844.21970912736 -3477.458427653899 -5571.273014104879 108.3592188824241 6773.628341924861 -5431.237031706051 -7055.458321978438 1153.3403364365386 -7682.579463854695 9451.803238812332 -9663.270658120899 3797.0268430059386 1143.2710055335083 -1241.9118659940905 4432.170065490573 6989.6770211614785 -3307.9188731885733 -8333.098486008836 225.6973792360277 -7206.669194328841 8551.502460584023 9802.467104372692
6115.359319686731 -5069.8307729559165 106.26517508208599 4946.379976748736 554.262135793846 2949.194096018364 8465.862821768857 -1501.129258386638 -8245.169384642268 -2754.5423325195316 -4399.919172177598 7445.771635492412 81.34474278156995 7334.609662150346 -3561.5528462277516 -3473.012488418015 5861.519526721031 4828.640709708627 -3291.9921288076257 -8880.148564201874 1903.6034075863354 -210.82007340235214 2914.3993492348436 9575.397090214308 6304.203653155866 -1541.0720630743872 -1975.4628371787612 7073.859534688887
-881.5802917357796 4373.2964546296735 9218.800594322038 8526.56156088685 4484.5530070763925 9897.007874831168 -3411.1894205645776 1398.5769794345542 3136.4421405119283 -6588.487437328087 7687.234846280098 -9644.760149724081 8396.300807003325 -8544.22344728669 -560.8920602570906 6708.075052716245 1831.417948803235 7537.795542858614 3778.8415295808118 -7114.86928320326 6663.879385335145 -5341.98038567248 2370.5946858503066 3189.9713636520974 -5839.935087307737 -8553.965107634174 -7158.7454748201835 -4885.572767553177
-5782.088446865756 4190.230692426003 -3069.073773606421 3246.356797290311 -6787.69159942274 8691.197268715041 5075.573889469753 -1540.1690787775005 165.6608909849383 9330.743747971468 7828.04107054618 -3870.9170628231095 -2832.8782481819762 -6659.0027038336875 5866.094056626051 -2156.6622517554215 -3827.4474118081644 8102.044499377273 -3201.37683447621 -5891.040496474045 -3424.061253832715 -8660.219788951348 9962.076039566298 -5317.315282752393 1637.0299494877254 4517.996225931653 -1182.0053595131412 -3635.309438678265
-3997.2502360965163 -4659.463104061902 5848.050958467615 -4242.603085519696 -2218.3474851039127 -90.59970014235478 -5053.957050258011 -6250.358360426902 -3501.345246708618 3828.4991529750205 -90.67874881137323 -1808.43671842829 -1356.9394347315338 -2742.110993875526 -9307.088488753072 3332.83626592799 -3751.419015915895 -3037.2527007419285 6542.708532349818 -1897.856498855017 483.64336539351643 -7165.886051837267 -6578.964408809822 -9990.80205867374 9574.534954533126 -8136.628324097625 1078.8574614074787 -1437.6698858349428
-4630.589727808134 8635.951427494136 4517.497809331337 -2131.2988813467637 -6954.451024276874 1253.015071854872 4681.260685959804 -8575.703028647433 -2488.3446708361153 -2304.8555413381737 -9146.620948252808 -1784.6983854547252 -7590.516269804524 -2248.3083771158445 8450.948803142368 9658.771936520603 -9233.738448180084 6404.624103141792 1109.8496806905387 6715.533438634931 2900.318071124295 2795.1787603650973 -380.88242579535836 -6776.746445858284 -9071.715816954273 -1716.886996230307 -2996.2056957159875 2934.8983070334725
-3586.01522676266 2825.594722136215 7237.755280878191 3818.5703760561864 -9451.94928917085 -5157.175635103875 -1350.5717555289866 -7287.1252570730885 4527.6933030586715 1057.4980221097667 940.4832747409946 4717.449183100864 -7783.168658774588 1461.2381661718791 5169.621590486266 3964.062318341199 879.9050759636812 -1772.5797274059332 8742.350687198537 4935.341097114038 7698.133952160111 -7279.479289349342 -7745.177905313607 6983.735351537471 7155.312711311475 -6845.297449087308 9273.35084699553 308.41112692692695
9297.640969645276 8750.876274852431 528.640454033648 4366.116270610963 508.7469832270708 4972.420828136908 3246.2757283224946 -3379.401517599803 -6109.3824456418915 -7352.402052285225 7369.398221349209 1987.460530270977 -2900.314652895846 -1231.1712805744937 764.0505376554411 -7778.008435402 4726.328945152736 3616.3276961234333 1594.2695355482101 3960.0622173975735 -2674.387010925281 4238.22086061866 -8390.68721738777 -8812.473235802596 -7777.118899115078 -238.9349152858067 -1540.3129656215533 -9399.586120752747
-8680.341755392508 4223.134640294078 5867.625090180611 6647.196870878717 2382.4269391486578 -3756.955388753445 -4921.409286995106 -5452.53278307563 -5995.65114349971 4220.581943319352 -7003.029948161082 -3308.42548842176 -6283.000564486587 8881.131066208742 1230.348788421803 207.195449617926 -5265.186659753936 9284.839834378272 1143.1816853449636 7390.585214388771 -7987.167075370329 1441.99163439302 -5868.446988737812 -5413.968351249914 -5592.14793132468 -3669.7436162668782 -673.6428200276823 8450.62575408224
-4955.448512000289 2864.7702993985713 8952.499526373049 37.170402715566524 485.69344366914993 -324.3540929860992 8712.280891768998 7910.9949006508505 5440.8701624726855 3036.533095553148 -7013.14102203459 5536.963002830824 5534.580942684344 1249.1429881931363 -7330.074386282308 -7201.230876042075 -1288.682403653771 1137.0234136957715 774.1273500934258 7199.909375981104 -8319.887659851622 9167.472245311565 -8465.535411015077 -4008.8826600438397 5775.027342431682 -9565.842551398277 -7623.845324417593 -6458.91338720189
-7288.6670378451845 -6032.777517553829 -7046.549904904054 5110.700390694374 753.9084747224915 9451.0753043601 -3962.260803210529 4216.272305132401 -2106.068485283002 5573.237813071299 -6623.353668869197 -5062.552823337754 -5874.20110550656 -4534.312229997852 3686.061790988995 -6815.77682796049 3912.7281443936154 5677.13693573067 -2364.3321147216593 -8649.72702817317 -1103.6141087921606 -4354.620537202815 -7431.27727686921 923.3180636932302 -913.6896228156984 -7338.976030893423 -1283.8354149994793 6831.39333553972
-4532.828174202583 -371.2870437350466 9920.455792712655 -7739.090422604209 -2328.9114183204565 8083.841702525122 -6797.972001503922 1589.2170514784157 -19.57379205192956 2146.024188849713 4735.912797851179 1253.88643430929 7610.815572895201 1766.0461441441948 -2970.347435750249 -7631.52902169475 5431.605742543334 9360.853760494942 6587.462252961635 1021.9251904518442 -6149.069256144428 -8899.989229292656 -564.1488249749655 1574.4584594642183 8178.341887931754 -8153.946058033003 2166.5616722482173 -2561.8006000573887
-2333.2091252987693 9292.583490592307 8654.632992573133 -6493.414872306147 -4322.597748214114 359.16614514662797 7686.320903695574 -4227.220840535135 4392.409030599971 -4514.922785093137 9587.958863467877 -2348.4216125956927 -8118.061007366233 -829.0965611227803 907.9421437322962 5711.477449462616 5594.03974067078 9119.157784353403 9266.455066653674 7865.237049656254 5702.536520519619 8172.315698165148 -7018.863877010626 3999.1801770072907 -9005.732215146538 -310.3170264799319 -5792.7489031862715 -9451.19049675185
-9011.008215743319 -37.463925581847434 6787.446702214853 8058.424479760259 -3240.0761885050215 6075.639393738489 8972.276233492827 -371.1195598600825 8294.314464085492 -5781.242023097386 -2894.574064661999 5517.131176146015 -2866.6195808271723 8135.58977201684 -9132.132261705277 343.4175252685618 2112.0902394216155 7712.450280694866 -3554.5531970350867 -6390.701161423318 -634.0281693273882 4108.855078093058 8085.03108684158 3319.8544933793437 -8652.503032048615 -6781.318698815692 -8875.52698451432 -533.6664196243237
3688.888345550122 -2589.4868608030274 -4904.782957342631 5764.507238506778 -5047.916055436152 -9915.87456655691 1464.8288423296526 2743.7295969507704 9040.010282283107 -6056.689667381381 -7680.744135565283 590.7849351231689 -3616.613020257364 6183.227012817639 5763.069574180083 6187.871288305512 8335.75209885179 5685.515544586793 9243.899155344585 -9998.417832660478 2335.8606872943383 424.0126740710348 4814.845933757992 859.3023866064323 -8470.497632045488 -2718.4181796925213 -5335.065136935695 -5170.130712866876
8242.4479553175 -6291.570701583469 6873.73570523235 -1866.2933358394885 6430.735888228795 4845.003782663782 5126.724883443681 7349.506325644299 8080.124347622579 -2928.4660068113208 2313.17891077101 -8296.797046243719 -5350.451771716025 -7824.539946856388 -6101.9760938336 -3747.3629851054648 -9036.8791886632 5881.6614586997475 -3324.501918511127 -8492.31086280129 -5399.81717923387 6426.746202678856 -8169.328893703989 -6646.760332748303 -8669.750282720712 1701.6539525164735 9142.270516332774 2774.573387706245
4564.975157453318 3862.559871386098 -468.65425277820395 3854.438371619628 3928.7841054156634 -346.9169299601908 -5186.301808466018 5107.0808381871575 1513.0108883603116 2718.5807539220204 3017.217548994946 -3602.4401523208053 2684.131512916032 7307.446566470939 -1877.685991721929 -7132.973793433199 -3333.748866405497 -6681.4455129689595 -7446.65534500196 93.21348071755347 5265.599998222759 3492.528132468191 -1653.5922028979294 2857.0360873971003 -5204.131949284094 -9350.075370568902 5785.107715244769 -8129.258201253817
5404.394828389079 5430.082544997675 -9835.743842341846 8378.34653213909 -659.06253909312 5842.381674964874 -680.5572077708275 527.4058745024959 952.7116580800794 -9380.235225208879 -4632.845853422891 2363.070443389155 -2837.8261400283254 1655.2452461310277 1185.8788333951034 3434.7716231457853 -9464.44098721214 3158.1673499813205 -8398.432551890604 -661.4822886253169 6197.407165682183 3744.029898989831 -62.383646308344396 2535.4416131164962 -6015.2531757083525 -1938.4906318122148 8345.152888906563 -4451.160785159578
4693.288116861724 156.4681671612925 8402.196186729201 7996.118571204923 -8637.204423884668 9502.165448511416 3526.924011282934 8986.84809894731 -1100.3447180199673 4203.526275511262 -5677.298129989989 -5236.351811265782 -5507.648025777163 9013.63142081862 -5501.565969579243 748.9478017650436 -3293.681752726083 -4635.6426977301735 -4688.890468069065 -1334.791801217394 7605.022329233125 -8702.580993950727 -4545.757616607951 7623.196224499647 -4307.968851062616 8379.197449688734 -9949.711973510548 -9863.748196598806
-3031.743494144099 5081.598402399606 -5011.631469895741 -1868.3054764422468 3132.0223422633208 -4320.334188222723 9900.49796678371 -6809.608374140405 -8080.976711303878 7073.955668256109 5210.52112833076 1724.5290844852861 9257.771209286795 8359.829300711226 2769.7517408910535 -2139.2690892526352 6356.121757016141 -9634.641995003158 7283.69432868396 8635.730516537355 -9457.422491317486 -5427.760770138563 1299.4458368534943 -573.6507678479738 4959.176575501506 9225.38059299361 -5602.619745595383 6310.7964776747285
-5696.483498319567 1952.8641169136463 6803.849342609279 -9796.203827353858 -911.2796815148686 2850.161649192134 5178.940383145993 -2621.650711356747 -2958.5988490373993 1464.9059490200561 6163.354576116344 -5795.22885061303 4061.5436065630256 442.84184043296955 1891.4304747527021 -2626.776548930514 -581.3281845194961 -7507.129647144695 -6825.3750023035955 -7305.75997212814 -9646.639988527822 1555.898336656077 -5336.86642696517 -8473.092822231809 6828.817043619845 6481.050685170343 -9447.313372576502 6909.828857527718
7990.283443631681 -3305.3264366889352 7351.205145115713 6589.723786809795 4323.37618730211 -7740.502577688701 -2792.0174291052535 6515.138320014372 -8047.519341012668 632.2978653481641 -825.4365234297056 -2148.472142026665 5264.073745854494 -6683.587345047781 8792.750489165068 6299.480699312635 -1097.2139288010567 433.47689065869963 -7906.918688387949 -7447.693151392423 -2594.719271145458 9414.800032204326 5920.56294564921 8043.5946226656415 -2812.194630762634 -4731.92339642404 5261.214083200986 4178.629656425104
-4010.22101055198 -8967.55176056119 -4943.219391814941 5504.962223391336 -2866.5145359522357 8077.855371027141 698.3864979553182 8408.034591759773 7899.407098424206 5987.511154485035 4567.038939506312 -5300.9214366577 7491.929386198761 -1300.250334850778 8417.259608332748 -6882.519651501008 4759.1925068991095 4332.371696178345 -1561.9035110591267 7003.309882260557 8243.800600789444 -8743.442872864689 2643.65302460738 4070.1195121136097 3922.0388121268898 7229.801535737552 8982.065257766037 -3453.9691502533624
-3326.665767066066 -8248.85500118059 5303.495234305112 -4975.549941151332 -3673.2120583580217 -2998.8506822280096 1015.6623177800866 -8353.97300627874 -3926.2442788651124 8193.542890631503 5173.721512394717 3289.547948686428 8316.901356326256 -1874.1555287787469 9601.26464550885 9858.1806955313 2065.985496990963 -8247.29366927696 -3820.957785182344 -8747.98728063339 -4417.603640168879 7238.3418561295 3465.9306081722425 735.5823579112748 18.362241202452424 874.1679563354446 7839.4718342166525 -1749.3156990894859
9492.838961522364 153.8967743716821 6885.772298358643 7327.559212112323 9705.383876916501 -2549.933706812055 -7534.90291464423 -4905.354439968208 -1997.1801270622436 4467.735640218361 -7949.307506030321 -2698.875167158978 -3005.9910994721986 -9552.62929992591 6416.108985269158 -1416.2057509726128 -2459.603319995067 -1800.907135856938 -3136.909208690621 5070.551470163049 8678.214104296538 -6975.981398092661 1175.1238972555457 -2194.163295934113 -7416.451710642967 9483.89995294992 7353.243613937691 457.130545283695
-9427.296010410044 -6993.959324323958 1634.0811617335676 -2887.701062924384 2864.1885788781183 -2619.885558009154 6790.327389355323 2000.9056231045452 -1083.5882468615528 1741.595829918475 9496.251137755127 3112.872426724809 -3901.7377897462093 -9463.916676099425 4127.448393939067 7093.29806883974 -3035.5334776980953 7222.627474261277 -1380.9072764186021 4671.427159854358 -121.78327418429217 1478.4677723442946 -7416.091065636583 2475.702126421953 -5875.8645837018685 -2251.4400665060293 2135.6587093506732 7745.7798205280415
8948.782780242662 -1896.6919423896143 4354.512979898584 -952.4502869941025 -7536.243637179123 9527.47481419905 9787.707126508165 -717.6284220116722 -8480.107856395207 1405.5311699743743 6312.165493884462 -6502.372065900161 5250.033673016371 5788.380467912266 -6608.967985960714 5223.188200620672 -2321.933374620983 7636.2446186495945 -9428.384314044406 392.4884194898623 5480.8459613934865 1242.4395028766394 9558.981487857454 -1451.177228328177 -8584.80415593281 5713.964830680734 -5041.955563264662 -8571.00205670366
-9658.064110147958 -4322.0238542556945 -7899.191860190455 -3882.3126629067574 3037.521483418581 -4537.845089145243 -4973.864785474191 8120.053438388219 8634.671024523814 -1897.7646780670202 464.14967818324294 -5360.188659860248 -2471.7013350797815 9299.849515577032 -5927.784314228391 9939.897894808135 -5381.843376259052 -6581.711347671231 8356.351527450453 9599.726998796552 -7732.824138638869 6598.330783297133 3532.531129270992 -7548.26090601334 7859.37309648432 8515.20862885788 -7464.957774558647 426.2795615654213
8503.480551201366 -1186.9400659512958 -3147.447049265046 2583.405787906244 -5525.280404816896 -6125.034854893243 5257.309822560017 -3605.8819949475 51.435545241816726 4112.513132903863 -3342.156172467281 -6048.368897015334 -2897.65103509225 -2561.442143151782 683.347468472155 7795.20515046897 2448.810773451436 8208.387472996936 -2313.5205253742306 6222.6696304521265 -3695.3151039607237 6542.687567466015 -6157.2495550639815 -7599.443868956888 -6373.178616707213 -133.1806220893577 -7967.125672465089 -7392.851761103519
9448.983309879175 2672.5076234613007 5011.889647262808 -894.4472920738717 8192.813072542507 -9069.174570613372 -1531.027330032257 -3662.0809109564316 7815.604372145197 -7526.439160188643 -6078.303765082742 -1031.1164666091681 -8953.783460079398 7463.39550773082 329.763868902166 -8331.601299246346 -6609.934263143875 2650.020334143557 7363.010338637847 6698.780281563901 -4379.670692732023 1336.3213124170034 -7097.703050541155 -1188.9569562081397 -1168.0013251239307 3166.9934169038042 -9741.610091831326 -8692.810587150529
8430.77108037004 -8281.62527973755 -823.8399403448911 7237.562082028315 3704.5325682081384 -8696.928894297433 -3922.5413917215083 9904.549461350933 1068.3606212920913 -5295.635160572747 -4192.847169609886 763.6651950385003 -6125.915016257031 5662.595617234478 7510.544902904461 -226.98521464816986 3564.8291394511216 -2026.2832297984642 71.41330713334537 -9519.53718608921 -6892.224476203066 -2574.229360720835 1578.7678974633382 8316.12205274728 2115.311622651934 -7645.529051803194 -1852.9396464363272 -1587.3080219259482
-28.161575889460437 -9102.064609636278 9032.824778516235 5174.17248348037 -3737.0287195170285 5800.938981291563 -4754.7802081447535 4398.598601587111 1873.9247400530057 9028.068657832791 2742.5346154333074 3927.513916330314 4686.155029304326 -2767.9692187116925 -4496.629596832582 -283.3202177085095 -8326.765494077781 -2597.955284240592 5996.383482803949 -4209.727499475255 -3118.3277495163657 3045.9474389288443 9325.248287572344 -2658.479972493262 -9484.377692058084 -6437.458197424917 4377.2855419660755 436.31016781975814
4335.261128096476 -2192.0399043694315 9966.612704766481 -7012.666685077875 -8516.452689461354 -2548.247906368253 -7941.951758810526 8044.844759765056 -7334.417150868569 -4258.023075521249 -3557.1819622319053 8642.051483566876 3668.4981140391537 -6961.005605588925 5969.334223671425 7806.44154127856 -922.025878168959 505.14074138825526 -909.2276661220549 -4296.163925044798 -8219.770910766314 -9317.938329647479 -6716.673578679471 6463.347817570884 3254.7785941439543 -5827.657871665799 -3320.133247599877 2272.5052149520034
-8401.462705246879 7996.401632043122 -9129.197135572886 -9890.009245530116 -7940.954547612253 1795.2899524728764 -7701.542661776315 8427.549466567027 -8527.542912009996 -2848.6904472050846 4567.4800180928905 6489.5088097446205 -54.03910869814354 4170.151232414919 6570.946108889835 875.9421765727038 153.0762724792312 8747.08535191086 4195.9044623913105 9549.26373053429 -3858.4666506563935 6702.356156652222 4531.7995706096735 401.64673657053936 1483.4093390785038 -2733.9590856017758 -8551.058909924872 4312.88273639324
8515.449173582769 7044.821501906161 -5528.67332088508 -6744.356437256338 6707.487642141881 686.9791661551862 6960.980052408686 7578.720861100974 -3135.9923982285864 -6781.893593579433 5176.574124333758 4864.173148182303 592.1288387149671 1558.8758369108255 -8046.705695934975 8503.498234161078 -8310.443152023487 -4252.751047709704 2959.288975216703 7649.22830107261 3339.662095451302 9128.460073944829 4735.895075711103 -2611.4988083225835 5581.009491647406 870.3005046978433 8387.224787462688 -5105.874124389884
3738.5626527746335 416.29223340868157 -851.2465536800992 2510.5647427105487 -5662.376318800289 -9479.929159599678 2556.6197991717036 -8387.878807633482 9974.402407483845 -5621.589683001971 -3254.3857201494775 6725.002938509035 -4129.935470133916 -3051.437677605036 -2851.8605147019052 8997.535891488013 -8646.379894142521 -397.69205753583265 7458.541408786772 -5650.331795285737 3689.988100309827 6790.149133775423 6834.462389032506 -7909.166763425692 983.7143252244023 8956.266094241415 -1671.7131936017759 -8648.15646758145
-4726.645351794565 -6767.641250116114 1595.1142713435747 1158.1165752651978 -6372.188715140728 -3402.5563225312007 9970.273070359857 5140.154510860377 -2286.7382781970955 -5652.833944373121 3305.62437584693 -4864.021597982911 -462.8335199199082 9214.930889926793 -3840.632301392946 8077.857816624899 -4117.7679824757 -4317.2835050639715 110.52399470148521 -8472.694583066961 6615.673009789887 -196.65202266186498 812.4343093004027 4755.851784598444 -2985.8669958855553 -3588.066039127225 8609.946632795993 -2798.126068666391
-7376.979409759261 992.7230188142457 -3711.7800026414916 1330.5180719801556 124.61453538016758 -171.63189179889378 -2614.0818415336416 6056.684734640954 -4860.5082301722405 -2133.618784526363 -5367.357422274798 -8974.986989922083 1140.1282391163386 -7328.012730072053 -7290.094839009078 6083.039543828701 -7975.243410716562 9933.059726452313 -4768.676523471327 9075.573943109619 2468.011953421894 5076.168082535371 9189.126356275941 6175.9817179571255 9010.485944494561 5718.467581896935 9654.14364507368 3818.3466477414077
5713.766022840851 5225.963103880886 1217.4163942270407 437.1188555824792 -9951.563292589524 2679.556377173758 -3367.6003907715876 -5169.95750735989 7006.4518481880405 -2931.6517235535675 3278.399665368206 4823.808135696561 -8137.707839419537 -9541.666701435579 -5389.288955349305 2906.96950716432 1916.69569066252 1191.7607145803795 4539.323063826629 8729.9896216776 -862.4092031216678 -6855.3263881654275 9630.244961274391 -9193.827511656551 -7273.536430880133 6585.368527065326 5492.046024391562 7930.448458354938
7060.4960510176315 -6158.558062171704 6485.944651947884 3793.6570089047746 -4345.789226781316 -8022.654499279575 2277.287172532924 -7797.741937363498 3362.887753150888 1495.713224999312 -780.6572863616329 -4575.248554922217 -3099.435050019423 -6189.82528365781 -6032.855335418996 -392.27316863724445 -8230.360295563596 -4620.845017899152 -5819.382241613005 -6450.037353940838 4911.906160222115 -8588.2765909261 7751.904305732674 -7843.4196246233605 7020.741495769958 -4059.214641257585 -6075.0144435920065 -1649.196368204559
5025.66748083544 -4940.143132746782 -4094.9219727857726 856.3364855820437 8492.07201218824 912.0409758923506 9255.309636148242 -1217.6699444170354 -1864.3948657462615 6075.862639558103 -2213.0476060154033 -7584.780939772373 -8459.126946949922 9347.043287138236 5998.480784914853 -9273.500512396062 -3128.694365899154 1406.6197175095422 -4126.913019974776 -5208.043301042931 6455.9541528175505 -6249.184617988138 8673.53614932485 4760.9145886491915 -5469.57769817892 8853.065589260194 7794.588864991671 1138.5526489290169
-2136.0231072072856 -9123.76068378517 3072.4039473692683 1182.8839272888508 -692.6696511357659 -7209.450341721946 -6071.479264781703 -8782.288870675777 -7054.4045501968685 -1089.7445513348212 -5359.662391179559 -3199.6308339413645 1668.1988828660596 -7002.342912679522 -2787.802472622736 2889.1051607282934 8661.800408863273 -3586.8298357007397 2677.0757467540407 -1249.8358508134188 -1733.441850363819 1160.9257803333203 -1717.2410364824045 -6260.528797935867 -4694.221773554284 8104.357632643172 9591.968732489837 -8757.289091792874
-6319.562094623765 4470.852419545943 4209.894063997703 -2324.3644511819703 -3521.903599775411 -2210.190509083205 -7267.119385328222 1909.5383793113215 -2574.1047245393765 1158.9939232476772 -7797.411464779376 3387.2877580594923 1754.7332145934033 -3984.6256702841274 9424.35476211906 3922.3075425705283 -1936.4176797791988 5289.815073617603 -1774.7858558418156 -7220.155929987289 7408.279688557326 4792.638655052297 8179.8790483656885 3224.483378246392 -1432.5030029662576 -3216.530719356292 -3692.9673154249867 -4180.677175310481
-7426.61587907574 2304.8419835804634 802.6696284657537 1750.8460445052915 -1851.9148942755237 2140.761155161321 8329.779806648894 968.2568110563789 -9979.720349576353 4119.82600511467 -1759.6970834143776 307.5222771245426 5327.958282612359 7760.005176195838 5716.946823013905 -6548.795439189005 -8288.136487409496 -9444.245051221027 -9031.48502467511 5785.583511624425 -2504.3384851241644 6335.566515159431 -8029.435858747515 4467.058874266388 4920.500539324308 -3441.5523266023865 9743.063130684073 643.467611164635
-1581.5716807596946 -5293.397524092107 1240.772585489116 -2366.804965298513 -8849.693636928632 9329.887018169291 4854.7655605521995 -6294.548375411974 2473.201236880148 -4306.794315630489 4431.904446387551 5341.7651574455795 -9196.487911219809 -582.9887373603488 8154.2795067521765 -4322.868225101366 -9060.626400749932 -7104.164993773227 7631.982694498594 8323.430368248763 -9001.62632148882 -2614.7672331518597 -7102.665982726507 -4386.385485897639 -9214.897336213167 4132.1087920441205 5391.683972985809 9479.848451200021
2724.4741091178003 -7431.864568736888 -3880.9390815387633 -0.9349525398756668 -2910.2509381689742 -7610.556666233002 -7776.584327305691 8588.056806570537 -7535.164034161806 -9640.382853382785 -8989.954984851072 9588.853976017399 253.88157199946545 2722.170672629036 -1758.9927041568499 7341.731034144224 -672.6138417327256 -4794.280887766946 2053.5989285472497 7193.651526206759 8783.970007239906 2359.9909848383995 212.95174370605855 -6576.2633016307755 8006.698965602067 2672.4033264005084 -9599.622371025149 4981.869673143747
-7813.182446788614 -5104.518762206558 -3767.6822969847335 7919.468850673962 -2125.847642394945 -785.3582699467061 4626.598775246755 -3889.1194682885043 7553.115973921951 -9774.133077467017 5943.161365845932 2108.928903500282 -644.5231496849628 -6892.022930762651 -1674.4934879120447 1728.7696722573328 -2520.8366485320257 -7877.086665849014 -5234.334225171992 9244.570452077161 7575.939223788759 -2756.4636387413066 3460.6807323111098 6859.121569470539 4979.6019795030425 2909.6381720301342 -1662.4677064201624 -6608.068192009835
-5116.183520274795 4499.025887512771 -6502.348918364969 -1152.6976368981686 -6213.046894480594 8001.370217327152 -5521.29320436731 9529.69436248294 -9881.58720862448 5704.139335925678 -50.8491461629892 -9863.087089467303 7569.389664945666 9452.184758383108 8727.800238447817 -6775.255261583186 4194.240727562979 -6233.279732117072 -5546.404586397566 -606.4051390093355 -5546.474364459155 4188.697040380657 8277.704440058176 -3299.061388924143 -3607.2634447557884 7628.168700837559 -6285.798608841411 1862.0182125225201
2065.051865497242 -3812.2431886982613 -1724.5626054792465 9297.252156183695 -116.35737472573965 -8680.005533791775 -6696.888056258909 -262.4627462069566 7020.25465251983 2540.5869397601073 -3856.9878644812425 -1325.0564809913558 5643.624410176504 9407.796658406522 5188.771576204317 1473.3272675871722 -3229.556553481654 -8291.08472777697 2313.765364013856 -5513.190389579468 7419.403955429683 9252.388501336925 256.1640761071376 132.45122354438172 4565.005086088973 9541.670425005774 -9422.715211269488 -4320.087145046696
-3806.739221711937 2256.6681488523373 4837.559471088691 -6189.27878317268 -5570.410492033082 452.76079174584993 2375.7817130202093 -530.7532620130787 -4277.143101613226 -3251.8618525019874 -8462.836077537648 -935.6104101501369 -8162.616434811083 -5665.11274615691 -8164.333161506609 3534.2512880951363 -1800.481275680726 1583.8560769952273 -1931.3010073085634 5028.875836159474 1556.012537968083 6735.8703301641435 9697.642546299296 8437.049067851407 -8895.050009803701 7572.886556899179 -1501.1182229090427 2738.4318417361173
-7978.3146074718525 -7057.410925063841 3881.8731575046386 -4633.3352222103285 -8360.716162594043 -9863.379860299921 -9512.110183595614 1885.0839151310447 4939.8489642062705 -5506.1749201187495 -5889.031811461434 5314.860030138352 -863.2828930884589 -4782.811517943104 -6458.582656741547 6885.5354660432495 -8370.88314199325 -9905.446354513311 1246.0146533280167 6144.144464218602 -4048.5625797558496 -3527.635279324825 -6711.381280179691 -2361.3538622443266 5380.021406311633 -901.7459060572364 -6116.299193806188 5153.072731801143
-5535.475796796447 7186.1162751791235 2212.965550304136 9655.940231096803 -5383.355652512598 747.068213179853 8624.338201028175 -3378.677438945452 -9663.087165004179 -8447.102466051792 139.02741673865967 -8094.4254827426885 1214.0249739188748 2392.645773943681 -6651.886745343116 5731.24083880199 -2197.612564371705 -3890.8889206322365 4347.325253925552 -3427.433367708295 2633.8912336238973 -4038.3687856496263 6123.347593147551 -3816.785861532033 815.9121463849606 -9470.475224111484 2092.15394181967 2874.9307297864398
-4707.929086348006 -3353.6737572744823 -7655.882169209179 -4357.770266386585 -435.1356031754167 6645.638853588884 3642.5833054586546 -7153.182202259361 -7020.9055221334565 3869.554005628992 -4060.418744523741 5907.029893448393 -2793.1166351674256 3609.859957066965 4618.343175743577 -9672.07804265354 5885.880894151322 -4665.022093344742 349.87965388950033 -5480.187235310694 -5697.1713398576985 8357.042190644719 -6079.53831399537 -8455.20571461955 -8067.117751812103 7655.060742281999 -3594.853637472728 -7029.9643845527335
-9356.741400295487 2460.3080316370542 -3990.7927224990462 -8634.680851215184 6637.239423660139 -9894.737329376603 8766.753317411563 -221.77525553895612 1040.3811783573437 7220.748763099546 -9767.071876157732 6277.425739310864 572.1806909848528 -6173.287215787595 155.1081816756323 2517.2296218654956 -6318.617835248475 6831.562978412356 -3776.48831763443 4825.117849024791 -3141.4865826212244 -9583.095896382545 8333.304073550007 1160.7160361984043 -1475.9025106776098 7799.664677566107 -8348.429328588722 -4343.6947433342875
7468.893916724846 6261.517905830151 -2753.1292784593743 3640.2985770035666 -9103.704527114742 4162.71739779762 -3100.7046862609996 7191.625393864193 285.6220170714387 6414.140586359532 -4906.231987762301 6271.447984530287 2290.302149078645 -5072.835896448165 6015.6301380873665 -8481.152843355496 1138.314203420894 8019.3656005782905 -512.8038198286577 8232.70309955065 7342.352617610555 713.0450660262795 -4734.75098292514 -3978.1162794104066 -557.6718423383245 8530.84461212864 2922.4941961756685 5382.736699476192
-764.9134514763064 -9845.317766122045 8756.198907295337 2650.8856071978807 -2004.1057892890121 -3236.176392443249 8979.885266787569 -6597.950952311405 4983.616516146518 3202.740766786801 5216.060627404311 6791.198212191237 -9639.721971838995 8543.61930714731 -7109.557682633234 3660.907102511015 -7803.619140398932 -6316.129119342633 1597.8427844324142 -2229.344075743893 -905.8470877312357 102.78367900404737 3491.316436263187 -8653.22110188296 -1939.7100832896276 -9953.358557894127 -4214.8620463613315 -435.7068169417835
-9665.261021648654 -1080.911392798036 -7082.439858456919 7373.117383142959 -4682.76580778795 -2974.8999060801325 2375.7613344288548 9529.981869045874 7794.320784980275 -7552.376973684758 -2050.331845973532 -2252.237184222634 -2695.9662678352524 9963.676261971374 2184.5544771548994 8008.02846919822 148.9040739797565 6012.408050767866 5189.589254704822 459.0102462019986 9874.622819663316 -6602.201045333247 -3090.439761045094 -6112.789849692175 -2109.08817892375 -8875.750387065724 -5777.79033124141 652.2576687019264
5264.6268564001675 -977.3010970089108 2136.733049748522 7074.065345926316 6143.972340482698 4882.47685059345 -6861.973145574693 -7782.104466170686 8887.899660939813 -5741.533478180332 2583.7918035461007 3001.5995929839883 -5914.0659441325515 -3112.331080097606 -3290.21534991061 8595.513000087081 9154.795621522833 2526.909547843703 -3483.0016033125585 -5175.807952321914 6122.511049222479 -1534.4867739956153 1342.3332065788545 9918.073098456236 6250.746871001158 9699.290538867652 -417.8282902973133 -4999.405751040859
4402.742906630299 4687.661451447961 -6378.9543745819465 -6511.088850415028 9730.258003274848 2401.9782088344964 1395.002500475357 1423.1969061533964 313.46147431844656 4474.395494514027 5142.506360900983 -7269.378372396244 6166.311575479573 2040.0572228551227 -1505.6348640672913 9170.20329166083 -4740.516173403573 2819.4686825288645 -6966.321281593493 -6341.992662333125 -4259.232602408103 -2067.0784861533 9259.21784454932 -1431.3297713317352 3233.0631147589957 -4428.941492899076 5117.504873779888 5591.7643909462495
-4995.996264245832 -191.16250257210413 -8486.021860735673 1055.9439654041107 -9123.77079416928 6267.911953513059 -2467.8969924713874 3382.4124576943814 9700.258162199836 -7616.880127067767 3738.3790865805386 8483.91265688376 -4424.2343014278185 3423.40261321254 -6568.653827434389 4796.023875762161 9391.870302549687 7357.373809184355 -9773.503310062853 1414.8136785515871 -8545.55949702518 -9807.185560892834 -5995.173161729681 -6937.814963890918 -4879.843957782231 4343.166720003392 -1910.612990728253 -4510.985785006416
-1997.4988295740159 4338.497083099866 4771.520317189681 -7303.02216532833 -2534.2125695082186 -1959.1408264485353 5435.704235458805 -2229.214941053923 -9000.60856267332 6609.892829564171 9974.980132829947 -2972.692638409553 8807.933355148252 9216.147367136593 5348.794639926495 -6739.908271909158 -3680.2368558357475 6863.098481185087 7421.6686400418985 -4067.0833809799924 -9380.387185036605 -8771.96419443652 -4609.98679942187 242.69493289657294 8955.327373697557 -4042.105558983413 -2977.3114917161483 2240.7061000535195
6780.7137932653495 2290.66321111063 -9277.80046911181 7132.769811069145 -4988.104231483372 6431.065173224331 -1555.2616430526414 7446.005873407805 5651.081880091515 -2918.159250404089 9977.402786030372 190.04320749666658 -6277.587141045719 2187.846473614689 -8024.603025996064 3105.9318528849653 -8491.181150302524 7382.091823754839 -6056.004766987335 -4043.0395381720173 9498.259902372163 -1884.2776992594845 5826.980321761561 -7962.644499699041 -5074.521564794041 3099.394879673391 5173.679380792624 -2731.1483495315515
5764.085715511508 3292.611633835166 -6776.688492022091 9170.148091562052 4565.75561196962 -3950.190815007566 713.7880454186579 7855.6168793661855 2401.2529038682314 -7054.847748929343 -8094.969750727643 3895.51692505324 1806.012834660556 2894.222318611586 -1096.1632139203612 -9003.876281707306 -660.5958368678766 9420.737578866916 -253.07346724566378 -6208.53397015767 1008.912129103488 1844.907010166453 -5883.03627222178 3553.7768639669393 -2480.5002052969276 -8907.537975021934 3623.503830818692 1409.2485762484757
-6009.191071415078 -1038.184945299743 5572.745125481202 -7164.200291371021 -4588.661144609831 1021.3570571771033 -4339.765901970843 971.7416283576913 -704.4464358850892 8209.892233581711 -3101.0091862004538 4241.291046869355 9238.192367887536 -2612.7917082296162 9666.485724077236 -5219.183432055234 -9398.848376355107 9578.88520675684 6820.928207838057 -1694.2592444264428 -1273.5312855948287 -3854.502665065982 -6564.277633683478 8370.889441061248 -5074.744213549012 -4749.172368663828 -7562.395003258602 -8517.0475721612
-6224.883434678428 9105.436759460514 6140.572330180532 -5411.530971915528 516.7795975298868 9328.314497702439 -3516.5213398741944 -57.571150602945636 258.1562023465631 5440.457808624302 4834.054781885639 -1030.8659945939871 -8872.943639343506 -2074.0677157994614 7283.475413934604 -3486.3020070027906 602.3004076344641 7914.901254445034 7337.183613440742 -5838.24618106795 1455.4538947543351 -7094.195908012406 -734.5971862876413 -2699.6115437886956 2709.115506347949 6435.093190172047 8243.822142457411 -2620.9593247037956
-2991.634209475469 -5743.813198885235 6774.123166821191 -2761.154792906542 -19.42493804609512 4219.318381682047 -5513.584205823845 6523.826851333233 -8612.855575217072 1266.5752712186168 3438.545472980135 -505.8205030847639 9055.677613893811 -3039.025535881452 -7468.370576214849 -7068.696414652931 6632.94263942197 -366.61846541453815 1579.4954572773913 -9251.104546653249 -6340.7444252694 -3522.960388258869 -3442.3624495305867 -8995.35664132756 -7294.429962193932 3726.486561279702 1680.015596514062 2275.0267436019512
-3712.758647799421 3794.7606952189653 -3253.612838378488 -9651.020079273936 2258.052884724246 -4117.057271384435 7526.451000914716 7449.772209567796 -8243.312312663114 -9048.473545521196 -7223.9207779872895 21.02980585088335 6596.504266608201 -2931.6355324065516 9780.7670416486 -5593.755997951244 4809.952066784152 6953.1794748299 -2076.5844992908214 -2673.800875668535 9498.7128950378 3170.9375458331324 -4222.187231150292 -9399.490354864745 -5359.855377241929 5970.340073817126 9556.938186084739 -3390.6781097528874
6817.219785075522 5742.334409742489 5881.943024646165 2796.510277557194 8049.742944281734 9300.060667211987 5264.865215610895 -9062.18411439461 -9412.90195536854 -6611.692184203097 9979.350839439332 -6833.253843638571 -7719.809952637166 -7339.739540058263 347.51924898623474 1986.1486991430302 42.531225588691086 4955.838356967661 -4064.6237718228194 1787.46999802738 2174.656096867244 6205.988353938956 5804.470784725443 9792.327089861108 -1490.366478036387 8482.27327031767 6908.606666065974 -1205.4554293157162
-8457.681729823897 444.13424402457895 310.03798148633905 -6125.778555538881 5425.901187428137 4151.144109496558 -6432.313648833554 -2685.088184365809 -9542.109094965548 4700.310294205758 972.1704872900391 9888.909283783745 -6301.182543792658 5402.010185330679 -6613.21400620829 -898.2156741790022 -3547.361055492819 2593.108188973303 3629.9792821998417 97.02116229227431 -449.9834572317777 -8391.891881564216 -3976.277073550714 -1932.4002204083172 -3211.1923159636553 5400.802342131259 -5050.331750028147 -7518.4541192984725
-5466.7229303221475 1201.0803630840019 269.7392554623839 -123.63068382856 -6490.418387185446 -2002.7060387267757 8482.301387847914 7307.158137198927 -3901.291877937547 6284.4214786812245 9907.959025289132 564.7662461786094 7500.096761454497 -3233.505636885461 -7731.507111819058 -4408.462957592934 -533.7265689713222 -556.8735168389885 1892.7627702023256 -1525.3846067512586 -7373.076214387975 5669.328526938296 2760.4795253046195 -2081.070603313884 7424.873591560263 4447.523133285944 1008.4016125639591 -3751.5066664184933
-7547.135917862249 7390.391685417573 7665.974035091593 8537.586906979817 -3841.4166123758005 -1999.8623445247567 -3169.5229077078266 1951.3623828169875 8228.740391934076 -4685.461151583541 427.0279235063754 -2217.418019772901 125.29618619678331 6799.283503890914 -2418.6459951881116 -8636.41881626088 -7101.204464976525 -9077.732777314135 9085.747976520179 -757.5009420641927 -8471.386513930174 3547.025370808333 1494.9525805448393 -9002.86720426025 8166.678977940697 -3665.293465950337 1933.7039366654044 -6305.066474503611
2344.654541237207 1648.549326250235 7440.680755637637 -5916.782238749045 -1641.1218734641552 9545.252342968051 -1633.2576723445309 7467.809431373811 3514.9918866091066 -6639.380951730372 -9536.067862997153 8988.479015778114 9614.659024468085 5006.637710691142 -2684.9340654383695 6936.50317948818 -1454.0367460086181 4950.348588771174 2387.1335699200154 -4185.259308399219 -2994.195903470256 5720.074611385313 2915.476614438823 7783.139633933086 6305.950710897379 -5172.929096420457 1833.9870476703582 9389.35890327907
-6104.615709580372 -3644.099495470665 -1407.9452510628144 -3853.1813912438292 8042.149241430801 -1152.6325226147583 3767.186335713148 -2651.5351668307894 8449.33053880827 -5227.015150286556 -7849.324867588194 -6291.361330608432 -8906.900696756904 -3408.9261703480697 -2429.4748522799828 -766.8914661811268 -7728.7489845905275 7250.67738053255 -7844.955377883067 1759.0676544150283 4763.08620017823 -482.49787928545265 -1178.3327777357736 -3066.9875176160685 -4443.882542150057 -1345.235343653978 5451.131526165769 -6837.486526561897
8857.313188407286 2784.9854345817475 8557.141218826295 -8259.329409735543 -1948.9373056025624 8230.965861544642 -8874.50760086228 -1260.5981046791876 -2213.9790631991937 -7556.298739888463 2493.714876867867 7208.218057956328 1548.2298406579703 5712.777673313665 -9048.173499729162 -4328.088265839149 -1624.2954002458919 -4589.221416424037 -6759.539185611155 -7018.514506753426 -9472.733489806073 2391.809639914498 -7852.957169396793 -8091.7042467245 -1992.0529036988646 2360.2733994567006 -6158.151680213986 6460.733574487967
3279.171597557366 3010.622138235496 1141.089157200493 6490.195360761689 1469.9518941841725 6493.088609988194 -9819.515614479345 -2034.87550102784 -8711.316305070264 -695.4136732236602 7182.6744890306 -8877.089093963787 645.8456451942511 153.90591636130557 -6192.983178763685 3915.7405491567824 1895.602342997885 1093.6426787973287 -1519.4214325656176 -9174.569388854878 -9751.906212503267 -8605.454880172092 -8155.643378009301 3344.984587358047 -1044.2229722800512 5985.068022360487 -427.12414955069653 4820.426923685305
-933.1668717684133 -8185.515405032275 -4875.853899776079 -7758.211333370926 1322.006720477786 -387.5549848772225 -1434.6480675732728 -8581.18168184095 -3886.741314167961 -3473.594787506833 -7633.919017582065 8641.985545860716 -5224.628338783739 -3468.3620568982287 -3521.497047956548 -3925.2522761342816 -6808.523365929357 -5743.487547745301 -5658.9050036657 -2126.005749863398 -7802.747824467211 6651.360591279983 -9295.695931624454 -7.904825489409632 -9697.700557782753 -6542.466198223252 -4178.117627224556 9012.24800349618
-4616.682981374715 -6691.197300959895 -2626.1501630685234 395.46323804287204 5986.978754386188 -4544.9837128021045 -687.4414697998654 -5241.965154424408 963.9166593814407 9680.578058811021 -5884.4263067008205 9844.939120024283 -6072.962835056143 4530.175669598122 2504.8090896724934 -3132.737048304224 -32.34616555842331 576.6985934506174 -5799.201168721631 1784.3888051928952 -4438.742426444564 -8211.180871215167 -5183.804178845048 2784.8341765727673 4910.115706963865 -5220.051108148822 620.4035340327318 5718.218113445953
-6264.63625250286 -9956.734474940507 -6366.283446888825 1940.575108879273 3085.634925980361 -8375.670998793676 -1714.6394130124172 7037.946388906694 9935.931484119912 1492.2451481506941 4006.0026262539523 4119.712440288127 -5007.0939784028105 684.049438180713 -5167.854974396677 9728.812667697555 8810.857479852315 5124.018183442209 -6618.094254414244 -2494.616469517626 -2665.455499320633 8914.93699992619 1306.2137024363583 9322.085270902557 -4227.298514094693 9165.266489707912 6922.751372317827 4212.549011285626
8216.25407792694 -4575.429899830401 -8909.663809148251 -353.0269864133079 7108.969957665191 6982.568728401951 2549.3575423058664 3524.2176245308965 -8408.713940381183 -6461.309002267157 -9171.595355216397 -9330.087157368162 8359.059381105162 -755.5051782468672 3172.5070055282577 3531.814348572718 -8919.35042926577 2692.919148173014 9731.567190363858 2534.3605437346414 510.191425944784 -897.1950966262539 9755.866463632938 5572.4088807119515 -4553.208281885548 5887.295604622594 -3051.836930556866 -324.65529666849943
-1050.129834691972 -3833.715681981329 1663.7612345182588 -8349.005921762102 7347.593648630576 -910.1297879970007 6827.784775609183 -6349.7027044605475 -5809.583483850595 7785.262024710992 1669.9321255807627 -2962.498913939986 -4794.774465707654 -9780.773004646986 2910.3415790033723 -523.1131017773932 -8240.840964138995 7891.949506406392 1625.8952917211773 6216.810485706259 8513.305201167805 -5222.711637977044 3771.559160123743 9998.613881355897 -5360.9676024119435 -2595.373305713946 2705.7584453115924 -4506.484968279665
-9462.36829357777 1619.9956290345162 9833.337142489763 -3158.4246192116443 469.2943690860084 347.8867358271764 -6225.329324401201 3955.2009347376297 -6603.103407795534 4450.025107028856 -2262.3545886884067 6808.9319839051495 -8859.054893160403 6066.276328250655 -8657.898986614953 6320.08632036181 8698.562862387316 -1487.6080649712821 3193.6031091269197 -1681.8716814218096 2092.513310941389 85.1796935554703 -6937.325114698083 -5512.2222987115065 3711.69545249198 5921.576087229445 3225.9710608867426 8242.335974603524
1 28
9000.071871566008 2547.438782940313 -9161.198401502268 -3899.156577739025 3468.110967591454 838.3816222840596 -7417.860843256949 -6503.525801927888 2005.2817203351333 3650.491364761485 3896.6535360178113 9571.0987545485 -9269.556068368736 5178.3573050564555 8143.547959456839 4921.00301539218 -6494.500358930682 -4267.2125293446015 6741.351036052223 3194.221901439516 4649.969288718319 -4855.77754885076 479.88948981565954 -9585.379715587613 4589.099549580382 6305.904215605196 6990.6311444429775 -9005.301487844503
