93 32
926.7209359341887 -994.6998368547374 8960.86116623872 -890.929392748003 -837.1499833407634 3961.79306523774 -939.1094008560012 1112.5553409170734 9993.147349906518 2771.8134529768213 5231.902653822768 -2628.239679944939 -177.81773370905103 -1063.9752094482028 -7523.71241956314 -6478.194597215921 -9849.93070718988 9332.700830864873 3740.645224236552 -1560.6092022920511 6140.758756610754 9200.511232784833 9987.794541384264 -249.7310793637589 -5654.202786998837 -8909.142019721741 8950.141643172941 6809.380307759311 -8744.720978723242 -8232.176805172016 4393.642191155437 -595.0569832273559
-6370.64910400666 -3938.858440379374 2341.8917124047475 3185.9984373304396 4406.875961167516 9545.125893856122 -3489.038534673583 -5491.685099359432 9022.40815215193 -3426.7461092342355 -8136.151525891378 1251.391066764285 7835.225584266893 -6828.678875742775 -272.31788475285975 2423.504717118305 -4632.316486628672 6481.099416405137 -2914.899046258368 -5262.959338747352 1059.460702825083 9020.489246923189 2084.7009289452726 -1923.1554148467603 1497.9074771839387 -5080.720490540689 3664.3387973730187 -4593.84134359286 4467.922458264507 7703.913251657585 8198.428606584359 -1783.5268312116568
8291.838441276039 -3276.252589916302 -5005.74451763639 3569.434837951929 -9752.096436299658 8862.238398416728 4415.29394487705 -5265.43882142122 -5726.812370827419 6332.283261182876 167.2524063867604 -6565.036433496745 -2155.3261629613644 8620.415837300032 889.5483619330371 -8897.478447970128 -4614.104385567961 8090.093890905617 6800.863595011098 7853.91728998068 -5582.723152792797 7764.081543844557 1447.8374277898802 -2503.4308458797504 -1053.2414574906797 -663.407750221153 4496.638124468349 -4073.1477892771254 1919.7494853871885 -5385.243557702206 -349.97431884050457 66.31845692315619
1935.3657434526413 314.80285865215046 7628.829939877436 4115.152337189551 8324.341157416842 -3876.550706345145 6847.651919090789 2125.16113256642 -3900.203802378279 5341.343806135477 -8823.372449286537 8569.609661143946 6983.815306173958 -1621.8340227593017 -1467.9452106148347 -18.1653368784755 -5492.281483817196 -2207.495676032483 -4411.975135898054 -2607.1472640837665 -2277.8380950394594 7658.745255432295 9876.446932213777 -3800.4328548162002 5034.104104194437 -4698.448827755075 -7416.9566411961905 -6798.803266418818 14.318556754640667 7400.670100000614 8014.8965224247295 -9543.94336397166
8151.137145091685 3218.4411833301365 -4723.926057745786 -2300.8039308261723 -7251.304546508625 -797.0465564490987 3309.508199194477 -7109.819919878071 5271.04466299474 -2575.5732634328087 -3608.1452321419974 7878.649815779587 -1613.0506539326088 1469.1297181381688 -465.7098337727348 9189.68289670999 -8238.110900209502 -9624.14783660437 -2233.7637693073884 4193.197500929704 164.40770084895848 -5290.29433535704 -27.086279144998116 3619.703496250655 470.9853818849133 -6203.469233282904 2176.5815813046665 -6069.38809244685 8062.534686962084 5421.11221080689 8645.332072490037 5833.974358149035
-56.22067380759654 2207.5839936163848 -9590.936261919298 5072.57805550607 4668.187602525424 -4562.057973536495 1351.1791880336314 8467.291882027395 4980.065627797956 8323.387779221594 -9482.931304348635 2103.486534715179 -6159.753170629152 7268.6646680131635 4071.921288200385 3032.7912587023275 -2790.6628852143413 -9910.505245697745 -5658.116074406592 -690.4787956011296 -8443.187988105923 -6483.401259577035 3013.6386679834177 -8525.286561887164 -2384.6734544273195 -6782.899939172251 9201.744833093311 2227.2833483430877 4142.247133277915 -8164.379529920547 199.5542304462124 115.3087061860042
1068.178792472463 4747.068593277108 -256.29599209594016 -8082.714749670219 -6116.589701186274 -5825.613404380268 -9054.430405720608 -9527.277204828422 -7770.728491870335 -1279.6831821929973 3588.5289016965435 7000.590307558912 -1132.1981600838171 6858.696670129906 8466.695225414303 5150.84766335393 -9996.834295604387 7246.038954301752 -3985.232081743866 -3998.576449292501 2852.579196781564 5715.508863097744 3460.9000862027915 -3865.1845432410983 6422.388875885805 5277.105627750096 8262.26462685323 -3292.264851857696 299.857678231363 1446.0568586290392 2760.1423459097005 -3568.680166858462
-3175.9942156811576 -6803.768112854395 -6406.523443106216 9664.252047773138 8817.87850317741 8610.107994594393 -7798.126026249268 9852.275201789835 -7105.139705817604 2990.5451162741974 6085.197825344001 -538.6262304136526 -6210.724948094908 -1391.8474754166346 -6184.282370100196 -6740.022024583243 9287.150374205332 -4415.780990642395 7410.730749764512 206.43024127665376 6028.6037335487745 4490.880351348547 -5252.707955894924 9786.958766282412 2181.5718498962415 4250.851351310805 -6435.640637246834 3151.8485520174236 5843.922484836625 -1090.0465705368933 1984.6191119987216 4365.847516690428
-1502.326056511154 -5195.434840098383 1888.1980403982216 -5378.662068659625 5224.408873301316 -3943.7490129254684 8984.250847557632 2782.496960695984 9383.482812457838 -4138.249561043152 -3191.2701831998083 -3597.7804837711356 -7352.634052916452 -5311.082420774737 7946.413675013715 3327.876400884101 -1679.1000549520668 9071.7172074316 -7223.88107151595 4436.021303709807 9081.173865735382 -2232.623016647968 4749.221526066818 -9924.5427319823 6726.016170206225 4514.480409721422 -9984.927571506301 1517.7452452126145 -9196.493051827438 -4663.115584180639 -6264.283891176596 -9894.520424609444
6.032678388059139 -4034.9776990319388 8657.843806552039 7159.762315872013 -4766.051744881636 2115.207438939635 -615.2196881610726 6918.938774205191 -4562.131835556109 -5723.076196905141 573.7698802118266 -3832.836683020484 -6771.483322551515 -7696.563985330229 -4489.501799671649 -6799.098050672559 9082.810155951658 -5444.862827004114 -9723.294029157274 -7836.275022496568 9999.229621568586 9705.028520360283 -7011.832895123713 -7367.102686490112 8792.373671391968 -1642.7780719341936 -4875.118511282321 -4681.2793659876515 -49.063751009103726 -3474.806705046183 -1776.523956908757 -4048.9570829465138
1381.5301923825791 -8250.161105410323 -162.40959600620954 5044.424313094618 -8299.120876316872 -3969.8230371504524 -3394.2979100287293 -146.54884501824927 2183.6193018939393 4210.442579523849 463.92584561226795 -8026.314647365396 5978.710231655585 3240.1561042171343 7601.416728773565 6457.1949776107285 295.56545005941916 -4237.593081206266 -5933.159393040092 9794.559365231045 9048.338330914135 -4251.801237790347 1658.34866731904 -655.6225767263713 -2980.3834147945763 7613.3043159143745 4991.67459614932 1071.2754317696435 5200.294554679669 -5206.212867187707 3252.0563521608856 -6794.011953602121
4165.147994765328 -2874.3686734051635 -1197.4987588949261 -8779.297696725185 -6650.29617055885 4149.4545332155485 9895.663045633428 3891.057406525264 8008.8523720715675 942.655416470745 7663.44426716202 2035.7297701295265 -8485.633004028892 890.039142605996 7316.048902913764 8985.830011027843 934.4437730418667 -1287.3897315175127 -451.8068170330607 -4846.463055638752 -8024.553468919231 8466.204940543415 -3116.4473564474984 -291.5829308181528 2331.8790419900106 -2169.665901850457 -8578.286723806303 8804.68138197518 -3660.9169994149224 -199.6565335629839 8837.829649258532 9659.348113420561
-764.4262472191404 -8318.70535015819 7924.605185623543 -5189.749961163137 2116.3510388378545 3851.8730130927106 7463.698032363769 -2567.65853864817 6364.914093635814 -6702.634104964635 -8297.067728431412 -7252.903418365788 -3383.427222992108 2832.644165453481 -3748.88231463822 -4151.313069101053 -5155.757939122623 9590.913548973342 135.8854247976742 -9436.128541382037 -5037.480272603365 5382.65509647782 7887.960737011235 7365.500895528399 9858.946943909126 -8559.36955058252 1821.910179394239 -7248.820741710655 -135.03211357859618 -4429.042382934187 4922.8955018040615 -5388.3432178240455
-6139.848239524603 7428.747474147673 9743.964525153162 5589.860955738084 -5004.498112274531 7281.493986968137 -1540.068359425477 5756.2223637203915 -4767.486244039298 -5754.00596233004 -4243.647358969381 4399.056700533813 7499.127645132641 3975.9517290826134 -2225.6847972686273 -9614.986766263379 -9889.129334390276 107.67120171884562 -1702.8531177884852 -9495.310556751529 -3313.13549232231 -1930.954307548931 -8598.709241720991 6897.821593884291 -9567.882326895895 3020.093380524222 3642.480988371328 -3582.574697153167 5348.796517828587 6238.044869004691 -6494.289921342318 239.66660705448703
-2781.992701837783 -4691.306138825051 3557.9212983967664 -2749.3563671071315 -6371.1731020345105 -6004.5301966223215 -4064.452287406637 -1950.7529137023184 -4309.848688047544 3729.6184682751446 4879.27944466836 5255.838153815377 -1823.7275841782612 3802.437593916291 8018.3809358372855 413.57962172934276 3352.9541591913858 -3627.240521035953 5755.871062723396 7254.278575764718 -7244.610960089312 -8654.59231440874 8714.76845299107 -7419.979361615007 -9676.885770784664 4360.121510222476 1320.4157396966439 1385.2836945820982 -5333.773845005147 4769.838472224921 -8198.516723533761 -6874.9323147637115
-5696.550747324016 8979.560512183052 5615.706938644931 -2300.1597512385088 3066.769179804909 6476.879288378917 -9805.19265453988 -4746.160423615793 -7723.9509183542705 -2430.2368452890314 -2641.1578859263864 -1486.498367387323 2448.7917719079833 5198.536691231382 -9232.907402109458 5212.659262733712 5576.518052573016 -3778.4010618571037 3701.932324270272 -742.8105364338826 7045.087219251451 -4433.576035201357 -5227.102107609691 7527.464946537704 -1129.2622559043411 5621.891049306008 9807.1484359547 6926.576515528079 7962.1417622256595 4754.742157929253 3261.1218869096374 6343.73391890152
1030.0226943067028 4537.789780760018 4872.11118459204 6311.385465180159 594.8744782045542 -5791.879619527538 -5309.012551283008 4106.625469906248 8084.5601765804895 -1828.284598815395 -2094.809601570196 501.3642625891407 6890.033527466494 3727.2658112374284 7900.473689249087 2484.733367619132 -2392.4718518237005 3630.1450395271168 -7129.183648178281 263.9144860933702 -1217.020411000316 -4557.661550672771 7733.813148042638 7559.56481022992 877.303242423317 6746.23746438076 -6107.820565776967 1253.893361065946 -743.2634451278063 1631.9786324204724 -1688.0412430613087 5446.110986259975
-7806.604616405623 -1260.2907859843363 -552.642233922501 9675.519508622416 -6424.244232194438 -2465.286619552143 -1371.705406259085 -379.5199118072469 -7810.898354629281 6522.1328798784525 -914.3724060590339 3443.4190375760936 5259.8398901754845 -1155.2444941528556 4441.130852104916 -7878.330124384456 -8373.123658429075 2427.9229750823233 7553.396996662879 -6442.997939246733 4269.9184157364525 1637.1438443209227 -3258.9307446647626 5575.667516906982 9675.357167607108 -1420.3282308238558 -5712.366363820969 -4259.799232046526 -9384.662661050477 -328.97593861361383 -9057.668231074545 -2088.465351278346
8386.961738806032 -3818.458881224209 -4783.627963049148 5829.094734672477 -2265.0065701296016 8545.879539897574 739.9107620026625 170.48190373896432 -4213.624147844248 -5251.781054705993 3809.472676275729 -1675.5703939713821 2105.445545097711 -9393.39095061215 3789.768367249402 -1263.0126633693944 552.7098187833799 1738.5673341021102 -8112.454777832698 8263.486874832397 6947.743827041104 5553.564331161007 7941.216987871208 5731.95233427305 3175.5214119511456 4138.012863550446 5547.01192298059 9952.527958257586 8782.253173800753 8421.000229009718 9403.897660120787 -178.2852993353772
7674.1193382046295 2447.8703291947386 6807.872209588619 -2667.5992969812332 -3663.822992145014 -3711.086471443119 -7339.484257340177 1324.4960192598246 6777.728820902459 1574.8932423058304 8669.7388171587 5586.15099271377 -166.03001713384947 -6130.423367939912 1518.7119768918437 -8156.716679124783 4789.349920292303 6520.119246643764 -465.85014275957474 1810.4134011221322 7096.041279855399 -4832.19220206299 -4640.7769259546285 6556.081752692655 -2278.9243032514687 -9274.134216352346 -2974.6647181474436 -7043.107401758808 -8504.540943218122 999.4617124902943 -414.7957189380377 -9515.086350566502
-9857.048954858627 9501.894264697654 -8898.40998188806 8319.174105017071 -6334.56961505741 1284.1922549529027 -2474.357502152023 -1814.4855000643374 2206.5257856761837 -8690.217006689496 8744.21320111064 -9935.107155378773 -5723.660045623531 5002.143171474736 3696.465327266902 -762.0246477717374 -7726.185376535821 -8859.54791042093 -3973.175624173892 8441.304307977029 6174.631237081203 -7245.6158724088655 5587.619346389838 6023.4282924621075 1518.4249725308346 7969.903833501423 -5428.600924966334 2267.990285075548 4698.0649803449905 6152.817982396318 -215.3568711967746 -9341.693275970889
-5947.19297894996 -8869.210199086066 5878.453363363627 3742.4309318603828 1352.2921014545536 3616.7184815001256 1644.2206851774172 4892.4353747266505 8479.505994429997 9571.449987847358 -7708.819682217338 8723.096402681876 7035.741904727274 4157.801513155009 2704.451658344029 -6270.615340596395 5146.673119497651 -3122.8283488628895 9855.569121448232 3666.4209107104143 -8828.813153979436 3088.3372473682557 1057.5328585196985 2770.528394015226 -1225.0154404622645 8911.393202599746 8973.000090799469 -3313.12227546974 -6502.501612929347 -6064.010640746888 7288.115504692774 -6883.393499456732
6122.273258801801 -4773.476290736292 -9093.772337254257 -6884.543758927575 8279.479853157369 -7136.036596355461 -7056.07518601805 -6917.914274800725 -3214.1541787152055 2990.744543499606 429.14309379350743 -3778.131720509621 9217.010929699478 4484.944709856338 1702.5673774497845 -845.6681199531431 -7883.4287000011045 2445.3609168707353 -6909.632103073831 9136.11310180015 872.2703832693314 2491.9581529057305 -3653.768045153638 -7897.096497509039 -4556.665357253171 7569.058276958975 6168.694602606209 -947.090596264572 -6750.481748539359 -4995.864055899635 -5372.627956711242 705.7095303966889
5027.195212406648 -6683.473904155051 -4866.967688777262 -2533.502017436942 9630.396537637946 3711.46427065667 -4490.970841244324 9699.017269567852 524.9391552688467 -1566.621349650315 -8289.70245565905 -7769.651667517694 -9605.975008921392 4994.913049081888 -6093.704638557764 3272.3184892544414 7228.036878309471 -2056.034401621696 -1456.8401969328115 -564.6543608099855 6008.689229822894 -3358.6928006740145 9387.576252121744 -8427.473200110719 -5285.362318455009 4750.6130068892435 9464.448354531214 -7199.472088312035 6489.824921063042 -3554.3478902958323 8766.323641557472 -7741.505822602503
1371.5646880135973 3030.715774810664 7786.117968905761 -1523.5914754801179 7720.188362215584 -829.3573328153088 3932.4159810009496 2860.69791968943 -4018.3296383305333 -4289.346791991015 -186.61445259884567 2933.9978187921497 3065.1324146763945 -6994.151889787172 5739.467905708823 9102.567278291648 4804.955442651604 1428.5678717440242 -6145.870660600041 -5208.806111704045 3945.7915973304316 -3929.602887036969 4085.262131922229 -2033.3243284301834 -9193.225068975367 6207.233908784989 -4561.913986981003 -6133.957829234242 -4467.928586251739 -3490.8691110981563 -1591.2486472081036 -531.7154866711226
-9700.454845830105 -3857.648332613564 2544.534618652491 -5760.565780393041 288.5816202631395 9176.094074559976 -1189.0695988126263 8537.98277024788 -7786.215772703317 -6492.189149635586 8522.33706216747 -74.35577262251718 -7939.145678103241 -5550.334439876529 -3508.8045018091198 721.7479347024528 -4834.595666573394 1926.9813386245369 2254.6393189067785 -9199.758440365238 5211.728893886955 2269.7445246161333 4750.859992257891 5852.702518173475 -2148.163205043503 727.0453341773828 -8638.39341524172 -858.4139831051398 -6552.38557687029 9681.629274527593 -745.0592242296407 8927.742011260081
-3431.486157873862 8699.159883063243 8258.644190388568 7803.3568260695865 -596.3943457867281 348.4300188540674 9033.315260524647 -327.7996979842228 -9246.031940897235 6029.43355501969 4581.744414254581 -5215.350007918367 -8920.844371953714 1256.8072318254144 -1398.234845191897 -2796.8369129163366 4600.577360145402 127.57986632347092 6939.942464890861 1033.0027590270693 -8009.741385372648 -6638.375563945145 8982.82105547341 -28.60521221576346 1367.1774564080824 4263.484766633352 9265.6362624301 6640.748334378368 -1031.9401674930286 -6507.994740909815 -2087.817033787447 -6657.865588953293
6629.412211452822 -3453.276582480338 -4991.645344913793 2729.7021115740954 -9404.67462152752 -8439.173711074129 -6927.168203186502 -1993.4716475564373 4617.323366803779 -8552.35677907221 4833.089813817498 917.379924637753 8578.670520910888 6600.266884288507 4291.626014445816 490.98365188194657 3382.862963565369 -7756.915667354644 -9599.247189093929 9439.691292935142 -7419.889826511515 6228.219313583728 -6557.5670391886015 -4675.416903037184 5442.466570906012 1420.0268058649672 -7952.783554768394 3634.0288353890373 6947.6988567942935 -6921.623541471436 1093.4889847890809 -1950.1316303835893
-5540.6348666304475 -3912.832857104072 6219.785231557931 -8330.94011953347 -9294.167230044868 -6675.056112993558 -8361.722345754817 7510.4611639620525 6633.545887842585 1711.0016639242185 -3453.761580488932 -2915.6739112867335 3215.0342939490547 9352.42532816939 2705.071043715201 5321.921485060055 -3440.5025678637276 7011.478517237865 -2756.4240596586596 -4339.579152177599 4425.252932289497 7085.917471557124 5792.579146845586 -4281.7381574454785 -4012.52478271612 -6193.789043352611 2614.40122316626 -3848.4811783242876 457.50932711849055 1532.6930902576205 4929.5988409286165 -1768.2193398106756
4718.632277995583 8468.105479728289 -7630.704880479692 -8891.891946309008 -5732.785640821423 -8973.399618428011 -5503.930013562266 -9282.317778562237 7461.061641604956 -7803.365682489063 9913.795999516864 4538.245615465996 -3936.2955431980117 -9958.596215762485 7585.951097558005 6872.0710746656805 707.3186149453668 -5054.251264939829 -7823.68557484243 -5137.328455196801 5183.869013297412 9074.71239630651 -8119.893564295961 988.4801960167479 -7934.449652036655 -3352.8824754265042 2565.129172668534 3649.535687980371 9484.50140694745 -9052.682609214733 -680.2406885318851 6847.924047875957
2953.023585332883 -3449.033624630515 9576.432239085494 -91.6737363164375 1807.7312976423837 8383.35802137155 396.00663981470825 3235.739579346551 8763.793167016436 -2278.662735975223 1297.7253084651784 -2318.0549734856195 -446.497959634753 2664.332762730808 -6271.998646290267 1967.4887578849448 1596.6858270524135 890.9878953095467 -9603.590507620023 3916.177474182845 4386.218177652536 -8103.6745844726265 4161.466583890768 2235.878202745709 -228.84803999954784 -1477.4548323395557 8964.844088306047 -4221.75988072603 -1085.5356314839373 2275.7140013954195 3329.42306862895 6434.001249196837
6704.526145049076 -4703.024294569697 -958.0315271159016 -3956.9415531959758 -9237.444330389584 1869.607161965383 5733.3367445313 -4253.403593901017 -7965.739876612414 -6620.713791144523 -1138.6677996314102 -6425.979528616688 2358.39549881078 -7869.571306458116 1008.5733837642802 5971.689017235491 1924.249290958256 2584.3227633662864 6918.88641753688 -5282.36651704016 -987.657859465704 4363.587511955875 -3900.2962524952636 -1584.846802437025 1372.419495664375 -6071.562978313312 1767.8662161062603 7581.281266723014 424.8940254458885 2782.678079100513 5.4674887339970155 -8953.530597683306
-5540.786823343491 4158.7499128034415 1650.9880499348073 9154.246806155552 -4781.210215249172 -5296.5248724102 -8208.534780223788 3909.90100191875 -3081.2186483920705 9329.332162881372 8848.284090524132 8665.201595503419 -2424.379536196242 7490.831376844875 3046.949223907446 1488.073953939107 1340.2329937569757 6749.24771665415 -1281.9441745633394 -7233.365574915741 1126.3800776882472 -2133.466854086255 5640.451895983806 582.8685102623494 4617.766093570275 -9362.11528615124 -9430.65434218716 1699.3790693755454 -1227.0070734685105 -4944.29598419835 -2611.4570809534716 -1366.7536147937099
5693.583983960842 3200.738816971174 1263.0080358849664 -359.31192332717546 -1413.5157371649893 -548.0985355659213 5738.599442881392 -5381.359259330327 -549.3572479339437 6589.168256281202 4855.677780388185 -9087.925862963759 -5581.671942562172 284.72910869864063 -4546.96576090226 7272.777343405018 -957.3920858866459 1878.8347713348958 -2105.1225784053913 -5375.161786377027 -8498.105088795493 6819.374661808059 -2051.8787418867305 168.9230795480653 -4712.598770367942 1188.733735012751 -9375.60794510641 -2379.8074617295015 -9399.481288993025 -7991.586114763518 -9066.235782421474 -2346.5346207879256
-3289.1486759039253 -4538.42122965435 9620.453564435647 8396.052476927664 -4752.896312058685 7037.87053159799 8838.343728120602 -7178.593620770497 -3378.112258716659 409.86702572916874 -6599.94476070604 4091.138621430877 -5840.670633398928 -3095.7912803157988 723.1985547431377 -207.05486109076264 -1644.9166678927195 3142.4470264743795 746.6569290422303 6730.03072414716 5561.468635392877 5570.928497143113 3494.8880581819267 -9004.949825364818 -2238.098912649946 -9567.193140555913 -5212.0946132553645 -2136.7792251057535 -9479.007438067863 4141.553042400401 6520.945291551136 -2334.4064691803896
3001.4547057025684 6383.954195091535 5688.18002360002 -7582.482149193394 -5455.405376325926 -4195.050488054084 2224.026700004968 -8725.675792773543 -8203.872161717767 9169.969737721352 9987.65743944941 -8236.032780274849 250.72166311514775 -7405.873854195115 6267.104794529456 -2751.257784405012 -3697.2323428640766 -7638.322289933998 -9197.114469772067 -804.7099402623935 -1184.5111539750433 3578.433323396941 -5620.281985704199 2817.062020713416 6259.679680540565 8183.413323159897 -7420.731301161359 1871.8714893339493 6390.832746837179 6367.3490127649 -8247.761605647627 -5029.418680390503
4143.85034909555 -9671.783902334955 5324.617079747331 -5188.022211235212 -493.3388860570776 -4726.809387855648 9501.641637587898 2879.640656006286 6708.945338962749 -750.5656532012308 -112.53290322050998 7350.965940972554 -8132.445763551306 -1359.7097486603943 -1762.0928831343172 -3515.5209403395475 9293.844410027094 -2242.4261050778523 -8676.995648604769 7167.114080788004 -2048.0287407835367 3460.9737489609233 3370.8050650314945 -6542.1498492242235 1263.4796637012296 -5104.663566087884 -5365.173448281009 5509.281039260919 -7017.562617591946 9221.520981293037 -237.13608811159975 4127.638865636545
-6162.842834412357 -4504.4382786834 5830.4448876666065 5084.167844341044 1590.0247772076073 652.4783983661455 4104.2046298966 -3121.4363417339937 -788.011578336982 -7055.970407962824 7916.0475830241085 -6340.981317009573 -4598.9849954766605 164.8820190974966 1722.5492549860537 767.6875034785899 -8252.795097999455 -1593.1232901317908 1144.1038205337063 4005.8204540956885 1882.5007298289584 -7318.418084607308 -7705.457192918051 -4050.1192107246234 7214.193476597331 9912.915356116253 -9379.12633353366 3667.3554626066434 -3812.6783979696884 6618.426738261824 -8418.125527525342 -7897.585667275702
-7956.074107343112 6342.11684062241 -4150.70327177254 4805.127069862183 -4366.058263314154 -4422.1383813718385 -3730.334482888067 4762.941922475646 -4834.781533916297 -967.3031625542444 4685.449291963781 2767.7303181445695 -3049.3776388932247 7491.86129174575 6383.8406156004785 2446.45095566903 1610.1943216176987 4069.440904337609 -7982.628690707665 6994.975820448577 154.550511091089 5689.524239910166 -5084.243234695416 5979.464656492282 1541.5953839641224 940.3069078323315 1003.2012220540491 -711.1600955809208 -7394.228723507296 6950.630062480788 8660.909576026093 -7408.5130309123515
-6240.923871282711 -1699.8405927763833 -5564.65002713372 -6710.69212193776 8498.489932683406 -6903.83704848732 7756.685186104616 6305.559358788623 5547.137587535128 -3570.1327951783605 -4600.142885633622 -6435.015819824978 1525.3522751296296 -4945.501885453385 8421.270536800468 -9945.290669142934 3737.274535093855 9742.596026292562 -7435.261763202148 1016.6242649819742 809.4004505752946 -3024.0340430996375 -5842.85157333567 -2315.7300347219452 4215.576228677686 3340.4329012282124 8993.17017048867 -1617.9914927033205 -9599.78374085708 -6500.0707743205185 -8136.409018162589 3947.9121193686315
5429.4558863863385 -7419.309028916505 -857.3923200761583 -2798.6885209757247 7730.739489354852 3746.7019024269084 -5639.224200217519 8197.248729280982 9099.42004074838 -9591.253016924546 -568.6410910565246 5025.721260104159 -1172.2042570126232 -8423.697020316853 5536.3792952609165 8544.188424683769 6989.152622252277 -9301.103682313063 -5152.958009440809 -8479.437095608544 3193.2942962529214 2570.721987735873 -8624.53667380833 9299.614324062819 2159.354326180197 2268.358357440655 7721.303103768008 -6446.7696399792085 -2226.6912575256856 7350.5559599316475 -8144.963193595376 -5355.839836683507
-8521.221274027002 4208.240488877711 4507.984599592464 3589.1980933224877 -2083.989687249519 3856.203083367831 7753.81814491532 1542.4317608218535 -575.035498793417 9197.942163790744 7160.929128446674 -7691.125395381874 7773.597945015139 3321.2571452667635 -5672.683725335728 2383.0864641669687 -4673.008070890174 3242.7022593380043 -7090.256323973068 -7528.473256914772 2682.509775932005 2420.7676674875493 -7890.44927439692 4941.235591047158 -2905.309226539581 -2805.028530884817 3464.43619192153 5087.971871987347 7732.84940676796 6137.015051940552 -7808.05193949778 -6721.246330332393
8002.074724794809 7656.520056943176 -2609.168275447387 2332.1516764003572 6927.144876293714 1639.8023663148251 -5776.810525389109 -5464.768506858566 6247.127358741913 -5558.25936077762 9992.97469429547 4673.002176995304 -7437.399713825256 -7441.917623203784 -804.4441511927143 -3371.8329851178687 7610.083723636828 -2517.6018360009266 -5425.900759775705 7365.920246006244 9159.356994376998 -8361.492568761876 -2959.8878706838213 6747.432107866614 -1850.2080979900184 -6414.676155379224 2824.474195307912 -7897.946106583289 -1315.443168960417 2374.1394557839576 8131.2927972960315 7521.318137129867
1046.4183105761313 8430.87535021362 -3768.6530192188793 -8210.07249722273 7526.87329364743 -5260.814350399363 5652.285040072238 -3415.8708269316994 53.67398047774259 -3825.675496320233 9959.640323554398 -2802.6469204581654 -9327.511912759604 -1160.4952918349845 -7513.836150200464 -7144.76869326311 6716.826230204846 6443.162350302886 338.5730593267908 9527.099255163568 6393.80323147801 -6088.622319934711 1394.8199296657695 -954.9750594875659 2739.650126837614 -2687.8727791693445 5178.784640870375 4502.280691846901 9210.086232453941 -1300.9981343968211 3125.313663580131 -5932.248250554934
-3376.033322228689 94.39075644179502 6948.703972304898 760.1475439334627 -6815.314167098108 -8848.123989333077 -1664.5936509294843 2015.4100617500208 4045.1650433465966 -2970.509933067904 -935.4698213360862 1921.5195070859063 -2842.975750709984 3632.4830046530715 8846.45876507357 8658.478139881478 -2356.824644787712 9503.483394524712 869.4202666704223 7432.240586511274 -3285.844080687106 70.12032536174956 2934.652183728698 1486.53347488892 9154.643675995685 2908.8671300805963 -1849.8899856545913 488.4129646026122 4980.17156106404 8185.979384538474 4133.361252577386 -8728.891018492315
-9001.724735200083 8882.768068329366 -2759.3569813647646 1316.3245616549648 9921.527138368943 -7674.6823000056775 949.0760830996751 -5097.2821909199765 -1682.4754188830357 -1536.928661700942 5782.442755211132 3764.0571236333835 -5618.0656167917205 3616.9216952563147 9355.103329884954 7716.543370788186 6035.026110227298 -7369.584828394549 625.9157597920657 5866.996259240474 66.45599102262167 4379.480558167474 -2447.763711898894 7236.500677019714 -2155.1303635359245 -1593.3521984452618 -72.34925123288849 -3814.819376910059 -6211.153567134824 -4119.5753722660775 7766.960972488825 373.58394382394545
907.5965780962397 6371.60154853813 257.2956843038428 9218.746363744325 -5390.052464389634 -509.8125983770424 -4699.783677606968 -3617.5368064845225 -6212.641369495395 -8429.030955195647 5337.226242755281 -2743.281976210652 9068.975517385854 -3638.8681762856786 -4920.329013924327 8978.9102494049 7749.858694047834 6954.7579112768035 -6239.964791298545 2440.0805332189047 616.9769718571351 -9539.672813710453 -9850.046121231873 5644.887694996998 -5132.399821766323 1417.873907186895 -9866.845100974702 6799.526947739949 4669.602861937092 9753.339551215562 7285.4512965409485 -8752.0310232077
-8732.886000985642 5145.240869675321 8885.549024760323 -8955.176130438032 -3001.5455302378587 1027.9219014777955 754.4993192985112 2597.3227649188375 3780.204279228279 -5191.812221089463 2089.6306143098973 7052.901724320429 6459.376339368682 5030.138333919431 2058.4547797951072 -8397.001979060147 -5945.600891041126 -3682.6775667348466 80.90929684235925 441.4784085085266 -3855.318771193517 2336.4776123126685 -2932.812075844611 -8020.77787014488 -1909.3514936941829 -3175.760768022453 -2690.1365340129523 917.8245263361969 7206.314541796044 -2133.8180930862436 -9072.77895659344 9138.55952199129
-7581.742175098682 -3696.1434988372657 1847.8499422697387 8197.238775640406 5611.652343700269 363.25573114521103 6206.429613051978 7739.754572075861 -9638.541839719788 3090.159919134052 6441.263908313587 5328.85813313132 8666.325921706713 -431.89158068805773 -2332.516008017251 8990.210152102994 -8822.716534691144 7521.489057080591 -2109.6772441636194 7507.30030249292 8104.585211577174 -5538.373914414947 -7268.896504821425 5289.24735913814 120.37179498091064 -8077.196976735779 -6117.94510655398 7298.863727792963 -7795.990137230801 1025.890122431705 216.44638844680776 1026.6866581382583
7776.431946354976 -2404.096924212584 -8282.919152513034 -1837.009790054285 4738.822114690402 -3564.2501596526845 -6270.44384881242 -9265.698063736627 -1027.5322246892956 -2081.5152820384574 3388.013150720286 -8246.597081394691 7137.605939173642 5816.066737074352 -9243.010439763264 -9464.967883377964 -6174.445486592542 -1033.9393549706147 -9460.811791901177 -5400.793213530887 -5884.5596027284655 5496.7119093149995 8067.809911903729 9539.70869304801 8728.251957295899 5070.719965696233 4871.360726211684 -9455.180508500489 -6371.397668000885 1394.6647020445344 636.72421559746 -448.6671503677735
-7490.969668560194 1605.7421622452766 6843.550674448932 3221.665882929694 5036.767553752581 4125.847253965909 5895.197679985853 -5750.677589761856 1322.1283211962455 5446.365060602775 -9046.062902392288 -841.9152427932077 -1823.5729728280585 -5017.49736208952 -5842.61496977613 1408.21924018957 4556.846750866185 370.68092549013454 -9192.53760304724 -5066.605366488057 3556.8932261929403 -5438.55251823756 -2469.3787817110006 -7348.117085801237 -3309.827228792612 -5887.209968205946 -2661.23260046228 8730.891971603018 -462.4794656200029 -3850.4657545695673 6531.842816845103 6807.897058126266
3301.3208581438394 8516.843576694508 1681.1811092637945 -6531.279539359777 6781.975555502839 9851.037555592462 -4387.426271378758 3224.758123412579 9205.992144752749 -925.3590678825076 3019.3640004345034 -7561.773241022929 -8204.97451526632 -2972.248179025014 -9813.738547250383 6433.788615008762 793.8083152793788 -46.14415481416654 -9591.195939168289 4068.595234106586 -4261.512155236635 8911.94090610537 -5180.601087458758 6423.350387069404 -3052.929005671621 -5605.481017782039 -8691.953597300468 -1056.4787963767012 3895.613013280321 8003.300243951464 5528.241327554331 -8009.488890930161
-6026.268406377378 -3409.2670889990195 -9447.147089957449 1706.4630909468033 -1341.5719559848785 -4564.205371356944 8816.97617876509 -4038.4091903365734 -4649.3344041768505 -4126.897044142724 -9515.984343008346 -2672.103677759729 3020.4074190972933 -3235.5112021934083 -390.2507392374773 4428.765840607011 -9882.038092957957 5034.371540791843 7229.508828810169 9108.204220036034 5951.005686199896 3340.1094188763 604.0659826305291 -8142.058971920383 4562.187461171983 -3882.544047326437 -7672.418207213701 -8776.639155389581 1837.255193956693 -5439.500654524662 -8537.597542570942 -1524.5872355026095
5804.865547892025 3400.549497584032 -4903.427620399912 9367.239777189996 -9861.333242737332 4276.920378490317 4864.218012186528 2564.7705738292334 -7601.403042845048 4600.159633930649 7530.919732115519 -3607.298595156328 -1896.2089765835462 7394.941999143557 9202.444993301044 1461.9230882576812 2313.6587442203418 -4699.071056565665 7596.008581260769 9324.198017335773 -4342.71978234451 6474.418450633475 3369.804482260717 -8356.938167905548 -483.27916209540854 5513.760366698523 -6053.865018542708 7349.197199799233 -394.1010217003659 1793.3145715248083 7870.654676461618 -5462.155318104121
3479.9700748980104 -1357.230686747489 2523.449836857819 3507.463548124426 1540.850276785426 -8658.952528905093 6652.3430314992 3672.9409218946057 5136.362563420045 7901.640974930251 7591.754400139482 -5167.5914877259975 -100.27323131893172 -9231.24872935377 2048.51969989154 5210.36436468116 -7087.517028566477 -2480.3743720588936 4045.7137024003423 9994.782144376455 -9933.113874287768 5460.798306357105 8296.541757867806 -3460.8981746490117 7689.0532947415995 1442.6497760841012 -2588.5464877907325 -4191.733466534853 -1248.4830512532244 -8067.201258136894 7280.777630806169 -4889.1765537850815
-2902.9642232065853 1081.5641291474567 -1602.9226297756995 3441.974214799995 -5771.225066941881 2827.255649882696 -1034.4118986792819 -8073.864035151188 2053.317226223826 -4721.626441813214 -4285.213419063467 -7020.498544885656 4790.164422708131 6764.010649141033 -3521.103555895177 -4638.592036894786 -8648.83132133925 -7183.398597688962 8483.342453381443 8815.156266646332 7057.786201924897 6341.253343557861 4907.966354866006 -4428.47374786596 -7190.256513008168 -5498.400306544709 8864.414657799356 -6197.541197187033 -1393.0311626580478 2914.4128477019385 -8893.737564730824 -4992.196336633836
-9508.657040829576 -4614.272736169116 6676.083434680731 7053.792479290085 3562.866234062436 1808.7494721202638 595.6839937139575 -356.7306699934543 -8980.36380550805 -7714.00391788603 9815.34995341764 3791.7813213476657 -7572.314939991927 -6851.500059619426 5799.526745943422 3215.322869852107 5777.051276602184 5148.847196131452 8428.491178156204 93.66949195940106 8504.110611650085 -7423.036875184243 -4026.9401339385677 646.1321547118005 -6692.431616172238 113.60983772097461 -756.4895163364745 -1013.1750445822454 5088.474346733847 -1790.756439540517 -5163.440503090446 2950.5452205912825
8877.029347571468 6688.421930262666 6381.044778144094 4126.014248399244 8114.452043326946 -2537.466452229107 7192.441778600754 -6442.400652949141 -2544.300083357738 344.7510356718449 -6414.29859326412 5935.814010179769 9560.676590123883 -1.792996670872526 6658.562122774863 2299.667403819589 -8431.686248597798 -1908.4826531760027 -6600.943825471794 -4842.738626567966 -7583.184678110939 7038.280572300031 -8802.664158983716 7731.227386711285 -3178.8012194108496 7149.643951120106 1439.3744304752818 7380.705562481431 8784.003280303074 5979.746414399433 743.5678758592258 -6641.905491470421
-9639.282941668833 -5224.345707925724 2418.1417111823102 -1284.970215708403 5658.106501090939 -8982.797159990672 -2328.2890304685643 6339.254936327259 382.1195553436701 6098.3002080311835 187.46479787097087 -3241.1513475853644 -5197.000029054022 -7674.966942486521 -5873.268254284653 9193.847233530374 9837.498027351787 3705.6736952892043 -2709.1083105192374 -3956.6241305156027 -991.7634169739722 8908.360027370149 7415.213611648793 915.0371351011363 -9933.60402123253 9607.859376210836 5569.05455065858 -5322.1423980828185 -8376.909725121595 3472.887814272146 -4476.487986603177 9288.702251367886
5672.387730044846 -1215.3353901753362 -3799.4113689065443 3529.4924665050694 437.11168116178123 8810.646415253057 -5673.629892272558 390.05700302413425 1368.2776340894452 6702.28364542378 1438.9272947537484 1133.4669756310286 6525.092280245979 -9678.764033851136 -6652.005280631137 -9125.32623278574 7601.321682620102 -9715.07361075543 -5556.929331607396 4196.541630470341 -198.58344529591704 5827.477596712806 6691.3560142824535 -6430.200939834509 -2886.516872798672 1359.285641565577 -5031.707587777548 -6653.45490362099 -8980.819561320217 8034.077116916174 -1051.9086407249615 8679.733723814341
-934.5822948084133 1073.941370708084 4299.3780360424225 9881.009813271256 5698.776543611297 4315.12112654934 7625.475365151749 1528.1374425177673 6995.9113597672 3747.7476000389925 -4033.8704339875585 -6746.801173215326 -6935.057325358122 9810.455391509098 -6309.368836858124 -7925.425043899004 5797.581854378004 -7123.099996098561 6563.183405989999 -3207.6224676668926 -4391.380932778319 -597.8257174511928 5823.6973014093 4461.523625971058 9316.8554597558 4837.425580761217 -5531.064722917392 -2642.2642970763864 9202.573476621867 1974.0226307148023 -8021.849430581258 -1054.0405397663308
9872.202202322846 683.2620599522816 3530.974767866148 7718.412658350018 -4641.299654635389 8739.769851959158 865.3476214757811 9438.375002066685 -776.4156241066794 -8093.399289013457 7927.8519247349395 -3851.018005306495 2531.77792518521 9310.240349450833 2897.2985045526893 348.28963882784956 2603.864424407342 -1014.4119513912883 9283.498732244214 -3574.0233596375347 1418.6698035214267 9276.82723465185 -2098.6163488785196 -14.858424400619697 2062.692365275807 -6471.60289081146 -8719.5212200948 2356.539300027278 7745.774684736658 5115.392700196149 -9956.864535410366 -2801.4248747599413
7755.836560283409 -191.0363967210469 -4211.774147753058 1423.9922844870198 -4917.536754194951 -5698.821261294611 -2434.999892945535 -3314.4765150972153 2529.541792502856 242.472100427447 -9445.329742402493 4238.651178767248 -4031.1116092810043 972.2664830813519 3321.877089517986 9712.93938040383 -8339.700143307915 -7330.023214942685 -139.29651416011257 -3854.290386861545 -2462.393513848444 -3649.7255570985462 -9188.228072591115 3542.8043857384673 4316.438572598223 2442.890445750865 -1323.3791680590948 -7821.19029622929 7025.112017993626 -782.0218609954991 2916.8736658905473 7938.407440217798
-2293.2711660301266 -8525.996362202692 -7864.878902031567 -7914.80629154931 -2987.0376645239057 -270.7676995591937 -8720.223938269444 5094.225679823812 8639.89165804458 -5637.746964875241 9279.539987520067 -9037.06886431067 -2982.4285034945187 7263.075388088084 -7519.201577967425 -7135.671744767884 8042.803592099033 -7758.722311417712 -3606.07111377043 -1133.841121821979 6338.039504869066 3162.8397685737746 5048.722137844436 1174.5597975705714 -1685.6408986324768 -7525.126021876594 3245.2106317037396 6731.061905055107 6263.0888806374915 2670.755604385642 -1811.8227672634139 -5478.116385291436
-4963.798533025434 -1637.8612691127419 -1680.6467484091118 -4853.291114970557 646.4888313335268 1017.2016832456484 6626.22781149529 -2747.7354777559767 -2195.203666505585 -3431.6659901901385 -1996.803452392417 8200.297896149736 4434.2214767510795 -2549.6033108416705 1778.029090712378 -6020.27879152712 -3490.2789333993114 -7082.021330704922 -3271.7508147284843 8107.333948089326 5437.552606165937 4580.951056416463 6153.3841401696045 -2764.473449561213 -2221.6574790574286 -993.7916186013517 -5721.261120177416 -1955.014010540357 -8444.632386315627 -5135.256618237141 -2346.8557005036246 6476.244575342909
-6604.063942566551 -1118.11734209536 -8501.917607020274 5103.979652897444 6141.618600905949 4972.308324327947 2081.2056585376595 -4152.041038195551 4337.289410693018 -4400.524516129664 6064.161832574158 5862.617817766926 -1697.0161233086637 77.27889534837232 -1732.6392192917938 -1176.7943505886033 -6714.409687623 -2945.184386079746 4611.366771327277 -6207.469886412178 -9853.214770667932 -3514.4093935737737 6200.352893749976 2782.297549607636 6350.120968567853 3468.3695654771036 148.49380469669268 -3688.941002889019 8041.3061465486135 7571.090660644812 1100.7252066601686 2896.7498496993776
-618.4887801749792 -4686.424487170677 6920.400711668157 -2057.0170815977717 -7326.643606483179 9346.380001412857 3025.2735560784167 8906.361640396655 5895.14261972697 2389.5454377451533 -9168.186439874231 9825.745868558195 910.3902803781748 6623.736588677304 -1659.4503843548755 3658.8682721988916 -3224.4548563597327 -8933.11047544623 2048.634897449687 -4673.433738783375 -431.07438101261323 -5731.417181006124 -3348.5708196503892 -311.2804362404495 -7375.635779218927 7688.032191800481 5255.230911305192 -912.7391425669739 2496.3095731899903 6099.900272306273 -2548.898094423471 -8368.0282187177
291.8968624670433 4180.359138488531 4018.149849202311 -2079.4743078962965 8249.543999896221 -5346.302443716231 -4654.144674842764 2032.4789652123636 1753.3053810585188 -7752.925973060059 -9121.501528797948 -7162.883329789749 -123.9534210110487 6768.321931592451 6293.533533252728 -7347.961840433934 -7378.2261260308205 -6660.797506665585 4035.998102008376 3521.423759992729 -4032.2565960742086 1900.7671180596099 7320.362843939944 1494.9794855755954 5773.87916272218 -882.8422658134823 1227.7135424960725 -694.4405584492779 5078.944896393246 -7583.926715313157 2864.7565677449966 -3405.950667131561
-6437.222090985199 853.0852680136377 370.8054914868717 7631.898318876003 7908.63629111589 889.8339616874855 -9389.686023668215 9994.145693266586 1181.2044751389021 7326.021718214059 8381.349621117864 -4365.528615784442 5893.327689219357 -1276.069938615421 -6021.664603013439 4274.469178216716 7663.134081990909 -9727.834435490422 6380.5500305844835 3326.9750628207003 8959.633909313248 -1758.9247524492584 -8540.215102590659 -4770.226566139381 5906.477609193393 -947.3532704647132 -6297.3901716174205 -1906.634268011573 -2721.388099185984 502.8819497690474 -6038.4068600545215 -5496.116867167751
-4075.1535875869768 6034.956296289771 -3887.126068057085 6482.042059146737 1714.2724728373196 9493.345371238454 6380.547886847908 -4857.686950223659 8708.06567307284 -9558.894469461906 -9217.194514503539 -9835.513356605132 -5.969129382987376 6076.100665019241 -909.3734899593892 -7715.759855121507 558.6322124428934 -2612.767356714283 1404.11203304632 3002.126128886677 -1276.9994448785546 932.8449781466516 6099.6070229961515 378.4993011365186 5711.443127866027 6374.299730310109 -2217.6481719842013 1008.4359213586231 -5354.971960385102 -4213.665016760311 794.7306741475659 -2460.482311771155
-4570.432635161139 -161.42203010412413 1072.6780755818581 6724.041183817888 -7231.5517868199 -7731.901189154262 3702.4968157352796 -6235.31824795815 -9596.394404915856 7147.011980997853 4083.869369904718 6346.691294529926 -6264.932273532462 -30.621432610943884 -2775.0185116443963 8284.49375475883 2781.317826548906 584.593069648834 3305.50718866263 4455.858229429281 -7712.249479757041 2730.192862527496 4047.5878828848417 9613.942401467782 535.0663436391387 8307.760876026488 -793.7621581078893 6571.631486328792 2395.99151526859 -6879.037829403711 -9153.682165289343 5759.939382281804
3576.0202528213376 -9303.838347047273 5556.905922308615 -116.20315047506847 -3772.366644850482 3390.319336680439 -6781.085640229127 36.2139114691563 -8240.15876390576 8876.905450293216 -6763.3866017129285 -369.39551681750345 6465.146027659928 -8904.057282707188 -9024.891273115203 -2390.1625141701443 6273.86551150016 3812.734662103041 -2492.0822402400163 1911.1808576796375 1946.9825737311457 8212.288186533126 -1111.037709085249 -8506.263091054961 -1017.0452205219299 979.3022006933479 6099.547048776069 -6083.063844986001 -598.8544871920349 9785.28425617663 2086.002432370464 -6162.071969044482
-9417.59177896338 2830.985226488954 -4227.520408040148 567.6909731871474 5688.823526910992 4259.910544995602 4457.697455992768 4641.956901969055 6142.880656760848 -4932.3699200445035 9645.006833086121 -5787.195238265337 9662.587738439386 1506.2008299011213 -3561.677995625152 3005.2254978369383 -9654.99994848134 6436.329317870073 6954.871707049217 -772.191776993699 4657.125718598503 -4742.210183785238 3213.4834614835527 -8897.242505109569 -7564.080948398441 8816.168370640607 -6675.300842535544 2100.828607473397 3722.4151009823163 2043.5879979369947 1808.7526366557668 -2373.002131709769
-5691.979378364369 526.0134372692646 4995.157626629021 5374.222452371705 5139.067192895702 8558.310777790455 -2920.554692604809 -5226.665743191686 -3019.5373090656094 -50.976576001758076 -2157.49161549341 -9273.16489912735 3523.9493006938555 3047.938798021434 3139.938103621589 -363.7677216699449 3545.3295293746123 3309.716204494327 919.082945558228 -2113.00365382195 -9342.138043833642 5297.524015575233 -8982.739198037825 6941.449289218544 -5726.059253298341 9031.829356883198 1449.4773197840968 9401.997483487234 3686.6546545997608 -6524.106926859136 7422.737685844655 -4718.407917114107
-8847.091028319772 -5106.912239269459 9051.039729815398 -5259.597298525878 7942.4436276386 -9944.907063800725 -4161.410941414451 5349.91597197207 -2688.8590861173925 7204.164249090754 -8741.591508511192 -8260.350363409656 -4726.58366598248 1044.4303810487327 -6502.867123879987 4875.4471477951065 -2717.4982946452 9234.8561237504 -2447.178011454803 -9808.512766818247 -6473.089566267873 4873.937614100856 6836.667420013 -9591.869702459968 4560.223162226914 -9200.47458960625 1108.385506414208 6476.931344745946 -37.75675993297955 -9160.226178663688 -3429.8737541526143 -5268.120990512344
5876.873969737946 6008.9029229006355 8992.278462990398 -4268.36581144918 -9362.55938646806 7600.591747569004 2548.604765380347 -9366.36103693966 -4882.194253661775 -2014.3578795232897 -5893.61203865921 5046.943646198844 1253.295927177387 -8361.693239163014 1388.646745110922 5064.341362544952 -4283.384423841457 -4135.437213057209 8807.573229662052 -1533.7337667615757 -2517.9543814424314 3515.14935483133 7763.379216769899 6042.694289673374 -6206.159328572347 -6886.330298151413 6930.143685016268 3422.9587755618977 -7157.903170354023 56.99141969873381 -8058.653114355374 8205.939680422642
4849.209476921493 -8310.363164925799 3193.906839904028 3683.601381789749 879.4764877198577 -4152.121447519601 -3605.271424710204 4259.416522118245 -341.1343706497719 8924.790194148816 -394.2731414980608 -9316.999746274854 -3604.0073642581856 8985.115375056048 -6119.8026705423135 -1663.142177669477 2221.403872731864 -899.995730342238 -4384.9485582966 -9982.16173679197 -9019.853067656259 -2396.8959606069484 8691.782582204156 -4433.990834188493 -2745.6229715371164 2788.722290970336 -5513.3410535115 -4934.957879366027 -8612.5506517967 -6887.331367060377 6343.338106556206 2629.4567659589666
-4145.981779645549 1152.0814852123149 -2734.7900366813 5390.458211420359 7211.057232863881 2794.9306682646584 3829.098215281163 -1554.2392789951482 -9728.025233759172 1460.248845193606 -9464.318747339565 -6345.670931658005 -2597.895313722456 3870.4610451105455 4598.593557369033 -3993.0924226474754 -7546.907909992362 -3996.9836957226153 -6272.0954760116365 -7925.6034429970805 -9003.236417338167 1200.1323431370056 -8214.383995502785 2444.819304032695 -8715.197679843137 5433.483267602218 -8197.07458258182 4346.732624365581 5422.8188237415125 5160.1886758694545 6556.538997672789 -6409.248654671283
1868.7779019713416 4734.1085418151215 2427.386560541463 4702.743947170502 -3976.8772673443855 3650.234332650207 8331.847406807545 8444.103544125519 4065.667505960906 -2086.844655760585 6347.936384620194 -228.48885622124726 7589.6175257874165 3323.093829962687 -2747.0904519010955 -6150.714546611269 2075.6963200853625 9550.721752896843 -744.8655743430336 -8290.010139317586 -7217.785948302338 -3570.2214842555004 9162.98046568556 7760.280015337903 7891.714484891163 3473.9628671417613 -5626.006429887016 4983.719642370335 1123.068107635274 -4942.780601849068 7282.2496099676755 -2535.328548188827
8497.807411656959 -3128.5073276507 -7480.750728519177 1997.3227112910045 -9601.456914028608 -2237.4671163871662 -2074.822653865307 8172.606939435886 8782.068272772296 7137.193918974903 -587.994871947636 2967.164857235748 -5394.112840345892 -8428.364423161143 7170.046804442598 9930.869032474086 -9517.529803098727 -2346.104478895403 -3495.585524289393 5286.680487875456 726.1640750759252 4281.203533841803 6934.206467195487 -4861.669626109444 6019.096875040399 -3777.7146240554084 4825.655875120143 1469.0072083084651 -2020.8557004322029 5228.721366789296 723.4244522762128 5310.423673146301
-4194.01607438312 5304.107253989052 6903.786414597009 3630.278112830165 -5156.905675467296 -2960.8064549691053 -4226.204291325977 -143.6602022683055 -609.143920865401 6590.101858506427 -4526.541345863972 -6927.588364782773 -4164.6178896726815 4859.2277016334865 -9959.973917669826 9108.362669008027 5450.519868546815 -3724.719033770225 7909.566176573513 5535.673232852689 -3969.8385747248467 3442.0928655717125 -5423.670464924619 1537.999239999137 8763.80955483565 4959.518934083011 -4250.417856559206 4810.542497746295 2834.351603900668 4750.540244011929 1575.081659596537 -3291.3036196437797
3604.129532667035 3849.515079162511 -7946.671494972768 -628.3626137030114 -382.6383069349904 6240.216005528171 4568.001707386304 7560.285529490295 -5923.488872992027 -264.8666843249521 -6191.5560462540325 4581.017012439359 -1991.5306446834747 5735.309304445413 1389.4912509427177 -926.9814067665629 9741.18905132894 -2684.084666226492 -9553.401959594612 -7990.783407269262 -7988.980415789071 3921.8181678968103 4355.408800719606 963.1845670191287 2044.178655995649 1466.3257457571617 7272.09869711252 -2553.0351668175126 -9841.756081639205 5577.071410199296 -941.1866722600607 3022.9739240344134
-3129.4469884468 9754.991824288136 3773.511570789404 3330.8522822792493 9865.905118345676 4351.845875625786 7141.438485175797 -7598.078658098408 9317.672839502946 -9481.873937931818 -923.693929005487 -9115.7609079972 -9443.256200596532 5833.502625827423 -5307.443543435868 -2328.4521278394595 -4619.447989194421 2468.7296894813553 -9728.895101012258 937.8946216873646 7219.297896964079 822.2407238774231 8621.786595156515 -8822.12716424054 -5734.757425514876 -4878.78985727959 -7184.975856005869 2478.2889746224537 -7170.725309110655 3494.2324052012045 -4531.932684335607 -7219.839281913707
4760.178363071263 4754.170929608115 7823.185194665977 -539.9059996797587 4853.834293938677 -1153.614458237591 -2376.1289475805424 630.8336822587498 -2784.231764042973 -2697.0360913575078 -9812.107230076623 9437.304628492413 -2281.1740356194714 -8399.249815174484 -657.6989879068078 7276.447769580096 -2606.1759495180086 664.8973544117507 983.6411269999717 6726.610602619909 -931.9577100476417 -2508.059850775501 6946.350561735635 -4047.4683060413663 -7178.794082525184 8210.001675408676 630.9399770439977 -5310.602178344939 -7054.9364063884295 6182.80209017529 3316.0888403706012 -2450.8854363027676
-4811.418626726853 -7536.396314335894 -3777.978963110062 8430.237124885207 6756.978982358396 -6940.47663637356 6549.585446302575 -8503.642892742291 2393.9105658033895 4050.0656976222635 -6075.3137291487965 -4120.847205127107 3602.6305624871384 -286.02694322447314 -8461.505273907182 2182.451310130433 3778.11879529625 -9086.409892402498 -9388.498861311287 4776.333518612921 4707.193127956783 2773.4510642504592 8973.688571091549 -6418.256235132309 3160.936643420202 -9876.169001778122 -1705.7129328121428 -1428.2129145036142 -4644.622178918234 -7185.199853890139 -5684.785690797625 -9214.520874863505
-6138.577141970156 -6774.679594691662 5291.1654531282875 -2099.2806861247163 -9280.558500874486 -6838.161047580617 -1599.7055236992292 8919.33675713106 -8273.720643344916 -2072.956690722667 9421.051387822336 3834.6181506992634 -7603.77708293704 8955.938500266966 2080.9634467633514 -7249.975711693089 5114.191263781113 -9850.08682784951 -1434.562838711643 -7122.780974635718 -6844.0358216035675 -5352.181455224359 9485.227826211965 -6029.475456570956 -7213.879298154849 -7264.853446348023 2058.9914370123206 -6797.123911637631 -1456.845361754944 -7992.493562892849 9771.332099993018 9659.808333113222
-6286.693551351838 -208.84874335543464 9482.53022962367 2245.8196411615045 4908.422661653376 -6185.215871512249 5657.93346374642 -6712.311701264948 -8140.451160312452 5419.779279901359 7665.388495164039 -2608.457829422022 -7010.779991053994 -9723.210103824396 3535.6885718765643 9350.348529069579 6533.751988091426 -9497.981468084377 5525.1585041044145 -7473.610496728947 1179.4880868404798 9859.408765895827 2362.2658008774015 1600.8508838514626 6911.526996147029 2250.865542434687 7919.48514193677 -3248.924392928254 -8894.519387435072 7888.647724074868 5996.13708155673 -781.3181633636505
310.689231851984 -8423.546564215505 2842.8507720853177 -5414.623400771332 5346.034205138834 8039.02658215283 9193.741793010046 -8878.720595499297 -2343.891108632881 -2782.1714542234895 -6059.990551438217 -7921.181849086308 1852.67979067152 3135.868851963616 -64.57735441770456 -35.82987918021536 -8356.459101950259 -606.4858973035844 -5019.61282117863 -9446.869267834249 1345.8384641405228 -1276.4688701969117 5264.02232260609 7935.226458962425 -9806.19130114453 -484.71015859661566 9056.751382032759 -2449.287354418153 8655.511834911293 3490.398948988446 3024.940453409592 -9119.988405028827
2064.882476319326 3335.3496623333467 9743.196107310974 -265.5606985718805 -6532.67386120242 3094.0813169885514 5486.984014318192 2822.896964716734 8785.112068934151 6374.616869847163 -3032.7955955307125 -8018.703458717213 -2380.915156565795 986.0770388104775 -3861.937019782751 596.8133189435321 -3272.239477977583 -6749.63116340299 459.40380579887096 -4215.613129142736 738.313681638072 3510.557252032713 -7854.990583132202 3921.4244996898688 -1522.7585727296537 5793.87175841548 -3067.178907287338 -8453.77755182767 7427.171884286054 2413.2281861373795 -8106.512369007861 -508.295505163489
-4618.892000291424 4216.372598228661 -7339.839565269762 9559.684102618125 -1797.5774809338545 779.8053243219056 4591.326157755982 -5937.675868259192 -6305.593388818591 463.8168217282873 -5316.603419827548 1435.4165656672449 3473.1321653598607 2087.7901690492436 -7518.77172953302 -5682.08898329081 5681.379552702301 -8336.574809273976 9584.58954454614 8298.466568284231 -4420.40558627955 6494.644976652551 4628.602291120547 9107.162154481135 114.39988182864363 -3032.2402053549013 2486.3227012320694 -7960.201329162753 -4012.2962092162643 9598.18385549822 -3913.476688622606 9393.591087999004
8286.212381232122 6380.004232281277 864.3508294769035 6443.4140964841135 -2889.8373991500166 1124.4382038682834 -4206.109449041866 2327.528590591748 -8710.04516172793 -720.9041227264115 -5322.715962177244 2010.4597354204761 -5869.294931439628 2619.177942226461 1019.4217247177003 -2850.449588687993 -3083.112072113352 573.6614409680187 3131.31154864356 -5211.200599465465 -7600.990772998515 -4543.63288349198 3469.0526114957484 -6240.831688676937 -2108.772261137082 -8288.38782048345 -8323.676331446872 667.6082417110156 -5236.01231392892 -1591.848569050202 -4506.8839738243005 -2435.3971282647244
8495.530364717386 -9789.90801133795 -4174.7697533067285 168.66965832901042 -3298.2761301487008 -1565.2357039352573 -7354.838117715768 -6209.72923561304 -1199.5497495736527 -2279.1557026986675 3264.9177995104874 -4615.771633195265 2532.5874850001055 1724.8755870384612 750.4917901869485 -972.4793158163629 -446.6109743504112 -9069.957131401325 -725.3126030110325 8137.4188095261015 -5583.1098629232965 -2439.5142752770553 4586.476802683512 3875.039244069574 8009.852629971047 -2962.3619563573693 3701.7489884085953 -6268.775177233079 5164.971036031266 4789.967435723454 -2957.6217402301672 -9043.3216349053
5089.267691112855 7886.06184145264 8772.901291165217 5055.597386320145 8372.026991153238 1418.498273779349 -3979.069382977381 9450.874206456901 -9590.5952702517 7495.767341491239 3110.2144829833087 -9853.052902117062 -3477.37989063251 8505.805774232129 -4566.1287715859535 176.906251961429 -1449.490962033913 -858.9046373277324 -8565.198896450758 5583.300519116101 405.5632704776599 5318.96586566451 6149.277950421039 948.2274149146979 -154.48119874858457 3790.8004784766836 -4711.568005131401 -3183.8105324867793 3980.388486037038 -5804.838631013865 -4364.5751283847885 2267.9442818323932
1 32
3573.2411582310106 6829.642676206091 -5620.204150855623 4762.41113104061 8281.269097642253 9771.465898405302 4687.582510848511 -8423.226551749276 -280.15254367027956 1698.5918736416952 7743.884372089255 -2447.7282193574056 7169.593317472027 -4347.633424847417 5895.856784102645 743.3183716543626 2301.5454632168075 -5477.669403101855 1843.683959889253 -8667.912018057868 -9070.049237833606 -5752.242068222419 -4696.4750785333 7310.4778396242145 -3638.458710609225 4837.034811696214 -9987.044292421073 1933.6532560097712 5068.377687106167 938.536567058145 4883.3582358755975 -2420.10280920465
