93 11
1603.9562935194663 -5.645669103601904 -7283.701533686973 -4380.779267022541 9128.21081312891 8368.689188699871 8658.759810743297 6550.944733055032 -7369.405342491695 -3123.0224636043304 -8166.342358227798
6228.405301790703 -6011.698305269686 2554.849642003661 5550.470820409266 -2618.04385495114 3542.5147050847027 -7709.920229322754 3382.492324787396 -4710.59474818982 2305.249144819567 4718.957315130194
3501.0530664950074 1971.1509213803038 3109.5503596687468 6866.186483359983 -7504.6376781624895 -7741.559351771901 2281.4142746318994 -1048.0223613997077 -837.306103872088 -8785.163020574482 210.94590399369918
-7138.591941793617 2786.9884974555825 -9557.742008043908 -7769.740841907202 1734.3360647630852 177.22342213046977 5815.570291321632 1889.0699382544844 7652.316957895167 6533.240357196857 9121.27579436612
3537.3087038540834 -5454.7709109013695 7703.947141766996 -2762.757371510751 -9159.842470256795 -4343.952979092338 -497.698931909792 -345.6030799605687 -5324.108743757587 2221.216128892105 5959.304265644509
-2213.013320762573 399.3469521462557 5773.004885323418 5563.916294186829 349.8341995576411 8922.015396988969 -3873.295710006306 -3633.0438115414545 3692.4895033918056 -4789.033096650275 -8147.4517235756
8364.636296883626 4727.476193339162 2662.652786638868 -3251.970148106222 7855.131058973006 7323.2277778910975 -1101.242086212118 1717.4428853223199 5252.004077748297 2291.794126087885 -8323.556295848835
-5844.139153543928 3546.7449008076546 -271.80059828010053 -2638.7241531176705 5029.727602902607 -5889.929036969302 5996.016388255772 -7762.097873387836 7157.7883755189905 -2927.923029633479 -7307.782353201112
8440.620584146156 7687.418618380907 1097.7131272991119 5864.105706713126 -2368.349342651839 -460.91195818272354 5085.180582979816 -8640.104727631826 -4916.841863968016 -247.56600987719867 4154.6610716038995
160.06136828920535 5867.119183231836 8171.266556152834 -1456.50476541237 -9365.342023243169 4712.329929089079 5744.498032046808 4599.980298866169 -6317.385996646072 -8997.356349788219 -4770.902214869444
-4594.094604316137 -3454.22315658313 -3430.9063774619863 8639.241844635184 -783.9952784175712 -8626.798256312884 -9531.251031946935 -6710.866650915404 -606.0011487212705 3306.0358166718997 -3325.2776731863887
-7916.024940663564 4803.337022858854 2084.478548197485 1629.021449687718 -8601.761463082816 -5770.974581617831 2576.41860346234 -5547.1026034088 -5984.875256833646 -9790.190155493643 -626.8071223092193
-5261.1894130335295 5619.482324562861 2563.006286969763 3517.6462896298435 -3840.373043317609 -8004.5321569531125 -574.1079753276663 3958.156527263658 6003.57932928475 9807.834844474877 -5178.887509405701
2485.770036030586 5681.743287457159 -1237.4258776380884 4062.5480537241983 3433.8652540937946 -7731.75612328103 -1229.9370717104357 930.600579314425 2285.017859659527 -7705.535788670943 -9589.27715153459
8461.218469637559 -7799.891422131551 3209.8414285728977 -3232.9195743301443 7271.932498643982 -1384.2313211541095 9761.454062962177 6287.4304280665165 -5939.745254999618 296.87015698328287 -5837.69917662337
-8405.08330080251 -5966.318226669733 8996.473922828663 9989.239097396807 3501.136239595311 8202.184921304786 9222.521399023866 -162.23993186764346 -6531.905335880936 -3839.9542016208834 2794.2195983294623
-8738.720279615594 5347.496303375376 -1169.750449305402 -6752.704187418266 -5094.886957177875 -8383.662353805488 -2010.0776029545477 -7037.117781674815 3460.8312093738004 -4241.131276222843 3370.2904878760437
2663.5118749275516 4003.7646509953393 21.163455216857983 7575.987396245222 3251.7355686156316 9666.9651154879 -6998.763425553998 -1005.9388185481912 2880.7361311718323 -2510.285461509152 -2510.5611100941715
8786.02224176798 1584.3041978048332 -4224.767125270508 -4646.691784664332 1664.5565188429537 -5749.997182514617 -8691.473920260547 -1333.2675996690195 9347.030233214471 -2158.893448121801 2688.3278334287897
-6803.984204957294 9312.157494461422 -2218.8506740630974 -3695.040268176619 -9743.73461752546 -9282.537264876524 -2623.6873888846676 2828.145880035736 6510.6954680530835 -5905.534746045094 -4541.769807455642
8745.136030346417 -5649.373920366145 -5265.7802529429 -8622.42707677087 9168.243838881248 6113.949684880765 -8657.578899597307 308.77978159519444 -5054.165484024762 -7153.248242081782 -3836.784340247439
-4407.003359101212 -8176.7037112095095 -1304.072496947645 9717.156695432357 3007.913131445477 -1464.2516487392113 4925.286010013739 5958.54096554209 -3422.835431496238 4618.5255879983815 3124.2907458287664
7574.10624870786 9080.702973478888 -5732.347438034957 -7715.747486205291 -9467.227277626129 -366.2934144879564 4204.952475116048 9258.240809759278 5980.825710022993 4883.746897491383 -3053.9874218555333
-3054.6871459868235 -7226.424470591333 8289.579232936609 3307.3771285096045 6940.838935513308 2074.727896563989 6128.338013408584 7870.482099234538 773.0849245073205 6988.638089993816 5254.700936778032
4544.9894715078735 6564.754709203909 -693.0850606889653 3227.9652688389833 -6724.124647127048 7135.091115282314 -9375.01019432049 -9191.097823794058 -4176.789661670657 -6875.832764461243 4597.026872915798
8234.574336149304 8358.561240573756 863.7911417595715 -5681.593974034085 -2605.0603187350152 -9564.382095162851 -5737.578515523214 1064.7596750805023 6210.800670274137 4256.426014831513 -1218.464521125752
-3360.697500120491 -8829.863351145072 2825.852005060615 -5481.947789015913 8493.57936407881 -7131.541329779591 6224.141788396906 190.42735832247308 -7770.7166398819845 -9092.48345798062 7123.634277868376
5943.774200200238 6393.438953875619 -8795.32286802978 9609.904083791644 5247.763387340918 -3933.634822293224 -6838.104961157836 9326.42392634746 8058.798005986031 924.1937953663546 3439.221136063883
-6811.697281722433 5176.778255160811 -4580.379949482584 3136.6721557231194 8031.864130607471 9350.79868423599 -4069.6200642654885 -8764.363190887998 -2644.2218960475802 -9827.905141894222 8923.616876313641
2141.9694837135157 2789.4309238415044 5686.262181949558 7919.759589598903 4299.888595141456 -7765.407128804054 -156.88618283935284 -8267.223469799548 9135.93824877965 1618.8717078142963 770.7092349379454
5943.424579200402 8011.639815880379 -7163.029338892992 4178.872529606548 -1592.3237613444762 3723.920900223344 -9995.38797369282 -1449.6810781703189 -1454.2047312943723 820.8700735419443 -1898.533723018958
6104.520413416625 1959.1951848375884 -3389.0538126953306 -6299.931073872873 -2967.93075049226 -9198.969317244837 -4177.5587628405965 -4156.706889430775 762.6796378601612 -2451.7591222123183 -5667.188038392472
8538.14756583605 1959.1014651534078 -2842.8750030924684 464.72848010744565 -2340.370119736066 -4949.1091214567095 7294.226302341667 -3451.2476098920806 8942.045309855599 -4556.874304425775 1969.2831053541831
-5797.207838139231 4513.776371257114 -2133.3041479179537 -3036.5543677383885 1499.622399147329 3892.2894875975126 2859.833459726051 6186.366260189558 -6386.4266769418255 6589.656150808649 9869.73753309943
8183.514075477266 3024.8650874488394 -2938.6813822290605 552.5835200408437 4087.9343001581183 5007.013117422412 1663.2662775341305 3470.798479085237 -8651.146006837762 1731.5603576552094 -9227.392740896714
1552.756108290696 4346.538741203871 -6421.814674493507 -8211.02125588708 -7065.266820628502 -6505.158378361027 4757.614063037654 5125.276398208711 3226.4666320240503 9569.150742135767 -1776.4444466428286
-1740.380225257688 -1614.2289480254549 -2874.562412057051 -3919.2441386229393 2286.5180667632994 8737.676489433736 -2356.4042508356088 -2737.5537709926048 1755.7658829692136 -1075.1784951816298 -3640.4213256950206
-759.3105258796204 -4062.8815776063902 4720.592862452648 -9704.979420670985 -715.8369858268634 654.0356697358566 9568.96107584245 -8520.908730203166 -8449.161889214973 -5161.718347592255 -7967.176319673208
8905.683024435704 3713.3437288587193 9512.511957815863 -8551.198333963928 -5013.265292235734 -1011.5117820530213 -9114.949968897565 4976.774269569725 99.78046951774559 341.997341386681 -9259.13091875735
-759.3086906173194 -398.8871459475322 -7057.223400760582 9572.055831841997 8356.106443899189 -4784.831901504298 -1921.7256546675453 9364.496875986577 383.0435798892486 3146.0212931737333 -5105.922100320042
4977.112125323081 -6602.261615542204 -9832.533911083465 6489.639646663683 1588.8371815740702 -2166.952045366681 8220.805235300199 -3920.3089151026043 3727.574550415571 -4634.710582933519 5926.483771801146
9774.417602441987 -4256.67416478678 626.3799899913665 -2746.107080625279 -9450.685507900529 3289.4688661202817 8721.59441645899 -9952.724005707776 7138.199425418803 -7538.381058054891 6057.928295529027
-688.3805767460908 7350.300860564945 -5191.908225574344 1336.6715042993674 -8068.706206427869 3951.886773144688 -6094.61337149096 -4391.01770915443 -5228.242867450365 -1098.2271892218923 1186.157606106648
-443.3939226760358 -1367.559286912412 1427.531631022226 920.2743881760543 -1784.4266383872273 -5038.497028599784 -8759.577114787373 -7345.029975646331 5632.44956403082 3940.384050374232 3098.946281735056
1163.8908405676138 113.34046966807546 8996.042646784841 -8514.229393260293 8783.973576575398 -1825.4466436158227 -1705.2277627440417 -9461.494041265494 -3378.466474945574 6175.400085467232 -4630.281531261946
-1495.3948309421357 -8090.447621059527 5099.468238089306 -6478.1981355497355 -1945.8557070357865 1183.4697454378456 8300.286042864016 -5773.140627474249 -8028.16561455141 4603.027834097271 -3513.8503789035112
-798.8536608290324 4871.384141151842 -3724.200145297549 -1657.3856804659554 5984.59827368822 -4838.886561570573 -4836.58910430204 1082.514989230749 -2813.830291184423 -6645.461193272626 5688.026656240612
-1058.9908607210327 -2576.1123225477904 3784.1020028382463 -6731.936229412913 -4319.463182795378 8147.231652404713 4707.577659553912 7493.709648178126 8137.564703740678 9354.471513281886 -4653.103301635429
-1577.9543772112083 850.1586557594055 2058.1275105813947 -4940.55444326982 -8397.612129915984 -3737.1689937821475 -9579.55954029071 2712.935468049902 -2747.5323747991906 4259.580993611104 7086.609828314362
8807.747274576792 391.25064013027986 2625.2783051244605 9148.144004608515 3410.0256305730545 -5047.614201903838 878.6538163439909 -8600.052945926362 8639.107570339846 9415.368316284548 2291.3129958458994
-7634.3326228315655 886.7729447187303 9913.606811337766 -871.520996392057 -8149.075848949443 9972.703966817768 2921.2788554854924 368.2282033921165 -1157.2429902468102 -895.9205586490771 -1219.550741676081
9800.0197882834 6645.736083543594 -803.3487291227975 -6680.184946134864 -8935.286872703651 -7269.039067356338 308.6894981315054 5933.89385315811 6251.547947469471 -9660.710041012235 6012.114006792544
-7355.913210915659 -4135.96415583465 2086.725792500585 6941.309761863693 2599.3074214970857 -8068.895430150771 -6504.904405722291 -2595.190426155158 8779.361984835377 -302.21847304358016 7151.105286700826
3346.095973314161 2768.6345662984877 797.6889102256955 7832.181853804748 5555.984441448658 7935.89406415011 -3045.034102047217 -763.786487871228 6069.090242619812 8983.58726395055 -9975.451290582489
-7789.546277703345 7684.696281085489 -7570.672466741761 2089.683683212381 2033.5571004116737 -9737.213601987769 -9023.102576324702 7248.427923323212 7141.938250577423 -8215.465208826707 7730.633866048342
8613.581444446256 3552.591394739782 7312.8878351837775 -2235.455663100638 9079.55505436445 1539.3384950811305 -275.0902557559384 5899.288184255391 -2368.761922259162 9014.448047003745 3865.480487261364
663.8421359751428 -4953.599405561484 -868.3613108155641 -4939.444524259464 9563.732998860676 4600.816454647718 -7460.420678630148 7991.359938232596 -7405.003525316308 -1492.0577835080876 -4674.921496235309
-3601.7490750924417 368.1900618730979 264.94193938823264 -1083.4471761509067 8975.499303877252 9373.693398767697 5807.132578659959 2498.250240053605 7807.685675574514 4429.122482026061 2476.4949397057044
1327.7423492331327 1104.048206958927 -8060.087195054879 -8971.699361466342 -1355.7984176104728 -2505.280658296898 -6487.749024152505 1358.7635997888792 -2526.5378302796807 5953.312500132064 -6643.932791511471
4249.6022105710545 -760.0663692788294 7880.985512250922 2993.705368232717 1471.1555950631464 6377.870786399762 6869.162367004243 -8721.884342669806 -2075.59655809999 1073.034343176525 -843.3393293839617
166.94496829821037 -3357.090674783625 -6310.6625533018 -621.2680935139651 4139.777855883251 -6163.77083951124 -4035.166168362516 8741.70592609543 -3314.788077230015 -1590.7856246921874 -2491.3604099409367
-4353.723783288499 8726.385437700264 378.24166418312234 -5765.38046626778 -107.39757313789778 -1158.0016439259125 4251.524668909706 2034.2614460329114 9720.897206303842 -8093.836008346127 6859.528945944705
-9755.491261470768 2169.9625330936433 5173.1291915853835 4726.821174941928 -3095.2045055190783 1473.9996744123837 2772.4504926176414 995.6286954368625 -426.3336632876071 7412.092016258946 -2935.548150416791
9354.165855402181 4894.542631486733 4656.837887734842 7447.765521118534 6409.840717550836 7664.725493504298 -3084.880153026157 9787.463834285962 7266.178653102106 7199.1402201231285 -9925.71931662223
-2041.6166097579617 884.9657096628052 -4846.047426094573 -4414.512076143178 6237.721172485555 -1770.4748605027798 -5329.895030927681 -188.7655540869364 -5470.184855997635 -3413.1947928122463 -4696.886230798138
-1580.767304440651 9841.893161612508 931.3036110604571 -7992.852191706992 -2737.3065478486988 2274.009684178336 9308.303776636403 -6690.854177755583 -2522.6755995269114 6795.972437558445 5259.27968371717
8282.65363808754 5718.73347389594 9508.227649958208 7806.997127940311 6904.8755904548525 -4022.1343265153982 8152.923941268185 -8504.244536701062 9831.19447488313 -1834.7436415297307 -3829.2533459262286
820.4656217035299 -6633.426937482516 3479.2921587178607 3459.495283159218 -3990.104499226748 7517.479264341298 3090.8617878963996 -6185.753106998594 -6693.740087109776 9646.297020436865 -3492.821242928945
-5790.536504924071 8638.533328515867 -190.1572091578546 -5080.162243208372 -7689.217093603105 -3341.2957140629615 4676.917057431108 -2822.7104366935764 2451.5524264834057 6832.291693629697 -686.9665554767162
-8149.629232257686 3378.7844240851955 -9147.104577309667 -8170.157376158547 -5421.569490946432 -1841.510403825073 -203.03107005560014 2416.280767566155 -1050.1756961804913 129.34822956241987 -1448.280581930816
-2146.3545968961225 -889.1135475167539 -9167.330094970319 -7776.074147565621 1543.2131950927942 4156.099541748208 -79.27948811040915 5781.131342294015 -8328.954529746066 1060.2393771763109 -6347.288718636965
6864.4229100475495 6920.9408517345655 7393.258456889322 3082.1078925761485 3139.535141530161 4753.245789740256 1411.4993150430582 -6141.421296605378 4291.103662979396 -4975.615795953119 -8441.264955863513
2167.0861032526573 9431.084084612146 -11.673133916476218 8184.192260151602 8402.736702739268 -498.0114752082645 -9590.069351294645 -8597.701185180413 -2558.534733971467 9038.441815567807 2583.074629944398
-145.41493903174887 9851.054498433336 -693.817703754723 4366.108467537839 -5134.190615803766 7315.813725766253 5342.945734582476 -2433.405064726211 9634.457637452284 -1858.082455384515 7454.227502720059
-5275.752712793136 -5906.293200479922 2990.184172239189 -4614.8329845037715 8132.2499948971345 4609.7354509220495 9700.412817437646 -8906.354151878117 5638.473734113943 -1270.9948096866501 5381.865267825013
8223.061994689084 -8524.088647477722 4875.342372437477 -2029.0801353255474 -2924.3308831658687 -5943.453401681567 -2216.708596902883 3589.029001398463 -1007.9105282202563 -6284.735357235109 -2262.012336411499
-1441.2210627775821 9159.51460318697 4677.30110663855 5306.891690808068 3021.1301462213687 8155.03672357267 -1394.8125522614046 -3204.5910435976557 4881.359629673452 -9246.496227091577 -5973.31068714519
4339.859239084984 8373.925154440014 798.5312904077382 -4160.287221924439 -4489.7622726102645 -7489.161546572672 227.032924578054 -4309.826821981935 -2957.8636222547084 8344.141949611658 -686.8615575700351
-6816.313299416186 -9259.202969722868 -4264.089248138336 -9881.723190675724 -3046.7091353989354 -1772.961831799992 -6336.5522989844085 -893.5817868774866 5702.843156998579 9418.033466190089 -7576.417409437128
-4778.595723698986 6939.232025740559 8073.572459759769 -1659.0114079041468 -4436.435434313499 9264.999721366778 3482.6571478900696 -1179.4496347046752 -2918.579551622309 7355.479457871756 1311.0948120138019
3924.871867283722 3959.138694013056 -68.90348523269677 -1818.206680031789 -1544.117425622515 5187.302567621115 4424.229065420579 -3014.2347016093245 -2552.9806068792423 -7925.249201130102 -7626.985900033423
1859.7222761049252 5056.597296244727 -1207.2115535692628 -7356.478045705219 -3203.4742505747336 -3608.904955134928 5913.651247460923 -1950.3927376069696 3479.999274479307 8111.764709631534 -237.53570227990713
-37.24802190945593 -2952.04491304744 1813.259349288579 678.1873428026611 5174.104014709988 1342.23831561127 -7482.24639517751 9596.386168760546 -9738.189103283781 -936.6331282725623 -3375.0048958596744
3096.5987199609663 -372.19597605452145 4117.057193565708 -5510.033594400452 8922.246380110308 -9367.6374922022 -950.0260424397893 -1085.532260860371 -2604.6564564523833 1752.4336290495376 7888.835525663715
-5692.970897068781 -8255.573185098589 1633.6037680279987 6148.211197170132 14.052488325101876 8292.367069165233 -4316.6057979708785 -6416.062553796991 -9624.812176761792 4404.934744084181 7000.776681420539
-4924.000518639162 5841.99076793456 2983.8482663675622 -7785.023072260456 -3868.608754855869 -1837.351565054726 7584.145321584645 -7309.260798176263 3623.1869308914756 -8863.327374438742 -3043.7261719497874
4570.835252998673 -7747.6344918162395 5676.6667104675325 -1890.1741256660134 -2674.5423477663644 7574.5034295941405 190.5395899745381 -6762.71996635889 -7114.044526352845 2084.615360815522 -1243.6418055506165
4813.739340232241 5886.33188921588 -2475.589891974523 6843.51636919197 -4443.476023488355 4863.654767624996 -5697.66940170656 6782.415309001844 -7951.306113929164 -666.1456428688634 -257.49377925662156
-5772.541171513827 4513.304717558331 4902.659854783631 8845.81539782547 3697.440613742525 7052.7568813002945 5181.193263080346 6548.87178690395 -6151.367939515147 5973.982078113746 -6091.038766523967
-1992.5180168260795 86.13533600815754 -8318.00891821575 -1378.5838313016739 -1230.0828024142647 -6163.714195041994 -6965.779021884988 2455.8314638081883 9265.13405334975 -632.4890875413421 5689.577862453427
5353.7108064939675 -8307.134651797103 3143.464616263316 5792.612727904161 1783.6297202488786 -2843.971363517934 504.67311004669136 -9245.705763628335 -1142.375293793044 6916.866082182878 -7391.211143655867
-5230.671278079039 -7015.083967461904 5867.727484489691 763.5665637555849 -4627.909736760503 7174.687851793045 7266.609306576742 7011.821260780514 -7606.941770839005 -3100.5415549963254 -6925.887152033201
4646.459106733906 -534.1368171871 5287.4180402736 1071.8874582634016 3901.520695665222 -1008.6352868833401 -5925.339142314164 -1992.722214200313 -1087.3594889415617 3180.896776436759 -4022.976117999424
1 11
3680.1424303660515 -7127.692960715873 1415.1780166869103 -5308.635102772359 -6923.07181242134 -6086.106443680335 6987.4618444879015 -3571.5696646539154 -4576.14082529457 9482.094433898787 -2588.548852535606
