42 7
270.4566438713864 8760.678687069361 7533.362788166083 6952.296669493899 7731.0811235731635 -4080.2497447556816 -950.0803904186523
-6074.097324237482 5786.550615403303 5479.475114547808 4709.384209217971 4649.295175163483 7634.358948702022 5498.648814493361
8027.146799032729 8051.37814277651 8949.0702430159 183.32608680437443 4259.929874375146 6733.146947682064 4213.716865215205
-1612.0530932821257 -5339.068638290117 3876.09792737275 3572.4240584901527 -6754.683622804223 4439.468386497538 -2303.10860675391
-1922.234292330034 7764.282470441238 -5544.7604456326435 -3071.1724027337686 -5001.442394301372 -5855.573064158881 4937.0417854165535
-6374.275673508077 -1521.77590512827 -218.25912476033773 9023.461087635544 5959.097549524149 -2373.9484039040226 4935.716498588607
-8013.215003347897 -1405.967881324439 -6514.2101324438245 3199.059692901159 8965.68744451744 7759.138717331949 -4362.234271052225
-6619.616666652266 -8299.061426218284 -3729.8768300183747 1918.1156392455541 -8662.183999911995 -700.8295256637284 6265.626110109963
4426.156357083402 2470.518132252806 -4966.899008295447 301.6026860217444 -4002.829600061952 929.2780159826016 -6530.999000904742
1266.9132710214362 -4823.791453905446 1190.6256415457174 -6529.997408151539 6168.762316985547 -5231.595359595142 -3464.011649550598
6515.826804073597 1840.0758848645546 9579.667375273293 -3649.808341642324 -8991.252138814021 -2224.4593910379226 8608.411053514894
-8713.42699276829 5934.050970186239 2561.5597612607926 -1699.112687029381 -7319.494283822185 -7372.009980857468 -1711.1567218579512
-1202.6200975188185 -6055.791413743076 2881.562865560867 3936.0213484230135 1688.802937383467 2175.639493257271 3832.8654164739437
3410.9321571348355 6215.823950943715 -6688.4478807318355 7637.104921686587 -7829.999396679912 6878.585572785592 -2774.8020410014433
-269.57216194495595 -6188.011273069143 -2433.860994467418 -9780.105534036344 9117.304976844582 -3324.4157636834834 -9132.449402097318
9398.873326435587 252.30425323148484 4967.76723017071 -8368.110364020413 7658.194313358672 -4388.314249864169 -6556.400890916591
-8749.238084164466 3618.32715421182 6203.315801318451 -6102.614872773082 -7613.7029176707565 9427.999364195643 -4395.930811088478
5381.768558495145 -526.8997168325513 244.49797927429427 -3965.518741656697 9692.585310913903 -6686.158332497265 -4129.0705238343835
8072.095010601723 -8321.334349896333 170.76376577769952 -9496.842850523419 -8212.908753038659 -4373.6502952940755 -8998.786115074752
-600.5953334950536 1024.8398482438788 -532.4105372953054 -6232.6323848159955 543.4256413812545 4369.1624630530805 1034.5200736554361
-3475.8117255621455 2042.7579910182667 -2316.6843296168645 -9539.505654853814 -9371.492157540615 -8272.979590700985 -6826.9159050857215
9531.11771083263 -6055.150089394732 -251.35345430138477 -3363.7517715305676 -4447.456502859177 6357.1611409808775 6053.722948624394
7471.642549541633 4084.4299416071844 -1079.5516113002504 1075.9430129002903 -6358.577919721746 9217.995318745572 -8750.467092051183
-1506.0494454030486 8256.079313379756 -6416.339064765027 6882.739206679493 3997.30496174389 -9969.250202458074 -1733.3011052735746
7112.176250505734 6216.156610684271 -9367.03369676562 -45.357756572788276 9198.833726715147 8680.941515206992 -2831.5488289829837
-5034.119208963892 3648.5356010288306 7812.367734171548 3943.6592419892677 -2246.1149399742817 -6788.793351675482 9639.81789859728
2609.300814899725 8108.174528375825 8656.565112745433 -7939.274430687584 -689.9423638261796 -5493.6751162752935 -412.6023373647877
-1938.3350014573098 7691.7216114336625 4925.423899452298 -2456.497958511288 -7583.269493315234 1713.316464372254 -3887.707513813987
464.24330559396185 -4250.52084964669 7086.744430577179 -7472.536161958167 8419.335199474124 1678.417942416585 -9940.90280186385
-7121.585522720601 2181.1163629764305 -6329.269629429451 -7751.168683013077 -9477.073738396844 -5882.9947413479 -8782.917074118961
-9818.794666277316 5105.134586964408 -6241.178356063646 55.811327284158324 -3193.4570681033383 -55.73513967624058 -4278.058789249184
8931.34703030634 -8959.953677143058 -6717.804029536772 8606.3894210123 1300.3922921906815 -6087.782586651331 -9008.872464135155
9736.434896289968 -4726.444814670714 9964.213639238875 -629.6278026335858 -4467.445197818663 -5886.071733398541 -427.80512526516395
8483.136763038226 -1346.03948873626 5728.834824600588 -2244.926431753849 -9902.224747060387 -9327.266869248944 4686.490204450771
-5196.689561832717 -3693.70601927145 8913.238489893742 -4170.451210434576 5199.96191822135 -5360.053280433152 -2981.9406540336395
3679.088377783626 6705.438987311005 4357.467819165164 6947.702571676124 -695.775859261028 -9266.614405630602 -4159.770992852394
-608.2079779243395 6152.939672683055 7359.650081087104 -4869.089029067979 9110.855850508746 549.892258907108 -8817.138784003564
-7875.070018072858 -9393.04575038411 4899.960362342999 -1019.3984331238171 4659.672767166028 4485.7570070100555 1065.1667903427642
-6043.766981372858 4310.463618975429 -9825.012820550288 2803.816065515457 -2325.121908841128 -4169.7505543914385 5588.402758349408
-2969.9798706777083 1784.761712073996 -6967.081130723805 8680.030642291178 2664.282903035166 8633.9591321617 -923.9607139491563
4242.651161234964 -6023.415894517472 9545.248293741664 -4802.800452122051 -8306.848666254942 -4140.319751924369 417.28543085125966
1607.5319474275093 6302.578250469132 8271.890797880758 5268.288225386186 7196.295873995525 8233.659525726835 -3755.1117072848747
1 7
-9696.311433210352 8961.52240175091 -4265.137630277638 -195.6165950204686 2573.1182220819446 6499.782341387527 2146.3043053508554
