40 29
1883.304496714738 -8379.197582713547 -2144.7720684462947 9685.910920251968 -777.3947254542254 -2243.263570914216 2470.798579865266 -5041.509036549301 6700.930486484369 -6256.177379997187 -8080.567754818566 -7730.102143352917 -2189.258477795551 -5314.708966566006 -5984.085143735758 5433.70194033199 -9354.247508987648 -8246.069986809602 3685.700853599603 9664.021691075348 2813.6918686707686 -1174.079232712471 -2951.4053046063646 1220.8684883650767 -4450.336065707385 4888.429963203718 4928.630150404246 290.8567024816075 -7955.619941387
-3564.1114440438823 2631.225626645817 -859.9116229840602 5810.701745153419 -4798.908305648788 5244.606160040372 -3155.8959918462097 -5921.568225313141 -7749.5442159469485 -8048.985824389445 -3246.6642811978245 -8801.856017010923 9797.32089282282 -5974.38415607836 -5700.946888091643 -4889.036700374527 4419.994251747417 3426.6399328532007 -1382.529006615052 6044.730279710637 5785.8931802700445 7153.077879654593 -2587.352883219771 4204.945926199116 -2764.2633800576186 -8264.224361654604 -3734.3670447069408 -7238.346477117466 -2592.6852643933444
-9374.172743623154 -2382.3316319108035 9061.912615232039 -1819.8928714103513 -8045.978724041338 8693.178730718537 4457.518720806707 -188.38410827640655 2444.6045914270617 -6464.222181965615 2269.33874139211 3132.359765499319 1651.0068957291442 1354.1926045337223 8353.73617574569 1847.2166452766487 -2538.6481141313525 85.56204106179939 5926.680960771802 5795.716278219288 3715.0424139165025 -1104.5352194776442 3801.5639922539794 -1020.1983359616788 -617.7946937881006 -3825.363578936179 -9065.806455730683 4782.735888498646 -6027.762111816029
4100.711407499926 -4879.187876422948 -512.9086935787509 9602.8132801488 -8966.549405163487 -1697.394642627587 2689.4031791038997 9510.400100652412 7190.6539791181385 5838.162380278189 -8914.420429922311 9984.553495715067 -6690.67426152887 -9404.642629917393 8848.654308747256 -8779.02108033294 -2347.9008434092875 -5224.489762728062 -5836.71599712148 -551.1006116333065 5430.377444755981 -128.73178610912873 -9943.018552971096 -9633.073901725504 -5944.6650776773495 2987.1884191291556 13.048013602885476 7233.346717378397 7505.041440472025
-7988.7371652302245 7407.732579564359 -9375.259458636741 -425.82302563992926 8074.54794623021 -2536.4088010329697 5511.507282160099 -4102.3666931965 -4010.5463724285255 3344.6274630151947 1686.5721829650884 -4674.940672531842 4839.412202699827 -7651.552732877649 -8536.741977898972 -2830.8931110492285 -7479.011296282733 -391.6938778096319 -1657.8304757271926 -3595.3851220429597 4471.949147351803 -8675.708020409833 -9809.318920228769 2793.631246123605 -2000.4867180794836 -2641.8202483489586 8784.637703783705 322.65428590839474 4087.8907939209985
7530.630940709787 -218.0496544811649 -1899.8725861118019 2561.8444289915406 -8111.400810635425 -3638.2381943304654 8755.416622690478 5446.579303726741 1059.0998337927285 -9612.451872534804 -4072.7591515716676 7527.55706463167 8946.94878705324 6170.238173234633 -2604.749898824756 1740.2198429508844 393.77369735715365 -7403.81265277593 -9561.130691308948 8395.768135031256 4295.4514448449445 6433.7307814677515 1373.8990368191025 2317.040633247474 -548.1174189875164 -2366.671401880567 2480.470972766663 1374.5125836314746 6187.8387525966555
6354.863281818365 -9598.903433476191 -2410.2454193550993 9777.984316678507 9279.301200366335 -4311.5506132625005 8953.881083823577 522.7805056261968 -1663.7361909505598 7268.750125977949 -9035.995499946654 9527.814678365059 -3139.182888650358 7714.302053974483 -9184.106807169923 1907.6807637583952 -1881.909558477666 1170.4009107160946 -8616.094889574599 -5413.471438094301 -8878.022137054759 -6241.443504983823 1974.0565949739466 -9956.160446451662 -2684.7250783844756 -8646.403615562413 -5532.468661140815 -9662.172705908444 308.14493184711864
3961.198582838928 -2654.1946715207823 -977.7854624057563 -9764.957114833436 -1551.157720459798 5161.047502831865 2918.9140245276394 -9606.81863912905 7115.669992302672 9024.012931056288 -2618.072206442519 8288.40743161246 -4395.393405104673 6315.227526675184 9708.862150521029 -1241.3081945698686 4323.495568797025 8317.249790784663 -2024.3771057350004 -9975.402700425595 3273.188207365207 3670.8822843049766 -2965.9840270704517 -8604.202499417886 844.3363469603046 -8100.307502611026 1649.4894099069497 -1132.3918109411716 -4203.200460076057
-9334.995628321854 5581.415100537695 -4358.880611975324 -2335.687167905511 -1348.5022624276407 9694.777969103176 4756.6312086252 2316.4128648454625 1602.0531224027127 -5001.578131468683 -4036.3502575410703 7251.26826322341 -5767.565317829677 -1706.1720754631624 9310.23257749754 7610.582135916466 7258.155750562662 235.40800459694037 -4004.640579528993 -4026.6095578765508 -1696.1497927700166 9449.232907594513 7195.7127252420105 -9084.644284297165 -3762.1419589224843 8352.456238807441 7549.691410935007 8124.745189341738 -4225.956943150178
-7508.807380097626 -2286.663213439677 26.27180203056014 5093.352823897374 -5170.836006227706 235.3811115261742 6861.78808188063 1513.6020004119691 -7014.020297979581 -3710.056456743904 663.5243267971109 -8853.68815554126 -2600.1560817344816 1491.5067384946087 -7123.063671590093 -3985.499704767559 -2243.905429236068 -954.8816518162312 -7243.015675437586 3899.4709425582296 6782.141107146908 -5219.033761480098 3746.077423892453 -7041.432705583704 4881.603118094459 -8750.498971659772 1276.2548754254494 7167.672138463709 -5992.185921053763
-7564.560590815397 1998.6148531104645 -8645.99877701421 2092.5146379845883 -7304.976148418145 -1371.9978432367916 -8879.165534179745 -7240.269310325481 -2175.5128870336684 4044.054239110028 -8135.316495061408 2500.5127805989905 7919.678523894068 6658.0109214674085 3312.991485338305 4258.955519091265 -5133.6306183134475 -9493.013496010035 3763.971468293508 4111.920904419212 9081.236379459027 6572.019472037537 7029.014818392767 -7383.359118188335 -7774.346777424399 -9550.104100124614 -5203.125192828459 6634.080922610407 872.2970743268415
9251.642097906217 -5444.021373372066 8432.244655529608 -6512.589112347105 -6194.673615603643 3026.471883540449 2460.0049894024905 -9085.571595008863 4044.478529352298 -46.9393819041743 -2942.433565560612 3340.805538911358 500.8945506862874 7227.8969463979665 -1500.667517761438 -7162.55415188122 1156.3825839154888 -7559.958676242289 2497.7180218732756 -918.2954534647033 -3294.0686840896797 815.6790300540379 -977.6382585752835 -139.80644561850386 1784.3157235226572 -5572.588273748611 8409.886796987154 4601.350339814357 -712.8959998374157
-7298.16431870471 3448.168208176803 9012.159898224505 -899.448529840307 5170.334619883257 5152.995371162377 3201.2622358217304 -5981.421036889793 -9621.188033689205 -764.4404058747587 934.3626555339797 -7957.720029042985 -7102.296531145853 5989.144739360472 178.5017961546837 -5179.6210905437265 9897.293635466132 8066.554400330402 3355.6442514759983 -6237.639899985423 -6446.031914657122 -1557.895168173327 -8323.607519808244 -273.2153915340132 7963.077532984022 5676.30400381976 3490.4465091898255 5028.948732689469 -8164.599479054322
-9237.129812821096 -2025.0001147111398 -9880.783923512286 -5611.303752098215 -337.34479546495277 -2889.0487586562076 8801.498030144576 -3177.75955230051 6768.249717078146 -5444.799231120048 -5298.8933069285 7687.061110614315 4409.036731563196 9228.1427018686 -5872.068128237215 -8122.8802462538315 1864.977858529166 -2663.4807505149656 7232.024715724954 -22.713446487565307 -8560.60078765659 -590.1398646460548 1849.2362777156668 6762.099601289843 2205.2223254430264 9065.19403365604 -8286.038108925633 -7383.158456183553 9630.019725033559
-2817.743677898663 8008.419602350074 -5445.641484835042 -2967.573904670844 8007.876333061635 -8428.976192076452 1947.5302957188796 215.78652500346652 8346.27432175367 1541.1178409827571 -6661.3087375915875 -9426.354787245438 1783.853915985328 -5623.388057167455 1846.4275051799796 2107.0853596069555 -2903.239771358086 -1766.0935362202508 2129.204777125333 -2016.9424574525528 -6769.5453375747875 6816.211925131785 -4658.022189154627 1938.248972827032 -3133.633999206567 -3773.72393795236 8553.476917395092 3209.949650724333 4797.623571286809
3989.0652289649206 5771.562125229339 -5105.202108817055 -5648.5691474329715 4209.741664321058 -478.5672777548407 2676.369280743049 -9526.038304406718 -86.36289700129964 4026.683649549612 -9918.283849722333 3375.352488107952 -1585.5339287047627 -8465.796392048362 -555.128167104378 -7086.752922903421 -435.60496718973263 9854.65924302613 -8399.681981304117 -6325.851646426073 -3463.0861464654527 951.7177516851134 -2317.4968140544206 -8603.063649478609 -628.9722566477267 -6845.43933566653 7214.22388468371 -9209.573629821934 -9122.22442979254
-2580.4542183262665 -8605.858353394684 -6093.494251501441 5686.135257394404 5820.2071250311 -7322.157861857235 1384.9862191763168 -2563.585416981038 -5277.65493420689 8378.257386011228 4893.430014877727 15.617643595045593 -9874.648808119966 4291.769684078619 1232.8953974898996 -6416.856990812478 8327.69490405573 1842.015578015311 -8408.541006217773 3702.516042296964 -2725.9505030871333 -3004.394369913907 -6029.471525447316 -7011.32246897461 -4282.875129465527 599.8137738708556 6881.783269978518 -7567.644565826934 -6868.943236534664
-6204.336979888252 -9235.272584715955 8344.355700673212 -4699.010040546681 6371.11362116125 -9057.777484303291 2776.96369014226 -248.94081427136734 588.3277334609975 -4015.1778655373046 -3137.919818343751 8423.52920444624 8741.198403213632 5851.274357688875 365.67324136539173 -8505.551632698978 8866.285443087341 -4928.960051520244 -5471.544862176232 -3660.1676422454802 -5537.014930555822 -2604.8315536076852 8729.724680074425 2805.7019064961187 -3613.3165630935337 -5333.727444088441 -328.25125310588373 9450.263068799995 -9680.74328872051
-6755.460093907608 2108.0886182089143 4998.676494527799 4094.407246478084 -4113.256415120818 8902.707987706945 -3275.0767918532756 -6499.760272756112 6780.890574836412 5223.744856963107 1512.177909680293 -860.1809381493622 9010.962741381663 -4967.87589946925 26.319791665304365 1622.3354680817902 2333.116857880086 7808.736317908006 -4266.681146461125 7857.688246601967 -216.9062245672867 4695.568187112194 7759.666336434144 2863.2242789826796 -7264.095709662768 2203.485627158152 5738.503942833475 -697.0390316796529 4619.191484127114
-620.602312462428 -372.1605505839507 5808.408764544078 6694.497875391644 -8374.652483959215 -189.48774243420849 -6582.48518339958 9853.52254352942 -3855.9760236263955 5570.810618039877 -1584.0136524674272 -9823.709978381343 5495.538134766544 -6853.252904087294 -1711.0698733831614 4631.7031885508295 9538.085273202876 5910.860263496206 -7326.681859517514 3549.2444049011538 798.4890773456573 -8918.893131289551 3775.53724304521 -6494.307325980144 1812.5275581956976 -87.30602764882497 -6182.166800729936 -2557.385125887615 939.2399005612951
6856.403147950721 -9249.994844255283 -4378.699310843454 6698.185439656339 6685.203528088045 -42.97090945021591 737.5907367403142 -6255.555362762407 -514.6984365865756 3159.763823805961 -2462.682639489575 405.4200687681496 -6145.7833371568295 4300.96802723898 -6742.840243431771 -7720.78062607756 5305.16252731464 7719.972809615043 -4998.330092978227 6286.555515199223 1170.0729432818098 -3357.6861320024664 -1986.3276206489754 3774.299202569926 9946.590751731426 -5975.915975304633 3521.4902894021543 7152.60755395118 -5332.202233330297
3626.9577502021293 -7156.221737638586 -6651.617161441068 -4052.9884456684085 -4149.336487111786 7883.201784984933 9628.249406477677 9135.249873179724 4736.02123930348 -5156.2156179566055 1028.8340896759764 6211.95968013823 -9575.995360390323 8049.134730587211 9614.475606270553 -3495.4047832919396 -3148.38110743747 -8006.334013467044 -3053.179406543285 -9532.632051626237 -7362.538442732432 -2076.428372695571 1166.3162117940992 110.2564807693725 -7181.196808218752 -8286.513896987166 3088.7901948957915 2863.3910293215595 3204.085042429053
-4485.501945253103 -9345.365745653271 -33.505311520892064 7908.9452525302 392.7383481453362 2403.456655596259 -4833.1332788074515 -544.641351006554 -8332.600267914377 9423.024264406005 -5427.898968664717 4455.070350303557 8979.631286318676 -6196.266993547568 -412.6758864410276 -794.5918880685113 -7294.419708889967 5404.536601013064 -9652.456926515533 -5954.512535877321 3170.7265882916254 -7577.828690917734 -3956.154041639231 9138.66761928322 9392.781288887487 4511.904427840247 8572.01831741265 5778.575125700265 4106.809656820476
-7310.266957132659 4454.865898332568 -1913.8795199070828 4326.34326433251 8681.399701957977 758.1174938528729 -690.8510158333775 5257.746144671806 7364.352857596739 -1296.0100561817399 -828.3118051565561 -3645.088153884175 -512.1244776894582 9795.485803421594 -4678.611935144068 -7848.5582748086945 4316.951486365651 -1190.808601191462 -99.4093762975499 7049.400262267878 108.84576311047385 3921.8800358501976 -3850.935062827274 -8569.10597630372 -4420.988484214013 -23.783702265476677 5916.55937485791 1422.4413059437666 3197.5665344932167
215.8441172089897 1421.4342096755481 5800.878813363084 -6829.752301506091 -4663.853695294369 9003.908940167443 5043.03606537503 -2787.357985786991 2603.8425797430973 225.39410766962828 2794.753672344539 4859.302339792792 -6789.057310692621 4382.875715193872 -3078.073991846768 5323.213840001939 364.4173774419942 -9880.601026413155 9706.096406261364 167.78926972619774 1774.3273048441351 -4505.93353807803 5337.7916949584505 4461.036235886457 4660.354202586519 4634.165718113163 3356.2438062124547 -2491.933540110569 -4110.592603306815
564.1594922697786 -2171.2105932282384 289.6504173026842 -1224.9171100311432 7198.221742657606 -1638.571103220771 86.81496668716682 1269.1801826802766 -5912.97445131975 5203.327787152697 1636.566263329869 -1124.0932554589508 2569.857068720481 -1938.3341780222545 -6722.9054446686605 -6974.522356451065 -9746.265428348725 -4857.385934417877 -4855.806616538958 -2819.582643375873 1515.6679300607248 2906.1259238691237 -9306.79461914297 -5589.597469985004 -3334.943844030836 -2203.3748327594503 -5396.898821263718 -4143.704418221645 4703.210673816118
1569.1677764935557 -6132.346033487157 1253.7797604233929 -5476.218508305932 -6975.808530879907 267.56145406015276 9749.118480215671 -1763.2799995738587 -4863.508712657703 4770.770990804491 3455.820056387025 9602.771413812807 -1754.1908006448466 8337.411716332674 7833.504277674303 -5475.626338238537 9493.371543566918 874.9848329371998 8717.656393396628 9365.88789253166 -3313.6014706492097 -7007.6487399843645 2536.8703679383925 -9235.840007396484 2092.772817253688 4992.666671672485 7800.805716510564 534.5868226906387 808.0979567349277
-8247.977186806898 1709.6411909719645 -8169.3647939481125 -8262.109209826811 -1861.0230600687892 6992.770819202222 7661.067969550495 -7575.968307887284 9756.219435817125 4776.523010412506 -2038.913114062826 -71.02770704530849 -3683.899384273708 7395.953914262711 -340.2079580398913 -7389.356816011765 -5978.8417666737505 599.0350465078318 -3804.7248303314764 7801.586296533376 7911.334886038909 -2868.253221417185 8550.52434449484 -5654.489027690483 -1882.5357751894708 9804.717374065396 -8236.077866506572 -1390.398084121378 3459.690960566233
-4433.013138753457 6441.646638933453 4990.8242339225835 -259.54094333176363 5667.5640222683705 -4659.723232252406 -4259.332639182696 6975.8572480161965 -9752.142766626475 -7600.190398400515 7646.252063320873 -7394.9385752275475 4354.839753903958 6216.048836916712 4794.707854873115 -8670.399976482093 5378.222360618489 6655.613122281102 9273.481974042072 1729.4388614078543 8073.657961619614 -7019.931149655603 4847.437024352483 9767.526405772875 -3204.1277643341773 3655.046574018106 4480.296802195251 2865.9039406984957 9871.82384171725
8284.673147695597 -5988.424364737959 -8815.191390965523 2905.2952471833523 -203.88569440896572 -2540.5764023742886 -7302.5133074514415 -2154.8562622450436 -1206.3712306857942 3780.291002000935 -9356.924711094523 7483.374457228492 -3118.795829487728 -6512.247409008909 -6423.9571814884 -4452.071877637835 -8008.799994428288 -422.6727204367562 -6242.088370945286 8142.6800012507265 -9286.227290622792 6998.155587947629 6051.700911778526 -3862.230517500225 -7200.613361536583 -1802.2337454071421 5282.419998709787 -3117.405755018048 123.07168130202263
-4567.560964051898 -1014.0257978875052 -5496.8821556162275 -9325.786839167047 8877.332094212234 5403.439222797775 -1089.8175047775312 4012.4651036911637 -948.2380370153114 9469.456331981648 9898.352057565266 405.72337045306995 -7169.297024476611 1294.3173244224563 -6012.382990066169 6551.542231266249 6649.713190620292 -6670.818610206433 3298.673918234923 -6800.180897710615 -1234.934500080215 4190.350906960852 -6698.529489684988 -1231.5683340176329 -6910.958651603405 -1743.3929221537473 7294.557265403382 8748.94475434941 7286.053184206077
-228.87694027461657 3508.7828361153806 -7878.751967248208 -1465.1021375315395 -5373.212943997792 1585.945653833507 -7330.849702635413 735.285582444274 -1247.1424203015013 5741.555678300487 1225.0252838144024 -5168.874483047323 8222.309830724138 611.0637116517955 8533.308316967465 -3280.0250541502837 -7632.48157006573 4911.51983582038 -7068.7693562597215 -5281.19361279394 -4596.899670286758 -2268.1857445227106 -7784.599992739268 -985.2585540049549 4804.313034433031 -1692.1627721873283 -1248.6576104779106 -2608.0493315561616 4796.678048330785
6343.223265122133 -5742.265473367694 -375.45093907784394 472.2525345970116 6568.219981048911 4462.9797951544715 -2941.331332078529 -8116.935627074977 -5860.453247518387 1340.9324524840831 8485.648401501076 -1509.9517917575467 4281.053937985907 3749.6920122010542 -594.5571437806193 285.1409015293175 1465.047432995132 5420.634714684549 -6480.000943948908 825.9845697923411 2319.574849300261 4339.485186495096 -1486.7853515947572 -7107.09300311015 1176.1225308799767 -6012.825348404369 436.07956881708924 3574.6964930985614 8277.620994206816
-1062.358815119096 243.2681889992018 -8175.338423366591 -9407.74397095385 9879.300617356446 3981.9667079013034 -1402.4654563526055 2220.9782730070237 -1310.7108745270325 8502.694013296405 -8227.81711746363 -6625.863306841979 -4124.168535999355 345.9875827597407 -5770.685994539386 3555.9567155830464 1881.646095671851 -281.522570828316 -1624.6434863055874 -4495.3704556945295 3245.4586023966367 -1586.3940922747788 -1849.3823396544085 -657.6319639344001 -5831.045412727815 -1030.5450946634846 3960.465366324788 2772.13201013093 6541.718799464554
3035.1065950362117 -994.9188488772234 -9676.733744504616 -1073.5401285347107 -329.9390295109224 449.18932908366514 -2273.9604531606483 3369.4840202066807 -5370.685568867484 -4275.07773499148 6852.605773263378 -7058.003964156449 -8007.924668773787 4648.075843420529 -147.81845307801268 2175.0021984582017 4956.821097860578 8748.7457200723 3560.247955851888 9885.9449402606 -2503.1655960380795 -2655.6110579900287 -3627.086655239682 -6657.713075838829 -3035.3794222914285 1963.0697467473638 9591.109184618712 3437.116024832587 1140.1256224202498
6588.5931156243205 -3259.7621889305974 2139.4847680549537 5552.446747736596 5787.007832918338 971.9525090497009 8103.778925032857 -3399.5267650349397 622.7384841384792 -5593.827023899234 -4865.666967925459 939.3182921038951 -4223.6469447019645 7488.368465878746 7934.586443365944 1696.5226188636589 642.9537407959069 3740.072463888402 -2088.6149406582044 4556.750714924086 -2033.0601389967096 -3814.0807395968613 181.9138161474184 8970.045727180059 -9505.70044807072 900.050854824769 1834.848625044844 -1051.4505746772866 2674.688119537379
-5125.884381830732 -4646.087133562655 8325.30367168173 9144.515866002384 -8320.994824015968 8917.415881036643 -7220.960703973642 -3138.673009132928 5390.849274519811 -3515.4622371574405 -9850.808411552489 -7136.787155533595 -1611.7436435387663 3320.002914504181 -8960.67207187773 -9817.599264001348 7463.9685571082155 -7173.81140635257 -1478.0980975562634 1565.3901250197196 -9381.147984529356 -4624.1007466415085 -1984.3820532210166 -3330.115722398783 -9946.239696440449 -2950.5956085540383 -2193.568070967329 1441.5761914895957 -8058.360845153796
-7798.198368629039 3185.3067587787627 -3013.5102883926556 7911.067061353289 -1490.1263210896614 1798.1017341468305 -1577.6697506185847 -8673.080987104575 -9582.294997044199 -128.3852243491583 -7587.881457107373 2793.0688691980286 5836.436379060917 4922.661702894626 -5500.31550291058 5331.051971022662 5144.424272053049 -4897.918324749655 6732.602949488151 3926.7966221649913 -1833.2754725962677 5853.744811073417 -4030.6306825290176 -7001.162562613121 7860.260548030918 -2409.549075537063 75.98966807833858 -8869.229553841811 2371.9166353153432
2586.1872772752286 4631.968728365591 2354.3242927543633 -1144.7306311286338 2481.635519457044 4790.13993232274 8451.278132130974 3060.823471578171 -1732.6089819537756 -3994.769924807304 2396.034944012441 -2505.8237296508823 -3150.0147454871503 -7624.558941724861 -1240.8121015025754 -7298.586071676198 -8121.585196806102 -7848.024645671314 -3892.741051147368 9014.691594304699 3678.9855241988025 -9758.338134089227 7668.9775641041015 7597.195731554388 -4949.892855055798 -4880.77568641247 -6517.201827358558 -4529.601903450673 -9035.93840407491
-4490.839107988553 -2367.978583332957 -9486.883950287141 2099.7971276731514 -6168.870825845663 8618.763397556006 8640.154518957625 1578.5005293019713 7489.547505293616 -2086.74935186558 -6803.114098692831 -619.8927957170599 5034.458852915046 1621.16876830418 -9391.718233368865 -3563.6805878087016 -558.2591711675304 -26.83589695678711 -9279.942223895767 3206.1799001279505 7389.2875021448635 9650.080663007786 -3608.5347663166485 8262.13730650066 -9912.386418414399 -167.878763509314 -3675.24039090914 4744.545145252765 999.0628428861619
1 78
194.69483663539359 -6756.872848734559 9505.735018919695 7035.787064695585 -7392.73003544658 2189.262177382843 -1420.4442566711532 -3647.104491683186 3305.0580229942043 9230.365604529256 -9188.226271318616 -1691.4090478172384 -5391.178540405402 3527.3784287890303 4016.0574263381222 -5318.449463355594 -1921.4078829186556 5791.714707385927 9926.528649237582 9517.426080839832 954.8430606213424 -9532.261099840023 357.2732874294634 2447.3406959194217 -3407.4213691294353 -6653.724382062412 5228.821080590642 -5713.15723980588 838.1819492702052 -7154.3662151322305 -341.38604979567026 -5518.5386173063525 1346.0681316826813 -5740.3899031210485 8884.736822272786 -4287.297092563389 -4131.000760538072 -4260.908436157544 -9319.802406862409 -3510.4910393910286 -6750.5069360253865 -4478.977365654447 -5049.0524933258075 4986.51804326721 2910.8663677821514 -9545.838637612269 620.6463764267828 9408.112378509151 -6452.75802638355 4280.677525605357 273.0806001039873 5964.607456400292 -9785.734575949635 -3681.34456519962 3866.345776334965 -7766.905672267994 7333.43886536577 -445.53752650960996 -9265.345368300326 -9307.025632091872 -288.8871066067313 -3609.2288741135217 -9131.963527961165 -4780.956725481127 -1121.7045726464876 -2050.0387327100307 6045.877383369305 6596.634240328149 6672.825319254232 -6819.643293745363 -3376.2903710301616 -9691.283876530777 8036.203603332255 1211.4725460957925 5225.191347563963 -2490.2662762532054 8717.5610746581 4765.477760960775
