35 18
-9137.923131206047 4068.1392412130117 -3833.5396150163433 2653.2673966331367 -9978.916612981096 964.5810209253905 -6375.898252166227 4741.129487197997 9242.270676946475 9708.427663354276 -8680.81555976547 4650.883486710747 -3024.479958750665 -3416.519511416609 6300.934182009094 2802.6662434190457 6788.82748520566 -873.6975648702391
-1149.5229262351804 -5783.0263880506445 -9748.731218129169 -6080.072065775841 -5224.514358521413 -2468.766768152488 -9937.263072790716 -1859.1865042582076 3102.5255621194556 -6884.940284574446 -90.44134852298703 -3623.3591086961333 -3292.774995563197 -287.19706025341657 6498.226456593191 9489.69262539754 3899.2922153946038 7494.245355436913
-5093.062150032961 5855.475691083038 -8510.772318984014 691.5788093164301 -9611.645887819564 -3790.879888838792 -1681.4842360347757 -9105.347005556521 5147.17269516574 5394.591612352506 -9530.838031329047 5568.993908276936 -6434.438890181564 9052.890235895331 2625.8380098223806 4974.593031603896 -8181.024976339792 -4483.47113429846
-3464.9997839429143 -1317.3680897811937 -7988.831212632086 8208.840435164762 7032.309547059944 5246.456498276839 -7396.544069920146 7499.347652995704 5614.286860972557 -2474.2652347961093 1755.3482244525349 3680.15585054853 8188.053904641289 -5806.593633087902 -8168.897444443508 -7572.465657978413 -6784.0565880597815 6160.484841434478
2491.223651309263 -5247.683085946904 6256.232368427847 7561.3650649991105 -3523.819568552116 2190.0013686163966 -2231.9575218883683 9527.853935908042 3807.9345612247234 -3337.5091892623086 6061.649626336592 -474.73734040551244 -7976.815318474719 2814.389043074232 -8439.542626648054 2792.3740922674824 -4886.170260918295 -5128.345611789818
-3246.9273836849206 -5515.679363490278 3012.9226973121495 -987.0890856984042 3723.9830083487213 6111.611177360721 6825.870811915956 6876.369878749949 -298.48751598844865 -266.1239825716784 9039.333782961396 -1272.0995455948396 -8418.474208816582 -9177.891012852624 4819.367616796655 -575.5001835126623 1585.3028890001879 -6528.097312117377
-6426.993534806571 -2632.9610738122255 -5178.853403333022 -8710.901386174542 -2861.2653260277175 5621.589951449487 -5051.698259316111 7314.419193991209 -3757.356228756672 -9313.02584993071 9668.468306096896 4799.826639726158 -3004.232118945267 2024.484947124638 690.7461985056052 -7493.138924796336 -8842.976554242272 -2214.4297973853954
-2075.000576746522 3425.16102300527 9852.715556020667 -2592.208562189553 -5851.524128205831 -2703.077384512131 3213.6901765273196 106.77058385423516 379.1560566008193 -6161.060528393125 6631.768906013815 -1868.8010406395497 -8016.511716411734 -1987.9052699197455 -5080.162891791455 7635.078875138486 -2728.094203441862 4255.170314879035
8817.163599007501 -3319.101930562596 -997.2828843561201 -7043.271276322685 -30.12402058474254 -7350.425632675079 5581.523084677554 7082.003267647946 2810.4763172089533 -4269.898910943682 -1213.0545931257238 -5265.082587287125 6886.952308540658 7218.0486192618555 -3824.343200352493 5121.690229048425 3105.952755213828 9851.93280557673
7132.665395610824 -209.2990124765256 1945.5008921414938 7132.390135821395 -2937.7198752081376 6883.07297656198 -2532.064902276081 -2648.9676998707237 -3052.6195294600257 535.5745771123402 3130.6650469434953 -1099.3604461263403 -3658.1549944295075 6100.372994700358 -1802.931602116394 -2327.848995158377 8103.530286943809 -10.321786040267398
-8960.024552449113 7666.126827412365 -5542.910781280563 -1073.953913006435 -5533.663745873328 -5272.908826305842 4501.691805854416 6673.828993828705 -4857.643434843668 -6376.132998726141 -5778.727062560587 825.5826045734866 -3883.8859658509946 -9992.71625788764 9393.692357226624 1092.102672365425 -6475.24985551827 -8155.397514472315
-6066.78053332641 7707.875506559678 1886.9915752412144 -5397.809057195146 -7622.773408698096 -3397.8107540276787 -3023.6647644877703 9023.775464508944 7540.651617350963 -7264.155422022316 5835.681460472275 9519.435777566869 -9197.159976365336 6904.949089145648 -2888.8273794988418 1555.801888417749 4342.9109219304155 -4461.719077704917
8044.42122201018 -4766.413699865706 -8558.619853806977 4337.926571869442 -145.49817152477408 1881.6231793739898 -337.0999245411058 9847.62548834602 -7074.549889284806 -3072.94405867955 747.7098448856341 878.9792859557801 9596.153333529335 3569.3825698079636 5515.893660556158 8455.377275937011 4135.479243486065 -407.5631832840718
1071.0684106677945 -1953.0822854236667 -3742.4485769362373 -846.9332990313724 3938.8020394209343 -5640.553589874627 -8774.094620148902 1370.9809850554648 -304.8157288375023 6773.403644386919 7880.206781738751 -118.0052253234262 5885.12441165706 1931.5043145849704 4425.543109240551 3838.191737961639 8256.773052062588 9536.768023087268
-2943.1456220301015 576.6896782519143 -5477.726026577301 -2660.5848547369733 2501.5929733724242 5158.198666333785 -5137.779784152572 3574.6398897280505 4327.458834534989 5312.221419275536 -1875.443428201329 -1727.774942394617 9234.32762473837 7420.233133749658 8008.508768993113 841.8591097756689 462.7409040606908 5788.621287070318
6556.700575291867 1968.7217205124343 -3505.6489241427216 -521.3270205891622 -2849.536861991329 4181.744192944519 6679.198490603241 -9528.174126969678 9291.583811659668 -2909.3679915270877 7329.221876497333 9060.596815627567 -8040.772237471046 4704.487802194177 4491.367118293092 -9873.775486232773 7854.023840862781 -2047.8253967775809
-3062.938417254126 -294.0359823048675 5365.513012021756 1515.5085424992103 -7310.358321411308 5690.195098051961 6154.747641823233 3345.8422206068226 -2692.880440947254 -5904.883504552538 2907.1590356355355 1232.400696260749 9618.213646602191 6626.162417421136 2578.161702536254 8129.227367719795 4211.548733585547 -8450.871883254718
-6374.025249372744 -9553.254525070908 9344.753087677134 -8289.851639096856 8894.744226289848 -1770.8385412282896 -9761.990776104785 -7807.050267968787 -3653.151683800531 2500.2245316026365 -1967.7450097323908 -9168.11906809267 8664.43176163796 2764.0961708056548 9422.970033791633 2804.057500450306 3642.2854336143027 8085.357038873884
2751.062474013421 8367.971933497349 9607.044896820578 9694.345619918717 -3383.3985929862374 -4548.759793225831 4042.087000831578 -2149.4943179254597 832.5878272982682 -921.2994670039043 -1643.6435061438078 9292.067903220057 8817.183109784044 -8774.418711057133 2912.9487540533955 -8625.476572661664 -3038.31454867495 -9851.260726888524
7044.084227000807 6853.645189825667 -1807.8584290967683 9247.419066416485 5489.642832216101 4784.034705675978 -883.8433968297104 -6535.403388444778 -520.5917080393338 -2932.6739732681626 -9127.115858359344 3485.3428384371346 3451.2877158454594 -5961.005432545184 3860.443324003276 -988.6940514190228 -3774.7171066875217 -1243.0596604859275
9768.937298891437 -7296.138618937101 -9371.884308374203 6669.654095210928 -3303.853114986484 8162.805032318964 562.8220060129388 1566.3969729703367 4132.392233774037 -8758.486162099483 -9312.534164811457 3804.8153618490614 1789.1756187761457 -2950.3276634165168 -3764.7377986961583 3184.292616340701 -8619.629598482954 8601.11680414512
9763.129323574507 -3811.602846796689 2254.9307840058154 4608.081654620111 2953.0452801537904 4694.365852113866 969.1503470990519 -1063.8694603913464 -9686.453976983346 -3203.3676693943144 9610.927526846299 -9254.863180700218 -6433.333549903164 -810.9293372602533 -3717.5395992739577 -1815.4678110059685 2052.896749866566 -3057.702186006665
1613.674298435315 546.6520084065323 -9668.479543522246 -4806.802783387392 3397.1022048558953 -6689.072357711141 1603.5007582098551 -6405.702300800447 9638.773602283465 8339.43990974809 9264.81656090985 -1499.0263906101536 -7054.422155451601 7806.964995130922 4946.969811137149 -5141.076993927159 -9490.408441403175 -8037.860278572591
-3331.007394586236 6200.911916227127 3123.8822353958676 -2741.6181605677293 -6992.5144843829075 3011.387443626414 8058.657624625532 -3508.738461490894 4355.478669569424 9243.266873512723 -7922.731053882175 -1717.54277893777 9060.441331698668 4557.725696958221 -6018.595284776207 9570.490934544312 5068.343789513745 -3609.2313656537135
-4153.449638431852 3451.407590932664 8019.81505265339 481.0752480677311 -4337.93381901634 8441.014184294956 -4884.8433520504495 -5783.693789582454 2992.9284188450583 -3522.0249870635525 9181.56852878966 4649.725267171336 -8886.053660241636 -3206.7834272654627 -2783.113270948048 597.3710847983111 6426.877803133259 9182.992414922734
-6168.484656658868 -6060.150786643517 -457.82769304299654 -4503.3015998544015 4155.77788838798 5388.907171811701 6683.915945641416 2277.9417392505893 7077.517637752477 -9717.128080675006 -5845.039185065797 2545.1642402792186 8229.235400945137 8526.333787328254 78.99423878247762 -4063.6928163535595 -694.5113300795656 3569.7034798263685
-8396.814113363522 8552.320117217936 3263.593410017973 4130.260869300304 2789.932326180702 4937.093580260147 -9165.68700390844 1627.6063271798448 4471.207421616946 8450.476681983866 8843.78264610206 7193.49819511671 -1083.2674756683064 -5403.7576718269875 472.2196115360748 -1415.4635859060818 548.5290861363173 143.2323780573024
-7517.55602143865 -1345.3329674781526 -8216.837362652665 -6622.071583537679 -6823.078077718177 -7352.765391548122 -8031.310456213747 -2464.4181477648353 591.3901828800899 -3188.0230728462802 -4698.851721342061 -5380.480739627383 -3897.7271616643793 -9189.459055351272 9412.850727668454 -1580.2947508072739 -3464.219510588234 5396.460076006806
-7211.886144383372 -9677.507172193775 -8677.428864705618 -4929.184256028836 -5277.307535846245 8549.517420333072 -2478.740284495382 -1993.0073991901236 -5228.767477632515 -1501.9619898069614 -6114.822941552118 -7913.712168569298 -1907.335078130468 -1.444877126841675 -4023.4807770661064 -8677.785869720112 5086.912382408076 9435.435935647209
42.02787270382032 -3626.5573904364046 -9194.640429241586 -7196.4133586213275 -5306.72722885359 -4191.682278269411 8953.486418103443 8684.67542904082 8223.000595505124 9511.144899892475 -7057.981651562926 1721.2697642914536 5528.254509196648 2355.1325451381763 -5270.842174919976 7263.796616060135 -8162.0745081378 -9204.961870768379
-8014.132619971863 -6723.881836690347 -9352.33444786803 5336.630973546709 8791.995878303012 -7173.067302967438 8604.083037759443 -4803.029349305323 -4475.260543130142 715.8924617187131 -8974.804015048252 -5211.687201381014 -2975.203335254273 -1887.174253770474 -3651.261569056678 -8561.047986042107 5470.436134232628 -8042.925381584727
-4210.376323219285 3638.304159379226 1138.1818625768883 5773.772162738258 5112.39203715875 3281.140128986128 -5648.745359197625 -811.1481661254857 2210.26274781358 557.158193389485 -2937.71640157172 7754.039095545286 4430.879980421163 -1531.5594009677716 -5394.718919523365 7.68465197102887 6659.813705436001 -9946.972396494853
-2422.3072087781165 -4810.16254126261 -2927.2038588721252 1172.9204573117167 7760.529026757882 5642.383058256428 -3028.496834331795 -7484.1759690313065 1757.6230360065674 3771.2670850943723 -6443.576010445495 5854.359189834091 -9838.361569872575 -253.2174724455508 3263.9855353740368 9345.435673572385 7519.090004919039 -498.22036363587904
-7525.538548423485 2269.017719410469 2805.263364989396 -6078.276255750299 3885.0109725250804 8172.253827498422 -1845.771581253197 -2441.8104858742136 7205.656944060811 -1464.626787157311 -2439.6363096477216 9526.896047165148 -9049.973382812384 1566.3444077462882 7820.913983206785 49.18351806252576 4109.381452589096 -8765.955932700776
7695.145777808448 7597.002493487384 5017.300176528946 -3064.82594095028 2093.0803843314316 1911.0267884989535 -2445.0025110751603 -9657.563924769682 8185.40672538057 -8223.318425685424 1903.1938098315604 -5827.493585134931 -5935.441837817845 -8675.826113433313 -1583.993702845255 7215.673790699126 6794.858926963385 5591.454358623949
1 18
-9868.633179208537 -6735.783564477187 9677.84652644489 -2807.5616749965593 -5008.521494264304 -2193.12136027636 -246.36987300369947 -1928.6020828542942 4365.546453905867 -5371.089524289611 2588.732064840846 8895.560203021527 6337.362294956429 -1322.500537304688 5146.795819477838 5960.055777638168 -9329.73426234321 9201.92581002802
