23 14
-5954.432835032979 8188.822146457889 2382.6734104358984 8310.081076345003 2313.1736375601013 5534.682551233776 -9813.044844844455 -2380.176793448114 7440.352365983119 -3533.6386361961277 2581.2516114975733 9813.132747842334 -2158.79269550336 -9928.571919182565
-2416.2184971063216 -5687.0785528452125 9385.282245019145 8077.354388126871 2354.6691107645893 6039.432187623108 -5568.459149634972 7779.164558162396 1872.0898419792338 -1384.7840031523174 -9696.187855248822 710.447791071103 1074.0370894419957 5512.872838620271
7904.009770953129 3559.978483559682 6594.771411842743 -9328.164417041136 9836.095557675548 -7077.56701760166 4497.355559343439 -820.6671384555375 -9722.668640171894 9079.275282265211 -7571.534464039065 6634.579288749075 -3329.086777231183 -5003.473822644966
4220.9244598232235 3039.808807281601 -1627.428314246119 9659.9439370125 -3581.0383137387025 3871.5385268646914 -503.0647829733989 -3933.284791130902 4890.589685513802 -2666.5598129301134 5476.728732038164 4018.001689351424 1528.9095111796705 -6270.934223565192
-2507.9844273728404 6848.970922867942 4175.7767358611945 4803.875427627496 6156.182011368081 3865.516544436663 1379.7814524908772 2712.646222332818 3664.8689992549826 -2087.2822700271663 -8447.290077566297 8774.289153500711 -4479.582249334453 5239.8234243560255
-2034.4697944856534 4412.676205969101 8052.259900661222 -8359.290723598211 -3071.753526992651 -3958.4358667039196 3019.9373621134 -9133.232192239646 6876.61754181741 7734.011282524454 -5878.006591625833 -6897.77311534735 -5943.225776629395 5382.989445081792
-2887.7559188653513 -2498.7969595091263 -4354.69766104422 -1637.2596204029578 1190.320439925299 -4179.507664405677 5296.621085831166 1092.1161809971327 -5538.6774338958885 3320.1806811256465 8722.244093934438 1463.3533284120385 2164.8198981424302 812.6200405404252
-6410.964648916511 8074.267676812764 -3842.8040700532647 -161.35591140134238 7232.606698896616 -5825.549288096115 5916.415749433985 -1262.3875048490518 -5591.520482367536 960.1741378246024 4388.742641401526 9367.653598433226 -8976.874965182247 -1490.789926639598
5601.626447701825 6872.593353493019 -9768.23212350424 4012.2155445020417 -4835.558680070296 -1320.9740406163 9817.049016960947 -9035.673203690632 9396.889737845882 -8333.271777824431 -838.5005001517038 5313.874770155964 -6962.493504356391 -5866.891920805666
6346.804615053441 -1773.4623697277875 5328.454837760857 4198.406808693475 -6797.4269196762525 -9255.658458824895 -8133.857332555667 -1892.8557110114052 4463.693231665078 5522.032996106076 860.3706325902767 4581.598615302413 2371.312223557221 4742.498625409253
-8132.176789052819 -2342.231126454575 8948.084198071014 -6481.181438267318 7652.924916704487 661.4248132080847 -7394.726660437647 -459.91354026606314 1274.0456369713593 3974.09076229289 -2741.956202186444 3.653757167434378 4358.587363065139 8147.098550414212
8639.332599536763 -4427.39394197323 -5516.161505263186 -4636.419448647515 -5065.195566005223 -6683.038035308559 2857.467288208598 -6996.159824332684 -3242.5703375962867 540.211498868006 -7421.164108005798 -634.9512195470616 289.759484239401 -6712.2592439692435
1242.9219495748584 -6968.366281994436 8147.345326191138 7149.026853908123 -2090.3738833498583 8314.98703248191 -5551.631767999412 7842.435854817588 -4851.275517435259 -876.5741402557032 -2909.1366233771378 -2001.9648378766415 9425.534988201081 -5772.802729578894
-2966.2937074723295 8710.298709707811 -3944.3259240313773 -3784.0034807794673 1244.8072636851084 -9776.075428045715 -3506.6233108490196 -1659.9312980128088 3905.865580552596 -5923.5826633231745 5955.8163355009965 4307.68763448099 8818.625281155968 -3359.1675593139535
-5939.258374704575 2744.011642834952 -6616.053921072287 -9105.595735202538 -2924.510270436418 5645.053943626672 9956.059669706334 -5865.931738203769 -9033.880604866483 4760.124738128576 5093.875034186858 1277.4379388006455 -8778.91146359771 -7085.749642052397
5882.056251391075 -5015.556796634984 2523.6221939407205 -2311.1917481017526 -988.8850257694485 8924.551216882875 -8645.83146234377 9707.449759243387 8817.171111063788 -7288.5242310162575 9296.92951461623 -4840.313291654938 8834.065500451481 1573.8778357679766
8975.938196296214 -554.9575289612567 6018.557544581332 2282.411600963849 9181.694735619498 989.7355028252459 -6372.000398539537 4711.941990360907 -5501.015300095931 -6432.500536258372 -3851.866015054695 0.0939848184807488 2632.816029337615 6499.545415372366
2314.619812905139 -2536.7835239398364 5072.403113591397 -9827.040125473268 5802.603156421619 -7425.287316229173 4514.225907605156 -6799.418559034741 -7846.615609325145 -1801.2335076085892 -3125.9258681824485 3160.9215439897125 229.2475030556925 -2320.728273020536
-2830.5290054408006 -5123.874649517135 685.7442846887898 842.7929769767161 -7822.799303551844 -6435.983414473905 -3485.554709181042 1794.3222110250663 -4657.230048800531 3956.191864744249 -8119.561731133483 7523.91009885844 -2013.5918788101972 2764.6256154856146
-7576.028094178009 -2970.86091093681 7672.608187840688 -4208.300807948828 -3821.6740851821432 -7340.715414720365 1205.7629105248761 4112.380770072281 -5300.6951736043575 -3651.1348749370363 2840.4027118690337 6698.73045089094 -5611.46100612045 -525.1392852191111
-2616.571689318969 9938.72374017091 9045.089513207557 -1531.5769322054366 -8323.871511484964 -1.943549115985661 -1222.747051950746 -9144.514250054643 1319.025795096335 1127.034269929767 3931.7015840895456 268.3136743165687 -8944.754429387378 -9484.903263536218
6978.49507988754 5881.066552240971 -694.7700746274186 5558.135357230081 5533.273630780885 -7351.304582687863 -7804.591880947151 -8770.335110244418 -83.07561646861359 -6581.959110827962 8206.533387049527 -3272.0129900328866 -2002.962416440324 8755.612274870764
6301.645700817144 4588.707227477093 -5400.59826530656 9721.432631391985 5359.148001132255 951.5733006542177 3518.191468064677 9593.114952432166 -5756.095235476366 3039.444557602661 6491.209854123983 -6663.043260857539 1629.34355867452 -3101.694463536035
1 724
-6961.840115461475 -6525.262126997966 5362.419730973055 6469.329670857005 -2305.853730039007 3820.121701582533 -5352.062622246498 -9093.963283568877 -5298.756473036752 -8596.585920494697 -7033.488946885251 7340.735464293804 9698.692123853813 1650.5461033839038 570.3848440882302 -5349.863162743991 3769.9797632364935 -9026.1709413344 -3761.7662257527318 -5444.827382136137 7170.711203475395 3709.2858251358357 -6511.043752309461 -8592.772264944277 -8876.570852010616 -982.459774037452 9805.124818227632 -578.2779073306847 -8793.379331423168 8637.621696045575 1609.8862415808053 7758.471821881794 3163.280392658882 9274.589242822796 -7941.166904690806 -7338.850304171791 -5577.7351000012195 -8866.832088867704 -1606.8377426917468 5090.181935244589 -5994.242606297103 5766.812409774242 1741.3599193098216 3544.230839128586 -7871.7804158261615 -4994.127245967587 3218.137199589133 -5715.1472250383085 -2306.5454422986068 -8368.884186809193 4221.289090766086 -4685.034251795101 4624.363533102356 -8021.562390084187 -6366.1043458443655 2045.0619976854869 -2856.4336597054044 -4162.524642434522 1296.7481642577422 706.5059781617019 -2788.9617231492102 -121.02161248459561 -6018.324205903935 7635.771423204162 4664.4019171344535 -9115.457075698774 -9199.594211657692 2764.956587432005 2255.3384018893394 -7823.819042786137 3098.9051833021804 -7200.242107747812 5496.606193953528 6875.020746227561 -349.97083054823634 -739.9408556977069 -4418.787219696765 7642.250140721637 -3618.2922111248654 -1903.1608948356497 7462.756071284788 -8976.628333223664 2956.777353396521 -6948.191695288324 2030.8782679834312 -5649.683432245405 4521.231988080528 -1856.499080081764 1284.7859097437504 8351.723077426283 6168.906376782261 2906.1819960319717 -9277.893281330074 419.9687647635201 621.6682490766398 -5888.305264450438 -5760.727736295564 3117.459134769744 6819.304213349624 -5309.62065483257 -6598.943047607122 -3145.41577772685 -87.41396386537053 8355.821310144838 -2960.3259687045247 -420.686917119765 2174.112593409891 979.7889628516605 784.756391665951 9579.087177199279 1661.2118571876872 4018.3137236047114 -4795.367917468212 -4436.648332594904 1177.922982374579 -9492.141823503434 383.013957422314 655.2977952106539 -5547.50538889133 3415.693896352612 314.1359421826346 6152.521603247731 538.0451904293677 6207.298103774421 -4318.057015373466 -5518.649304977448 5115.119251776532 7816.458497518233 3240.6163224207758 9156.098554820168 -8582.978093082518 -6845.021662815423 9462.443648494529 -8035.102752795163 6586.035778755937 6764.903877328528 1864.8350174464795 -2212.5129700456946 4707.723242738122 2684.4740996205546 -9753.04656451487 -6716.003653910519 -1040.5634473055234 997.7310325914532 6423.143689102428 -5446.101699168348 6841.339589311348 8429.926867536942 9430.668721403235 -7983.673053011406 -9728.801448380966 3787.685894039658 5671.614231793279 5457.056370493656 -7973.50034432998 4205.139761282197 -4565.319070365037 6804.554795203079 3539.844204469604 -637.3733579923664 9169.150352641926 -7211.9238144483315 6480.752272943686 -7200.840252875641 9535.44487928382 -6294.374727856251 -5328.204063314659 9671.560564404568 7434.64000541651 7156.596408506586 324.5104216204327 -9062.504061887495 -1595.1584429004488 4974.5620188678295 -9154.353147479937 -6453.786952199914 -7812.760635498265 -3876.148745924852 -8463.795125311299 9679.19079652871 -9610.603450721985 -8766.82797993201 -2455.7213228400205 -66.3182415181418 7260.054899410952 -8446.607731142609 -3530.8184018413112 5800.725089614869 -5040.391408122025 -5306.4857246301235 1408.547475933552 -6905.830480255928 -6643.079388733348 1590.9979372046946 7481.602066083218 -2648.5759079293803 -8680.468148354326 -7922.188474846943 -2909.6114255733573 -4684.385877540016 -2202.442160656211 8606.903382456174 -7002.19313670142 -6729.754420836829 5638.743149912805 3752.261804700589 -6472.64747863185 7028.389264625337 -8773.279149102227 -6193.405314864113 7761.434427966364 -7463.505000935808 1420.2584779713598 -2332.6270408353357 -7760.933729929003 -6631.229765553786 941.0420046348336 5161.442771420538 7261.259601195463 -3416.530175214177 2516.4575035432754 -7590.675766289867 -4270.993592321013 2601.8786011334723 -3645.843987027195 6960.8728364263225 145.99662237154553 3856.5064459015884 -5418.493421804234 3132.5122343310813 8481.669757791711 -1351.2544709884205 1349.257363032979 718.1915900753193 -4429.23323952693 -2834.7267112349937 1491.7306919592083 4079.1330452543352 746.9531060750433 9498.251010469885 -4422.959166317517 753.0015587529524 2964.1757877836117 -9509.75918779678 -1725.075507515985 -3786.3545781741914 -2116.299374976602 -4027.0927092756083 -7721.116184475678 -1274.3753443227652 8235.402701014154 6566.63696551204 -7904.163125820338 7226.557006310428 6100.024457432022 119.79603658397536 9794.509993304193 -6134.238356693391 -2068.485617433089 9935.87278505486 -1006.2996089145581 -2977.918296611837 8140.645572914433 -9770.845303597 3564.260382521994 7417.46279335436 6084.615642246246 3693.970253724854 6216.722522318911 989.2714064332322 8455.069150228228 3563.592317632754 -4508.256498293779 2170.7734932514286 -3826.8023845116695 5708.2942554969995 722.4695412948095 -2755.3522209919693 -2624.3851422707394 5970.080932892139 3523.3364869686193 3645.222492201614 4104.841980195284 -2910.0708425016437 -2346.357840977251 -3819.065770381958 -5504.879476796925 -9501.44857438501 232.57511483962662 5752.1807044956095 9137.12803979808 -8026.539639578454 35.8852763923951 -4512.025943566216 946.1505041422897 -4492.703130357685 -5922.830297919429 -8471.999340930985 9859.577530649476 -7260.356986636263 -1147.613839298083 9459.107076389078 1643.5333650827906 -2278.8062083226705 1278.4618722049108 -849.2907896810248 3552.249781696122 -3261.696636434759 631.5998736975689 -2327.188248108192 3489.8172069840875 6818.736950550352 -2798.911785796545 -5795.891267844638 -8486.660587011125 557.1457261621672 -1909.8579817684877 -2720.7485181905786 -6517.556214396203 4931.016484977861 -6373.94240449249 -9202.833635153982 2186.8506750788 -2786.666537268623 -550.0040604772603 5666.644740643642 -9471.192793651324 4526.040104707812 2931.2046996472654 -9054.943048156738 -3810.9736056168786 5834.966601617105 -4155.884110374574 -2479.2351192877923 4493.7231710277465 9205.104287350707 8560.964543221427 2990.598706626888 2686.0359262042857 -4278.189224500888 -4856.234687139005 -2078.3035871872735 -3848.78042763751 -6313.162442787956 -3131.173565203393 -7820.655880757036 5593.43629114055 7021.8710359864635 -4917.385414996149 3554.1515040684317 1968.2000813454688 6122.409034814085 -8096.252807953443 7314.346365938909 -1939.7350136005543 6615.741032921385 4451.9398129321835 -7499.770212949297 3315.3133364756522 2134.6670975999386 -6526.493539476496 -4306.2934517177755 -3992.05742247108 1683.4640926872307 -1818.4831520882817 2791.4188532962035 -7659.398590989062 3548.5193751108272 6198.134142141193 5963.94432069315 9022.209188815163 836.8256892952468 -943.2604970999473 6405.7654383253175 4204.258085133128 -541.5034350908718 -1048.3793741472655 -437.9885212588433 -1004.0438970987343 -8904.651296626467 -2750.5958945513576 7734.059012699789 2901.8074298530664 -6932.415422668255 1521.5841883682297 4326.335744811875 -4336.736972839366 -6338.822049728099 -4957.33754345812 -4708.43513008342 -2046.286989197636 7124.155734973716 2408.823152202045 2264.508276526718 1717.4201856184427 6215.988993516912 -4335.459989833157 4800.201928769675 9958.826533574163 3823.7708238754203 -7875.783221613099 8404.464856876344 -728.8276635168295 -8280.43789942015 -9517.559887666052 6092.46845834106 5644.05899426336 -507.6605350452646 112.56800072138685 8029.467502085627 6990.5421672462 -3773.5568160791536 1975.107075408514 1760.4544657236693 222.6654489107368 -1068.7455948495117 9831.235273103175 -9664.679293696217 1377.812333478274 2214.769313349938 9570.998951179397 2701.904012273737 -3984.3617842137037 7494.0034913413765 1498.696490296872 545.9742349589214 1459.3112851260103 -5042.635050086983 214.74451188545572 8572.229767645898 9689.139400357904 1518.5608497053563 4895.255403788235 -9867.122418839885 5328.955067802688 5133.209130749314 7416.3212516373205 -5882.208780081948 3783.645277937254 -3346.036175724811 6635.798578940645 -4560.544180020141 -4222.4540643822465 5547.453635703812 -7855.453805234396 1504.9238116634351 -4081.34688922277 3229.139075190602 -9822.113412792434 4564.894897302474 990.4812059801079 4569.747520423731 5037.831938131507 -2384.345863831918 8088.754661915333 -9557.741280294676 -8649.557177930312 1206.4021911691543 5707.4772211028285 -9445.72719172964 -1399.498727734308 -2671.0526237108725 -4540.988067601299 -871.9164349145267 -8940.006311045767 -3393.6940458360777 55.82497400275861 3617.5749631442504 7827.820844157206 7726.498373658174 -9973.382740806426 2218.127677567063 4176.834593188878 1835.7771857417756 -5323.435206881828 8282.677677080152 2814.170072858389 7138.685875857947 -3521.0005660874067 -7142.489913128029 6547.573007824907 8774.572151770444 -9247.158458848757 -1559.6736611534816 -9434.673744139407 -6170.002264045283 9381.390651457717 6841.879957984642 6803.987484377951 -4243.498974034598 5695.2677147110535 6845.318662549573 -6341.211646317189 -1871.4213148636418 3965.128909755569 -527.7619375636496 -3348.3992776665073 9257.172369716354 97.02291616911316 2220.479151589343 -1966.8704648685152 -1543.9541666878977 9818.803667016808 9678.972729391196 3288.987422704451 1244.173204626546 -5662.751065925029 2080.7868374980535 9173.874890827978 -1592.7162864206384 -4661.2773815381115 7779.5198472788325 7134.916820443839 3550.754741775914 -2507.972551304718 -1848.865828938966 6013.506995140549 5733.1556613007415 -1712.9024125606466 -7927.49888861364 513.7446732835324 -6043.293535736018 -7783.1693167554495 -1638.5473401414347 3680.951578796663 5634.411714343234 -8299.006275129825 -8637.648789661971 -3268.6735628762253 -9232.068636414666 -2717.9273512116642 462.50065899655056 9916.075143565027 5328.101336043188 -1492.3966616967664 -2142.1020264424915 -8164.0867547083 9989.679825162457 9587.183415625532 -5855.931136617629 1735.666194405334 3451.787140278342 3107.134192099171 -3727.568121590716 -6407.9015484971815 -5878.950560374729 -9995.63420471261 3389.1319987284187 7676.038605101436 9642.855512039245 4091.3518655200824 6668.176509935627 3988.014848272789 -9928.535012204873 3770.3248499383953 -6607.5969772732005 9223.58203861321 -7276.910861970927 -1149.3135949337266 -2025.7965873955545 1007.7502402406117 8760.878589701333 7386.644378169352 8102.053686928117 2392.5809039546257 -3499.9050520732335 1359.2865537990856 -2824.1231772698593 5278.763225297089 8956.877436324376 8377.776529347415 6320.333776186826 -2766.3062588374323 -3640.4946011007987 3451.234306160677 -731.9728752463998 -1441.807422232956 4249.980734058343 6026.115026456584 7994.296451524744 -8923.069079337394 -8906.232785760934 4387.622049572481 -6541.1291415372725 9611.99961768436 -4417.734156999311 1202.1792115519766 1068.7664202641718 2996.349122716014 -3859.208643975351 2636.1306080461873 -7667.005572706198 -1554.7718394205476 -6401.787668054058 699.517021244139 -7932.676793126759 -8973.485243563173 2272.1199540580164 1349.8519389489538 -4043.5098786815597 -1498.4898414148247 -4907.2952232388325 3391.091412835116 -1230.5640373921433 -9679.924497005224 -3790.7891330803723 2269.8466605097 -4824.662364745218 -9558.706549700131 -1008.2037160872096 -9252.510711037625 2344.0690272986667 -3565.6545517801487 -3482.1689895256222 -5453.079591828565 5533.129418116414 3083.063369550995 -3892.7243778669163 6521.369206662712 -2086.713831883344 6428.96469091488 -2180.243623870566 -1930.0169943541669 8810.238293535578 -604.2024833783616 -9499.125608020518 -5901.875814740447 9788.312747359923 -8818.17414480495 -2094.4963988618647 1476.0411848782696 1231.29267568652 1410.500587556864 -4825.169228579422 8857.209094034271 -8475.838208875164 3031.6443191627113 -1950.9397916934486 -3607.1986955832917 5257.1986518588 5452.560712013605 6636.012763747054 9890.092377773435 -2304.398441846298 -9000.489970079632 -2977.731992792763 8808.924964593098 -14.92117240989137 -2882.67063245641 -9549.021749191583 9743.68963476923 2561.9824066250076 5081.143306688604 -1218.2167869556997 1697.577677342546 -5412.955642703656 -5438.644131749877 -232.4994353997663 -9142.240795612486 5081.242115645264 -6176.334163729327 5305.637673106632 7554.169826741847 9549.411535877964 4581.645782159116 4014.204790491305 -1627.643872180166 4101.134582319399 -6758.997113105535 1577.7376491496598 -4374.089443102897 7394.224366211485 5151.027250958725 -9763.201401762533 8257.727960994915 4031.606557360801 -7415.482927994603 -3209.125627114111 -4123.518711987084 -5625.989299571479 5290.392202324238 5013.7938827042035 2717.694957393511 -1711.2217336480207 -7919.46053452592 9084.255643292166 3261.634914319182 -9435.873406896051 -4503.649963621812 -8493.071575827948 -392.4669193720765 -3180.473318895083 2284.623332855408 -2447.8105228422482 4999.189201588044 8167.949764765795 -7920.433173041269 -4056.1129490727835 -7610.021974032446 3715.370963432366 8751.263970219308 587.5085866169939 -7767.038463923137 -3209.1723551489413 3403.0402673875487 -8951.855871930375 -8150.949280905033 2651.106121746121 -1360.0439221741417 4421.728186562104 7981.745529436921 1202.83067915434 -2169.6319031112243 8610.305402263617 5238.656452242412 -2316.7554241355947 5152.748439204626 -7929.568708504188 -4402.526535161375 -7246.224920744746 -2495.2767724334453 2185.191439676133 3479.949294007749 -7314.500873019508
