101 18
251.83367843583937 -507.6706339003749 -637.7379416286759 86.3082440391554 627.8891978072193 -704.0921396760318 858.4919704155075 507.08796890565895 -364.1786758579382 -343.6895090478722 -121.14674949314417 834.7212781746259 -286.3683936305148 -610.9253328229618 704.264128547919 -888.3638184866674 -251.39986721530192 34.360464138150064
680.5349261153708 426.1844405155582 -231.12487478660864 -346.1703893876355 44.40496389759937 -141.31582134457926 -427.77919061471505 789.0495113807765 -613.8250196034671 -751.8388798223494 764.0175841372859 -168.48920865860453 712.3921940145312 -721.8220072979775 843.2122689335056 246.94689276283884 424.06167724672787 631.58283373975
-243.74000190600805 454.2745358502432 442.36723039651633 -176.78619180445594 861.3250065617829 -305.4910950552836 225.7468115265258 -224.9892454649596 -541.5361001781291 -592.6794530985406 243.1201139008058 352.99165404862856 -510.57763401902133 -209.89183986838952 262.6473228467364 -162.5522464531373 -868.9287225952327 -359.44001309478483
0.25789654129266637 822.3327663942625 -666.2568997899211 -106.97936138331193 101.20881311535436 349.87936464173595 -511.8634432026887 -721.3880061820935 21.894919588805806 -3.62476512029923 -953.3349983517 896.1057282910404 -168.7475926165181 -836.696028235094 519.2932545124995 47.07757845439164 -542.9098406438337 -196.96202616573362
371.88346029028935 571.3734980127742 -708.792261894986 -715.4217775021996 80.72932470149772 -53.61974156700194 -452.45640660416916 -945.8834407796109 141.32268509161327 -713.3493612071054 19.169580048737885 74.11455663515721 546.5944991961233 664.0056055257874 -905.5081202250161 -169.40210677343327 890.2128621804522 253.5267839839894
-421.9314326562343 70.18752847058295 936.3314006301089 -359.5158908808364 -746.6671549944061 200.3581390524264 -266.65434080968953 208.98476822145608 -43.874862163263174 -177.35604316476895 740.3305623295344 308.15775504977796 -933.5055491147648 -194.06235134871054 769.3008394245153 -899.8646931147827 297.71850681844717 848.5612694616289
966.1102392397047 721.5848309245207 811.382329917142 886.7638992305065 -142.57599422930127 721.1991476422616 870.7086195626107 -431.2780888484011 563.770304193727 -110.53358325929378 -406.26794949503164 -755.2458529972316 443.84217420390814 700.8867331989511 -10.20209370926193 -563.7053781619068 -756.3205889742335 593.3730862235109
-207.54480148538175 605.6750549490355 -443.24052250551426 -879.8251063809353 329.51635292833043 -276.0915714597112 81.55272710829627 -451.68636064932844 -557.6031423441397 46.80271427396565 44.901108285961755 -597.6285868724591 -995.1560307397502 -990.4141891463529 447.68259183030295 -453.3691843811281 863.6147390419133 -501.5175021784877
-300.4086187702135 -671.5208875466021 287.5075121589607 182.80917837604443 -636.5261994765417 -33.57652698273637 357.6766955063724 410.5865634848333 508.87231198447057 -462.2288227717115 225.75091709016442 546.1520738209097 81.99238506852839 496.714355111254 397.892651997382 797.0377608587257 896.677502981787 381.21017658759274
-303.9121024525899 -213.50625528167404 660.9105549082144 815.2707798402816 -492.28314141333016 -311.4473882905588 -681.1428626277649 432.2931103107044 -103.40175241016334 735.7362700815722 -402.0725370620486 -696.6801499067531 -770.5075524404804 -930.3233149637811 -80.79915761804489 767.4920734280056 585.2964343992194 442.573721440863
-855.826499678826 -361.43086788147286 481.5204129865597 -583.2923066825601 -234.30814624609502 -94.41010707191037 756.2994297682822 -312.1189181688833 599.8295862295322 669.5408536515313 -469.8616859477394 322.7536671221487 412.2064871933487 514.1351843644379 564.824243131121 465.6067862653963 375.90118301758 -42.2438744651314
-181.57531239966215 112.41320378838827 -723.023581712566 679.8134280823062 657.3064883110108 212.92152413352414 -179.20052524729078 -38.96503121951628 11.981056842218322 -104.94399548075762 535.4780392996317 -907.5160493541734 510.34417782286937 -630.0175792128335 769.1710512399593 -458.07006270088755 -398.27610882058923 -314.32893098458044
337.9702092813543 -33.80472448387127 659.5293379494447 -834.924858072377 -847.1957507951364 83.43218740751513 802.3874129664403 344.1917179341183 -106.7332751203462 789.5556925620044 440.91583036452903 -937.027382122199 479.41205767637393 -148.6749378976142 4.137236419561759 -102.97292955929765 513.2174521111733 837.1546896375798
-436.8183909882415 301.9692975121675 -340.0320179113869 -254.15281367245007 -561.8262440230355 -400.14814375526635 -937.3124590348145 -756.4313065503136 861.1696590898682 728.3137323225098 -192.88862421263548 -143.0577825424573 930.487825154848 31.28913774626608 -290.81087420631866 -361.8320183349848 477.97073511915255 -579.9586207134303
614.003974503793 618.1601871104997 -557.8699015799687 -864.116173305318 -461.2942073085444 340.62986740472115 262.25820640858547 -459.05597896746576 -364.13982281101687 -614.7005157002761 -740.2724737056956 -563.0632044473654 -684.2030362943254 -843.9272937208353 114.07368147026432 -756.7084986522503 256.1620146445259 388.12866143619704
-446.4754997823046 620.0713135895176 -100.95840369638574 -63.76727553363003 478.71957561760223 -157.4938783327044 397.8599329376118 397.7051322169739 747.20393837294 -190.5013983424542 -402.11139259198353 851.9925696368546 23.75785000761971 514.3129427674828 -55.40449306585481 -340.26240340017443 798.6880303533069 -939.98989530158
-84.09325685421788 63.093478643403614 -460.33407296050143 -276.41753982314856 361.7592035750463 -461.30996722188695 -567.2946370585572 -613.5654429342974 -45.335181766012624 -998.1729528906809 499.70791762147246 -72.8475312110304 144.1266554663846 -474.06279119353735 344.24331863135035 -830.5358742354865 381.37484414885967 854.2532333554195
322.5190766917299 497.78373702619706 -964.879865483941 735.9192062681991 603.550844368139 495.7179470970641 -97.1987899837685 -872.5304285166626 101.4564381873854 750.1821238040561 -779.8293455425418 -887.9221116315222 -985.3597629860569 145.68640981075077 619.4724783851948 181.68312933543143 251.416620447789 -914.7388593004035
672.0630456152003 141.21065009228187 -520.3265935500167 578.52950896573 -738.6404466522976 -645.3828616220219 314.2832131314474 -138.29922078888046 -661.8878897600889 564.5436751323039 -980.9086541526701 -967.4111074671652 -266.12236702303085 767.4452005084017 -195.3233632390743 -3.8923392802873877 933.7780494784108 974.9559437154094
542.6230537458614 225.0749514514273 735.6734056905418 794.8040308585344 597.4380082225593 -397.984811084193 -749.1216925428204 -999.6170023730657 -217.5274497883562 -155.10670593898237 -821.7038048622123 0.7570511874146177 159.2094651682214 515.0055552828253 -725.57666779987 8.346985346898009 -303.1877262034475 -49.52460237013963
-558.7109516374478 -999.8823108696844 853.0650401308037 280.8324314562342 94.74161608839586 -69.09877151979015 -472.14431302891535 -905.0502892972112 585.8332081275237 331.9394028127472 314.40566188982007 -998.6410616494712 -16.223189768536145 434.80340807669427 259.7641595898979 741.6026209984755 -680.5521494941711 -857.1691672493986
5.96870517268826 400.6470202728815 -97.19568089908194 507.5139484895037 -607.1915679518452 -538.3488708772209 364.3279962386848 -834.1778705751215 689.2816541644727 -42.36801283540933 -134.9840222690517 -390.8646357587569 -735.6237867186759 -551.0174402713394 176.17712471378854 485.3215431974734 542.8651644694899 298.74668416943246
-81.71473154888247 -505.2449459375006 706.9482078895687 280.28947884181275 575.5629697861496 336.46094906437884 755.2932914777732 -747.8847363397132 98.75207082249858 -19.927790295450677 60.337515742769256 313.14653744675843 -871.8369771140992 855.2931664031128 -47.92535270582027 -717.3130611480807 81.44779296421052 -770.1451077194702
-707.9713498372919 974.7426646852832 -920.1469844289259 644.4359820541395 -885.6899478389017 -905.943587334258 -564.2464868896332 -593.0495823886743 -768.8041391634661 364.61838003310527 439.55950582703895 840.7645385917208 -676.0399207078683 -122.93536696201943 -349.97483536713946 188.02366815504297 554.8533833772951 -54.92540199848304
-149.5991714158738 641.164178255741 -127.90990670276244 -56.01937199368433 839.0090670035988 -648.1183903276903 -680.6479716312839 -908.2411671394734 -46.60686843499093 605.7514937914821 641.0451177750608 22.738452448224848 617.9826900015769 766.6932467946583 -525.2219625311038 -436.5338676099924 282.2818250248422 -402.02549956638904
65.61505947795558 855.8422343485508 -883.1448973279663 794.0507655417589 520.0442797282083 508.1640583275898 82.03501549097905 585.8233751905404 -673.1272295252402 901.0028817308464 166.19954346912937 -87.9391638402252 -82.59202560921892 217.92108967457784 -5.042608695323906 201.31558903132645 -435.25074367966727 -75.81186389189827
753.2985587331707 841.1464331430147 -280.75739654131166 847.1932075720199 -448.1996997102757 -69.8881437666223 340.06723821856053 970.3213064034164 -472.3970033032781 446.5276134168814 -142.32986751734563 -473.79646663660014 -468.9278488670334 -200.61600045094315 849.792750229805 -736.5806151208425 -792.6362058788154 -505.8681524372317
827.24416816747 394.0256920686272 -656.1229454320037 10.075079833574478 89.2398468895783 614.946729998172 942.660337383342 841.7251917392412 870.3532070461504 533.3953235582073 -113.78484915293211 296.46311773371644 -38.2335342964011 -769.2085524879158 102.38223958352432 -434.55440676555713 129.65195885649518 943.7600316184371
718.413164109236 890.4777354563034 -440.03019730588335 408.38394090768315 -154.0219790714459 470.1722390490886 876.4411418479228 949.0207329632883 12.602333242512259 488.6615797754466 -549.8417918563155 244.36501987132783 91.97673590582258 978.92077676639 -7.66175779109426 377.86308841935124 493.00370866104277 -933.9301760538565
-825.8246595456058 -144.68188979405943 537.5049769659502 392.48618736866547 -303.69740188435617 672.0362080811769 -307.89606094777605 -18.24120261612586 -968.2911347003877 -879.2836552204213 332.963232702778 -157.2350731270193 -512.791961444701 -717.0902653318296 994.831917236264 -993.344830795805 474.90374526780874 -261.29172126888034
-151.17368470872748 -668.5510301482977 832.7413569924852 -268.2733215160647 244.60460004246625 6.258895424338107 -507.69873544836554 58.53695332829534 -402.66140311098525 360.09284201140235 799.0766033776888 -360.64442288506154 90.4661585273459 132.90748804302393 -861.9717856767493 484.93840467581504 -995.2141675500142 -34.81588558606563
-556.4228694900239 674.4925666197457 558.3180462868495 168.02849547384062 362.84483604053 186.70170084069696 778.9832060102183 23.10216261435255 797.3152805591428 869.6442315596876 418.36604332062575 345.638636901258 -185.9746633105059 -742.5172544627596 -511.3220344670395 666.8614324720643 39.48521361310668 -758.6127641153087
284.22265443422657 250.04413424310133 -798.3052172404755 852.6076964714473 -708.7134492877451 215.6955976839556 66.90628730220737 -188.44408743175302 419.10022782236774 -646.0879298041586 -143.34498059381315 -752.3365601767503 -343.12708487407576 -280.5248516638628 -144.7588123579426 -35.282627522502935 -839.7767414634567 412.78524898290857
-232.37841718836137 639.5086134498231 279.7887149834239 -461.6815587343988 579.4576967313074 887.5426121104235 474.1628999165948 -220.98553624025158 695.4261373132281 -423.5849194004187 -190.93490420496573 433.022393183692 -633.3473941090047 148.26118192181752 -282.415570328479 528.041261021913 -107.24678867896478 63.271067566435704
-164.61047830033374 466.8541670444954 771.6415697908071 -654.5150683061358 776.3815296709247 -101.7696081793822 -63.439303476988925 -245.45440063245792 -730.7205746968366 -580.2324167918 335.5055821690198 460.1050039894369 -720.0850317092222 -143.1804305266777 -571.2063816592727 -696.3259948685386 962.2078773386818 294.6898078981242
-929.0889352081822 -693.3997894467084 58.99283909633982 466.60501606511093 768.3543662160321 -222.5499693600583 -339.01164036372757 255.24003464935095 323.2161099447285 867.3692234238595 588.9113097016889 563.13256228049 -18.74155758448046 -189.57891383729782 144.45749085704074 -150.10326849872024 317.90613333041824 -178.92059854308923
-770.6137764563847 -869.5598509786842 560.2312353649672 549.0852155563125 236.58336436613877 -163.49211793783638 807.5282609159915 -183.62076934382742 -179.706306349491 -211.26727055242873 -877.020402957518 756.7599001659719 -118.1494162925161 -804.6985275483014 140.2197150111342 -777.3627220898818 991.4462401845662 -756.7650396378984
-277.92521041379973 246.7071419015349 917.4749062140122 -884.2283218225105 6.7113145602928626 -394.456977080401 -97.71109535576534 821.020806448759 363.6404470911132 -585.7298995144986 -39.91563356311474 22.447608113453043 -132.8928950241468 789.6561152262282 -437.45765303571613 -284.70199494283315 742.6753545550685 -819.9105702152654
-940.4589320789005 -993.9971116490605 385.8504476542869 -544.3206927075588 -511.9770358692839 -231.70174440223752 -195.56022470637856 -614.9358517282055 484.48285366642517 -135.21238833603547 599.0841232400221 -697.3387508417337 892.1359804763306 -640.2208509797598 73.29017520747152 157.3029049815225 355.4822759596075 700.5132315077931
-390.058038343775 616.0646137919755 -491.75179564847406 -906.8562408434209 809.104825198142 296.47544770515856 -371.295371494389 -404.1068219351034 -310.01649776641216 -578.9493443645049 -534.6894026060734 -567.648309622333 -483.21584192722526 -75.73339184752422 843.3222991626358 -925.1378234430861 5.908520196422387 -664.7119904704995
858.9610238045673 772.6815807466801 -375.6119614850875 -125.0258003648197 -797.1001296150148 -468.3422603880663 -780.4821555667752 194.56834006317786 189.93052774323337 167.39188316429636 -150.81869664244607 398.0356191523913 -648.142278813672 231.74061971200126 -156.84459896519945 694.3093275250267 779.2162959816326 -319.7227517804329
423.20133545697536 -941.6141216883103 597.2737525688701 893.7514837537506 -26.25445344763739 -317.2492427203431 928.2280693897239 -851.475450971167 190.36665835750614 307.7958836756825 -272.7790569260484 -687.1733548520735 700.7930792046623 -236.8197511810008 664.5894314854768 -98.45478557787192 -752.1466579506925 -509.0382922472734
836.3612692376562 -192.85427605154973 -359.1202523619503 -633.8690192938075 -906.8497944861502 440.20126217033385 -468.096675950934 869.3722848729506 152.21645451642075 691.2650729151085 872.0270854523317 -67.8630029111489 587.5770669988367 648.3413754769194 246.33840304210662 -825.1473890756449 -684.118967957183 707.9643018693143
-640.9060184427966 -652.4527086919867 -939.3132921532837 -625.2810094887826 90.19491171976983 526.8118085557658 -639.6367588233762 481.6132634522587 -880.3833107231392 -608.3888301395752 -197.96191265536027 285.0297982919303 550.0765813231444 693.4682562457795 727.0081249857083 320.9565109522332 769.0237130688331 80.57130816008271
928.0504827664838 -160.95293220858207 965.7202690060287 -733.9394589228405 -177.58661601472215 78.01233908030918 -748.1328609381687 -261.8498386838372 528.7007107426332 -897.6129970547744 -840.5496269101164 -130.33094147174813 608.2013072227824 -416.8052540766149 -717.3021334290268 477.5414841697291 985.386138405275 527.1046216799991
-779.5840343296207 455.91850120548406 -425.7394676721176 355.88872983114493 -117.24810054083662 549.930013185498 -311.6068315518037 -779.5832008146142 971.1836736096877 -855.6058869524193 597.414731740874 -518.5031895886259 -855.5248457282969 139.85249744586758 597.5993721091072 987.7347098706271 -520.2015896785115 -530.1494378841637
900.8594343504863 -307.206625142922 570.2901265502612 -425.26682490150324 93.35044586816161 109.43472338027686 884.989234086062 -512.6006582254215 961.0865873034309 -672.287234537392 244.68378295804428 573.816825407343 601.4159160462477 489.1884646687745 -371.77105711982495 -142.70649664279335 -504.67359743767724 10.410437504544802
-872.5914072642937 -392.8521406989123 124.90381634017717 -941.6717201708176 -338.3706351099074 618.9619240291154 -978.2602994951195 634.0616521017141 -940.9904336858854 -809.3012183850412 -876.3588723631328 -282.41482249960814 356.2374120915424 125.13438425181948 -346.61372379443094 181.09031729391904 402.49543872091 447.3028303780395
38.36770037617134 660.8236787437409 126.52438598245953 580.9316593804517 -169.79785949572567 -194.78156008368376 -676.643565552568 -973.0435917474158 -941.5133852363738 -725.0742150455201 -938.6961470192343 -810.9321415580014 980.6978889182376 867.7243428423806 984.9637240814166 -51.44651976697094 -881.7048861888687 723.3928920802227
-879.1903459996304 -55.700571482360374 943.8817813624157 339.96165340998937 -816.9913438453553 -35.69846703590815 230.02632983566446 -483.6210806536234 -673.2966191023183 890.8727814410713 924.817681475331 956.4815150409852 -828.7994201847473 158.0938697966842 -735.4944825045031 920.9141687773802 -519.7378579380862 992.9769228861558
81.09106320441879 -951.5088431790489 682.5409933375395 -642.3296001508352 -116.00503429536866 -155.68178463310335 -899.2363489046484 367.1156777522672 -128.62499388026708 -165.34983798568658 -622.6514833667177 997.817779534221 -251.33517913926312 -263.6762664426551 576.6621542136559 -500.70113306570494 125.85650565372248 76.0256019357696
312.32002523670076 -690.0959406856315 226.3964082767411 731.2045374535107 -79.65874151507228 -484.8542929105404 811.3599257652336 -379.35867041822485 -816.2497502018227 635.9950366099702 -252.99062772765808 346.952007600004 -806.3320646996531 -756.9228052137003 -420.78093735361927 -275.373807400284 387.0180243918596 157.44554634198676
69.48064318326942 -515.0061207313408 -210.41060812327282 -66.64428785510631 -721.6816763846623 -941.0224803028162 712.762886692492 760.9948590395668 878.2084824747742 -797.4041869997113 94.00784910279776 588.7048628249706 -718.6948951343707 -891.9288018296152 -986.9420790057684 563.6655001756933 77.39240837969464 -233.65164482021532
-644.5553108829006 -880.3080767091815 23.610597765377747 479.24513636348524 -475.6967896365003 46.787493211405035 601.4348049642965 102.06041975140147 941.517517394725 844.5472347598943 911.1397531686966 107.92143771064366 -389.57409761426277 -336.70327834874377 439.72455871416514 -664.8930409485882 668.0349789737161 879.3572035526431
-121.6833244370705 -782.9476035566763 293.5822072311205 598.4563878219242 -643.4249574084786 -433.9213364321224 498.63824823254276 -395.6246803724853 -202.71403418430612 -459.57472955527385 406.06458389577324 -969.6338651219354 949.3037467497516 -14.258155455477095 204.4868108208534 305.3726676515744 700.4601370137193 293.80536394882915
-959.1220628385713 -435.39362207055524 -56.457225214789446 -994.4326732725035 -543.9086805541438 -529.0598886125517 607.3427929302884 -693.0682926402474 100.36635546758498 -470.22603425690534 278.4384106769712 -137.16201376707215 153.92384041239893 735.6838599221123 -721.1956951983116 -588.7067939201762 -939.731356581039 -741.7865758383209
-77.29321384350055 942.8299537520925 -813.5157062577678 543.7585974116218 -987.6481320018527 580.4635716012542 -364.0981975756297 -432.2259471858325 -804.4891751019416 435.9871165322518 -371.365287876783 -959.9614927000359 850.2762466145987 500.34284714776254 225.94713349218318 134.71824464652036 -439.60817918731743 24.707201527077586
-45.732194747744074 -336.4951668813459 419.79012095094913 -53.007103134442104 986.3958114080822 996.0672992324357 -253.2656536899243 736.7469740576873 -442.187976390038 -92.79042937295219 -735.7882203952213 -124.17599789844246 -429.4303481725294 -672.3747120886361 780.9292532325223 -835.0100770221534 122.0204973741611 -416.5911021910666
-408.8834128651681 309.42649452942464 684.9522071900062 -331.13283322528093 -439.9423069204678 699.0498595012998 293.9250297978565 -647.924351744685 931.3217961364849 -897.9777767460306 -200.10355973041237 -731.717375390001 -257.49775612033466 -674.694159361421 277.92798552390127 507.7245851085936 -525.4816128792352 42.74672685938049
-706.3910687700336 -936.6472380514135 696.9540717843004 -433.858538248713 761.9042076625228 -655.7532429242744 457.14428336435253 -617.3636160355287 -466.7838845751637 88.64754755620947 -132.73252192651603 911.5768239558122 558.143208922168 -653.4354372139064 -428.8144484976866 -349.9992620055459 453.99656077900227 -43.09831910200978
-945.8760147462741 966.2315390558815 763.724036616918 711.7042426588505 -903.9424083589125 737.3610753180956 39.430698311491824 -680.6461985178203 740.9991890326316 -558.6185233980268 -520.9896054765184 879.6373311351322 534.277225819246 907.154649090796 -24.987335419003102 400.97469258769684 -610.3028602520207 -654.3437917978654
993.9492919044692 -553.6911536548162 -647.884249607341 941.2351364701033 -93.43688596735217 988.3831895025646 829.5613645464425 -392.12308811412936 -335.4568087236154 -266.58163107646 197.51315760546186 224.0229544859303 265.59278486338667 991.3955444486951 -465.1430451314542 411.2544226674879 -311.3374970706899 -641.5271432064038
-256.86369621944664 -587.127514220055 543.9941175971244 204.19870758362822 748.0251907743423 30.113491865697597 888.2754980854845 -539.7190505136455 411.2770335771613 -237.26149856477184 -890.3441848759486 2.901883883072742 404.3372326855315 760.4860707702908 792.1824799286601 888.4304902865322 420.5485842551193 217.29968475196574
-556.6106600765022 351.9184764378358 397.9644690339867 -919.5091353786872 686.7594938470936 -84.73617938512803 666.9309642700346 -673.4278548531452 52.79075976346189 -297.23277182199115 903.5598227644027 756.7632771388578 -807.5038215002568 -554.0067016832045 -980.8497301967232 759.9657054308789 -65.69396478661884 -704.3404630286777
172.69425789159368 -314.2193331751488 371.01478886243535 -993.5853933896124 -26.675075794860618 -290.23203484555097 -849.7952259192805 -494.874619310802 293.78151080782845 -103.98793659192677 -212.47899727809715 58.599121253538215 -390.29128421621033 -318.29766932129405 283.86832640426223 170.82276105749156 -382.1768453592906 981.5433754596497
613.2371333803876 776.8186176384179 955.9993510240904 -960.6305119294313 919.9976996635601 -425.9073644612623 -12.844719016906083 847.5946610320859 547.3235029910475 -416.988248424296 158.68673140875626 930.651002114404 510.01045888445924 750.4659274567175 267.06239976548295 -453.8822184190741 -207.36986969817542 175.30518166597722
-73.1433219161894 -347.25762091663137 -201.40782110509156 658.7366458201363 134.33559381491204 -673.3016151896061 506.3580432781098 -429.11813457913286 -240.4210020755204 -181.02607530772127 914.4661809149648 490.4559986111119 -354.13818638107864 -51.47590291121378 -747.3881946529594 239.962975293319 300.27019742831953 274.8020853235423
919.6555389875177 -100.65488922009308 709.3702814987766 -685.977500185216 -895.618490269037 -842.2429767969621 770.3401151739372 966.3509059644757 -314.31593754884625 468.8074538975079 -538.1978263300109 888.9728684491017 -180.50203752815185 -497.92225640257914 142.20141439726353 -37.8701400635249 -434.63201762538176 350.8211798807522
54.34018237979535 254.01146981450256 200.79707803873885 834.3675206869891 530.8782532710936 611.8317677372263 496.19802766854286 599.2286856381663 -964.6535975499195 201.86531450033453 489.89225595067364 -175.85456596134532 -465.59356699765056 -404.75733673326795 -381.03567197341556 -529.7171512046 -344.26853821623536 -237.38125911575025
196.13861004468822 988.2413549698017 -867.310050019486 -885.096854536977 695.2743243280886 -787.7206853467655 -870.1686210239616 -528.7912041194172 868.7246971577147 -932.9189968445835 194.39197184240425 967.9935020892162 -13.241757810800209 466.833032732367 132.39460237698427 -974.3716516189751 808.2547191713563 425.8535163024053
762.9356226012287 150.20999187027496 21.712916333703106 848.8775666889301 368.51815592178855 251.2713154378455 -225.25512551082466 793.5037939971014 83.89583971442539 363.31348228529714 -27.77259222857049 -107.68580433491672 540.774365354418 309.07996060790947 802.2955268296337 540.4210497847619 -415.6123427925138 84.72691410085122
-606.5825237863278 -435.8698258623499 -231.32795181203676 234.1109775543814 868.9965605977438 -564.2839651711415 79.13401194474795 -891.2228948850916 -109.66740204671339 915.5731225960037 -821.4101577758893 -959.286186544688 -299.8290740956327 474.6982985900231 104.28968093708704 -28.615825323460513 -87.87530353957652 -484.3201255868747
363.25974805459805 229.63494454030956 319.6098739233594 -915.357031757861 609.2140151535309 769.6759201988204 -35.02966963579172 332.64113947246915 0.6012587401502287 -489.2087233645521 -462.5297398944459 -238.07301058367705 -841.0835196696789 862.7482771635075 322.3029828913782 -656.368081202853 309.8956089797621 400.0694749415127
549.309976442697 -134.56378533115253 -104.57931632836232 -265.6317055410549 -639.9311433645562 -174.55661461389218 25.73265370281956 -631.5826436841838 933.2077275694203 417.5912836242312 -695.0109511946081 447.0219796951028 45.83849309583252 918.1141442332196 632.0546975646246 202.41691894971882 -934.0133493732994 -723.8339006644834
58.27556408498958 944.9591681219204 457.92186670833803 93.37825143362488 134.86745372394626 -339.25096458435064 848.1464043252963 273.91716175174884 -615.8673333675824 -411.0285810997541 -249.90034255855642 508.39734791541423 417.0601935588156 -55.175447480108005 1.3485109568374583 -22.91770120987178 -220.7580906292144 910.1430130621995
928.2519751671002 -696.0024540796572 162.3308135470097 -404.553864920107 -771.8705169952265 -188.5576172627343 769.1688793809212 -750.5191897038263 -140.53394414598847 -77.0345839748145 508.06870501229696 -675.2804584841952 748.5343177880502 615.3702446419395 -7.254176956673859 -539.7881758184742 -336.4847013851669 38.48963322382497
-90.00698820783668 -170.22594475492997 -242.46443178929076 65.16880595066095 294.0958854712601 -62.64263788146286 977.8672509859123 510.4810385146868 -812.3853890007769 523.9498702351325 -144.83397987179524 472.6454964529155 944.5875948944358 -295.9025969088498 -29.764179962997105 527.3450264559874 -645.1629655703662 -871.4153372393109
342.12900652787107 -106.59933857630062 933.3035695188653 -376.5848775776501 -588.9101883804447 541.7852543482304 -547.3484105204283 386.43801571750237 633.4671842272478 -524.1047971681617 -140.1685888164235 -674.6805753053857 -111.73622983444977 238.80863557021348 -861.3927693643502 -720.4673805405134 839.5941847675135 -359.7390359527699
4.459005684258614 -723.3513868138907 439.38813511015996 629.6089165365145 485.93626720488805 -305.02057146445134 840.7733067961974 876.2814887588936 152.3164340525202 53.98674781118439 29.16646121186318 -607.4392750808381 -839.2720962568268 967.6208853870362 -569.0298675074034 550.0972146190093 470.47398606537695 -57.76247817484341
-969.5856696605956 54.21019135295546 -772.6594768408663 378.00953836108124 999.7512430311065 -509.93453992497905 -685.365277216345 -246.838414709341 514.1680709608788 -4.7640147717122545 381.9568761545222 716.0334602020534 -828.1004183244515 -225.9503313616633 483.71620676806583 351.6354607715127 454.2493298000875 -68.52106525105864
-783.5264969038689 166.81535300728774 182.25209028704444 578.8613035337689 -149.29601990186939 753.6520737163294 -132.23526666862972 175.42949628287852 240.22543445062547 -434.3283464859488 -395.6261202051776 -153.33071897914726 -26.594945749012936 -91.45213397594159 908.9563608574149 521.4759815155144 94.34206224996842 -430.9126259786742
-104.64588016885364 -885.3885677786025 -831.1607712950424 -992.0784618968027 461.58126492093106 -479.0609648127912 -530.0051206124199 942.3510066983131 955.5263982131278 -604.8617657201443 215.23323796013415 100.24041019123752 -496.8932795236389 590.8278460763834 351.50959527693135 285.54184342039775 791.5071203268424 308.5066973730402
-81.87984632976145 -319.0762472038606 -947.802262454146 -86.2682993932176 777.2141140619501 -574.7128838911499 830.5417584430236 923.760997131812 -569.8345342064592 984.0576864520524 587.3207619575321 623.7980457715591 278.981797341781 -998.9337180561282 370.1232615352526 368.6539668716332 709.0124038175059 586.993902410828
-585.4298582806534 673.1270745329809 90.67193892210412 181.86119320448347 -391.34944069247115 372.0072473059781 779.2157605437833 -883.1640622993433 -270.221171335903 467.22577201183526 384.2557027413459 538.9566316925457 33.84265551255271 -979.8564165020247 -659.9721392980414 71.20957897861058 -412.71864489057043 -627.8436598158548
-228.71092828591964 74.96127817932734 -94.66584017038724 -82.8693525771123 412.44776570701856 -349.28801737656397 -852.582481061579 -130.40419582010588 717.2350759366614 -895.2241743722733 187.43427703755196 -802.9592534873575 -556.6038579862291 182.2818194929032 -756.4899312601572 373.5234286484406 180.46872427469134 -601.9487681672382
914.9508646017423 776.7248875385665 -401.08661187629707 31.22938249347044 -380.73356357744376 190.69029219591994 -520.4770107302601 -178.24533066253184 -794.7546238952401 600.5598157595005 -369.62654185970666 566.6436263320606 -801.0657989220566 800.7183963496905 -932.960297182867 -419.49959799654323 -574.4511101795604 677.6974849574688
688.7335318400726 852.9539821204976 -50.550830938631066 -646.6168929813521 996.4417683813151 -717.8219234445528 29.482921753550045 -553.2086146294241 -696.4867845445976 203.57723802495457 -994.6232745512798 -118.51284097563928 -860.4396952943862 845.8088477757733 -630.402005409459 56.37114939007233 -776.2497382468836 -964.4216429262577
886.2353123619685 -141.54694607720103 322.7454742895013 -215.78205349320535 254.534661329571 -691.559625230785 689.1519204217971 438.2560789699137 -301.016275012097 989.4472223408379 -419.1726034624097 -805.0977417599672 205.79694355402717 858.9172320602531 843.0179778929662 -515.6298855780088 632.7719954854117 811.3203902831697
275.2634896954305 986.9371234535624 -267.55661271551423 722.8129533281119 673.2183525209123 -596.8766776917985 -727.0378724290497 -263.4535890487002 297.94723155568613 -302.7861490912492 871.1862994741762 828.7849457400573 352.0722522569679 382.81545182374407 280.577549394558 -378.65868794780374 367.3612939497116 809.0059995557801
116.64201335489406 563.253892970261 -373.1137764534469 -878.8407110741612 111.30232525070824 405.7257274348776 584.0028477322721 -784.6495568269785 -348.7874867352658 -447.4120416084586 -282.68558517786335 -592.1475544519149 -879.4738292402948 -625.3814162687058 -18.22587852334425 870.7109928162961 -505.20535238573717 255.19059374022868
514.8366465290214 402.878685896477 -641.4630815688815 529.3770205064563 -952.9773926239984 901.1422882201366 521.4916807531047 -379.3917550294848 -455.452352785525 -587.6383061374704 -601.3320760319612 496.7762152961034 -414.8929074993923 927.9446404959422 -633.3896950748997 870.7843634515086 -633.8675501784235 498.7853630090751
745.9799038816359 395.0991107905056 -290.65923983239213 202.5574284142474 -749.333598651794 -920.1636382161389 417.35143005566306 -383.01276264218836 319.0006144659958 58.94632222119549 114.05122868236504 945.6854339521046 62.9723267829811 -618.3288408880812 402.11692369861703 -327.60660050094634 -677.4606541542361 -979.5822171673145
381.86663110785275 -962.1287479965033 546.0371811077036 -560.4954166644116 -40.35124846101644 330.8471875041248 234.8724268189369 30.59953685533651 191.60147512202116 321.45993647268574 -159.81428574958193 -411.2683675291893 362.0571296193143 -806.2426152939327 233.09957943777272 -454.5842314458879 -812.788861342711 221.09339201673242
847.5149426015671 -56.21676430018988 -502.5112738753314 700.6834439329784 261.59885171973315 -397.55710061562627 -135.72966475599867 -840.6113169932717 292.49297959238515 -405.04950536774163 504.95354913899337 320.06540223836987 889.3312179700185 -979.775971366915 -829.9828189247906 366.40323442429394 880.608647220826 763.7887624260254
-780.1183593704311 -506.3669232191648 -712.0646221808404 751.4187067503365 656.1083298683491 160.40670235959965 536.4910491660203 -861.1894754457254 668.4154244050956 995.93751892471 497.942489962177 922.0038850713838 -599.7688569578202 82.08967248283648 -623.2773840877537 526.0154403611075 -628.9825802164698 -177.29757684742492
-401.6765010073915 538.2258900434585 700.2951476807573 -6.25858825936416 972.7899680520582 -419.4852432517366 -573.6158342069862 399.42665699295253 942.4926915397525 358.04816672497736 -935.7147780308395 77.11578488263626 921.424859018091 556.4460902045723 884.4138142454437 904.3479968733666 -655.9805587844469 494.91213217555855
588.7260829592269 895.2625605675044 543.7743275388805 990.9455564317195 205.49601011866434 -251.1759446092043 -616.9108555844125 127.64545895369429 837.0246553614586 -206.41280509925753 -569.9911361206391 788.6112586030633 708.2322616887682 192.2035278038643 317.9916986707233 -654.6881311429802 -634.0656301738114 -138.96754202570798
378.34956507921333 36.5444882470415 490.72906368757685 368.52514805661735 953.8525266392785 -644.6927446339868 -929.1899489171998 739.0106379483016 169.1437064811114 -135.99364169742103 -536.8468920302341 -523.7925480196806 -146.44997782459245 156.3070931015211 109.74587020628996 634.3324091048796 264.9551277860619 -201.38091571406608
-765.6910952305391 -269.15440829144563 681.7465509358024 78.70583925887081 967.7162319938025 -642.7124278817505 -798.2232865445902 241.85234119258757 -81.87445854047621 834.5423678978548 606.9370770784678 98.13971340860212 -969.7566361258534 559.9256167720127 -140.08531716283449 776.4824636599487 -985.7839151384824 369.9080000574861
-513.9204523067222 533.6080990365449 -111.8289255364715 -800.8145100945461 -926.5347170615612 -44.72429080504469 343.1223165282015 69.29554626506274 -406.1002358187842 710.0553425080398 563.9632861601253 799.4859736749347 -823.8097634574906 399.71720656983507 -962.7759832996958 864.2200034190239 -617.5383182218526 479.7354323335062
-699.599311418518 710.502836065717 987.6838101907874 835.8079145259544 -662.8749762653246 10.850920333513159 -91.99948176255339 -100.16141728582829 310.6061935629266 -825.0387905786436 -360.82470112893384 61.86183536025533 633.1318758113539 -178.71454418750773 -199.28400011704775 -652.4943488361437 -868.038376218077 -277.3223067584149
18 1
-428.2612622283823 848.9815667283901 940.3029894956635 -383.67107726052654 153.54306791721024 114.43669793280492 40.66001026419508 -76.65202507944264 -957.7389142056252 -461.97199308801794 895.5983367491644 74.45841693006378 -817.5314515628669 888.7773031281099 -127.11215550643874 228.30515790179743 644.6809505920376 63.95413335268108
