293 12
110.16524280980298 843.1184926923386 -344.5066469740665 483.9868271588739 -524.5261771135041 751.7194520860025 -722.9602900753671 -893.8497905160967 779.9982158496261 568.2165678700201 -55.81791300861801 -389.3056414113913
-947.3672559237174 -427.8184675943137 -621.1805337340248 -318.39404045621177 265.8921896144416 -837.890669925589 830.599804764888 730.7234230533356 900.9465760633027 942.7088572037401 934.7234927235897 437.4994946183135
-145.34772460444947 78.61340761691304 178.56388657839784 -692.048171871344 -544.239972825008 -642.3163071282534 -744.3389801535884 -284.89711006050754 -436.90014533326723 612.879460038871 681.3946903462622 -237.60404844983032
-108.19382996882769 -216.7744037101087 155.59304967875892 -690.0539188379793 11.013507719120867 -652.0253056476154 -727.6979980895577 -76.66472028861108 27.65480653123018 381.5527761645676 -229.50320594115772 32.35139173327775
347.1702711880937 -721.735663676084 763.6212107453234 417.6829792019182 73.40570338810494 -907.8062655723588 -126.24698573881449 107.14647957008765 451.6213089220714 -349.4687096966629 502.2228381197076 356.90384586418395
378.69240741229555 -773.1520461413959 533.9311031220395 -505.6979083916391 -747.2854492352426 102.34035551591569 -10.509884183347708 449.0530300410669 207.20974709877692 -241.26000449397384 984.9513389949084 142.75777614545564
176.25682639608658 -195.30843800504738 -6.140056694506711 -786.8073438159755 -316.9704679847782 484.28070331117897 -738.8410288422483 797.2227120916823 100.58238296192985 -557.6772728414077 686.112445805604 -758.2031813238706
817.1695143954412 -769.3294551746654 696.3306673155676 -989.2791435155355 624.245350738516 242.074871844796 -127.2308117194001 228.06490292171338 -24.1093040588147 107.43453193445544 2.1369592832746775 -476.22851213874196
380.32924553650105 69.4315856213002 435.78944643643285 445.0078387116073 -283.9345170514973 -867.7835744463096 660.4224904286507 -775.5594945634052 325.93488051442637 -696.754217445538 397.12289138916435 -365.1887551467537
104.75847898659413 886.3643702855845 -715.9332334464523 415.7385073681578 894.5946485015261 -176.74245102611997 688.2789723744625 -33.95462306711079 249.49193234573954 -704.8734308215228 105.2144392244054 -296.15621688912563
189.98396701823708 182.2344482315268 281.61039255581295 334.3648624487794 731.4101672150407 452.98245520452656 63.70363946870589 646.1394559125067 104.95435288717249 836.5042536599599 624.3634841212768 -903.6476243539718
-532.8176792568056 -707.3319296379052 -839.9438854602754 16.212418728940975 -682.4541209256938 -378.1794569460242 -989.7212058468208 -977.2980309193692 821.7271259008987 325.28477244351393 542.3440211318546 -788.9251307860291
618.5154070630083 -534.6731687001732 183.2696522334304 -952.3294847660705 -955.8030383971872 574.7212973963731 -274.5450213512106 291.2082250026408 890.3286168943196 777.1489809106452 530.4087643340122 103.64662141513736
502.3835625416252 -852.845880186976 -809.2627745147433 -645.0293349698129 -635.9036522697247 -646.8267210538249 710.6465089175372 537.9672917910345 -829.8022028144867 384.1161314236699 954.0866457200234 830.303215697865
-774.6391152545929 487.9822724997846 -704.0068863464015 79.15607632478782 678.593111875221 811.2098696258495 752.955739016636 298.98858606457543 921.6461229605909 -923.9626867196063 -659.9838318455464 27.955223425674376
-946.8111707310811 926.2014296962877 -324.090725149429 761.6947893097893 763.7624659403361 759.0740729960021 -247.39831156050764 -61.80844432061133 -176.61270474509138 230.7478615863181 -484.59175815591914 93.6994533103516
325.01309672857406 427.0800481859533 -663.3093202814235 -399.44166082883623 -527.9048682483822 927.8837267907379 -167.2077322951891 -510.73161161587956 -759.3461003921673 -97.3459742151357 -14.224353663980992 909.4216640539723
497.71320679125074 -342.7809236540162 785.2340859391832 -978.6186146988041 -879.7471536136445 -628.774805454224 373.17445517823785 680.9237536796034 196.43016036885433 -678.0843495509407 389.79204512030105 -298.6735827810121
-822.5186448944512 -431.04748461645954 179.83375429258376 252.81467111657025 160.52624655115892 -591.1225975275181 -365.71318501040025 68.45750723474885 -803.4239563054022 468.0324915319409 -437.80115311755935 -426.25342614145677
735.5276794724525 -866.4295626820817 722.6701924732015 392.11585216950743 -799.6622430728196 -121.13422071291109 -953.6623670539848 344.9524932664167 -619.4454529683371 -757.758430486297 686.5483007537227 944.1588066182278
114.23290928612914 570.7281533325183 -729.9298643089134 17.094462341141934 -166.60695691308786 197.02887090232934 467.12217732077715 -819.9353337550763 -33.06423203181794 -669.797000806207 210.92992639036197 -553.8858275624759
665.7846125757014 184.19649112432512 -730.306044952976 -522.5762147162625 816.4197361142872 512.2063512618972 917.4034657150357 -772.9578273812683 75.28290100880736 796.2744216551048 942.5566532651496 -509.02863506086373
692.6441304470411 368.46228543240045 -520.3494759894559 837.203342725921 94.66331090529025 857.1783613842701 -186.3106666010566 544.0330910174023 754.6575022115569 -641.7901093046291 944.2115778034922 -735.3779994497972
383.0052696632895 -557.1746001283047 948.3288135164864 -18.925398743822257 567.6317335472156 702.7620079478174 -277.5713805921067 -360.3970831997143 -340.3017255596368 -282.76249409746094 997.218600567089 -156.23923682470502
-35.61172028335454 -858.1424966831563 -577.3191422497683 48.497880091541674 460.47100590628907 -97.42638767681865 100.22254486134875 -584.2449247272725 -626.003902743935 384.5083996121921 -379.35497554528604 -508.70441263172194
54.333628749020136 354.8575229089224 -191.58560494070628 -605.2568085517992 -516.3276120067635 752.1531220801664 -893.0114347888796 -71.27751112655312 629.0528640338921 -714.737877257133 738.1626648911094 990.785644756872
962.6258639687328 -301.28137513337276 772.7700703570345 -512.7719409213016 -765.5545271937945 206.7802189772956 460.82184686601386 376.8036455374877 149.98987667515166 854.5860783473502 539.8644056841117 23.88484394789532
549.3663979307651 73.02066468474436 -500.32769574908656 -567.4676452532958 528.8677611311084 -600.1435751163422 -46.230329239701746 -751.5699054392041 963.2603112798049 226.0113510430483 968.7701961843711 495.8212218153735
-469.38513284056387 974.4228463606114 -966.5581469287332 -588.5170558040085 -57.71335830254793 326.20016556921314 -552.5910220113433 -972.7206681966366 -676.483036590432 -210.89611621278607 -860.6170247202405 11.270036201012772
447.3465301033191 806.0590701046174 -403.047988294364 -444.3593450501162 -293.9300089035835 -162.4470962204656 -539.0895880604356 -433.0991568445446 139.25013912687336 -921.636206093982 639.6265095047261 771.2891547700319
-956.7145165386981 33.96544206759586 -50.29513219865669 -35.789539560215644 318.7663232967018 247.9134655791704 194.75974281127264 101.05649973299683 0.20316053269039003 -864.326293542028 360.91698674454756 708.2819390913958
745.2315427450558 848.7012954488941 228.20535620152282 -463.14322133741155 716.3233779337386 -963.3336927734352 72.03130258590659 234.35409244358812 559.7887559933351 -91.18075286213241 -351.5429211337387 938.6026904357557
-966.0503346907896 -198.22871095217215 -890.958685451658 423.1296614364737 855.1742590571325 908.6698190675297 -822.5971875871523 -128.07136208368752 474.06203843331946 -545.9875719518312 471.1644698907537 737.2873007721319
-805.9071164017159 -4.967454301750877 -705.7846085693336 -685.5002216856718 718.4781281567414 413.59502454268204 -465.1109786566417 -316.39117868167114 653.8766035984174 -592.8676522016076 -387.09179080715785 101.65389194269869
-56.68374412445053 -716.3973983812498 462.56614824406165 115.85143108058355 -128.38031696680457 -587.2439942461156 915.6420087165436 120.01962223517216 668.3932044899484 -683.2925490422708 -758.4498058213518 518.2727717065761
-952.3009040119574 501.77023522217223 -391.4938369337124 -137.34125317241762 846.6976280121048 -743.7120126657085 148.07030658367466 -285.26894202970584 688.3711775947413 520.7951670736611 41.22644043273067 757.7823338108333
-887.3460244509779 768.7231172051199 -453.041537644282 100.62002394758474 -118.92722744049138 -792.9923092911195 -14.156480951220487 -132.1325916539014 535.1715068117 -621.1388945760399 641.444197143597 -939.7193781939903
-949.4537665401415 38.663710793998916 803.2141475412243 954.9418427751243 394.41953703030754 -252.91859495120934 17.69546194788836 852.2755471590756 -652.978842056829 -535.267912137017 -506.1615003936228 -460.30678227081864
-745.152300180064 -520.1222518525417 -788.6955212217028 637.7720264391057 -497.9844620520595 -82.20661793178044 -643.2988404019204 602.2107050202392 963.3040717451356 640.4980790352995 459.5493986208917 -840.1457241729657
873.3297827993408 899.1326955632373 826.6935733365722 -662.454477909442 -234.36102714338688 700.6064972059648 569.5712185475666 679.9486183008939 -853.0612420633845 458.7052925045473 834.3930650958207 -220.67650885084242
-274.69758613316355 272.70439886420604 120.98308200308725 -307.27699151442357 949.7479824636318 -439.04900997132313 -914.2446261109467 21.705395158533065 -637.2768458081846 135.99548750299527 914.3567827007253 327.0755379545892
680.2631185628181 730.9674200178204 -451.8636282077855 -772.4615907215111 -706.6338770472491 -484.8288392062798 265.18337136365994 -275.81178206426364 186.9796554761583 -104.75939884744093 56.14644838811773 141.49234572812634
336.8485654095366 -510.5296741884042 418.1827289278201 276.647963234984 -780.4332180959417 -133.5345715258403 -754.3725695367194 -38.2306449294432 -45.131424179215514 862.5127060174382 -925.9797161354002 -167.15728940020074
823.3058289903763 837.9037281524832 -699.5736930831042 282.9736210844278 839.5568746098777 358.8705212534917 -94.28649690654936 827.3094970348868 -591.4110006755466 -355.1301879400255 -636.4131451010335 -605.2326068584555
-893.6049890166823 768.0137210204925 -117.5237936412459 -653.5712521224748 78.82193984626474 -51.63416110707146 -34.10141833568764 48.34629990489657 -585.340148784788 -946.8772430973988 753.2946835879407 -136.0006334880302
615.227061442707 -39.63681463866874 227.66364261832769 -116.03498700343118 -67.91373088535329 -373.6023445629231 -908.1706642325196 864.2362465125805 613.7863787791755 514.3566462990971 -459.6547216006104 587.0947251856599
736.0522160769699 183.4096222961532 -539.282865012563 574.3278748521091 174.27425130696088 179.64002047301096 787.510188397662 -496.47758975594326 -425.6375561908487 348.07397560627624 788.3129118130341 269.14175105738127
-246.49862902725306 243.88160394385136 947.3354757561024 336.09159686573093 867.6432810146498 77.74028273341946 644.1400411500651 605.4885520490016 159.0328292732786 694.0451865477992 -806.5161078848348 388.3606448114085
311.8482000518661 -939.7482487874345 516.7765130305356 511.5417145108447 -392.39458998988334 -756.1373025948258 -995.1978271862491 -943.0554871589851 -98.38235183886206 -22.878750714717057 -635.4736820474538 413.57578195469114
-169.95390332750037 396.9646766728531 -468.8561783090421 -766.7239988075867 -587.1131458269172 54.00156167237242 -345.1613249088616 -5.010702489545338 -523.3500424262425 -638.7884598675294 833.565883912456 -351.20729930876564
-139.98906500319833 -741.7682686875171 -36.67081775307474 -706.2158072158538 -21.09526928313278 -660.111704941126 358.86066065253544 -528.3512125269341 -214.04475681191707 -206.7015505509595 18.253435547418235 -559.6654921952343
184.01039303322636 -898.566475086493 -173.39059544811698 368.04757664416684 149.60802066489964 401.5840039450609 73.34911247091236 74.63973758038014 787.3005203841296 640.3793283700991 -840.4864041872257 -989.9168949451365
-224.83261125155104 318.12118620619344 640.1133486172816 198.38313803994788 -672.1384900489942 646.5639501594803 76.89028201748988 -268.6556301840026 871.1261761599958 -886.5522652165419 207.32602250720834 -891.724957467992
702.7778964846862 -517.3349897214015 -259.8284946669098 861.5944393122586 5.712088780294835 -399.44014494032047 -28.52122347157217 905.2652258184714 201.7670745078076 54.85415120833795 735.847383697937 605.3509061705422
522.350071130852 388.47982483066494 172.35581235132577 -456.68954954681067 -649.013502793746 -550.8503813997827 -140.93471842527697 -31.44064494796669 660.4261603173336 595.5285902429146 278.41232444390994 340.74909834555774
-208.1499060042928 19.809047942830375 392.86180438715746 -859.9752500705704 34.94632468542477 948.7177597967404 -24.005079824020072 146.54487140575952 -537.4916333457944 772.9074283393011 -979.6653346055571 -808.6067056889751
-143.9195650570191 748.2265143255465 666.7366979312155 -709.2838989347609 -275.31835733415573 -522.2028350147132 -502.3717682565727 -140.1283999762244 -969.6460425078403 736.1558057606044 383.8666578977484 -933.8403420838965
697.4339124494466 -651.8725902135077 -413.7135030640735 983.8425406310116 881.3694955410294 -975.4845463085686 -503.68088885972486 0.922177991347553 -343.6232125897243 -561.4087276768141 -911.7848295011395 -299.52881283197576
677.7908800576881 852.8583210961194 -536.22419346022 256.21678389116937 -494.7835351503973 -765.8554173140228 -542.7968035005892 -585.4922850944315 468.2115041288687 849.8470211001061 -343.4884158667986 -938.8662513960069
-731.3561644153431 933.0843820242999 50.415065138718774 -399.78191883997874 -680.0258856452555 309.17415047224085 951.1322583503049 826.9880205646964 505.9211804056961 -693.9062889668237 -517.6772918461161 422.0881596297079
24.630591316403297 -891.2432643572558 -897.401321474109 778.3720861667714 790.7586368055718 660.7200152699286 428.77507629957313 -152.8359679195728 415.3515841057533 429.5879936612657 778.2278012482536 -311.0321625552082
309.03833189001966 626.7051368276302 18.2579903395565 754.5766171235421 465.5621710544556 -39.13598484904708 44.637440739257045 973.5678168057873 414.1995188088447 852.33303812236 287.2265744858471 -133.42433720991062
-319.340672721312 -453.98861592838705 -269.7977303269465 7.3228279543335475 -694.0363238244031 -523.4538234849708 205.2069274729506 -52.99427797604369 -685.2807036849597 137.63253597650055 628.4060076766696 814.9069525239024
107.60021174756548 462.3260029066432 -712.513987384749 -393.3196249797446 60.1746652132731 -348.65927583393795 705.3481770210365 524.7324361546432 344.90624326605734 -570.8957577764451 158.65621489670298 -966.3736819629818
554.7475836161091 44.70987540325359 -968.6863150911266 -8.847376640981793 -176.77204139975447 -354.74601805279883 -189.91360457206622 359.5844813388612 581.5612216517873 80.62388098841211 22.101273686507852 386.13732011802267
919.8630359258493 391.843399863576 -313.0226994025418 -988.5786377572381 712.6554031800649 153.73145691311834 -923.6152552864421 -107.82849092524714 -63.279355507198034 -179.2715035207866 297.0121392869644 -774.1147971819038
-238.68024934737457 -969.5695675173532 209.2338162484457 -259.28365191788293 -537.8977811882885 738.1389122666599 -610.1349490193511 -892.5869801626361 -819.9499573888129 -967.5000785634998 241.29671546649433 -395.5869547099495
-124.97286872210361 560.8048356444933 -15.89067919498973 -961.861389071103 -375.95513182585046 -534.2606868899816 283.8287049939072 -746.4355403998036 611.174903150629 -433.5802390343524 -520.2731986071212 26.11848324691755
686.365605782049 317.17206014249496 -459.64299318007716 787.3152923025664 972.0911139141517 511.8041629519148 906.996864826617 759.4921757180639 62.265651146571145 -677.4741179483156 -290.73938914921894 -199.28449966049527
-517.9641615404596 -216.7091078044332 120.46752688222091 -602.9873642840317 958.9572133090676 947.2321774293064 758.239576536535 -133.66668013423805 -196.36586907403682 916.0257250292207 563.4470477372297 415.125902226634
-274.81684066879143 318.71094744463767 -548.7414169611193 116.99033671458096 -205.50717919338138 -160.03612187748524 -298.65366060121823 391.76443824655007 -795.3005763069388 -716.6549609136741 299.94175923790476 -594.8007494683118
-966.5562210804515 -409.61188825457054 -117.07813724898244 693.9502473967648 -687.6443047028806 -531.3510871472829 -607.4303427982986 773.5171441988662 -299.78742291699655 932.6031955291371 -71.34548391031763 955.8761142931078
-422.37592703616485 156.85890669817718 352.705189839387 -591.783821172301 418.2746836000117 205.47227172300904 898.0851410748994 686.1332070351941 139.64638484208263 -958.9158455273036 314.81018913960656 498.33224014877214
582.2852119012139 -839.3132067054552 -918.5875594188313 565.422946564071 893.7351988614876 -677.3295462425017 281.4286024713617 705.6575268636693 -246.5156065194842 553.3817058905258 304.2368064745915 -856.6446775912952
-273.42035710729044 -509.6301952678091 115.59682585851965 167.89068760630767 619.029148512986 718.3367674772398 -344.4472944818526 -556.1892869025689 -436.3876487815643 -38.35364575267181 92.96395015834969 -877.6749833722952
201.0212922178232 254.305004261696 -314.21401514809634 -718.0697743313349 507.6067740107844 49.95271621697134 -338.60208980310574 939.2241976508326 -978.2218069771484 363.50871486103256 -519.5041845365829 132.9293244948915
653.8878087422759 -480.2330521404285 -296.50405778028596 612.8934466371691 391.59406093321945 864.5128021006622 966.3676072772616 836.1283105907501 729.4696529274754 -72.32915119250879 483.3698177181866 858.2723555803759
268.8008656365532 -265.53955317401073 549.7747323268059 -323.293945440396 14.441661185326893 7.3300359922436655 463.8944838365137 687.0269335396749 42.44407790880359 753.4006838240955 -509.05614503820186 780.1622259877242
670.3763226156875 -795.2689574778085 -760.3171690509428 724.4435666991715 -70.31873181583785 -19.48395974060736 -691.5357739415981 -45.12600278501691 476.9891173206156 -896.5569392307422 28.74858312667652 287.41325998573825
-179.51173921163547 879.2421474179164 275.2982772356927 290.73733085948857 444.88983291838986 2.9252042336245268 -647.1488921554565 -282.98011055650704 -248.46938044971375 -430.17178923286474 551.7091135490971 729.9817182904321
901.8158984641873 223.64745794863552 -61.74286328230937 570.3490608758859 405.87644640515464 738.9545352028179 673.2927976738422 -986.5026978260901 667.8813960144312 -870.8069379655612 30.048078004138006 141.74707131186847
-924.7263265876513 200.84439334610965 -643.9131551566088 237.8098915588771 -585.9516746403976 162.16029265692669 615.0685826977824 -116.33053976232975 739.4881520564784 -705.7973626434701 -542.980884576685 -7.617432074221256
-812.2518642738765 774.0555538418137 917.2136537420547 852.502087479892 -720.8445137617509 533.9344073542582 -969.2578505722981 -25.32416042131149 -360.06809388784757 206.4894294597923 55.14702131271724 -242.89083970086403
464.79802554655794 -369.0675131981868 -98.15370089942803 -44.26380856946514 739.3222571895392 446.40634104878905 -629.4669024714816 94.7067399342709 896.327978596998 -578.4461911237202 -109.83076284308106 -116.64653171099394
-656.0966553464907 844.60832118238 -558.7460586326063 -722.7346351434132 -206.21978131691571 582.4690362730396 709.6191604723201 -614.5264207912476 350.4349819099134 -635.4715044072652 219.76400551722872 -349.92314707885794
-574.4407315271919 296.02097069713705 -727.2879057243167 -111.58787013212736 291.7921590603619 985.198256601434 -89.49543711060096 -842.3116965013539 -357.6703573737324 523.1302841502834 -516.0803659242616 -846.8904662540014
480.5952807651836 -975.7427414594613 -711.7628925945687 -771.9048011370786 274.9298487371609 280.4108251099251 60.311673802642645 952.7297876133996 88.49997853330319 280.04586325213654 -84.43905480414048 -940.8666410191979
-552.2386194541091 653.6761000701642 -955.3246584683009 362.0689534550279 -710.1759115462205 -889.2457074954306 -483.5059050433856 499.45575507896524 -606.620784233003 405.2692563364451 844.6404598375223 664.5489198839964
-965.2225748451906 -153.93111614158545 760.35942916665 -163.7263362950407 -555.1677004744859 -641.5081162960561 -246.9405738442914 888.4918158904911 -65.80942281231182 293.44610458240936 -421.95974871301485 -302.74066635725364
-284.116282854866 692.9338461520861 57.24810869406588 226.27345570906732 7.492876737968686 394.23813039851825 -873.4616208415748 427.28108986371444 944.7106124945162 860.3641232921398 -655.9256952724081 283.9482747445261
-69.37449897871511 -295.0127826498574 919.97433192686 225.61298324802033 368.60048326007177 450.10670675406504 -541.277781659629 904.4980875294955 -477.9489454907415 228.18667678997485 -324.8028110015433 471.3433404377056
-157.297953661081 677.9452954513079 -89.16347855918877 841.866274066341 825.6805369958822 -659.9972535070724 -659.6911305966164 820.5577166597861 432.33916422635707 -723.301315984553 107.07571586621475 -514.5791778997586
938.9787672199898 -449.5098490075195 428.1249961841131 -233.80800306197273 -215.85528227305485 338.85454205180713 664.297032830124 -362.04977733758926 548.6894606403723 602.2886352976304 -602.3622975576379 -86.9919877774472
44.756238537412855 -176.71623367362326 938.5172208422782 -403.2917660661775 -979.100019350385 -539.0088531407815 516.4169240690005 -904.8827354527398 -303.4931972706722 -621.2616568507683 -223.99853413911706 506.3926619452334
490.6208539804643 572.4781772612089 547.8583540222194 -977.6139011331388 -117.43293073438929 876.4480261405536 -179.48723107323985 563.8667842834864 -519.8466575556213 -208.41462285272132 -333.9889826202998 -694.1868194901958
-505.63095188592297 357.4008598873297 -521.9808794370149 -946.082497407907 435.0381103249656 -337.89653704479304 -558.9550439253035 165.9460831437134 513.2163453480637 278.0094815042312 -9.73489848261022 981.257928296342
777.3740450615244 -702.8798355573032 507.08253606762037 698.3046059832211 203.10186962498597 -752.3989709940518 348.92992767688315 271.3205481790428 -435.8842603054329 -733.7099388717013 255.0392645869797 838.7251240337789
610.7192061429271 552.5667083934604 -899.0913663716376 -416.1453757066329 197.58170161813428 -665.663582794951 -6.368164743323632 712.9442820183167 312.0037331744438 -340.72976910830687 -573.1507451634668 -315.790766672788
-776.4815618641499 -743.042272798671 557.4590842764683 -200.1742680191236 -958.2173122461311 766.9221344338391 -498.42593366066734 695.5318168143499 -345.0926139517287 588.7738045098995 749.2778469968107 68.71045822039264
-265.51947124011826 -574.5619250480602 -981.1693528080949 -667.0801974702617 136.0401173748046 2.9524020583324955 -61.48029379061052 -616.5369938742367 640.88676708091 87.36590605621564 -599.0826129420814 -166.35137009776213
-105.1726763796213 190.14136498706011 -573.1370285185344 846.7928810699873 -134.09757959669014 491.9078698421929 242.40453481965505 850.2006182454916 -53.346789579158894 -345.8283111103859 -106.00334648293665 422.1798177885846
536.6128992599058 -356.21470726076245 -28.326679344130184 -451.7578018540254 -607.8819823219296 517.0222369899591 671.3241315508615 -194.514027557541 133.9866989566617 -597.1299086246495 659.3765162853676 -694.7833189965722
249.3645964543257 -488.5503422592154 -234.48536463633536 684.696737440315 -854.0505027923202 448.0396743454403 -204.10825229822228 173.94190161659253 -514.683358478105 -707.5021737847778 -277.4339375592938 485.39123668422667
129.37409596792327 -534.7801747798144 -958.513029199468 223.8604638978918 -917.3358561489988 822.9125124789407 529.1887569560643 -392.53393257853395 -37.81263412968735 496.30014300137736 -614.6427572714967 -792.173939536204
207.30654257899437 -321.19777493508604 387.3651628327723 -182.6994110370042 651.5583604142273 974.3642844629214 -759.2280899704283 -781.5458146963026 242.643360282098 508.0648800882109 -272.447731497139 10.500813141159938
936.9908670207083 -538.2120156596172 -25.08289904546075 -880.5690999302036 116.87548118328732 388.98725616991305 648.254070923417 -634.0193224442758 57.22964638027065 649.0398639173452 -999.2144101383456 445.955364112265
-163.02611268340092 -446.4159639305933 244.70851744910897 -447.87889518125894 486.9445558316597 763.9989156752872 162.242089752041 -316.73480530938923 -873.3246901066951 752.5401735768933 766.4655414053404 -192.34102420992394
-866.3579431796733 124.57215661041187 737.3114309294892 428.2052260050457 957.6734461352271 -759.7347817775621 -216.81773675208444 -269.9789529231906 -357.80520227812724 -908.3561545849445 -632.9377995853038 -645.8476640782646
-820.2656543997335 413.98127815575344 183.11467324624414 503.4508560455554 269.7354818956312 -591.5171132986427 667.2514152692397 353.60351776126936 -306.36479694571267 222.19802761992946 102.92829552973626 500.52620711111035
588.1781094064672 813.3685931818948 -171.17489858224167 650.4360134611172 272.90697946828436 280.04463586668317 -597.353016130711 514.6228848588564 438.6154882197509 500.420796364901 462.7656638320673 -150.40213058453912
719.143185779313 844.5643703799958 412.22765460594974 834.1922134905371 932.2592143364304 -353.32113410161287 154.655430897506 716.7798896431191 192.5754046128195 270.76145488373186 -357.6042390290439 944.3614277346396
-3.0778943908362635 -514.902948284891 -128.66311122522768 -667.0946205225632 459.43729907954844 867.5488026266278 752.7794869634524 582.4121539340094 808.2372993337967 -413.0050718760199 -620.6801221802114 -437.36483911745984
-132.55583921768687 -985.4476299879285 28.782891777997975 200.6249478179907 -437.69534880452056 -361.95854342901157 567.0246743697523 -798.3345488580595 3.9483544219398254 -183.09127682706912 754.4149973064796 -962.5963998766098
424.51669777198026 338.75049328798696 686.9312297347828 -225.2179904113973 907.9066973752542 279.20883558702644 932.9819002752074 341.10412701880773 -89.73040028074638 921.1213522101241 -93.24396928118813 13.404267438136458
-376.23404752565875 550.4767227387294 -360.0708891996662 20.505700168322846 -716.7255221360214 -966.4329060607402 918.0032094394171 38.497098789842084 837.9892627845466 -890.2369566033452 73.48496674780517 464.541869609649
-530.0060961268141 -382.46277345034 -223.8894878042123 755.0599386435226 -151.6130516626481 -207.43628370842737 -316.4203781562604 -684.422924328876 120.61633922101191 -504.3272606340303 -26.599981645354774 -602.9326215999291
-440.74541350683205 702.2394774618256 -36.03533767864667 112.10508344037885 777.9772977682792 -571.1688863770435 151.59262253975567 -566.0644925538006 -988.7761775806996 685.9309342905449 -583.6313472607519 -777.9610412394475
200.30131285941388 148.13879454027165 805.8260926577484 117.54732497701207 820.9107321608822 147.36253618488422 -664.07043696408 -363.04327419904587 49.40358662162953 -376.1552712868099 -434.53739451831996 162.29960142354662
-662.6419605840126 -364.10445933758217 -24.506066464136552 -72.42753785951936 228.19444440338884 -547.1451114752415 442.55159898654665 861.0657185550012 7.382025471643942 448.5198640729152 55.819887736709916 -62.33949187463202
863.7790661465804 -680.5812415719798 -406.1154926296897 -374.58423815955075 776.9497330583426 -337.7768001756465 683.3871186924532 -436.2859418794709 543.7547328004644 407.05859000996884 -56.841760431635976 -199.8928103595565
-664.7761138611521 -602.1870348233888 391.2909352097083 -462.6345893642076 817.1892232973307 383.44434233026755 -297.16775089573264 72.24134740260092 -166.25642744182392 529.4630821149347 799.9071742521589 -878.9482742948047
-617.7038713719564 -34.105062815889255 -702.5491840062643 -347.9037354287775 710.990702760241 -988.2594748971522 765.2578362393806 -520.3748128072746 -324.7725239307897 927.1283094317848 -349.57757043048537 -651.4865411582169
-435.9084876871864 395.42117963752844 100.75392764839648 -144.1870398820164 689.6455163095904 -998.2691639650536 601.3278126749376 930.3487737011815 461.6684270483238 -129.95252138466776 346.1332798586561 715.8265399056199
-630.2478944808113 574.1970669002153 894.5586721261373 574.5560925497857 -384.69144262459156 -715.8537678031261 538.0667225154368 37.08893003934327 104.81899164335755 580.9894920696304 -951.0298077514248 169.94958583033417
-291.1254365833638 -459.4773171243804 -227.5132497253054 469.15607042207034 798.3065502469742 -234.13572310070288 843.4162837057372 295.7446810474346 775.2224437505349 521.7716614148901 840.0225318417085 -990.2744819541523
820.327470210399 482.1591961547665 -956.6567349118262 -353.6991501866869 -486.686617605897 30.142309461248942 -406.02860557478664 935.8313201666804 568.8086565954115 447.9476955853868 549.2215901620546 4.859182844042039
742.4925048840269 98.65654555693436 446.9368512501442 966.5089364914982 58.27902576377687 642.1018363590656 -791.8798331230066 -634.7233896721027 -743.4643786756718 -311.7143679839587 360.31081067002424 370.1147434541101
289.26159741104607 580.2901531268903 -459.82552831245084 678.8631815369804 -153.5642314293184 -321.02247641435054 -427.85548903188044 876.5814355505661 -957.0616456418228 -549.8427964019913 603.0229796519386 220.00389735831777
462.81810916274685 682.6406314990081 -499.71538799619265 -454.4747151921007 295.15885527767955 -857.4426704912039 287.29927976569775 -278.0252630416311 93.84730391050311 -529.820202601576 437.41194572284235 966.5894086375047
497.72804292635715 490.21781018074034 97.87297951558958 437.8446746492541 -39.41275176260058 209.16274406837942 -90.62753017329999 199.30125618259285 -47.56989091311789 -307.9977957529811 233.180392689962 -604.0389257335486
-230.44303606813594 717.1315451761254 -488.78447971487884 -94.60114922813602 355.22086138913664 791.058991398633 200.9188306872802 545.309879002567 -265.56346531112433 9.251786655363617 924.971912870024 -488.1119387749846
-635.8164533741557 -254.86296337904264 470.4430219051528 651.5396497767747 -619.8197640025451 390.40719131834203 65.06447012400054 558.5246249525028 -624.9031126088303 -588.2458101870482 147.60120268535388 -285.17679516492444
-257.0475107801475 332.510682484221 -268.81406334075723 247.98322535531884 702.2098728128221 -580.0747442890245 748.2850104451838 -874.8201331590715 -797.9375425887526 -616.2493602933775 90.01316832340126 -808.0555064845878
-209.35399241039931 836.0825415204447 -261.2399071980873 -951.6023471861979 -174.9547896618118 -566.0791845558856 -352.72700042313556 -40.77190220149225 406.39760414203397 -630.1520491460282 -439.7976507165282 516.1958675022477
611.0846211151929 -540.1602389789928 546.538360257357 472.6748796427289 954.381525073233 -32.80394144236482 18.758011291522394 245.77542398917922 135.04041335338525 75.00941813464215 -957.9502068802445 994.9229806205485
-257.6357149072677 448.9287895649377 47.50976549488519 156.85529522460342 -833.9913450991762 -872.4687389768393 -538.1405837460909 -566.836088604282 -683.1065079027641 -961.3780288189548 -906.6645549865686 -943.0991141813034
755.1922415084005 -731.5445634423177 -291.1700138826385 437.3070374575789 -720.7060808626679 -67.27417791166238 -463.2090575157288 -284.6254579417538 -628.4447944384515 -255.4303085680898 971.2864175995778 -267.6164076019278
-607.4264355709105 565.509525919887 564.2126747215038 -169.55429513017646 580.1285307692274 529.7176438532908 -121.70317170642477 -567.3864822817185 -944.3786664050162 692.4827727513164 788.8705533036398 -363.61268257452366
-33.132563056408344 -974.41666726596 -81.62398550617843 -298.94117892855036 55.63875275149462 -171.45495797534568 532.2694680432212 -62.91720283663801 -892.6946564451839 161.0417998710093 -610.0370525488568 -688.405912032452
516.0155014525774 -189.73337118088614 660.7902370182112 -871.1092328112763 913.6854386954947 -768.7550702869405 -168.6004501517724 495.22163408827464 247.18732497416022 -357.5772074020274 -787.1807632322266 -755.8980856374966
-357.3819525755255 203.73420150471657 983.2868493031649 827.0784515769353 -738.6110802434447 366.979064565571 410.3314970152005 52.64353477843747 418.64062391075413 416.2430824268233 -57.89319972486044 -510.9591885237039
643.1855625360706 -902.0376380615653 -467.2503262436443 534.9100655236375 -238.0929971710426 452.69387147933344 185.01266003566798 -95.12969046100636 -969.0104621170732 699.8409484653844 999.6989106404578 623.3852598836738
-786.3780409149714 398.33323773379675 -736.7084926538589 841.3252282569049 578.8885469066429 689.3493805619328 261.7470233721808 -31.016369742128177 -433.96878583706643 -968.2660199409465 766.496238819323 173.64130389141928
-906.6176640906629 -886.4257519784567 423.0903237820344 -300.4328382476999 -648.4277475642061 -538.9789115660499 -122.81024432995764 583.871909825466 -175.38817806368945 996.2003594563007 541.4003362975159 273.80107362064473
-252.28502087115157 616.272400876805 419.178665422879 456.6906021685404 523.492335597696 -68.8098624942528 434.8165686048369 -579.3681614375032 975.1565559850287 -770.433749603749 -851.2461030855858 742.3024269699495
-327.7243357733057 901.2655803383791 -586.4452998394501 -94.18813630761429 -296.1996824810218 -286.62856203345007 -946.722304583704 -791.5902980291876 -337.3740796646938 170.73462330595657 772.7505049232202 -6.445524401501757
-374.3900454302891 -994.8991305855013 -408.57909872878497 -85.9402523804107 -941.4175378905911 -995.5930205987731 -524.2057697932482 501.3534067263581 -513.3080398348677 -865.430731923847 359.93853540236864 44.49640635684932
553.4135184458166 255.65541905406167 -23.99037175972478 -486.7888073855364 630.7464917020668 83.47883815196383 -931.3173478111676 -769.2246919436559 -435.8620109706643 161.3105609414156 -181.3969649252598 -666.556898353394
306.55419552059266 606.4760062563234 -457.36919805528294 -749.5421345261354 83.3396460549452 -125.63575977858557 -451.91259682273574 -241.40868472262912 950.6007044027854 486.6112964384506 159.85569238120638 926.8009696789791
642.2897963938794 -854.4250598410015 -568.9163760832541 99.52464649541116 -782.854403608374 -439.69593602689395 -803.9415749605714 -185.65726014821757 491.70059781498185 683.4743955791164 -334.78348343465507 518.9019670830428
-972.3112839336088 392.71110290557885 937.9753412398759 308.0619464142685 215.47476329481265 343.6625757107463 682.4326300045216 809.7085374213978 -728.8136439580755 -289.43949774944144 -288.17188428657084 -289.1430190737185
-137.7675851374214 420.38350262927065 -187.13325935703358 590.8482547874589 -294.10654309660583 520.983761730643 317.39909589772947 -432.71517808532667 627.4768743569487 -344.4979295540776 630.6133994982247 655.3545885488861
-969.0225889414661 960.7855290020859 -565.2151588800647 195.53624524441943 -341.04091931861774 3.6991746599099997 -351.2518131552272 67.68611617512488 -435.85062446147595 -916.415498472674 910.5257351421446 -244.10976871305115
540.2918247241248 558.7618832194214 -577.4528872323199 348.4296877723864 -502.7853686507937 280.27448883196644 -218.93526746911232 -74.78404146672267 -362.71300832635075 -952.7969512143701 -732.625080423102 -257.39678812682155
-333.85855329071524 285.30909345321174 488.6108911469869 -187.5131071610034 -213.5724104127661 257.6670856919909 -324.4146259509015 -303.13779284561383 541.07026958455 -99.38999334566881 54.51036684373503 202.1401185506336
30.657574889269654 239.1090207274333 -353.61231885068185 260.5559804630061 -975.6526558431023 -250.5030212084847 -675.8380684748904 990.0854338918996 52.79726190601673 -650.1085525780386 382.20286160485693 187.95716371231651
668.6135359489917 533.7391955647763 450.8709998602851 721.1897593636002 109.59479772913005 367.68651865307766 831.2463110947863 -174.3938941505112 451.45434854660175 -139.59267367014718 628.5097128467069 -599.2273385146634
-685.5124455591925 -175.69513019537044 -138.9542050067032 -289.89724302259503 -441.24344994976127 983.1559092890657 705.7944983169796 -581.6597783804136 -897.1530758709505 -721.5580100609036 -192.64052311449518 -61.27089346363107
-342.26462072520985 101.66921111545685 -463.2620012514792 -751.4557574688183 -983.4179300460166 -177.5656415908204 -503.8583560397412 360.4487442141742 396.53833809689195 920.8753244818015 -754.8320717256618 -768.7590800845217
-723.3372599521844 -652.7113796418216 219.13071943450336 836.7113724287412 7.27029296767796 -926.3058278947593 160.7472951833704 873.4611630744243 -19.039120979632116 -326.4977326832226 661.8617809041618 -435.49476365097917
304.7918243621368 -221.10082712898623 972.9810483441861 412.0830037068772 -746.3700844193619 -402.63103526158113 497.78036670200777 881.7842093405632 -578.6155876335231 324.0523839791606 55.398416597442065 329.9258097421846
-889.0561489358087 -109.33960751752352 320.0158823882489 -253.71372566128025 -211.3932233015297 -21.15689960790837 862.5341788605044 28.295135636744817 -473.5722693640305 841.6490248974194 -129.20384929418492 -939.0235109959582
722.2450901220159 522.9919520983767 857.0468811872574 -851.1501106489885 970.994172247121 934.9461106460346 -968.4096945659891 198.54110504655955 349.3878546763615 736.1149398845812 -858.6300453526019 -27.928794947167376
252.06469011403942 410.8527279746304 -608.4176577953231 -726.7529540475675 96.66066828503381 -784.9762585791866 167.78425233384587 887.3331615874404 -896.0179385568954 -720.1334745142722 -112.76524274197538 216.03433863874488
310.51985067259693 -351.38606337706335 711.946311578344 435.9643240985747 308.14917193450424 792.5843658449837 -776.0565485617506 378.70854099777443 -651.7535583557062 -234.5815767673838 -530.9935860246289 32.423227813093945
-701.4731280866013 646.814717110547 -314.9582284587526 974.3351584835668 24.529438016211543 -579.8831481139005 239.39788503220052 507.12371426108143 -948.1930303159647 726.9611549573588 -975.0383529129081 -975.6687502317767
854.9226648172696 871.5592339331945 -79.35075294425678 -428.87906046168416 -312.6532179639901 -262.0072639025841 -535.9770404990307 277.8641259901606 -343.55906274422114 995.2212231028702 -955.9846672358688 8.798106227921153
-999.1607938934086 521.8025969358914 -203.56179374796682 493.1011839424232 482.22130481441286 -762.8064138309376 -432.85566001349514 -199.3821742119586 984.1400458121395 228.29213597307034 -291.6619884791562 65.75647032984762
-626.3503345357647 890.5875651819981 255.94766252612067 492.7281479634478 -961.4743934872279 684.0523808683442 985.7872612442206 980.1454417988796 -659.0163579049972 -537.6391951495523 157.45924000005152 764.8967133146127
-541.033545599537 -144.78556201121216 852.0775807034715 926.453325713316 -465.7523350875616 369.92942506093436 651.5423710065463 -621.1008759782353 546.9308617348672 -706.5913888510338 -668.4534686060381 -220.01396733710692
-855.1480029878893 -892.9980775058035 -863.9168532611466 934.8004740573278 433.36641046574596 -463.42988059138145 484.5644728380664 -846.8423774763501 542.559223388381 -940.7693575735562 -174.49082749389925 -139.95847631213314
411.8309583293558 -616.1496610231563 -240.26276189167174 59.86691630095538 -783.0297223459446 445.2913721287732 -169.84566699176912 -216.40164105812175 516.1462105156384 -339.1667713370658 -8.64623462914733 -322.6304929380685
-956.1120131434076 737.2836112595774 819.1392880261778 811.5968906903522 -523.2141478245571 -657.1205152115842 -401.4921760218251 -843.73211991873 -51.806450275483144 -72.20924164325379 638.4148614825765 -762.2523035715814
782.7840391262109 -797.208765244227 -696.4205295035756 -122.00137419534292 -183.55134907347394 963.4933663189904 405.9118483707846 806.1141630780544 -753.4800747154125 967.1299254323303 275.8909146974113 465.66923088973317
483.44675602336065 -516.5663170423327 -365.08649491511267 41.67065034436723 690.5692400478858 535.179876675182 -26.3212577282776 -529.2966278204635 466.3893795162792 -19.373175928076876 358.71521880501473 -61.5678954121754
-474.9305951074949 596.7354828240466 281.231069881341 -945.7396114810357 522.2606248568111 48.77570073300103 86.28309556372096 -31.234730922989684 -956.4364682028314 393.2493021690266 378.41353249025497 -96.00109175269017
-659.9456323396103 959.9670625157125 -504.3885995257187 -235.36980936671978 -893.0708475456418 -209.32549137130945 773.1161108481554 111.98091776524643 997.0585059400619 677.9353115003885 937.0447017413246 859.2945837952032
282.46779313955085 230.59700474101805 1.0235531169348633 566.5857930935422 -123.22490877692553 -572.4464335481551 424.8476211205161 -238.05889978912978 74.84116421136014 -804.5794863627007 -105.31483748551864 378.0280293526009
-129.22620158414747 -417.2280356349469 -608.8604329936716 -754.0085198777078 -513.5635631364687 995.5126159205633 502.2768051050032 -548.5471591120365 345.94946265632075 -127.1628032918652 876.0881546248406 -83.3134845477042
596.1065006100957 -537.6731963937533 241.22105114413125 979.3655846449738 69.02583814834952 610.1231991386014 -209.77693359456248 496.6673989657679 708.4710220435124 -782.1500567512077 720.5602608138222 555.6541238873006
880.9122728724551 -569.2320192665918 929.4698185646221 898.7659091933122 -616.4350425534126 260.753562452147 346.1857997394716 159.59296510445915 967.9595725271893 842.0750017846904 487.784965775636 449.4608431350118
903.5336399436499 -129.15011427035972 643.1803746316889 28.67887179230638 842.6251987454075 -377.84053656525 784.8434178907532 -59.354245142378545 -959.6063204623117 -555.5169284145636 -983.9197260364239 -358.45973088091273
895.063700794429 -601.830082679607 169.41466894319387 -992.2891540797439 -306.702881101705 -256.6471677587497 90.24943763648298 -972.769192707924 -737.5950566578633 366.89784510311733 883.5509278190527 272.6130052600845
-102.50182823480998 -50.95993912534186 -748.7646516512579 948.2374213559999 619.11118011853 640.5208248291876 277.8848521644138 -182.27196387527317 -333.62805879836196 117.67335972898991 -845.46533369056 -960.2893619420561
651.9893241517448 -644.6067021337963 742.9633691694096 -517.9934375464377 -91.82175635416661 -987.5079969039126 767.6939846338798 -683.0577448925897 -33.46004316475387 551.6965037407504 -648.9795833360819 -952.6558562856924
990.187254081789 -146.17278146268893 656.7372041481774 -931.778845759196 601.9998722818375 560.4659299717789 -272.57416039013594 -692.4917674234027 150.511875388622 -896.5091750712661 -528.7691316963028 974.6646136634386
337.9658797717409 890.4932595056505 741.4179711280665 -363.36906361435433 723.7615515451994 493.79425750903533 461.3875028687871 -463.61825341159204 -620.9051381564323 268.42742228465954 -775.4529536410485 -481.02176081111975
-172.02206514501995 -190.21044557328844 -955.9127131106615 37.15305644288037 -828.8103730897986 -797.0277751265567 -144.4714373621565 870.8525633318086 -73.57767205704249 -207.95782086988493 -669.3653514885744 587.9452088783025
-469.0984302243646 689.9813223971564 -528.6763581277055 173.37579495431032 802.6025502862606 450.96941588458844 627.7609466373851 -848.0470376398497 -849.361372775877 253.69171662795566 -328.163454651625 -483.6588257862004
241.8110322317259 -567.9737237959432 -687.623218964589 445.53128924543967 -171.95180502949233 599.4179640301415 -684.7296393972529 856.7560804015279 891.3927683362042 -819.0851837405357 344.609537458952 474.35418695379917
938.0796843709691 557.766745488 712.4168030489182 -949.5850729079663 -224.6765745482171 97.12279354040538 15.619970604457535 -29.177839795075897 -484.6964329475554 -868.9363887123493 -675.9769105387459 134.71279402092227
-597.0597352836544 -840.4155905055834 -844.4664277309457 -685.9542320509117 -460.21383037188946 9.318234300264407 -336.10979227085204 -248.73140559752676 -329.66088218456173 20.230018227157984 -948.5865904107056 -723.6799661110103
-750.2239675703399 -82.92644839580475 398.4151158554448 -296.2379043099395 -360.7333907879637 593.6139217389352 917.3032325527829 332.8099764243541 -406.66862094668943 434.98541645722275 -595.8530236366853 -483.8479126488802
-812.3022905356574 -680.6832673213883 856.6386317211907 -988.0081586301579 875.7075889735249 -983.8324110016823 -304.74152673473793 278.70783386758217 150.30818837563424 369.82455329101845 -551.9677738126888 251.80661868028028
103.17960635840382 981.3030848022213 -168.12248823178197 -908.010109835623 37.038802236102356 430.9068388779617 735.0117455659124 138.47068748971537 -341.2095897307006 395.15479147790734 163.87056209545904 -608.8782472467092
-219.82586291046698 -106.7192924961231 666.90846473695 656.3709848503738 -728.0600443747194 -933.9390660855362 415.3181402202067 -371.13723571461037 -204.30925198757177 -988.3932129424513 494.3604485959843 -955.8928265393617
178.40264336809946 -43.47982145566334 -413.41654207289275 -34.80994343664179 -456.92365014626967 626.7681145868798 -764.6296495813158 -150.24735362187027 -593.9406272881631 -956.5707168479985 -335.72554831563093 -852.1557234503057
-191.65070681223506 95.43432750595389 -849.104935163066 -341.86279076132337 323.6184601766015 376.0598522490359 -424.3632839773272 -817.5855424349822 -653.676777233977 -605.9411172844702 -930.9456417328456 -270.2941916478983
-735.6075179913066 -807.417013678368 -922.7582239729404 -543.4551019957669 -977.4560885488768 724.893056768607 714.6928703891347 578.7924508404742 -292.65942900051084 724.0605986601947 677.3051824323547 352.5006164301676
805.5068920959236 -420.3563841738023 -299.8251228125679 810.4204082326064 582.9035031501105 37.67144429024529 -373.01841383334454 -761.3280317524551 420.5590918846133 866.1276998639335 -501.4538591702047 -315.59434134937806
-108.00578291976626 -771.0741989867456 552.4892191057747 -732.3990880058504 -50.8210839317544 -60.09949337922603 -298.8990807639216 -938.7250784312369 392.68981238646575 621.0876618277764 302.83534348489115 820.5949982369514
285.900057349618 312.82076942723984 870.2167683722607 544.3657449435532 -835.0609944520302 247.12609168083236 42.43940000575026 -590.6772155306016 -4.159544669864317 323.70173362903756 -702.08561658855 -153.61871213679672
543.5666817941549 -703.3300891772355 -276.1879396291407 -77.0712738195549 -1.2909043574522912 -900.2998208498536 670.1066513977448 -480.89895769723626 273.2331984799116 -39.428200200015226 -348.93242233794797 814.1191071993069
-682.285562068411 -3.8806588962710293 471.2414801286491 -994.5369009728673 829.2782141845871 -543.4797834814393 505.8933168782785 -223.39619082607908 238.2937826736511 683.4164068171922 -11.80560744760544 309.034560320787
620.9877472529679 70.32418848408952 561.6545803057577 -697.7230457769674 712.9000674601414 263.7781653093741 735.6619037229068 715.7656618624455 -474.17341088758656 -586.3948257788788 -919.3380948207215 589.8489784127678
475.9838188182225 64.09503801263895 232.32012800014786 -52.94327653745995 386.3870213184048 -25.690026814600515 919.5563236422468 864.9286105269828 -854.8557902814971 619.271984012988 -846.2187218956998 -122.04983848665779
-79.36966244009682 -810.5300361256598 117.47260161394343 916.8965549427799 -87.32800690064255 -357.55109802891184 -141.02164452044246 90.83861814635998 233.43083216670925 -929.7356648955613 -302.6163367209409 -226.8550366680695
683.7262321091198 363.94788364023225 -557.6804121160033 281.10575645893005 -958.656290903635 244.88621746089188 381.8851657822802 78.69213743322484 974.3018808770671 191.39185681191566 809.4786067481782 -209.48665152731235
265.0666356261777 753.3125287621986 -471.76651749987127 158.46498150352636 -447.42464644726374 449.30884972309195 -998.6189639974243 -227.42436658872498 -951.3304773424525 364.974886747518 -602.7166512939608 -563.8316746027236
196.71189675802543 -143.31296639629704 70.53124039278441 445.3703467778073 32.54895772788609 -238.5332341431083 -407.47183950331305 716.2875721460887 -220.79109360430562 -181.55876153432234 -881.3031429195395 -501.6812005459579
-347.4954659436562 810.6799345644863 -817.9789356701255 -620.4467581366914 -177.76130669860947 750.240293263957 26.922314453345507 113.46334325380235 -920.3319393539545 780.1562224822246 -153.0999402439959 594.7993279078785
-418.85199079560005 307.33042597030794 562.6079756244219 -381.58595299376725 894.9319356497945 -897.8491413654501 87.39227388240329 679.5617318340874 -875.3143911733465 -244.3094499488352 229.5456425665252 -978.1299636743558
197.3990461747676 866.0252489611239 276.33705885140444 -741.7018209855989 -36.73918166963813 -555.545459541587 -37.09256210815397 670.0347652439732 955.4624368043349 214.43742902305007 -735.9968031337305 -670.3992809556498
713.298768114633 -560.3575684148576 -756.5051986277572 473.46262813031467 -408.075807584019 -831.4559756844324 -62.46583519327544 401.09763607072205 -86.46999720803228 291.39440817164336 -373.2208696096744 848.721140327157
-840.3223394539739 308.05683391841217 234.33287072053486 508.70896932967094 200.51769626620603 -404.744801949646 -565.4702936115762 703.6198622041452 829.3895256002415 -504.58215157314856 -654.048891816484 -39.09626434844711
531.3658000151377 491.46521500194376 -584.651716852334 438.4737101047399 187.6162920993968 -87.2905842825071 -225.342919936768 960.0129282048408 268.53343282144533 -801.6343557628396 969.5355112560526 -366.83188620866656
795.3908891767308 -513.3499529694352 -830.0477850524264 -290.37848370742233 -79.28359498329041 -395.4406071288745 -363.9991978614761 99.61561749676207 795.2722776320313 -709.4495685023545 615.2347936421156 790.2204910821756
192.61452593041417 -439.5205679846607 290.7767989204565 726.1317975400548 -745.9348501326158 -114.21751964893724 -779.4054173334988 767.1329395429184 -997.1097763203201 478.75437299675264 647.542375538228 366.7620824610076
-911.9766954936968 25.88881941924774 669.693227967641 42.47725049221776 77.43340142102875 -97.94995185141215 -530.7591321064219 -107.45892312842773 356.82203369340505 -665.2886856963951 618.595966075331 144.96500363410087
-570.7813600661325 443.32973554533305 377.61629939358727 -512.3704821397787 -893.1232289060983 46.21371237532367 -603.3501298443184 182.17144047935176 -536.6200765673145 -764.7927555584499 -689.6869451872672 -837.5135002405143
29.35664889130021 -311.02537127347455 -612.384920629309 24.355079172888736 437.06017095726406 361.38759365021247 676.5453334264687 -816.8363018758757 552.2200617822398 -531.5551824080108 709.2322702076722 900.7127450205749
-800.2244026379251 -845.6899195156824 -696.3258922672123 -563.4563250860024 -858.0229998438715 433.8876725412272 -125.47864697349792 -646.3745743491094 -666.5320984270422 -26.544671998835383 722.6922398009319 319.43567838137255
588.2776921723878 -611.233750295723 -398.82948297471944 390.65182172782465 -908.0423316430802 -479.52346971468 268.91470381415184 600.5886530144337 -39.59744712705526 519.2052697722149 -802.478456254958 656.9951352833316
-783.3850933651825 -749.3537328992514 -795.8697696952665 -138.57660746191766 -299.4761041633483 -592.5578516275314 -512.3311656093454 -269.62199911206517 91.18301106392755 246.52818752098597 -736.5925420554354 -915.9582243065121
698.8476185476654 -434.2287602785633 8.326439374950496 -325.07813898259803 747.1273587228377 318.56418212271774 -671.9977178862403 508.15413686430315 -666.4803114898552 9.927594623821278 -594.672868291563 968.5146729817443
-757.7095701610797 -711.8899002002822 296.21967403503413 -519.8682709603797 42.32874246963752 650.218832028924 557.7289141756487 -848.7305930999412 -610.5615060847791 -959.859052114177 -34.56138826029928 -581.1916192459355
87.2754826575208 -804.0135162853738 -386.3860647829798 724.5047003641034 507.8757274085722 618.4508380925554 554.5218375512159 211.93717223155159 976.9294348491887 619.8855181533429 729.5637193464136 -329.81491430826895
-249.8514673120667 926.8207316238411 -807.1019829206907 225.90488454141268 -16.37078122444734 -542.4256494002232 -798.4396097718471 -380.5144552740203 -389.4960563112528 -613.8147891761246 -611.1893222175371 350.2038639187929
433.7013624869237 818.2645770983293 904.561217051079 -704.6705194209378 928.907626045725 969.7583158162652 -636.6200688774741 831.8497426244087 627.6764203936625 773.3928977542937 -748.7645333632869 197.3966687661807
-50.13592420543421 -776.7923449363277 -230.78021547220249 459.98817138544223 -147.36389786395603 -991.9109519686289 -427.0214277213804 -409.5369165741931 585.2384091327574 -692.2720565828736 759.0398514298206 686.5785635784362
852.044161912298 566.129845749688 -585.1420541173591 -615.687262566848 -270.2427488240103 892.1133083179425 359.25897078456364 937.7212559228922 256.1668990212968 880.2610378605436 70.58342110392005 -584.2548164658241
-266.34506808150627 102.92994605311969 -400.3047688625112 489.53150895107547 33.7412366011406 875.014809494699 752.8466391384379 562.782942243153 -760.1173724137565 304.74637774821485 -193.17965713343813 315.3664425212137
-415.4894799180413 -314.058995765413 -83.98504023515738 335.890151693922 -257.98789396030713 -352.14422265271867 -898.1560654503511 -81.1145055809775 -489.6520359435725 -431.0492124934957 911.2480524184275 -524.6673838066538
-369.5719034643183 -714.4005815817671 -625.948878098328 -166.2907270670704 255.0153799299071 -48.90115533861558 -285.75852867541164 -524.172482963497 54.80473997218587 -956.404280976098 -327.7940735351949 -627.602344018883
-582.9046056523459 486.05423907834006 -54.09564983249561 -616.4390044023353 805.5957857264859 683.0460367593255 -665.0230291122898 730.3101351476989 283.480452276478 229.87094342278806 758.3616846501402 896.1291384315798
-989.9975080120666 -376.51434020350166 -237.3323044446414 870.122766509106 -891.4785581228562 -525.9769714727731 -512.8987545319596 -418.9630023320972 -812.7855118214167 -722.93654748166 -457.0054742796044 266.2454915780693
-428.9934804177004 156.00222826487152 -140.52249566668593 -214.08379593280415 909.4067283208151 432.4161748898134 626.4219155195551 55.08813327051598 -338.0176878223864 975.035498334428 -519.6855571215564 820.2208783737303
697.1766916512195 686.4545552809109 -54.1957129708868 271.9885634841705 466.2026888773039 -265.77429255714753 609.3109785366694 -648.320376578745 -768.8797124730795 -340.5726576902672 -795.7184190685884 -679.7357834910733
-811.5121662197578 10.387157184072521 -92.98928313214526 969.866243141928 -546.4308982817691 -934.2461536204559 -972.7148537419201 -24.390383160117494 959.0471914107118 197.38903450661724 1.9839822743190325 550.6729959834679
-980.5032788295989 103.61040965204643 -364.6400083262504 474.9950397918333 -797.4330838696011 496.08288303026256 -564.2878229401493 181.5684719548933 456.280918447613 -391.0606442398828 -858.936312191614 -462.558942830634
-233.3698656394139 -192.32687777709873 339.39400392226435 668.7041826354728 655.2121163467853 -626.3544131126966 566.817684946599 670.8578959547203 111.56925389480193 -947.4578588008726 907.0520246332098 -939.8377524506154
572.4945077261671 904.0888570665945 897.1601490464398 605.017706696488 -772.4502883850341 937.6446631299359 531.429198991872 -491.1908352602854 -872.4851715273692 -734.9720438886691 50.88931155015575 796.5796305440817
-53.236022582685564 -173.54093150761844 526.9659321683914 -987.032433428777 -634.1660405675148 685.2234761651537 -773.2420689887869 -767.3684416510569 -300.485029194924 520.6381879161934 486.6182700164595 -480.58945465982777
212.9745625105138 -2.911045202989044 559.2350264350116 -247.3830665263555 -964.2843471067906 -40.263617997272604 -627.8719161366564 975.2893935317361 -64.08663359342893 752.281495784961 -406.94621566896046 742.6641274425006
47.45777188388547 251.4814836374053 417.1955895859803 -221.46159274332695 202.3227340379051 434.25522454818633 -396.9503058734505 164.05893526469936 -378.70794404761466 260.25558570818635 604.6034986145476 -11.345503051040737
-745.6038513300251 424.05103111473295 133.09443437215373 -941.7725845521472 436.12764278257396 978.973507465282 326.6753630925484 422.4801300571596 -469.0627063745518 388.72600521091044 127.5710154442013 -406.580427398874
-54.50022176777952 128.64600938434728 533.7977813997734 -926.5014894908132 -151.1642102479194 81.18925644551632 -809.5531031597038 -152.13311271296902 -913.9982026076727 -817.0248200242547 -453.49823096800753 528.2563062158763
-913.863932031338 -985.0756137040639 -446.84130823984344 -800.522114989156 -130.58238521523083 -977.0983537132756 880.3313888355258 793.2473834135012 541.7499326678287 996.5385487730521 -716.2180876520958 -649.6175186801587
134.48180922589745 -68.63849030620031 -320.93021443035184 -533.0036726266646 -941.3404815496705 -963.6720447708211 -873.0709322093304 394.7131761921569 816.9360038933319 100.2823680986653 -862.2884222508851 694.1053521015374
-604.4075582782089 962.2653544451825 93.77711967141386 -207.8578125281507 948.1406293200314 -972.6180793403929 247.20936449851138 144.09721574919217 466.18826409020403 522.9660550909934 643.1037595798048 -642.0570581693592
465.02613204701424 -214.20127511461203 -648.8492935649934 239.71163747088713 678.1894678840874 168.88618181002357 935.2998637664748 979.1506214757551 983.1910822773518 -384.9922631753519 -637.3702350851925 -43.853015544156506
-877.3478697792809 471.82019248007737 301.7434921092863 -637.1635410518757 90.4418430246551 -152.8694863175857 -905.8557225315651 -688.2633357816098 422.7704170946315 445.3459931205191 -987.0277822040961 676.7963637937191
573.0121530145291 -662.6721849344431 21.36081066944587 452.52017564859875 -814.737647452065 562.4860803309211 294.8130436567135 680.564230265258 -556.2750185684424 -146.1863898748892 66.1790269948417 -279.05435919912907
926.3900407409867 477.5806197285474 195.7105174558103 937.2023648632305 -363.90460316169265 -674.6993924127291 219.80043240980217 65.70308942051724 934.9406226077774 -772.8086756694348 -755.2282080951989 256.9217226705837
-388.8855341110109 -750.917649466968 842.691730400149 -634.958114734518 -3.665084189595291 -270.8941542324583 469.4417586756713 -96.4449497804651 881.3005090898675 987.8735020439938 -993.7596082048881 -988.7438382116544
224.23757736056723 -416.3461965341535 171.70860329803645 -410.7856114249546 854.2534746539379 158.6709212332555 -721.7514301241936 667.8743682396798 962.1493837815624 -990.3819214370633 832.2599620768897 -240.8585226756121
834.2808648935957 150.81596116912488 902.5534777663372 -266.5719303899317 631.5820264366037 -154.70529047343848 521.3206091828717 270.6975600027595 158.86323786808998 -915.7348777770579 544.3878854236762 805.8901979066757
985.453140476282 502.4682436817884 938.9987889139791 174.20022827097637 138.91343798728758 536.4822633283693 -845.4549328211863 -446.4434444328276 -701.6253877680963 -373.8353578628373 -735.3008504201268 -2.9593437018613713
800.6707456781851 -185.53469595161755 -140.9336576193583 -904.3308290060435 -594.3862931804047 415.6450673072268 -4.78708639660158 -99.11012553852402 901.3701927935938 -689.302672717047 588.9247729866875 -840.6328872310231
-77.17362173519575 -211.3105117984992 350.1761920178535 -42.54169621930373 42.19639015658481 -532.3717709128329 547.6929363311976 875.1986531375167 88.16942008405636 -244.70940824517368 -393.9709359032264 898.6584873049144
-876.3202529098526 510.61227470593076 575.0377218444005 -643.4414637243668 666.2931422759418 647.8156806150921 -944.4499927558272 277.2332279397772 334.43699882324404 -727.8776917213643 236.29776608373277 -230.7226901088559
241.78901071772475 -901.0327201183004 915.7392122512506 -907.2998238036461 639.9639558819745 928.3355429381927 385.51785643276094 259.1179414141177 -48.56058362101453 -932.2081126543667 644.5465870847379 750.6825401725155
945.2649978936956 800.2946851522092 861.1197544548313 970.4793319536814 -416.7699403691727 -257.6922078146915 485.0444592540123 -420.9313764191329 -274.1091473134294 32.27492579158206 311.4808642843218 -689.9145104065688
-832.5797697755959 -130.07594382239392 -310.9850984218423 326.06193246936664 211.37001692834156 666.1743616152144 -738.3585519763604 -422.82805653985747 -814.0800837709987 479.662660641887 -864.5212300031455 -718.1589037831386
968.0532001220713 413.6945179484112 204.61975641593267 -267.0619136903207 -672.1951559504794 654.1448739122231 355.6213003080252 130.01305215915295 -555.0760001783162 709.7487720753752 38.95630269593903 -924.3725538706418
-892.9359466090758 -613.7046715893207 -239.24458824682972 837.9148091202128 265.39776546796907 -629.1954079703137 -331.94261114152005 533.2948230204534 645.2563409031525 898.2769195788226 210.83202016038013 -996.580173083091
17.485589677991697 -935.8496590228589 -416.6871295562951 673.6991408092872 590.4096525234647 -675.7592656285099 -318.0770589839028 -83.62915217286184 -633.0758852213901 -354.3582805645773 -281.00798903985185 -138.36979273336783
-316.24288477743653 -825.6526029515398 57.764835485176036 401.3820215019914 264.165523903348 -474.5314068667159 -432.44328567970115 535.998920559548 -467.287861763515 696.586616320563 -856.2198565586012 -983.4495550616291
-579.7935068411415 -771.3096290545043 557.867512709656 236.64583965021598 -840.4439493880369 316.8199900426016 -773.1560483652531 762.7676593891536 887.0823404148696 971.748109188982 817.6060236033848 503.7546474916926
-129.47924093925974 -510.2882787801957 49.597638047836426 -193.63211564586243 990.9526325608736 814.8175527823737 -894.5099584113984 333.76594733784464 460.3966321369742 920.4473939737798 -24.731524960334355 -39.35096674801139
332.0546141263926 274.0754112187951 352.19304695031406 116.92175715705844 321.9448120119314 -345.4991066178766 122.52610771890227 -472.194231799475 -908.3385649042713 -240.9560981441963 -776.6837838604017 -508.37783278478923
58.02040933023886 -967.4694258378771 953.8522307927894 -752.4518023760181 -548.4726011142257 -949.1403762251056 149.95448554335576 -200.13792755166412 487.5624946397363 981.4781141635594 -322.73290698608446 60.252281328220306
149.0415946389669 871.8799291571529 -593.8092994994506 -628.4597414706583 170.93627059350638 715.1313573948507 388.59034683936875 -345.3802253200688 -596.752089998623 819.1408149325653 -678.5045547388295 385.2235703272113
-769.1229128116994 245.5035874975672 -168.52348491125247 189.6823722188683 -413.57722688454896 67.60963989099855 -736.591949685934 -703.4434125544221 -403.9891654241676 -666.3232101900327 960.5314649123602 -899.4638167371771
554.3850523252604 -831.2918189904244 404.4251801620003 -107.39602137035956 -424.0924480394383 253.04147181328426 -728.7867230191202 276.42693669571304 478.01308707177805 -423.7273386616132 367.1093727150412 -875.7601633126291
-347.7140395163972 -650.70154461781 942.0706791942002 -721.924125922409 -116.3706676865362 -45.09327122942898 727.237783750825 -179.42887657019037 -203.16422566025062 521.302924422668 774.8677149440553 707.1728817515643
-159.08504721145027 -291.2347984059227 160.3497814122229 -821.123025767451 24.04863043629416 -507.71809015858315 421.40244121833507 711.5237538769456 -584.8788359395746 156.11686921621072 866.3373367368863 144.16941047025375
-587.7987190631993 -867.3679406733416 -736.417968868155 -786.3570472720685 -309.107168506251 491.5366974257852 -687.7385811782759 349.7792092126483 14.05382366922936 360.1294306643251 963.9811929039854 -829.3138665531139
-188.8174258285011 378.30819386308303 444.662232668584 386.8996536273462 -320.25947261624003 10.473894358729922 -185.01839081730816 -281.61434010121786 -847.4421580733487 950.1692190057065 -977.1306236910866 495.31943044762784
-890.8229333567604 -121.01702502243518 211.26726580264722 -420.8281327918469 -632.3523532820359 693.4004479962869 123.50967212249088 -117.37512999410262 -424.00931109283715 -742.5686892983349 -168.33871623416144 -523.0284439095481
-719.7029259303704 450.8675373522658 -11.579452437825466 109.61991316335752 -233.13664471770585 -869.787236405926 -931.3312442573929 -221.09283009039245 913.4866790243477 224.8080367998425 465.8683720307449 -263.20605734610683
515.4894065296346 -612.4738645320326 -428.452028160419 -531.2637064986163 946.3680964755845 376.1496032109726 577.7076052543464 552.6136071696542 767.1481018635857 806.7724413086239 -281.19397630763785 -620.3918997743822
-845.4021360471725 -379.79976975392174 -665.8918326892615 -311.28940632898866 745.4633694789532 -426.03567009242704 566.3819808057735 -761.5976515812799 -805.8878957179807 365.6237365841755 -160.5522491649076 227.98032983103644
287.959108244806 -364.12897148775517 96.17299315259561 -270.9902496484615 -384.91229397939367 -619.8643813385099 564.0137372292315 -514.6773618872389 297.4006847605931 -990.7604358479952 429.1725831776819 -407.4619708703186
886.2815851662097 -46.46967297392314 -504.2828554342569 -700.3721781002116 -986.8171972254445 -583.7967368196262 961.9849800933885 943.597005933183 -839.2698986451992 -466.24502650627255 477.3807012145742 -361.482321482806
-355.52428503133785 -634.8712877741754 279.48390699181095 -649.3004931105866 41.46323763317628 972.5871826309499 620.1999463097286 -847.4677362862556 877.0497196392632 962.383488809269 294.3716626791445 -215.10019827253495
225.34149345777996 106.81224271497126 -490.2608040584711 18.947045769550414 -109.07587117061723 -225.2577584892805 -676.3379612346112 -388.4072817793989 820.3678276853918 -579.2665224666054 -738.1868289573479 -502.2900143346123
271.08230608020585 -327.5880652831637 -192.89796358744331 523.9069170471794 700.8732770685697 -579.9332130046246 570.1153155819316 -339.66846739667926 861.1848894726982 -924.603190771909 427.0500263327456 -823.6675322787166
504.5185419427328 727.4371598880723 -735.1764035524427 926.4328939521017 890.127426769488 -123.33606132450132 285.4875314020976 -525.3880529246906 -754.9387912450583 -991.6466396496076 -234.69760047897205 -797.808601330302
244.6065455257824 -490.5373183622246 -907.8428314648852 -680.4923413118972 -352.50212068084124 843.1960192790336 251.76107572905107 -957.998685435246 -721.5389849257718 267.7133502793131 25.5448711090703 326.7654381853349
-606.9368270868301 382.4577460967557 -234.18997442839998 531.4624872989277 818.0482088564406 -890.2710064926908 -177.41236510086696 306.8828128461337 778.1944259458724 -432.305982078572 477.9363672745626 -33.025447428112216
-505.0212933415668 -629.5767134065364 357.97808158141584 -713.7246859269815 -12.96531785100251 667.0550108581851 -583.8185803102112 962.5948647862404 -29.73004821097345 549.62076947377 302.1692248969175 11.852680709354217
-76.10689679453037 -641.6980376639206 -966.2207672778467 -254.75253516015982 878.924217339373 350.81151815080216 -813.6146165477231 -973.9924745698268 214.72161500096718 149.32175934255065 -958.9136135264611 176.50534207214764
12 1
585.0137885170586 -760.1742923900565 -626.9881034621301 -904.0462727582114 -523.1031399799829 626.2227940078699 -871.278249294502 244.72671170837202 -435.90016684992804 60.95506154690611 287.31063044646453 -743.1940508011044
