89 19
-3246.2340609218218 6386.713425294998 5291.858744343308 -9307.566910292659 -4327.778109305209 -6156.862932147395 9638.262775109313 -8918.181141872243 -2750.8465371625925 8407.038067139707 9496.11181790003 418.14066321138307 2863.9699859388456 5549.487470558521 8243.883349376425 2350.9821048846334 7464.444960350458 8041.034565862457 5984.26084430272
1937.8599618340504 4693.3796715185945 -7408.990473608237 7769.179587804698 -2688.4163331330437 8216.055478444265 9191.028288818856 3009.64789540978 -6139.598325279605 -3970.948204724301 -2347.6365442027154 -5329.251375537958 9691.785730402265 -8508.089393975291 9497.130195132908 -335.9715808342917 2599.0068346047265 1765.4373419687145 -8394.960150186833
7280.9623938499135 -8279.92274152082 -7684.094641564203 6002.471702266661 -5188.731290868524 -5560.44019656061 -6867.00099331093 5499.034727394568 -462.4982494657379 -6402.599981609939 4280.469786620535 5658.111737841251 -4902.775155494057 7829.353108239775 -282.70579351965716 4460.616937096098 -2110.6683293100277 1500.9898817698922 7476.138816529852
607.6830560414055 -4240.288591356156 8274.921869167141 4850.448696076566 1862.075437627036 4715.136560654895 1428.5754267956472 -6232.067817918809 7159.982034613771 8374.066419512055 -695.7986231105879 3024.3317686090268 -5463.171874257824 -2159.5718274513256 1247.0747648207634 4562.175764282705 -350.4776016771011 -2202.5661347416417 4303.015749021004
-7974.283531069826 5286.4678732118755 -7189.617320760626 -6723.658647253245 7026.793557547237 213.9298159809332 -6201.424469613548 -1465.672369757116 3906.9073518665373 -5980.516211871574 5855.879550150552 -9072.156682234725 6203.697237347635 -1182.5602202417867 6174.143204196165 7628.336177835063 1932.5017092467406 3349.5026570108093 9090.156114007073
7363.199613731027 -4219.370709708288 4076.704168343098 -3864.155743416418 536.4905437067446 5157.457756264479 5084.993145881643 900.0159256706756 -9849.54025569489 6333.720258537405 -1319.6767917151337 140.96806126030242 -8848.5058414156 -9186.12638039686 -7291.327044048692 -8599.071988127991 -468.3332321165217 -2583.031318009006 6985.096712390965
-6161.60001489938 -3257.164310350924 560.579786992881 4749.020889767524 -9552.197823385633 2.2780151642546116 -9023.107004965932 7342.251738971154 5044.186710936097 8104.55561941463 -8906.329721111842 -422.318919832569 1096.7424571553838 -3716.1707134172266 1082.5252749576302 -1245.0838817653457 -2402.3258605771234 -6460.59681013284 953.5678335468529
-1459.0445052699524 8821.385977010123 -9723.918038827549 -6028.942586291546 3663.467790968598 -4667.365637035985 -8840.18631139644 -3921.2491975066196 -4678.449192975314 -8268.158348738114 6840.828564471511 640.1916610265071 2526.517826114805 -6053.286023180937 67.6254674982647 6385.8279467217835 -1966.3129320395892 -8313.023026750741 9857.717963540945
-3084.895414005866 7385.219880192544 2498.033933794948 521.4104278836767 4124.0160331379175 2.578186808843384 8804.002917419202 -7852.720195554108 2596.1171095970294 -6133.271955997117 8292.514258927946 5160.110234030157 -5186.072589842994 -5347.56808137096 1969.4460718395821 -7305.840348240517 -5619.939555405096 6259.621063334171 4976.311351937182
-5685.157665875045 7268.236817094548 -9461.891850151183 4051.1233137202307 -7469.243493709961 -2194.5787950955673 5452.973697983465 -8152.631855069532 -9650.464776267661 -1906.2100434277427 -3903.3168888563296 -2489.0647642508393 9630.21276858703 3338.0738914739777 3537.2477986023077 3372.008599437908 -390.92941179430454 -7741.465869227775 -5644.153615144513
-1296.6032442920314 -5529.074605800026 -1747.6731397402982 4643.01180951023 -9276.634259209639 5161.837896075245 1413.291690703556 -7423.764558523451 7967.565790763936 4781.832831365522 4664.685781262751 5027.624235392188 8900.107058956724 -4606.099082189179 -3495.028827085087 4781.047669081556 -3246.1395615138326 -9952.009180072437 5078.557911147123
-5879.303721796536 1367.060200860058 -1040.598398733182 -2726.0057402399316 9863.791607792125 -7529.6378055574805 4572.58973949794 -7793.790282131489 1984.0061948896782 -8946.293978190934 4743.0076256277935 7979.186018915923 3165.726935008799 -924.0640527895721 -7645.879262686189 2319.927155279176 -4057.0367315884323 -2781.1924969286483 4405.163486125148
-4433.810477345794 7618.875084159114 -548.0748190350187 7721.540898329116 2408.940020281405 -5345.871122566806 -3769.860398153908 -1603.3626799439353 2870.325536519591 133.09077645208345 6905.460192384751 -3860.3930760524045 468.64245125817797 -1774.6687711135037 -9926.513446389006 -5448.325064927302 -7756.790189214604 -3006.3856883782637 3894.5932512747568
-6477.943221173236 9162.43328142666 3565.1215120502493 -7233.271328718764 -839.4163269328164 2029.1123750399584 9314.96542682399 6174.702521352336 -301.83891903325093 -2778.7256063454042 6818.760553920416 -7621.731549315089 8671.584617508139 -3166.0248024914563 7717.681634093369 -3996.829751378177 -5454.829793237981 1486.1829838205558 -6157.62406257186
-5190.370873446115 8641.0819565885 -1575.7002169984498 -1007.5169854144333 -1515.437076660044 -1868.4359918342434 9502.527755159113 9719.681572082594 -7054.084305584476 -9816.130551509481 9309.542625882059 -5233.352205519613 -2332.4160506811295 -2174.8705538641943 -8745.057111601585 -9402.599635581953 -7885.992908619439 -4114.163960936139 -9061.570961163086
8127.717947306406 -3370.351404817249 9157.543281485647 6918.658407167502 -6700.524713469624 -4977.782311311634 -9576.24776055302 1205.9686211674452 2067.1746454718505 5258.028887257995 -8472.330655603157 4439.856640432556 2821.3077270709055 -2216.1217680775035 1539.717018121717 -1179.7505306367148 -5003.722798620336 8099.0813087741335 -6079.802405735782
9317.501986803916 -8613.954095220486 -6260.256674992795 6875.611780548672 6293.8073505922 -897.1936791379703 223.40552843863588 -6164.998681768819 326.04362417375523 -4738.450724601317 -8072.4450834145655 2468.7808427476884 -5648.957523948159 -4107.606966381581 -4416.6112253306 -8675.35637507731 -2122.7791884537364 1631.0148056605285 9313.911898629136
-8658.57640033332 7981.471040399487 -5408.686400729664 -6835.246058679035 -6443.778995044747 7485.432344316756 4718.6192657686715 -9652.825486950318 8138.972607679909 7805.239501265136 3368.2207667900184 -3658.527737215384 6067.782672189034 3959.453538989839 -2798.497416292469 -2450.3484492300777 8281.65883976085 -6912.457711480729 7377.442950538294
8247.836206025142 -2262.27418185806 -1529.364088019258 8960.375475913268 -5860.740694123261 -8195.656926286745 2427.4396517365913 -1978.9171998137253 -2708.7433279034176 5571.300884501357 9565.602944554743 -8039.905220832373 -9142.352743949981 -8170.270896714415 6723.948555147843 3784.3501736810176 -9235.160627921348 -6110.548530381568 -9658.05609909531
4406.792983184248 3325.1339098167227 -9740.833450646744 -2183.2015739318585 6981.585499286692 5336.705855879369 6405.411955617234 -7195.507124598468 -3271.0170643990687 1490.893822793585 3705.3566113032557 4911.694943013434 -4845.415700023854 8291.750114270908 -8505.440554109256 -8402.28835096124 6417.543480720473 -5827.100381901553 -3436.473975482797
-5214.800553524701 -1918.1308054374213 -9706.770637676062 9112.841468656115 9335.283757594636 -4309.644889506334 -9930.578142786415 -4579.010136963424 -4384.885381511614 -7001.865368793896 -125.62298893137995 -9205.010279582 -2123.0919530655638 7978.756950250401 1216.0383632169596 -1721.2627796319484 9212.273726794436 7907.913565348201 -3808.381278187132
8525.341517239754 -41.199335919704026 3925.759159928599 -1181.5744409818144 -9204.518996883397 -9186.5907815795 4779.573196040381 -3685.5822854856915 -9311.686522801087 -7948.267766775361 4065.7596015586714 -7378.463862954305 8969.45500570229 3885.1164492929674 -7847.476726704801 -3764.4014533987865 -566.5609004193102 -9355.498504856363 8693.67943275762
9508.827440755533 2506.686838928321 4427.321178931505 2455.8588189790225 -8835.280311708982 897.4329156367148 8913.876844395953 7069.775307077034 8356.72888673536 -1396.4917915627648 -1797.9081859159596 9452.50313294026 5069.481287281558 -7473.34618138239 5885.574081955328 -3569.090636745529 881.6628276242172 -3735.08008434126 -1175.3720287518772
7756.138588688038 3259.737070628167 9557.263340633952 -5269.421065205333 664.5898012444122 2653.173974996851 -2906.679706566777 4211.691577463816 -4864.267255859789 -7151.1857153374185 -1876.414964115971 -2489.3288830909332 7054.628540696016 -390.4845420280308 7346.838130394564 -212.35505833344723 7624.922278806713 -230.46424313671378 -2083.9446794302676
4389.669659839359 -6121.145198798304 3652.0869504364364 -6841.136173886529 -6433.136135903581 -596.897938499902 2268.5267512830123 3661.837029118442 -5166.307741594845 4520.4337714746125 1661.6297186922566 1955.617513300087 -2166.7501831954232 2869.2630905681 -2697.5538784688742 -9812.667689629297 -824.2188437002114 5016.992341053359 6991.171421627172
-6990.90422515513 -1794.6319843537512 5970.62567895599 -7427.865770017781 8203.450928964823 6777.311806344034 1365.0282873700944 1995.7171106588212 -4438.542123820525 -4259.539076119745 -7916.519718837913 -5344.903562852705 -103.19173526479608 5284.727934312388 9298.046020238304 -2621.9582416376543 -9790.916356912181 6457.940459997117 2907.196511188109
8612.287198368886 6595.04311824009 6937.694301895626 9444.627697764696 5361.1039564647635 -1134.0846282156708 4000.148828691792 -7877.3064516728455 -2502.544987666215 -8885.57236943477 -8865.200660925851 -3802.099257039873 9214.297963632253 -7504.907735527051 7530.9472694377 3215.773123480174 9505.014516863743 -803.4355136849354 5662.560644071731
62.004127421287194 5307.198495897721 -4606.5237579905015 -6034.514882574007 -8467.932026186952 -8474.729418914349 -4443.181971380532 -6458.938707044817 5151.1282645843075 -4899.428629674938 -5187.737370035388 -2581.6055109347944 -7496.928707165056 -8832.420254236771 1471.0662272021364 2013.748481459863 4085.3669170547673 4030.9376820921534 -7252.31745144626
2986.0729908218545 -1733.1143126579846 2744.635237806264 -6013.349296441633 -3396.538166746759 9626.748112484252 -1446.6425145940248 6882.757672584536 -4045.8482032303045 6170.008746798974 -516.9822110302812 -9635.774562760853 -1128.4005841210364 1378.4005068867973 9131.971237039954 1728.3883472185607 -7771.033941058147 -6198.171167593169 -6016.842063910113
9646.609249804264 -1127.5863634800262 -8946.812510608823 4358.375448815224 -6272.180776311598 -8398.567188810046 1673.3777326596337 406.11686818585076 -7477.359691688818 -5442.102843741747 3260.1028318258486 2377.2819448442315 -2314.221023012011 -6591.458269426021 7128.269072323459 -8449.75653965515 -1960.317951266219 -1133.3579542333464 9505.343425337727
-3235.263581632493 4338.272820138909 -5214.180103199195 8350.265629050984 -9384.221522028813 7164.631253925949 9610.548487888365 -8933.948414917813 -1859.0220913088842 -2836.110067236473 2576.1999427546616 5879.180856040644 5792.092251103533 4513.551037092664 5507.7898292112495 5267.0040537018795 -17.86688695576595 5688.79229772862 -220.81557341524058
-833.6526094255933 -3531.1484275838147 -7792.767373099903 2732.0199600559536 -9279.063496119274 -3968.1051806742926 2137.421580762086 7340.256067204587 3004.632015704179 -8368.46975741776 -9222.650521096974 -6897.412317066222 1277.4980554671838 -6559.744674235335 9286.972887490789 -4345.174575927511 -8753.036967915972 -7259.579060001198 9030.201190802261
388.14875361986196 7719.929136761675 7985.657162979303 2017.9773731999467 2109.0201946280413 3083.714476779338 -503.5311949034476 151.966682498125 8715.450158104883 -8547.95747735138 -4350.396104783178 -9422.909489218204 7518.506024191785 -6523.500396057274 -1995.5373979995047 3928.8013929919052 -3825.6075175212054 687.870049234989 -4357.680507509421
-9761.643652499159 -6850.322137519885 -6124.772214675351 -5611.310120597394 1877.320009546078 -1180.7714387047617 8906.561732400321 -1107.7127652344334 -541.017710432805 -2776.2971707799425 1074.731037934498 -1816.6143561641902 8645.671072367553 -5391.909404758997 -2331.4306946880724 -2436.7489625667904 -1143.7292169922348 -9481.088748612181 9786.461593664822
3205.8821728483636 -894.9783810420486 -3929.4466221275834 1074.1940149788643 -6976.720225503927 6165.807855937634 447.43382088323233 -1725.8701554854142 -5869.329660341158 5538.639172996405 9109.180493477168 3588.70430432769 749.3383202682598 -4172.712306059197 1878.9494847095848 -4051.616567965035 -5253.157085362698 7267.490388917591 1248.5171149515045
-565.3165703367358 -3913.2710697559833 -4066.099745638063 2367.7575158870186 5906.950454513762 7446.507287238372 5161.297842621809 -1184.1064064340499 -5224.28608266088 304.2359628856375 -4387.79726151773 -1131.2694064453663 6001.872675133904 4362.142261177933 -4274.111312293607 8371.597979203576 7985.733144956866 -2036.3243373470132 5707.8501426315215
-7300.760688826247 -2045.5170343436184 4101.507661178182 -7498.36909279705 -5547.6563623713 -1429.9386805846443 3400.202583897917 -8847.621902316005 6802.838988867046 390.13350914223884 -5594.167571269435 -6687.409014267121 1516.1654018891822 -5552.955881810207 4623.849615835954 4933.919423814388 -6589.970796557934 366.2714279600241 7877.574945622942
7673.790420347552 -9719.483361674034 -9669.710399542437 -1768.751511725748 8038.772455888906 1108.9057950284314 3714.7216321667584 7163.977881709801 -6199.08198098162 -59.95486312331741 8106.735789710692 -2969.2195053662545 -6703.542443232996 -7159.167742294901 9087.53386123796 -9413.44799178089 -7066.5884172380975 -2262.6176847775396 3610.84738227484
9132.789214222455 2558.241220469128 -3598.2722760570305 7444.8450461555 9951.442177091347 2308.3912573276066 4752.556522159823 -4606.837961731228 -3506.6665342930883 -8325.07293886468 1027.5480846878163 395.52618380468266 -3337.4969373947088 -4781.117350476103 7838.605040352897 8725.643281948753 1006.6481180292812 7486.944084360108 562.7011587924462
5498.316590241435 -943.8769136316787 -7812.928838330655 4562.756254368416 -9609.33395185457 5841.194457628002 -5040.439304212412 3626.3141349819853 6208.972071144935 -1563.4990448909102 8929.50851481652 7661.200744807582 3352.99706830421 4490.520376079454 -1333.1813333243063 7665.227825122431 1682.8869404474171 -8751.636159244843 3031.5444540410117
-5466.168595492891 -2291.3976841975045 -8192.985793908227 -2658.427044251208 -5643.922890183846 -5021.429481728465 -1390.2091631477288 -7902.9262253852585 -8379.697874050496 9948.797226702547 3300.2410728037776 7133.816913053433 -3722.6317217109363 -4074.6466016945715 1359.9912032598095 7492.166124785981 3689.8133576172713 1626.69131791775 8659.120924975028
1149.518204869004 9928.951448205833 5467.730685286218 -7669.184494103522 -5254.140615474951 -7858.06922462442 5642.750928607233 3452.432584369153 -4944.893027375452 5658.030975275198 -8703.5835589221 -7129.174221893249 -7310.21607142347 5786.848052628537 7488.772389267822 -7622.293412345156 9130.301734956436 -2508.482806114658 3839.7776642148583
-7732.113780590827 9381.460581750893 -6233.060737706992 -5257.236490146906 6239.649661754547 5964.045769026534 6753.208594748026 -6363.232831762096 -2760.8785788692485 2478.0080937448492 459.07319055929656 3632.6128693264527 5586.3336735755 7143.353264915175 -7267.447849304885 8771.519360650414 9670.416045378217 8305.742109792365 1847.2830222706361
-708.1852807453615 1441.8286995067465 2100.381190629223 5477.911149052488 1782.6745591755353 9816.127863751182 1776.1380039575815 -2635.103802794276 9361.64516474048 -499.7856902065578 8091.504131103371 6438.118954187052 -6955.384648554764 -9768.003813556323 -1530.6418813806831 282.07673432687443 -3498.9328973426545 7457.866069221167 -4042.028367355899
-2224.8171653133886 5055.542444728006 -928.7345082699303 -4704.308884611894 -556.556902295606 4787.93897151949 8564.153956584028 3339.4954885697553 -8986.658465037091 8469.527783963335 -1361.5565344990882 6530.324968253983 885.3366183188755 -1580.291190326121 -3457.663634547308 -2879.9025555924973 -759.4681918740152 -3863.813466267725 7934.906477737837
-1051.956224521231 3774.196079212108 3459.3246272454453 -200.00395466684677 3121.9391616378434 8140.807385945791 9435.412238081062 -7765.457924150896 4989.6624417447 8466.736079886425 8296.84508309506 8979.284727430451 -1942.0646645052939 2695.6438050335837 7122.830508215386 -6909.208950018233 6877.886889200319 -2530.3907751032575 2943.3644084839343
-2218.5195878297745 4035.255104310063 7653.542097208196 -822.5252584585887 -2117.2212721142205 -9975.208930962794 -6677.1417297821545 408.57557219032424 4534.477707082329 -7880.729760412834 -4365.376423870548 -6397.243611741345 -1017.8405080307512 -8177.740067199744 -1884.045992891326 7871.577804011402 5463.428704859345 -7916.428265590427 -1691.1553213956722
7056.9680027467875 -2772.748570218453 -2892.875212671337 6137.15523451861 -5104.280832761779 552.7262137783146 -4956.727710114897 2065.7857308049097 6645.733551409907 -6709.341520929471 -8532.837353746281 9229.218004155664 144.14819443899069 164.7975403200344 6006.04823265509 -6711.895049150545 40.031456116079426 9380.322411087585 -6594.7370114162495
8689.39108532152 -2434.1361345863797 5274.151173453009 -7265.52573788617 140.58089714939342 -1225.4746212793852 348.62078176644354 -8880.285747510135 -6574.2621438884835 8028.602944245082 -5793.931925191067 -4177.9180067850175 4191.665757871095 6034.983102228061 1351.3272482472585 7773.857490318256 -7435.612607926097 8909.288611999269 -2917.8350728703454
3911.804235796577 -6081.98721602387 -2579.2267798411995 6965.0637430464085 -4096.126304944696 -8244.703459025766 4340.571653319443 7972.037842275662 -1333.275884770661 -6797.906205376714 -8580.60816219574 7746.684457259795 8385.923334944935 -9048.829339032178 9061.148832078943 -3181.8774335866974 -174.64743057057785 678.140673509979 8703.037936412118
6300.898354648627 -9407.671008939944 -8699.995942217753 2536.481831907655 1893.4843509984712 9982.654524593527 -1386.4228619694877 -3184.6024494285084 -2259.1214116016745 -1923.0730586348236 3981.59861793699 -7554.925604245229 -6897.152392488821 4919.920553105794 3424.753827377648 -9170.210036848135 -8273.545368280058 -1254.0285434919624 -8093.999793394355
-9594.117256841011 1090.7655817904597 9622.62526170794 -3520.4665966943758 3105.1788339628765 -7485.51630533113 1082.4605732975233 -1790.047500212766 6761.170087178958 -1093.6749399211967 7555.290425742129 8181.143379177571 -7177.288122642056 8354.769634587454 5814.40498638272 -930.3117996975452 8244.776309632696 3917.9583176759625 -3852.0984148858206
-2362.05108718859 1209.9034038635837 9899.80008179543 -5892.254361640666 -5617.622464859013 2561.3374059315793 6106.39215160327 -3968.101319273689 -6419.464476062253 213.90937661486714 -4773.640493344556 -3559.0487062357943 -3397.083901062916 6785.312834314154 -8164.530789420237 7975.934778278108 9928.09510847021 6909.592618153161 -6795.211668916665
-2751.3209832430066 -3863.0571278116577 6593.001469963088 -8232.37668461562 -4555.403042476031 6048.577941086374 -7634.800523283169 9254.607535616015 1586.4965642351872 7920.1046794833455 3652.523137366057 746.5191410229763 -7915.460689555666 -1762.775366791766 -1724.2711705031616 2057.222898077216 -4306.863027721249 -3460.9530998587434 -2047.7328079652652
5361.585813664833 -2004.370552177992 113.15667640580978 1161.663769684401 -509.30704488879564 1860.7149881512414 -8070.6615476913685 -228.3569970493445 -8526.8038728538 -3488.2317440386105 2943.831678221224 -3551.0935779069277 -8179.276183590876 7975.032712108128 6756.289823143205 1190.632528645523 7563.53690484344 8264.384492846864 9780.596570353606
-6935.854221025806 55.05629783151198 473.5281159682818 -1826.057693554777 1352.4313792610847 2541.1019557043765 401.7091527571283 -5571.227736023035 6237.499929454296 1781.0749458216014 -9429.329832097917 -494.3428199716218 -9974.977093662801 3186.031845036463 -8727.850277606512 7786.290300988807 -1166.9226033337163 -779.70519252138 -9805.32945254742
9426.798917402808 8697.496554259702 4536.9329852921655 -9967.069705724654 -8104.155515966057 -5601.423964300511 -9896.629083715085 261.32004551285354 -5142.986991587395 7547.171321542446 4160.080457314811 8595.220038175496 -147.0260735316424 2648.307335255413 9824.175002747852 -2741.7564612035812 -9481.03874636145 3996.766581813925 6395.949610088384
-899.2516251014113 -51.42886755339532 -2362.8229602388346 4261.294372630409 -7870.438310303616 -8719.741833005619 6320.544050882516 -9164.579194970755 -272.72717023629957 2634.052652893126 -709.9547398272389 3791.792654804349 -6650.187693503671 -4825.180616441469 6494.212202075447 -6884.450119574292 2811.136362195948 -4449.580407366978 -5315.597906670861
-4701.230370491523 -4543.547755204236 4515.059475331853 4201.770215820105 -4225.511502014916 1289.0590376128403 8082.612235626602 -8115.310140428158 -5293.563014497889 0.009713348965306068 125.35845568830518 -6440.832966628765 -1233.1567427986865 -401.90369502574686 -5803.080977745485 1096.7157628557725 5636.202059573592 -9451.77255560549 -5317.395457969401
8546.292188219235 -8323.94208104897 -225.93146415814408 7654.2084901712515 3176.5814981418334 -42.89129657132435 995.6519034180583 -8480.207058549136 -4013.364102619408 6312.353202039354 -3101.4552281583738 -6290.010454245263 6787.662237068762 9458.021567499167 -4277.666235907571 907.8923635018236 9968.980082572729 -3987.27217818784 -3584.5036523722392
-7286.441308994651 -7726.683602022926 -5700.705204446648 -4061.4023598897875 -9553.82944910643 2306.6422126798097 -6493.71478165091 -4141.132317389418 6114.021906113894 -6734.590841779415 -2949.0497092181968 5634.508219017935 6460.215152422596 8673.84673600415 5522.641080802472 7641.110103649997 -4454.071618144287 -288.03950658118083 7048.327932489941
6515.009294487241 -9730.649330729588 -6071.540741472725 2738.566919201945 -1324.9969576013082 3485.356959032828 -4837.798973968696 8635.524454059661 9305.158166323217 -8947.144907917958 873.1680963548079 -816.8241607889122 -5024.7500134405645 1217.7227467148932 9524.438898695727 -4891.8355664533065 -275.7179801096281 9079.23189170035 -3979.7913477957227
1416.6588460724379 6622.496313956872 -8362.358818777722 8019.854986954797 -2943.9377857565387 8452.687117821664 2854.2302185999415 -4011.1776275637358 -571.5580566615699 -2349.522921714979 6976.650000817102 2472.885634714923 7740.263036544999 -8082.237264030552 5292.095044021322 7664.1035911447725 3777.718925979185 -7343.272404075316 -4802.651545236696
3097.779915525989 -6076.788941260005 -1342.3904100233794 -9306.20056663594 1860.7702843537136 9132.902506917944 -4582.06234514493 6167.830385038431 -3152.898175016061 -3018.026627798762 -8192.767087122242 4211.501061741235 9177.375241567981 -8682.230928087129 4861.566053069402 6418.143070788512 1534.2264049283258 4242.9197449375715 -2593.599812396932
7580.343079838491 -7107.619585220053 -6395.805463479241 -2153.826781124686 -1695.3629927405673 3400.9186792911423 -3820.094162057768 3723.9658203218823 -8111.417796051437 -1816.110952907111 -7881.537173420858 936.7861470830412 1038.8535511430255 8027.483349497168 489.81071962899114 6071.813802114502 -5340.112503293113 2333.7171888759367 -8626.373898063526
5930.507964880815 -852.2972791121665 6783.101697532758 -3032.8403250048887 -7478.665729172471 -9767.301180912507 8402.586291980631 -3218.145647362023 -3925.475113147898 7173.427050988161 -7128.5803435232165 -9267.683733060228 7425.461647435968 -4454.144086872924 -9260.324848078117 -5227.249904514623 -1005.8557730483844 -1411.2109765569603 -5310.051342583617
-8389.35938171859 345.67892933699295 2788.7986394273703 3421.248014765326 2138.5873196467255 -1177.3731390120483 7118.053851999532 6262.866731617671 1044.218319549731 5025.915460547847 7336.113587874952 7576.217824050425 855.1887850553703 -2964.80585582821 7723.692732097734 -3020.8267223905486 6082.044852230736 8444.491781604305 -4437.713632811029
2391.085652543019 -9501.09727076489 -2267.9537238193807 -3912.0644769270666 -1813.7913209321541 7862.938403144242 -3535.965618831947 -182.0630353700035 -1377.0032346642001 -6635.665127673477 7169.721613543785 -1095.1695985686365 -1157.349235188416 -9655.593339727926 2775.1342550590816 6901.594732017351 -480.5871525693383 5175.709821318485 3207.740042715266
-4741.760609553196 -2134.1619054822168 -6197.336683669361 3520.9115614188086 3968.7269641019448 4785.505648059901 280.1099113328273 -9272.171133821894 4186.29853737636 1121.2007189657106 229.94774308093656 2248.560395788596 1028.2941528773426 -5301.671602331723 6561.656307817764 -534.8423215215025 -4438.257047988887 -8751.766705277882 -5225.580600730719
2306.604602475729 9473.108805670814 -281.3014495820462 -1637.4476615865115 9520.338117978663 -2271.0235655881197 8578.63863871375 -4084.0401484573704 -6966.563677174228 754.163102537017 -9372.70935189429 -5390.636241989954 -537.5948953146653 -5256.573878330906 -5213.226796221613 -8927.55178175332 9694.590773293578 -2408.6668833311987 -6262.951321589648
3228.6361929472314 -6471.796082455237 948.1200937317244 -5793.704146836453 8163.020929457274 -3947.141089811188 -3471.220639677319 5932.891662726763 2585.511881219376 5936.394974996218 3191.4021976133117 -9295.979865463401 -9099.424354952604 7313.763240122229 7480.059653529701 3899.9751461829856 -6870.953359494849 8721.345300702316 -7257.909517318247
-5283.752662574173 -9251.210962526786 1280.3109052882137 -4253.561932384833 3278.746572439808 9685.232303941219 7673.935829437949 -9099.500682681643 -5404.257719244943 -7798.800417739058 9496.583128629929 -9376.382347999717 -315.6214495812601 7589.216530594451 -2314.0194676790097 3289.9127235169126 -8232.619725868737 -9019.105668195669 -9744.633370659762
-9055.212378815371 -4579.393440968078 2855.650797839744 4702.614366715208 6918.488998715431 1079.6348487772048 -7898.252102273684 -1129.607289977699 8319.217796120749 6740.1491883653 3242.378843291286 8288.958226416915 8565.204537281268 -2760.134680302118 -7605.845397188303 -5808.032679019661 1058.6518524672028 6797.9376197058955 4433.142038962365
9672.960520785731 -7435.4092607180755 1008.2259668300758 -261.8871079621458 1506.966520936956 6120.214724942696 -4732.944575933089 9039.284150484105 7272.0147537521225 171.0924863034288 -6534.593987644828 9059.47987170947 -3537.312319065022 9071.851863448603 -8255.713029569426 -9488.323063417274 -8699.212698406885 -4137.6104092152 -6820.367656974888
6086.971794001436 -93.75374228637338 -7167.568258890768 9235.713095209881 6273.46233735599 7913.200253104122 -6027.234888668856 5491.3123924209085 -7318.1420764697 561.6159937330558 5666.579207689916 -269.7036567081541 -8600.1344891492 6619.776646329974 -6991.180618600796 -3312.564467104702 8043.055567784344 2919.753103273557 -8694.410232417238
-4562.811976180219 1547.5703642397675 250.44055361860956 810.4448321360924 -9229.641875880943 -7387.449198411442 6377.933523249625 -279.5898602879206 -2640.3663947097302 8859.806255964086 -9755.915384561875 9366.39749574316 -4271.536251788486 -6451.924148184218 3603.285938884348 83.78624466777 -4744.36201961893 9364.280330933143 -473.56424032731775
2959.5131413320814 -169.60539372050516 -9403.527106936126 9942.327930149833 -5090.779365342115 -697.4671842209027 5138.522933916465 8768.602689431536 3988.081492121546 7420.632193612619 7828.814712908381 9701.486455275215 -9289.735094110441 2776.2290136002994 -820.0086198022145 -8738.116872501938 -41.07178312166616 -7157.762116645376 496.483838245018
6739.068253878933 -5011.982389098593 -798.068649854451 -2691.563009469731 -7064.62339998289 -3335.8389868468375 5370.080673901046 3294.0813578326743 9976.090065611053 -563.3154517338044 865.6708108704424 3487.8769867538012 -1505.5112719707868 654.056082077539 -7526.6998820264835 4355.251510956497 9843.295932901838 5218.3645328987295 8163.42912426508
-337.0156868507547 -4124.971986096373 5738.3986832874525 6930.146383843858 -1907.8239225737107 -2613.386674649054 -9981.902073459463 7305.650033217185 -4605.4515851413535 -1391.041201800601 -8853.860830127205 9138.559313616119 4207.464132620098 9653.290669604063 -9087.32508196753 -224.2112554940668 -2199.8670439973057 -7931.908441668947 -8333.636089052132
1450.3179545152743 6532.949883306388 -4460.176470824895 -3715.3002919418814 -1647.4689038251527 1255.696839129636 1164.3976063647642 -5153.130280193445 -7152.726880992393 -6508.920606706383 -6352.287807956079 4138.52148349737 -8221.83680173065 -3601.009794358736 -9962.665757791063 6602.12890359576 -1736.990955860465 -9758.047074804888 -3809.4365532634474
-8824.208617914957 5799.3875664089355 -6469.339938468086 2618.007820682158 7568.06025715256 -5974.4934869461285 -2978.942807688274 2648.4423380901135 3414.062710633183 -4264.518831411799 8468.223652832356 -778.0685879500834 -7343.830063908019 522.0431041905085 -4072.5788242927565 -7647.561006805419 3623.5717408625005 -5469.729904924115 -1467.9302160587122
6792.410823122325 7134.400067406434 -6114.764548683449 6732.022630438063 6686.604026544599 -6179.482402122378 1704.407132460583 -4770.40653415864 4930.4918135696425 7964.769962231967 -4442.754064160814 -484.84953566700824 -7918.873676736711 -8690.66364781949 -7618.44879418466 5830.753411056385 -9662.556260382136 492.8220857079541 6729.602494729315
-8291.8351675277 -2052.2188666899674 -2362.167651831488 -8054.258524849973 9710.888834377285 -2086.2137223577656 -2777.622520119161 3955.4564640203407 -7719.743545748923 6051.084949098775 4938.411862818817 -4738.336849562017 8742.904674858131 8821.832928351567 -9077.818704312705 -919.4437775079859 -8127.872669868902 -5258.87612336845 5378.018034270273
-9986.632551818906 -6470.359448766039 1081.2125133140034 -3811.3864742466276 -8775.50580680489 -7096.997179896902 4192.357114209626 -5469.497771522656 -5897.910961176453 2646.979951346786 -2341.7678660301535 -5568.6174313578385 8366.193045879267 -7729.857625905835 -5469.77811379403 -2366.723526849146 -2103.9052218528977 -125.86891428989293 -6977.646003177793
1579.7613395512308 6363.217027612327 -1406.5610920125037 6350.260720884002 2222.8127356657496 5492.295650587321 -8154.949903814519 -1561.444737892889 8776.205524637971 4431.709579105991 8169.602308832418 3901.0748656438027 6160.271319474163 -1969.7079911516012 -3394.3497912613575 -1140.1776002785045 2078.740635391685 -5224.045624875255 1899.129641045498
7117.547540549585 -6198.3927812168395 -484.6636968862276 -5159.173166725135 9039.842824897052 6835.960399043281 4707.596665774399 274.8296601734746 -302.03284046483896 -1508.6689898025415 8321.090850980305 -8366.689012362785 1821.0587113492966 -4159.63048714131 -4709.881421538859 4472.293308996495 -1079.0667366015387 -3709.9638207626185 231.4344191134769
-843.237074571467 -9218.985697424163 -6365.585903450535 813.2608068390891 3748.4794379387567 -759.8699559883335 5297.8763259255375 -6411.909366325286 6843.5429080492395 -4432.316192106336 -2274.362114546285 -975.323799694339 -6046.11510394292 -1060.3039168488613 2504.5476339642755 1877.164002843736 8640.43487155941 -6994.592899302361 -3363.221603665387
-2285.4096012561613 -9002.453931598637 -101.59922382493278 -1620.7396696000833 3213.7103597224104 -2695.3256536154813 -285.6248465696317 6248.968651455321 -7281.83580768623 -9073.4967331843 1988.4060723695948 -3038.5328774922173 -178.73814558399863 1993.0384814812169 -6987.412428950388 4436.099423633226 -4361.227235972569 3339.608292526007 4256.798300251432
7254.627449719446 -2749.742674037381 -5928.069697506886 -6783.2032900823515 -3024.595646198205 -9774.766087587863 4808.351950393877 -3497.8105207327244 4289.633605675093 9007.806726921735 -6028.2711588089005 -1617.7726778459637 230.07856925139276 -6775.066218156442 4054.3792160504927 -2397.131173188787 -6275.381351434024 -2805.7973135987786 -5721.486811504777
1 19
-6888.766013051264 7093.9219650567575 764.2662642966352 -2635.1596904692133 -5324.257256423175 316.35350771315825 5532.415518262193 2834.2010057767184 -9847.370559965735 8358.437432096154 -2486.1526836703106 3858.7223209770964 -9752.14941006253 -1870.4532002449969 4087.8559962739146 8693.346314151036 -9808.153628216458 -9248.523379584278 -3860.066621604923
