22 27
-7189.723115041237 -3842.734655394449 -7990.514607991115 -8371.596285479372 -4243.737297249273 8257.219533741812 -8296.40260744603 3683.278880516842 7198.4512071252975 5799.026111956731 7178.616006878197 2209.3177831415505 -7003.729754557653 5880.38604376635 -5202.877569090252 9752.973842323743 2597.1266480332597 1646.7587772561528 3017.592478158267 -8552.552341519804 5894.772994796627 -838.3068620436479 -2112.254778065255 -7085.846415651309 741.3120108096737 -5211.8937895564695 5553.7495855637135
-1274.4875699563418 -2772.9011183146595 -2646.288228587686 -2211.555806456302 -8761.97513026855 1355.7838314300352 6542.348973555989 -2013.8551328843541 933.5981748145914 221.36992571991868 -2614.1494734517637 -3673.3958982184877 4590.4672031146965 -4269.692275824426 8460.64152111765 6842.850215214825 1924.2189486383904 -4187.49665181801 5797.546012063061 -1859.5687724761392 -540.980450608582 -6580.405226662422 8952.259912209898 3959.7639437625803 3723.215848642554 -922.7173339266774 884.9761406141879
-9306.554012034667 5897.913984869483 725.0970056736442 -8169.152636768713 9014.308916164617 5719.663879767353 9324.381216036487 -4790.720316362649 1262.254210066154 -372.571780099659 -8750.402072357885 1790.412170164338 -752.0825562151967 1964.2819593332733 754.5874493712417 1716.0020678115343 -699.8126655969008 -4485.803583939005 9221.016739751194 3286.6203805445966 -8777.807111847977 6579.407595921952 -8113.899382139589 -3604.9713166177444 9729.177553366717 -2576.8213431851827 -7511.3159971796085
-1171.6104954451694 2573.438634593678 -1056.0509247437858 -2719.7466922029507 2744.6199327719987 612.385700138524 91.6077830472168 4702.824317064105 -4451.728658007781 -4989.688964330046 -5906.479806961714 -5030.399633543163 750.7500535861091 -1510.6032423048346 2623.556401289601 -1790.3558096008255 4548.518538228052 6965.6741082162625 -5795.860832732868 -6810.141116042032 486.1299809589309 -1303.259879843814 -4042.6131843918965 -6303.858466503951 6898.820661907626 -7047.026333527829 4146.685962235457
-9884.495906972328 7281.41508696333 -9169.029989729263 -6276.672897224762 -1850.2088921630275 -8858.450830726095 -5523.111878046389 133.01070554803118 137.1109788070462 1043.7143968527998 -4721.560448001714 -8622.06385266274 2600.7887626671527 2760.6887817579445 3087.7512933534126 198.22725301345963 -2.4406384260619234 7144.8917002083435 5482.048751346218 -9757.64859670834 -8237.62275401815 6625.519728802188 1707.8855910000384 -9119.680274734981 -9145.620047310806 7255.225759597019 -1417.5347944305886
-8660.640919204752 -5128.578902401419 -7619.683862293494 -2158.314812218294 3013.464877294922 4701.369135860345 -6830.5214581825385 -1049.6711990137755 2644.5482207293408 -3419.49388352981 928.5605395804832 -6078.121629042729 8083.104760119048 33.820899873528106 -2715.749078841296 -3834.851842574303 -3845.394684845289 -7816.178986149323 3458.9331950414235 949.0428899362687 101.63425648263365 6842.200533555384 877.8973883936796 -7910.137047759848 -625.8876348010563 -9550.963411813036 3652.471460742743
3592.475941445855 -8038.881806109306 9287.78426560387 -9351.680735006546 -3845.00820746285 -1228.7281280667376 -9084.552914390584 -66.84469169959266 -1982.837050615267 445.24292832186256 -1759.0693953467216 9345.532248114774 4857.2568287479135 6841.519450949363 -5636.785303255967 6053.066281190526 -4484.062481616195 9254.62531311917 -2378.1597478222902 -4175.215145858566 -5669.9138984006695 -2732.0828849485233 -5231.523341459905 -4439.8116081197595 -2718.6762583774216 250.97945938298108 -2907.171864749418
-755.0292646967828 -8337.298631951593 -7293.555159299152 -9719.03447862902 4335.541036798351 5749.680084015141 -8860.29783364329 6067.747818790231 -216.4505026315328 2920.119796768882 -6960.674595374619 -4342.243160214601 -928.6456517039405 -3218.9010385285146 -8138.759054529496 1156.419429666812 -5173.631865322912 6741.598310249094 7467.000321544554 -7491.015625411313 -2504.0004841711916 -7425.061094431399 726.1071200073002 5102.061639123567 3577.2855910099624 2891.5125702242785 -7471.462384870071
-533.5087741008065 -5010.232937608758 -8410.444541965428 -9557.384548546217 4483.022047230315 1812.1437973116044 6316.418597606531 -7102.335341509649 -8466.578848151577 4054.851061197609 5078.108543495235 -7033.695587477307 -9294.140885534453 643.8377565506507 -978.2347650535503 9645.65358244329 -4644.329572216301 7988.390768721441 2075.6215603866112 7310.831955754038 2933.402806467997 902.3065290951781 4971.942926984915 201.16489786220518 8560.158609243772 1550.2066902622773 17.335422027288587
-7417.074811620137 1799.9260333610182 -5978.58011736853 728.2994141395557 -2014.658589330058 8522.628435740113 -3338.073357000815 -3865.7355982672125 4574.543600924162 -7949.902698557491 6130.387917775719 -8078.263173692728 6942.46406985405 -4911.284896081283 -5595.954618477253 -4954.544861837453 6492.1068522487185 -1892.5787170326294 -7604.904759921993 7632.593695333606 1697.660057953437 92.12206411835177 -3979.711892451037 9059.974177382803 -9692.159422494084 -1405.7770025763257 -5537.992364332089
4648.444834013391 9609.813565944027 5147.05048321962 -9670.434209658044 151.90112809306083 3804.521232884803 -3500.347376505739 -4245.453174877181 9200.409463934953 -1465.441710789206 143.65326452843328 -1340.2245691878343 -7822.887361787416 3694.3130248764064 4959.541130320036 9818.175160201437 2311.4215805977656 -4892.08959204912 6232.742520866428 2647.0576060495387 -1450.7177719858973 6464.226450861406 -7589.70296855604 1355.93991828652 1617.5499463419092 -3080.2596813811942 -3333.8741629728074
-1170.361331997974 7501.415105135366 -6461.314523495228 -3506.3639701531165 -1408.9129983579405 590.6190641659578 -2282.836317960664 7592.067248278119 -6142.938680253144 1203.0798319589576 -5132.406191602053 -3893.381469272592 9832.048754354626 7987.347307929682 6221.191609723637 9635.34123895927 -5571.540532746983 8706.42601108614 -5402.279960092354 -9787.707879795156 -4887.1479847246355 706.4153662257031 -551.4954980609982 54.72479844524787 3176.511168582543 -4143.156924088087 6540.653135756889
8226.676147749797 -9843.144056582956 9902.973439505946 5502.481619749993 5647.179238172541 -6613.89769415049 -7167.073653070862 -2446.491282540226 -3597.9740839302995 -8536.079198855108 7901.658990023563 1865.7633694796768 -1615.2595550202059 6632.767862914658 7478.161399466033 -7305.708990502344 6555.123978323671 -5401.727262757751 5813.058522157033 -4541.870407528177 -6450.751184088063 -2857.060000732763 -9525.116192009666 -9742.608797978844 -2940.923300017126 3306.2341584641326 8477.61083144934
-6427.692273742603 -6664.186574092899 3159.3372448451337 1315.5190262280667 -114.15755611386521 -6929.048782812603 -2871.11562224085 7249.1940098191735 3141.6177795106814 -386.26409130842876 -9692.24111302473 -5575.427971287381 -1880.925537267508 -5719.508361786536 6249.746265068807 -1267.8372337111578 -3357.892668411182 4588.15594392968 -5420.167326977954 -4086.8280352707907 8225.023793766028 4375.530537487524 -5108.723773741426 7061.117931931109 4925.442178165573 3349.5540085455214 6033.189080953782
-4484.764353878166 -3362.839963850699 4152.132158389088 9659.92941258405 -630.0031642141239 4083.0705742602368 -5524.294982428671 7622.491058606709 -8612.51596332633 -4580.86663405798 -8138.223002188527 -4821.825480666275 -4373.170582844912 4285.126681466651 -1038.5977925438765 -7896.297071172711 1226.9034427013212 -7348.212949645887 -5673.3356287857205 -6342.9255586431755 8016.870348019995 -7988.733796083349 7773.3764743125685 5442.097008249213 4834.119645583662 -9366.329007502804 -5234.927990372342
7646.380321122291 3949.0026586363674 -2132.3051051698785 6810.902893326969 -5510.756839969666 -2271.8704633808647 -1546.888921933636 -8099.471314617177 -9555.752143886973 -4074.4881351822996 9563.067706840444 672.5991263454252 1203.3325274720228 -9830.91139474586 -4703.729382952064 -8854.670668204499 -6268.932223784692 -4984.466587618621 3129.67557810335 -7187.437590909247 1475.716095716638 3053.76064242537 -2497.997536841134 -210.22899906891325 -5331.1770966421345 1818.643197670306 756.4531370541081
-5189.968408224974 293.49453142756647 907.2558827429693 9920.805985180308 -7106.93451500857 -455.6946885939942 6297.955097062844 -3924.649842607584 -3987.123785149369 8113.764435347108 218.7925043459254 7531.959699150593 -1857.1522234107833 3181.717517714749 -9219.073053877642 -5500.111642847943 7797.214115109266 -6021.181000329705 -7428.145736711889 3105.945328358048 3151.524114276157 6902.588511437942 -2265.76324015688 897.5300306992958 -5636.429945752328 4668.639961031442 8320.747381789428
-4568.529489174999 6543.933501749321 6499.462814336286 -4792.927194645702 -8444.703711217879 -1749.6136737108682 4305.100320167674 5240.692517220961 -516.3037719053118 -5793.911490481838 -7193.211601215282 1247.1241663517012 2400.7865480997225 7788.132514664416 6065.561189039461 -1604.296167533672 4496.943927804225 5862.441267229124 8976.425538367275 4142.950797083384 -1249.7862298126656 4005.100560875713 -2556.1135970879504 6301.83885283917 -3331.530103393561 -7616.280417703807 -7590.859795613643
2225.82291694551 4375.132814653331 7930.808753911777 1515.8858870002186 5743.34634967457 4300.010327476093 8016.035575747825 5822.932641314948 -5762.62185252971 -9501.948033156272 6435.529609643243 -4137.611093011397 -4890.738025686792 1990.7741611903093 764.945252500529 -9036.039697479922 -8069.194209863364 7446.358168935287 3967.162533313338 -3571.513323967597 -7303.404141055432 -562.7593221247098 -5972.153541507437 -3352.9634257261805 956.7177545443446 2993.0310004534513 -7319.696167230633
6946.89814344532 4936.899248489817 730.4134765979616 5422.494903413641 -5547.619010358182 -9942.96045188429 -5373.907523227508 1377.4051510195968 8018.349781148987 -8730.12771586944 6341.34292730806 9839.294571071063 -1850.344072282468 -233.79226702195047 -7246.330173965478 -5329.426130434929 5515.673273438417 606.0529733539897 1877.4860371999985 -7247.103196765302 9793.08289162313 6859.304420414661 3625.758071290322 6515.416934750359 8034.262474902342 -5597.861918816283 -2794.423062863354
-7740.139392604579 -1871.161137105204 4270.946205232367 -9098.038441902594 -721.416954762959 -237.4999575810507 8499.750838981978 5524.317749508025 -1246.9254322025408 5811.270840453042 34.33789831426475 -8492.96103309119 2799.764125268577 -3781.831390062347 879.3461125312169 2503.116247842476 -128.16939669248313 -7113.245967393859 2082.7899465463925 -8222.529345964318 8084.289520067912 -9592.317550726515 -2326.6350546679405 -6108.385565654355 9377.367731124556 2441.6626460078915 -7251.1621616719585
5285.140974817159 4573.6875248321885 6688.7946614634275 -2745.544585434498 -2500.2848867948414 9827.58909860186 -3302.4232886043437 -6125.933145186293 3423.042129708878 -1865.9229239805209 -9181.03851803513 -2536.5893730896814 -6689.680572047186 5279.29760117578 424.86872735579163 -5977.557776087962 7550.905726717636 6194.653643717149 8220.057417074036 -9678.57399757879 7625.576835410513 4986.604236587975 -507.71557042152926 -7768.20211005435 984.7641802014186 -9170.852420334306 7168.516911115585
1 27
2516.562402518406 -6036.723361125191 5768.705095066387 1192.0651574790645 439.31661828095093 4066.072669466903 -14.631668096501016 9505.611579212968 8338.440605980682 2379.8562914447975 -844.1677715067563 228.7505912565175 -8896.665136662483 -1716.9475653557656 4504.482036527608 2037.242083114019 1213.2544877681412 467.95192734284683 -7649.762995442326 -4623.284634791007 -2290.4894625033094 -8682.105391247273 4363.484541367925 -7413.467441133042 -3556.8178258507487 9438.672877918958 -2617.949178676591
