96 5
3574.921518289415 8126.196240094294 -1384.889434065657 577.3991039515731 -6365.906881666119
3652.7964054065105 83.3633642812074 5064.641203446139 -4459.808070710987 -9542.376864584405
166.66807134864212 -2555.126390081752 -5804.5901333744805 -4209.824773774173 4021.223251588901
-2279.855889848479 -3364.034162941991 -9726.215085766104 -6395.799609200805 5262.1945875935035
6379.0968557195265 -7922.528812512046 428.6411744292236 7714.154287834721 -9876.004059578374
-7529.519491080329 -1075.9379887666983 -3697.1138266846774 -365.3453562262639 -2913.60837559246
1838.6142493201987 7717.982850486947 438.4766678503802 9611.925857392824 6918.33260104699
1688.580549191227 5277.000494762397 -963.5417231214687 5121.140315496836 -3535.36413765188
-886.7163660931838 -7552.518152018013 8468.179542550319 5624.332251831271 8677.990547924655
409.68783357423854 3055.449305455506 -5899.878981048676 -5998.0087620712 -3065.0073429849135
6678.347232189921 -4827.917808985684 4536.028861358645 2087.6504623483834 8472.17388726032
4589.47756977843 -2718.98318066516 -8171.2958198662445 4930.088734253841 -8027.745356658218
4586.910024629691 8835.221413503863 -9244.45801476936 3854.979094721546 6612.185579886373
9139.80579575906 9277.126013510217 5886.664458352883 -3239.6117505788898 2603.9918449792876
4898.1823850753335 -9525.283020838111 4897.653309862864 -1984.5777477542015 -6420.897713557106
4327.077606668136 9512.62464504324 -1125.9358582307595 -6927.294556894403 -9128.887517579056
-850.8036490476097 -5584.367461129287 -2404.06356274663 7605.586877988306 5894.736864450835
-8435.494361574745 4754.155612727804 -8623.52557312826 1236.2707095398928 -1455.939495151979
-4966.179254766438 -9957.445207695095 764.9802613475495 6633.936712931922 -9004.757864060499
-1304.4738516350972 8956.649924019388 -9450.202341723392 755.6027169716708 4453.2575569064065
8318.33491831072 -3282.1550120049724 -772.1344870911089 -4006.595548572891 2225.5631604620667
-1071.5043493009198 7035.803312184922 8684.852354994513 2647.782838616502 2549.538802143865
9279.316359732591 5420.433234091544 -4711.180635608094 4642.676982258121 -2208.799054012423
-8404.461609434835 9094.13618592306 -8704.83953255046 6159.03431564299 798.6203309643352
9795.498114425973 3325.1739802889188 -3257.441315928849 -235.6115826203295 123.17912256703858
-5874.572509036271 1251.4643098798824 -6280.0128757124085 -3627.9456815887625 1827.7237459703574
9265.551362148835 4332.266789581325 415.5251630993989 3722.5134464459716 -8777.212722310087
-5834.304036769802 6309.415566843118 -4684.683701245664 5075.878307735793 -49.92436624272705
-9237.50299588806 131.465241335698 4433.676833781568 6995.594361295225 1519.2363647615675
-7850.819520341969 6155.7921258418755 -9231.36214865312 -2571.2158313464824 6592.460056885946
-7481.767186615338 -5067.556839581719 4318.792344363941 -1022.0693809965833 -5795.18196494514
662.2998611688818 -9097.045885960295 -3667.4128802372397 -4739.213223831837 -1569.710113122941
-720.7307201320327 2127.674549646181 -7590.439245142975 4822.572650832864 2450.217613248078
-9372.125775230423 -8704.409378638462 -4083.125524321982 -535.2508694668286 9579.612758838863
4768.198085778433 1960.6442597400164 169.03767817335392 9182.894666567874 -1675.1355584839748
-7543.935080333137 -5917.8276343534635 5967.331912367843 -194.63907818196458 4156.245396659204
9100.590552887428 -4349.451447263764 2658.2555510212715 -8394.955572598057 521.0813948748091
4387.540423414272 -183.8759451684964 -9753.296253944656 6765.930176380767 -3845.0053979026097
-9196.80670082629 1209.1614149936267 -7252.956550739542 9393.34301156336 5499.251022475042
-2163.3458901898093 6641.276468339976 5238.87622997753 4752.194660813981 5072.198688704293
-3157.3446967757236 9904.39315610984 -6.683342984428236 6814.644136795971 -432.09772867401625
-755.5866203988408 5425.513790002409 -7842.492151960716 -495.70424840961823 -1588.1422290528662
-6146.965048159991 -3130.5856930668742 -6679.543519404095 -6005.362087839592 -9961.202107582812
-679.1328237086364 -6206.077293159229 1344.6536566695613 -6736.206515353533 -1349.1626850563607
-3986.4076221998857 -6019.82669634848 -2249.8397381034874 7292.443646673972 -607.0232191137784
-9080.735120121433 7272.566863930817 5098.921486640207 2771.4615507959843 2819.7951926747483
4707.239809464052 -6283.027431904995 -4789.883622854878 893.6297204097136 -5438.486635589219
4229.778871567474 -4.012265625202417 -5885.413759902285 -8067.823127695757 2613.2002077805573
4293.345680802355 1802.3756132812432 -1626.1564311332695 5088.091700625535 -9910.274467493093
-5875.40286588248 5998.976747970668 6295.122644491017 8798.048843362656 -3569.1000906510653
1394.983418098709 -8958.972527523785 -8107.638381787699 -765.3697337625326 -5219.720247920177
2951.122908461788 -4725.841652297915 300.07429620623225 -2785.5602012246018 573.9069255669074
-2846.461287312616 3787.5321928563717 2009.1180320915064 -8639.313086961029 4677.35073734624
2126.5261800836233 5492.097742822922 249.01540428736735 425.626157802697 -8730.043996754204
-883.8797828373645 4912.344994295283 -870.3097853202053 1955.0208544558027 -4388.505332304718
71.85520226419249 -7919.156530098857 -3294.0907637505143 3609.684715870333 1838.8356441203796
-7350.2795302610375 4117.845147815204 -2871.920447985157 -3263.31250763594 9737.22701156103
-5115.39876617761 -8609.931180155441 1615.3317886324658 3166.6027780043623 7487.192764601721
6139.512762395603 8629.210431753323 6026.160011907152 -9178.654983312506 2281.162847851083
8761.882039058251 2723.4602995581736 1266.2129663822016 -9978.132799128396 8389.29138644676
5889.92163232323 -2219.071680563041 1381.6710199545741 5326.84796738148 -137.06185852957242
-6829.974346212773 -3684.244041234854 8453.282609438163 2867.311477530893 -2881.9650761437642
9938.977143900189 9518.549892275503 -8953.288614384463 1831.1070955663727 6866.6978608310565
5628.410637213061 -315.47542249749677 -9687.050883277147 -6828.511391681926 -4479.681443478205
1883.2662843165745 -8882.202875611802 4611.546682774882 -2882.5902418631304 -3428.925194538213
-6686.729029861461 5176.004343029019 7128.448281154495 3303.01758754645 -3790.6784693921054
-126.25241415526398 -5912.9026223157125 1215.853610651995 3184.82431902216 9618.033602322499
6083.64997997602 183.26995101300236 9721.879884017653 -8096.214911427845 6546.39925583484
7238.435974333195 -519.9121842957447 790.0998942810693 2311.8372127813927 -7117.175483271017
-3162.081090079778 -354.0748601153173 -1539.603269716692 -1055.881785374886 -8768.247668408909
8535.86117644544 -1273.3052432422392 4866.5497752579995 -7169.243063529057 -3717.2612895299853
-8381.247807813439 -9333.003484399416 484.50566181002614 -7645.033498114664 -663.8603973302543
-2744.7920320123358 -8814.463263907815 6602.266266169474 5627.688878716572 2944.350981753216
5349.853520519126 -7375.688105627119 9296.432896112547 3312.561384833625 -8936.265860785828
3654.150972399113 -1196.4703520606581 -8348.063311304415 9839.136477282082 -2164.579222234808
-5613.320856909922 124.06105444942841 3545.8135569910446 1016.7022970119615 -5672.593181887158
-4315.560574558932 -2755.460354029431 1215.1582974719004 -4764.148337633344 6028.682490344945
-5312.939465885933 -9543.942396236844 -3753.6402470815647 -1379.2547402045911 2670.403731636914
-770.4064359311087 3203.7777416769404 6642.954773459176 -444.3400122207913 -3916.3586266674574
-829.589009524394 7704.316928195396 -237.98877772943342 15.970777183645623 2989.137816392169
3246.1225279720566 -9243.239326758807 -6870.32368955496 -4033.685538197278 -1011.4511222587571
-2696.356300978422 -2777.5277091609805 -9044.254141946754 -2136.061157329931 507.0776354075697
-7642.283634265073 8186.178415189297 -6590.332443175109 754.6074724053215 1252.7909640847593
-2186.9919647838196 2858.178913795786 -505.7641339588172 -2469.521697008224 8368.02685631677
-5935.088788884422 -3036.5153374168367 -5490.644515291263 -15.394390583440327 -2431.9971073523484
-4459.096299234142 8026.630347099712 5479.128237731698 -3511.9427065967466 -2214.4666485659245
-4836.854771791428 8751.334632612725 -4726.50670624504 -6630.702600938741 306.31036375210715
-8710.434058072697 -4327.2106221427675 -8698.43523397241 3501.753151940138 8777.204589758567
5129.453646421047 1537.8127215540771 9368.755898690317 3914.910973454478 -6218.639708244529
-2478.140527475678 6800.413224493568 8518.734973925963 2163.7722165908326 7183.303400737765
3767.212180371087 -163.3443914919626 7543.1489401652725 3562.610523191539 -66.30995810220702
6153.590870629701 5579.490474029266 1013.0787908967177 -2956.7695370905085 -4932.483532262322
5128.067248284653 -4247.669026570011 -4628.232721566807 -4889.877037306369 4218.366859342919
-5204.2556084568405 -5625.243764217327 -6611.914966337824 -9350.583356125615 7931.011968468094
-9261.879529046733 -2592.105863065741 4817.984019694628 -3226.495166076291 4546.75833496899
7282.715459352672 -6784.4981614030585 -4076.350769943502 -8683.53126188969 -2103.3986971775385
1 5
-9358.204081102069 749.4616487328058 -6381.605520872516 -4097.49718419435 -690.8302582595043
