49 24
9683.72413650026 7846.622965353781 -3712.2453294204497 7049.17453555937 5172.439101809085 -3669.4257835897397 4220.272112573934 3923.374956078713 -2394.098191621625 8183.657024653574 -2889.0794394773247 -699.6913187700902 6797.042996042659 5564.995450960521 2443.004399256217 2603.9560073340745 6638.291531106672 -4832.029114361451 2775.8199249333866 6174.728143274162 -3286.4756443316764 9.51082484611652 2865.279751301812 3730.0600318044762
-7628.71589715222 8193.137470682432 3559.88240762412 -1434.8962366676715 6268.07574879857 -988.4082763824372 -6732.895512205488 -7026.467950785378 1019.6608995476472 -5608.017337553241 3650.5163772228916 -4859.8720968628 -7026.332399138033 628.2242061925026 3328.356083577035 -6202.27055586031 -1833.6052128357142 -3098.6118539884155 5542.774760154012 2169.7509101787273 -9157.261206855304 3470.064954238871 -3062.2506493603832 1645.1215336762762
-4552.459878073419 -5222.384345164927 -1752.4359457216851 -8826.314289984333 -251.4603036920489 -457.98971289931796 4468.318192803326 -6951.470573788847 4319.495318288042 -8040.192116972431 -8114.889079870789 -6176.63838219219 -7128.258313578468 -91.9839221073089 3211.333329012221 1472.8185896002524 5816.483373228082 -6139.644064454784 8749.663965503867 -4441.567004731246 3509.0000726281596 2861.592729395441 8879.695039465692 8297.809549158574
-7759.953796382626 -933.4701504890327 -562.9628703570052 -8817.193637905253 6734.304281422887 9617.02265535071 -2821.167115322867 1643.264255618793 -4041.016830680728 -2923.733769253702 964.8831962275108 7626.304447303446 -5035.486518691175 5543.495956086266 6194.371298385251 1891.9925931063972 9055.210471200626 8674.194647959564 866.4146726951512 -9937.49435757969 -6237.749896541811 4743.5630578072305 2237.3688706902885 6833.2964179441915
-1743.0456569339767 1191.5243624987288 9432.879966544551 9099.22396941006 -6230.027614310711 -4919.406130227728 14.02629097609497 3034.417763345982 9921.771390465437 -1805.8010190734603 -1040.710625975098 -6428.440965499036 -8999.521715714272 -3025.4681541729988 -2111.1045989946642 4454.605347021516 -5936.897862400461 -1919.3387469584213 -8996.403287484003 -4866.621921625838 -5272.394589686762 5616.0327978102505 5498.523012071148 1720.8616570845898
5081.929817853619 2851.975964930107 9296.45005716397 -2946.788369340461 -4659.415834023528 438.9771355145713 4081.788064788285 3694.567172707817 5310.92006129887 9623.584154863409 -7628.504352218715 -7789.964337955562 4810.266464192082 -483.00327225602996 2024.9786699279666 2097.59907420554 -172.6985353350501 -3420.1154157602587 5638.51924353094 -3807.198813987844 -6035.3840978472235 -5883.330275488188 -8315.875043889257 5279.749323979217
1373.1981646153617 -5222.132224953862 937.0486230275783 2381.711843370069 -8515.513621084816 2909.392808338049 -4527.45327861467 -5076.1210179313075 2085.9997668886317 -3522.101005362386 -3375.142186850235 4654.579341836083 4440.642090840887 2972.552796062664 -3036.178495119754 7546.452909231772 5000.646261818529 -6956.7112833072315 876.5013576119272 4918.675646680222 -5996.60005386732 -9528.69645869683 -7442.321677336007 4568.928790378139
1579.1823672383107 -8040.668513111445 6923.998713600835 -6127.879713529097 -4452.343259817091 -590.4347635260128 3440.4026007812918 -3197.6237111204564 2265.6350881732888 3598.103605476903 7385.3889046185905 2894.0356190413313 -3003.2908338005764 6595.464759433104 -1433.2088846287716 -6106.558794381187 -6055.876509087492 1960.1853008919952 5070.937892092526 817.6010628104232 -282.3829157821383 912.2955635739418 -3562.4533282979028 -9861.76426707047
8664.699108281478 8091.3505686375465 6632.366042554244 5071.918526885 -2105.0952722769334 -2967.1706561488827 -2001.4485997243983 -2193.9263331145357 6541.984565768689 4080.7435717202006 -2262.4950306677656 -6692.0758316801575 -3586.4044707420435 590.2708771369416 -4977.47123955907 -2326.4709881278804 70.63504283865768 -8659.414354229366 4528.328814368713 5456.555609363822 -1334.6699006448944 -2656.898578789893 5178.321141122806 1627.1655706599431
-2302.6867159996063 7463.2872814662915 -5633.582376759052 -8714.59721515585 1142.573193177439 -5585.1178189929615 703.311049733411 2696.5177955350937 -7748.386590117387 790.298918379518 -6879.605800141815 -7734.524533444862 8947.14511542601 -524.5892555024056 -712.4693950053825 -6776.471135610862 7012.97989587054 -4808.774166878616 -7239.542693671472 4449.6352278353515 8254.299110132008 5632.612578719043 -250.94399188547868 8334.243655376162
-4789.8042420468755 -1623.5429630632898 -7899.213566817116 -3824.0755099055405 -5178.050549252668 6713.244120703475 -3630.9020006967094 -1813.9395742999495 -6838.326892704494 6978.657031671228 6292.704761535104 4035.2773736015206 2251.3252049974144 1576.8707606760508 -9535.164041197155 -6684.069574027171 3773.5572946973534 2074.3516552752135 9340.716630190738 -5598.788611354082 -6066.637975018377 -4575.111165700685 -5841.587265899446 6218.48276198372
-7513.210291581989 -6447.55081290683 8380.018653781117 -9103.313243150349 7464.479117378196 -4640.124884882868 7118.555449195355 -8495.847611083269 -9583.644015377567 -7429.439121309364 5649.601815714939 7211.846611330398 -232.41686403384483 -5170.737945876187 -4197.297310419696 -8823.63813921671 8729.138908828954 5690.2238214407425 -5207.243408746851 -8096.6035341019915 6459.651478143016 -4935.335991410421 1226.2932252535666 7067.947116164429
-5501.770699700685 1639.8421873060597 7995.330355808936 6245.965257054591 -6398.939320744852 -2632.1589224400377 1037.5980003734348 4194.3759780813 -7119.1569538137655 -9672.750039686865 -1363.2138841032465 6573.40140987873 -6170.81566104714 4421.819579595232 2267.738201466502 -7488.590789271603 -1942.8712043484175 5865.035004883637 9649.166775550657 -5362.542715732377 5778.451397175826 1904.8381222410371 -232.12791459093023 -2571.6693306743045
717.8093554846237 2828.414772705137 -4029.7061503481355 -5116.370406094433 3013.3299318237314 760.4093527447349 9989.388534439684 -9833.567597053223 -9817.734755449277 -9768.870270413252 -6879.46346325381 -8133.653510879928 1528.7782041513292 -5899.63129064375 6368.51895342806 8545.216371599126 -8500.513438969128 3359.033630391774 -698.1665932744872 -609.8302880286792 9708.346670603121 8611.087531623456 7613.468832473529 8104.677161928605
8409.949821693772 369.30797120617353 -3915.54826799924 4780.138558527991 -9337.961118631716 -5327.499625895273 -7416.734806019589 -5809.715255115915 -8988.177370240352 -5410.584596154984 670.5773321943925 -6301.865334707301 5317.819027245532 -6803.16386653199 6547.191588083486 -4809.489875630228 -6749.438984470575 -2214.7844707934446 -1935.3018078615114 5128.637278729864 -8713.175615516633 -2020.5430322220727 -1433.5575388500838 1570.6707909368433
-4507.800940181865 -468.58529525275117 -4232.449473933883 -2602.132317237826 6229.097656811653 7162.4816130931285 -5017.036586360939 4330.262457453953 8743.636687296654 -8990.885278204047 -8537.081697916094 -4526.757650122359 8798.196229606525 2301.1522306870575 9637.375728063944 -4457.559735304504 5409.933827240264 -2408.635106134143 2531.1385582617386 -919.6953515742462 -4660.263336295822 5909.794082626813 -604.7843177645846 4043.2483168644812
5208.3474680668005 -6929.630128511695 -5518.668176789343 2999.5358337802445 -8238.570969608263 -2700.9585958379166 631.3296197143973 4383.563074021877 844.4901218456562 9858.7723740433 -9841.731475737126 -4485.103460385569 3733.4318314794527 1554.5399801957246 -1084.1623306755046 9734.460213771334 8473.919497237534 7352.60460684013 -6187.756898229227 4179.28259241579 -4663.013900967652 -2310.1240816928084 318.4959724923028 8289.665950036579
-3299.874092354323 -8555.399435921163 7533.604817631873 5822.5401471798905 9865.334722942342 -3795.9940186408976 -37.00931409760415 -6809.491418734977 -8333.8555164595 -4095.720790204651 -3883.7987512066193 9253.082625478233 3799.182860915693 8216.32307362746 -3830.227975877696 457.92098635409275 1356.8405893229192 -8686.541356143045 8879.774067368093 -8846.146418299173 6229.645233302312 -4997.333960247765 4970.509157426184 -2220.1311680367344
5924.3263620685575 9948.375915915698 3921.5235171772038 -6727.923284829058 -3071.845732716094 7735.566633694969 7097.657188205358 7194.413474853674 4167.341892944514 2013.9002499592843 -2323.0843703375667 -2962.26838606156 3836.9728039008714 713.3216564887643 2017.2299802787293 5104.844398699674 -2294.556397619119 -373.97670817711696 3869.368290325485 -2188.0514126765947 -4379.360618950234 -9090.172216380599 -1263.7158761419014 -3171.8763937651765
-7705.2377168284675 -436.5914541464572 -7354.338603450162 7023.114466541905 6769.489491699733 -7938.4821519324905 -5919.432876428253 727.9237446681545 -1305.5110803458574 5993.880755041288 -3301.48002200672 8386.167205112168 -8708.812699601154 6260.135110837507 1750.9251249969275 -3401.1557356386193 5609.9305119806595 -1302.78296372178 -2806.466600313959 -4802.465778986014 1123.8775445073043 -9969.507769306292 -1983.2504928381886 8325.91970532374
2413.0568772528313 7245.470124637621 -4293.279524544618 -2627.877821351425 -2505.270790758709 -93.97076935037148 -5388.125504111503 -1985.4293909104672 5144.967664743666 3294.520540831976 -4240.816089777981 5882.122397352014 6321.120823249399 -7387.5773417903565 8756.2508997749 1411.910584228839 -8406.540133477516 2047.3051805064006 -4861.10239821711 -9080.643057819763 1674.550279834406 383.7261432635478 -9356.981023672408 8051.655631874935
9569.551324517339 8670.614324732094 9184.399251272414 -6531.545387924358 -1048.5368105278849 -3668.75274997642 4087.330685725021 8070.504950782768 -2429.711094714904 3710.9004179029034 -7300.518068861817 2201.155728547141 3828.4790004257193 3035.349037298025 567.9321932816329 5710.031412336093 -6679.038022209543 -6866.089994368254 -9857.090352313613 3249.594378531998 -1032.841510960563 4158.038077813262 -9669.478604390279 2662.685151039692
-6001.180428384629 -5758.678962965624 3718.906891007893 -5267.186849153589 7185.302164845132 -4622.0509266424115 1553.242148894822 -4164.410674394334 6207.747861900936 -6805.995109818646 -8971.668113726384 -9040.019924658669 -3170.537653315091 -3811.7304962453136 -1676.481567687526 -133.06966994875802 -4224.409240237022 -8190.642870601792 8252.599788337604 8723.450160992717 6894.303649583158 3877.3566096173854 -9540.85357005387 8246.265222371389
-2274.5196168515868 -2953.6496447845548 -4314.819617677037 1603.9604495031235 4657.59854094997 1944.9021532637398 623.2974960604115 1047.5047496385814 9511.36045824584 -2019.887349434528 9600.1584673576 -5432.126111873463 -7647.422835047382 -7289.279340969901 -2028.6935664710163 -1801.125562940324 710.7328622741679 -84.2106015770114 3767.9118459728597 -6560.434804026842 -5870.704426069724 9484.635347985866 8244.13324295481 7517.700282926744
4391.254648268512 -7516.056565708369 7939.734981144044 -1700.5748921404302 8976.257706846012 -4074.54914781606 8919.284597106282 -4013.039831084384 4774.02624202044 6635.998251900459 3412.8676687286406 -193.29876018798677 -79.75797349075219 -2522.3408649135927 -8579.172236769791 8491.996506973555 5049.586269006177 -1171.228115811844 8729.506035270686 -9685.316952039733 -4867.139389486677 5888.027003847015 344.7614337906325 -5016.579587977115
5460.8666321868 254.2323958292509 2400.5197614881126 -2753.85820940947 -4099.246375037528 -2693.7735557626174 -6855.192910399264 -2851.9120400461206 4312.250021681755 -940.1427977312142 1031.9079544434353 -1814.8536438854417 3827.3691543570185 -3501.292460184928 -9390.985197782979 -5529.875834757214 1470.0578997018692 -572.3107538024869 292.4488260635899 -3913.738150813222 8994.721523475455 -1132.9345309601722 8576.952538509664 -5344.860410654257
5300.177540050754 -898.5096173552156 -9150.415156360834 -4222.489445119752 -7300.804388371514 5183.241581314562 -4413.951961030515 -9950.867805420938 -6202.124643183302 5708.000143034704 927.9692326266613 7430.262208430668 -3636.3419025837775 -5335.638648463401 1338.1619288442234 -3961.2417483752124 6066.631948106493 3510.887126498361 8209.552477714311 2801.4669305347397 6818.253346254496 -7143.885608177096 -8919.207475534711 -6170.5402448161385
-8842.680279908654 7515.846067919527 -9458.792797530528 5693.592428901526 4584.520220031942 -3167.8193287024815 430.58905876248355 355.7125987417694 -1956.9269031071944 -9216.799987818084 771.6977322464681 3164.379524390766 -2572.395410578958 -4368.3218076364665 -3171.1039590414284 -5490.554909825239 -6978.896153111902 -4764.4803026217805 -1011.2911231892267 811.6928936198128 -3749.039932569249 -118.62978695898892 7303.98984036328 9892.644082471073
-996.0584536592451 -5056.969192022425 -6887.496603423293 -3519.7567831593224 6028.728467650673 -7829.671009013943 -6701.84808684073 -1189.2748985876806 4897.036918434704 6237.787902430298 -4658.97324206942 4622.574429165294 1731.5611260065525 5024.372196940103 -8931.209648823879 7862.4093273853 141.0323463771474 -5286.22115528236 -9356.593696887301 -9614.558551321807 -1450.4406597366487 8151.447336623245 1176.172809266045 7560.069943762926
6953.473134715205 -7724.043044950575 7237.490280423361 7598.464374315714 -9175.60893747778 7826.420919828393 -42.056915573835795 -3291.383554883824 -6969.819639821564 5270.880576974172 3236.224096650036 6592.679380699239 -8880.246283196991 6103.603784815341 9111.90701298627 7717.599201078756 3641.5882280582573 2741.274122512763 8933.397839720965 -1770.2785580611508 4477.944219128369 -2599.8211037822 8126.711142519267 8971.66136881704
-6925.075578681388 -2242.0631141355043 -9085.038299399821 8597.49592384262 -9687.216225701712 3871.674048704348 4637.27812360793 -9305.295587219593 5761.899168760636 -6609.076302472874 7249.594798546987 -8407.612192214496 5147.174057484099 -949.5236297823976 5829.825366404759 -5810.357260823418 -6570.204481420771 -6707.447620403702 234.90643418457694 -7289.199097353125 9348.99101703633 5567.673005993929 4877.799904811769 518.002013362966
-4462.855331373914 -9128.077175312004 5236.439632674514 3509.376826503787 218.29565315959735 -7511.5076841968585 1385.9104944680184 8149.741180436944 -1564.925850213618 3273.5497169245973 -8480.7584417206 5582.39943038262 165.96359036400463 363.999021145788 1585.6496151159263 4130.2754072893895 4525.371772739278 9308.76989749389 3068.771919012461 -804.0025061907509 2920.7825081072497 -4376.748488753719 -2917.5237693272484 5904.853370143899
6855.103155489436 7375.445710186665 -2685.3258999575046 6144.349109978424 8418.00108711427 -4021.551038621714 7724.8975820054875 -5906.082956294436 2717.948997424466 -5111.220639840723 2313.417013373888 2636.6252358828788 -3755.588144788102 -4235.768788196179 -9515.41421951807 6633.104350898255 1262.2239565535929 -9492.332255491012 -8735.995428666512 -6224.935441989736 7107.802191377683 -7510.613840449887 6982.721807642058 6910.4727856861355
7012.891872758395 -7962.792699389971 -4101.476645346193 -6846.042741525897 7361.051393403952 -5688.483448612283 -8303.572412412168 -1886.855580980924 -8384.03965430882 -487.86743102583205 4242.17564555595 5148.23388863332 4536.093617023087 9855.431424433471 3519.638446894589 8323.79523066795 1931.5813771586509 1273.4077402757102 -2289.577568950541 -6146.6214061099845 -9377.074559844325 8125.58183012798 -9417.289701730186 9581.834806193874
-6134.364316281844 -4791.5687839109 4287.7003311212775 1792.8767598523518 -2225.2495065989406 -8101.846789239573 -1861.0014366763353 427.431637031179 -7671.519805722728 -4374.443652342681 1397.724505649965 -4773.768559834146 -9619.101728146697 -5985.864534851269 701.8855583466484 -339.1003584841419 -7153.174453405834 -9596.663567107773 -701.5794217282764 -4873.005935259073 1927.4277925814768 -1361.1734981275767 592.6102735774184 7503.190444574389
-1751.3233697110827 6871.1315416642865 8906.43516203357 3488.2769091468417 -6312.913489870438 -6267.238970490327 2310.7785510002195 -111.43613916523282 -7506.582082835383 -9228.549616484237 895.7580681066029 3945.3303932593008 8698.2361048819 7208.966721777622 -4992.668050836369 -6121.402240126028 4425.523610137765 -5506.098382047693 -3568.2470709185336 1505.345938933664 8695.618275208242 7089.1452549537935 -8509.832895129199 5591.659419808791
-5911.9114003830455 -577.629871169007 6616.959175819065 -6624.323535253536 1248.4993176026073 9872.608296848088 8763.147819962353 -9088.150027412701 -5936.192764621653 -672.2362022566595 -3283.9219439553617 4452.120198348317 5096.1132390353705 -9663.193864395047 -1199.8389540287135 1642.8523165408278 3915.02607066991 -9195.815472225706 1472.7638216910345 5946.072093196275 -3577.816025836695 -3068.232571940741 6599.26229028275 6237.731063731939
-8197.76515182137 3214.326410321064 -4320.876286775923 7177.52089822181 4988.369198579143 -4929.845352360116 25.63216627388647 -597.3187934160524 -2191.145524487956 7106.726711293191 -6193.424248420382 -1597.0511713681371 -8067.639010254204 9265.176689702883 -7888.939509389504 -8150.652398989498 -4661.25447631331 -6521.273294461014 -8888.564650069211 9399.084557220165 6684.265625780361 -279.95061997855373 5715.277462657943 -4542.178908653742
4938.74603092528 1042.7951982687318 -3310.4666487404174 4322.059801432302 -2173.9227539513477 -3574.2042135894026 5727.280033126481 7427.867030405323 -1690.485192933511 -1050.1173060657438 -1971.126872594804 -7992.925402631412 6693.383154963252 -9323.264886061916 2898.0154459976275 559.652041725667 -6624.2807461038055 7112.0488343479665 5971.81073452662 -7578.511025377952 -9453.629518924292 -4134.132777648761 4282.120127476845 -4191.614028519893
3751.8590805726617 -8612.192692561694 4905.002586221479 3950.30823312935 -9895.520626495783 6282.553649760459 -6928.797880919493 8859.484855896542 -6290.622568695791 4548.950890920509 8741.370595466364 -5986.765878388791 2025.8501477370264 -1997.8355648714441 992.1159124557689 -7470.2998292139155 -2827.2454607521013 -6078.328468605465 6122.741244163306 -7419.23561957813 -4526.712438606788 -4026.6566946382754 7915.812560360817 601.2475602671111
3915.2957569402424 -7381.994476861458 -6533.083422382386 -5515.711012770655 8356.581455460073 321.7508801830136 -7030.811739260743 -3729.599718293597 -3389.463048526589 7490.481617880421 -7956.277596862023 7774.495757929839 -8648.422723225056 -6044.505844255707 -3379.935265015266 154.53133901731053 -8608.277243737066 2660.774488761772 -1230.2857725412287 -3089.4739322288724 -6108.738571796075 -8406.174068746535 2473.4598197247324 9264.186961267416
-1908.1025875630294 596.0305641176365 -5595.552549814682 4237.069929161711 6015.617890500551 -9963.310272543382 4760.753931408475 -7094.5832686616 -4116.627359563623 4487.0905565097855 -4015.2726462308074 5797.787849404305 7250.014505065999 2755.4860004798356 396.6128991546666 9482.652633701866 -3426.29435435065 8796.979047519177 9494.209115584868 9114.972197008465 5509.003483115272 1278.007983198233 -7086.828842898971 5378.537570139557
9297.989356818067 -9663.572111811638 3234.699152999996 1397.6972777854298 6155.6934958849415 7983.15532353938 -973.3681914721074 4210.7766790462865 7779.727218790729 5931.422499308457 -865.5335646089316 7450.633202759756 -767.1487030934859 8668.875109337969 6143.993782985966 -8479.507569690075 1992.1328736362848 2640.697732882718 -7861.6058072055 9647.681386960401 -8434.802994454882 -992.9287119146466 6927.896391923125 2472.9037142517445
4662.154273304415 4549.174614955489 -735.2394017571551 3312.551883375092 -9429.292268827712 -4929.845438163569 275.4314665929687 -185.5272419746143 -2849.236489254523 46.898869139338785 -4956.737391981068 8601.239806233287 -9294.598425950353 -7446.404202247064 1677.2729386411138 -5643.077919282191 2275.497864716479 -9928.353553852015 -5076.270689922127 -1225.221061850547 3246.9975685779827 -7635.151531193505 -4334.706889974629 2836.27594410617
-7219.247171931247 -5813.339324072742 -6139.226961812123 -1482.494477168697 292.0210474461255 -5618.973860356174 2448.8060211568427 -8098.347959779419 -6523.468851364933 -1034.1547869836722 -1526.5590827041124 -9058.463865364636 -9364.789770472018 7902.10164508559 7556.8518691969875 2328.095177925252 -1466.5570591937358 1354.5752163459947 126.77909192287916 -2237.4557555172323 2450.6602863837725 6519.987538372981 2196.4440189073703 3210.0604099649026
-3417.693831487114 6692.625537096243 8338.192609856374 -1363.0854057774377 -1558.8223351386696 -3677.4093964596723 4348.115483472689 -482.4325290688903 -7680.004385486758 5754.46931284789 3031.236277327809 4215.019567571175 9101.976994538556 -2967.5897724231563 7777.652002409664 4390.229414528101 -1724.5529958238822 -1228.7858811826227 2554.019272300571 100.11623114648319 -560.4251571660207 -4123.241067652894 -27.529285937922396 8617.615875628417
1768.6919255101002 -6419.094185308365 7450.079472442525 9493.551625352145 -4309.865800183452 7233.790118820794 6374.15298341923 -5369.654244282132 -4612.085846593101 184.66877296432176 -4211.334886855558 7493.12014149861 9811.00957903182 -3865.3445009569314 -9987.01581089811 -3454.401347601505 7804.699898066359 -1163.0741588187848 6420.284150581665 -3479.7656194041756 -5421.761231080287 7131.678032387277 129.0424733327418 -5047.0667798818595
9870.75928180334 9192.116778295898 8222.97714014033 -7390.18270814255 -1802.3520162253299 6822.373502293372 8286.18722853519 3035.051451035606 8060.657003758646 -4153.274587684399 -1521.5968013478796 -5448.252937422951 3168.1160574460355 9685.354179882492 -8865.100219499636 -7567.076954537404 2604.0474093128105 4405.945713790845 -3933.847386552942 -6144.671240451041 -7700.219529885941 9587.460299028564 -7829.277376195327 -1984.9240042059255
-227.3870991071435 5787.178640779028 -7565.690282395019 9917.181400104982 -4009.8116264109394 -3338.952107086797 2216.5948038276165 -1444.1284160040377 -9225.221178918417 -2853.1258399156422 -6980.955951424463 -2174.5027832502938 -2514.4207449210908 5587.951542574916 7688.9494643386715 2807.906208890845 4106.073485485431 3499.839508962559 5260.0144624301865 -3306.6684237357476 8124.4031216899275 8685.458201142763 -6151.9505615114085 9240.326107724155
1 24
-1099.9798075859999 6082.857035078599 -4382.817459735842 8157.410644452779 -3600.1456696762825 6523.767781709197 4188.707752045615 1386.363183027699 3202.5630548774825 -9199.512672611616 -3448.639614602187 3015.6919299099645 -4329.336688052319 -5471.185651871236 -2699.3465123895685 8690.280729435897 -7967.9747384005 7907.354873459619 9413.898872624974 7865.226158744041 -6615.578928788944 3120.237701569644 5665.730495178475 -9781.304758372678
