63 15
5452.5524868861685 514.2097643704255 -7079.942448295444 -7140.466125794132 3206.0377424968938 8654.958707874004 1846.1774322467281 293.73129844130926 431.2110805807133 7375.047891881797 9078.960069216544 4651.044500194406 4912.919164245752 3788.912871108918 -886.9056065719924
-2599.568943032389 -4200.724571864014 -3393.951889138365 8119.3671719236045 -5612.511532443341 3106.9795061864043 5792.13463357422 9585.1186834949 2373.2706538918173 8129.104987701208 4751.09962629351 1378.6289876014398 5082.616918793499 -3584.5356635479257 1266.8240831130424
5461.295889135041 -1428.3122003760382 1395.1584997508908 9407.245476891825 -5781.353019615054 5733.508562046116 2283.326774628351 1152.6015714419864 -6280.019309403895 534.2782767893841 8883.364241313539 2241.206220994716 -1498.4147895306578 8452.904958627503 -3774.5010629498465
3468.0843278616885 -7390.147448704074 2987.758029497816 8455.623161716809 -1546.8312085075104 -5803.643192138832 -6705.703219349315 876.8294291333186 -8813.720435608127 -596.5294366339331 -32.383350346428415 5094.936167378057 4540.7948648096135 -8476.389938643799 2517.2284290150274
4902.3897500047715 9573.078316195137 -7359.382191484218 7268.316991783762 -5603.250568948355 2946.699086615952 -4931.491250835256 -7247.724590595761 3617.882200140164 -10.606407360759476 -4142.931207324132 3456.761824055102 8243.790184749956 -5590.627780265971 -2448.4098049172
5068.755492980821 -6107.007495307215 9993.776306272892 -9512.629114857802 -9758.159336787841 -8707.46837901416 7429.864705702537 -9790.598446437689 563.4886067636962 -774.4051711974425 3417.1347404753196 8184.247135516769 -6856.472949634224 -4895.508362415903 -5307.78721531846
-2112.2151552872983 -5960.887533992929 220.64469862298938 7158.26336457588 -9225.88437818435 -682.7600618947235 8944.726217075939 -7011.66358367135 5095.794516895332 9676.931047636775 -8486.765742266178 9400.412945462078 4762.499148970468 2429.832164615351 -6875.440055621873
957.6251756694692 -1695.9338655331776 7105.964237260399 -6758.731238607434 930.8226342973139 2018.1032836294671 9105.884769892473 1157.9160184605716 -7495.690305026066 -8742.754993736447 -6415.726333453848 -7240.692180961281 7820.598044145976 -6727.30114995286 7543.936303481987
-1952.1591485539739 -6892.584078715678 -2067.652076990107 1470.98059846053 6847.768645168551 2989.45187490044 -4518.044327011333 363.50912055436675 -1555.3264884860146 -2049.9250661246697 -6683.160081081529 3447.8813571804803 -8460.12151140172 8331.977902603678 8191.870452831055
6706.261735112981 4309.136137358571 -4537.741234390506 -6218.781884348734 5763.253091268038 5463.046887689774 3884.4857752329026 -6928.304899282344 -5127.8835233740665 -6622.484334405727 -8894.840476529724 -4295.948365312716 3390.8073566360636 1299.2771064509143 -8531.690214492182
-6772.2195958107095 -6020.3307047934595 -3159.9845993537974 -8108.415629374097 6869.823406262836 -7027.217732855437 -7619.289871271928 -6303.6766516862735 1024.1683690436166 1641.8402566639343 9845.519997020667 -9052.634713997812 7948.010592843893 8252.54372939534 6547.732613488843
-7812.264747915902 -4546.345110405768 -6707.341547618668 1483.9471616963328 5414.337047646657 7754.286916981997 3296.943777090064 6448.807465237478 5802.560146095115 7245.759714350996 -5319.36710782015 6418.604057390614 -463.28934733041933 2748.284689772523 2565.4681299846834
-9658.60670325243 6945.262523917121 6484.062282258641 5792.516214876441 276.24455818468596 6759.639363092767 8536.405180170375 4493.597767626534 1902.663370520675 -798.55233703261 4046.7735357391593 -7515.002094420906 6890.086673052643 -6457.747094937654 124.77149888578424
-5242.633568557892 1992.2637010134185 -3166.7871356620435 -7229.725373069209 -8575.093317310419 -8158.575819876585 -5249.178825412278 -9136.881403546868 -8202.616323662161 2524.18384626881 7428.090369262467 9575.976820652351 -960.4706276325323 4645.723156102413 425.45084501444944
-3529.6919339849264 -8650.050858718398 -5314.188513223577 4094.084453928619 2546.300549584281 3619.7030310665104 -1457.489307222444 6905.0463384299 -7456.568720594783 1305.5426999075262 -3502.2023307836325 -5447.044089752276 9716.883678545346 7230.481789821504 -7141.3504497535805
9198.698474645942 9830.922871032592 -3125.190992617506 193.0038291942983 9309.318362576356 -446.3785441793243 7236.245031270759 7831.493572303185 -1890.7774881577352 -1108.3893757828428 -8904.025958327667 -9245.967884935406 4360.630300882956 6193.7512007888745 1352.8618429408798
-9092.89667071288 -8221.809068199886 7364.267588951396 243.8729443765751 1702.2285964805033 -5128.422022402319 3977.4911442527828 -9194.897068928325 -6501.170763636528 -4565.142622881186 6200.399891532748 -98.33502671471797 -3689.4326660545776 8499.711098419666 -7958.259299729553
-9222.166730410794 -1147.29256277694 6387.969179047854 4140.58140074919 2950.7052660771624 -2261.0153871288376 -4971.414771465339 3928.648238069565 4556.923796494073 -8353.37422455298 2144.781176069013 1356.853394340531 2401.6702309283974 -5177.363901806444 -3112.6035220357926
4104.657097398776 1662.3757746219217 -5685.721612623498 -8052.334630844584 4628.5962125396545 7023.479033451702 -5707.619534372872 -2255.380017254549 -5238.267763403528 2492.5912826780404 7505.135668650932 9657.428680641202 -6084.0620256709535 1345.37552251333 8101.917890765435
-3423.429225154111 -7828.816974395072 -5810.725257149341 598.584063108503 -4055.383954036369 -1368.402861878816 1158.1432475939582 8837.380374271776 -4553.486756769387 -2442.3697533235745 -1256.947850287921 9755.406690497686 -7697.9478584561 9935.103158653921 6893.719380720246
-4626.880282592232 2439.1054393558334 5364.27489050974 5432.260664396896 4517.366881805878 -7186.235597863639 -7889.427739406825 8933.493203320082 -7651.792705767251 -8387.499393869797 4522.035707433892 -5989.410468019523 -353.6215090500955 1036.860181821019 -9427.052375584
-8797.35852873128 -8102.956000654522 312.71150665361165 -5044.512925867759 9125.32180254272 -2825.878322522817 -8805.400621060837 2488.880204972438 -5740.868265474277 -9770.578799317644 7162.369971309596 5435.679169473266 4948.18284497519 -4850.519494152592 6063.884368995181
4410.2778450407295 4101.504293182932 -9050.29603087121 5006.414088521768 -8368.469568046166 146.36675537212432 -6339.47022160356 5612.924130912352 6896.996477621968 2140.0789553203467 3677.79492993058 1843.4277108249698 929.0482098855719 -1538.4009959367395 3805.761580071907
-8040.034358347916 8389.78512006205 -9273.878863020696 480.2706492584548 5989.490477290414 -6485.8586620575825 1292.488791830543 6174.766482228524 5609.627922663438 4094.196971945141 3500.3339769034683 -6034.846216184544 -517.1590821374884 -5784.296040385544 6125.182905888476
-1762.6053768927104 -2035.3042718791921 -1856.9708012900319 1861.8787345182573 8306.113532900486 -9598.909272883424 -6953.561780606532 8577.568715813602 -3606.6275082784396 6325.164179711914 819.9230402916637 3120.0057050239957 8644.609638721096 3308.1690020948354 -4968.807453307618
-479.8346015263651 -2145.7136716739524 6045.796139625905 8514.662663139628 -8625.052400037957 6276.372309680846 -8908.930742517543 255.79913015639977 3647.638803686945 4719.570782157087 -3402.3969823999596 -9997.462517343432 -4940.343738549833 -5430.409596279633 -4832.908948993466
-795.8421028266275 -9938.497267588757 6459.299362684378 7159.291782361404 -3247.428689298932 -9597.983114037424 -6857.073859125307 -7175.791972639216 4182.650631635732 -8335.547295396625 -9593.849369494419 -4509.478700135447 -7864.81593067129 -9572.57075515521 3776.1093206224486
-8864.616148329225 4933.792919183656 -7535.692404394976 -3554.5713304773208 -2740.3969779318804 -4665.438412778065 3969.8679908064278 2913.352427077547 -9135.607956190108 4972.280259353813 -798.7808589436372 -5744.363158278747 6231.266883552398 -2082.7427824512724 -3247.9592259388637
-2747.7027997262503 -3177.2591783635626 9493.127657647507 8164.2733590926255 -5834.686645472518 -8653.044244915938 -5669.015185466344 7639.365526262973 1387.6983203573964 7113.838132040208 -1875.0263649017998 3077.709824167672 9732.716232440282 -9662.903997208563 -931.5489289678935
6128.65511559347 -2324.4088315672325 -6831.215553021406 -6929.985611136187 -6400.514786044789 2275.6698565063743 -6555.823466402746 -7689.831050691966 -4942.897403063495 -7351.130603850737 9331.699873335321 -1506.1511629459874 -5784.078590466149 -3391.8599463268847 -6385.218757628699
-419.8949138447806 -6722.7284441414395 -7253.282057940966 -3845.701899175833 9154.871518705659 -404.09262562122785 8327.452631161897 5753.742784539683 7442.9325341254735 -91.31317544361082 -6744.582713303251 -4562.847661355907 9732.591881890476 3801.721228928789 7229.10682692887
-9984.2734210093 -1920.357789425444 8578.726677205512 -70.70380467305404 -9728.836101406618 4102.5241234556015 -1517.9385948921245 984.6109808337405 -9344.864873241837 3934.839159257621 -2703.841330473937 5483.218579983302 -5879.907474819009 3801.392377129554 9320.24925583676
9520.904967718969 3652.4156504585862 7779.5879683884705 777.2735673239786 -3098.3796932346568 2177.089458213908 -6974.304647415117 -7424.320427024995 1805.7306633100834 9256.9692569918 -7504.1218714441275 4937.894231663078 1863.8167702799092 2153.947932567222 -8419.453693906564
-7189.50816181771 4230.319845803666 -3183.461360068003 1493.5533957512107 -1552.7946779943468 6530.088912988489 -3434.61203822266 -9308.138358439679 -5677.249017514346 8367.903361040717 -8729.281161983587 -8911.440547580325 -8530.496779956982 -513.7050091167912 4556.485806629762
7767.227925701718 -5864.750227817774 -2927.4771868620837 -7400.197465153517 -4095.2639168446804 1775.623708556228 -1333.1968797194404 -8743.16348141458 1568.7492534851863 -8667.299374269736 8940.738430231868 5543.82415898328 -3102.114668308267 -9956.755901568631 -5221.9533642040615
-1263.8090596983402 1092.988825185721 5256.850143529997 -8466.256790078507 -4766.696010294504 -8718.722336085399 -5275.271095959031 -906.8659286170314 9446.247419985233 -2248.2166508990795 1759.6025548197977 8983.486210582389 9086.367804800371 -3840.639288767027 3691.223084680474
3975.989109073036 8478.950509994997 -1094.8284508827037 -6001.595268431676 -9248.897387268331 3159.1231869891126 -7905.023520379666 2714.2067376067116 -3301.927920706069 -4264.625505546762 -2122.050425794435 -741.2894386002172 9588.474217055696 406.73561099376093 6148.669745261719
-6015.580619031185 1215.8288137622549 9554.328057665414 -1565.1492677025599 -4019.8779085596925 -6135.932321088815 -2044.736106735445 -7459.422070268489 9369.583516175913 -9714.6121408203 -3574.648930774185 6940.982044865599 1149.8479100977074 -4362.437599120557 4656.015155220164
2849.524378698132 -2812.496972907583 -2.5548616404339555 -7898.535134455673 -4023.072169967015 2783.2912020767053 -6880.596376846586 7623.291363990946 24.78536022078697 7040.240610120931 5851.3566683139015 215.56787550403715 7554.954825462206 5783.462083589444 -1438.8635324281877
-2677.354349007879 9892.318332691902 879.5509584819047 -6054.347897067806 -4855.046565398078 9986.575238156933 -7216.9389413847 836.980685499364 -4289.0768342676065 9007.697325635865 6013.4859219873 -2273.687696154152 5857.636248091587 7236.180901549709 -488.4854500580677
-6601.12539529714 -4496.54587149188 -3123.232760676202 5587.398752457362 3860.996322115716 -2492.5205202983734 -3902.910610785495 653.5930743713561 1255.3993729628037 -5707.9033587590475 4168.649465937393 -794.612098294816 -1351.037216609555 -6534.474018387337 -118.57790791327534
-3527.7797989150804 -1850.474161097397 5305.442052977367 -2947.337573795945 7585.746000371022 -2714.146844076424 403.8103948944754 -5034.231540983856 6090.3772510960425 7550.601762188191 -5221.839841479769 8566.09501269567 -3339.7888211398904 6313.557498137539 5432.465062818486
8953.62383627599 2374.7992274643584 -3701.9943768147123 7204.123717118171 3298.6750725611546 5301.642085362459 6157.240144422676 3845.0944847198953 -7014.270468215802 -3858.550967758916 6942.893130123692 7078.817271339274 3340.686884849425 7833.72360985884 3943.923154334865
1575.266515380441 6478.507709502555 4555.426968222226 3079.8122606039433 -3846.473064683575 4362.205706255301 -1814.2035889529407 7752.849614150513 -9084.584806010707 -360.7293186389543 5529.131118557625 -1837.7530007978885 6506.23726906193 -6634.354597641783 3008.4649910547305
-3165.080118918213 4430.849898523644 -747.1775601379704 9017.216213156073 -48.56704161352354 6706.573837092234 -3835.067177115865 -5516.284155622566 220.35482389797653 5377.164064442186 6978.205155771415 -124.20121316424957 -5469.757032338325 -3024.7969582723244 7716.33928163195
-7577.650715677484 -2471.791449376319 5306.384782735509 2516.1582165795935 -8667.002832870452 -8011.246972973878 -8791.129871199602 -1173.5308978436715 -8214.93202550433 -6684.517766090257 -6535.338614577781 749.6901556995945 2676.671277794818 5346.342332573144 23.504134333939874
7613.767279235435 395.1307354263208 1217.9466391962924 -8957.956059975464 8228.40199545911 8429.534823332691 -3800.673340299035 -3806.6743963946074 -9560.210384218291 7712.980113647569 4317.9716149979395 -3138.4251537537966 7547.283186332072 1547.7563048436496 -2743.302884304646
150.14074686846106 7601.4288828429635 -9495.501727457366 -7590.395250596986 356.25806017736795 -8469.041023475233 -7036.304530481916 3350.644862207004 -8117.676327970083 -6948.877540823876 -4883.7645950924525 5863.9212624554075 -7057.085566727656 -8467.134655115477 -6015.265356710018
8043.091105003161 -6530.279738190384 -6209.190982894233 -4291.637828164055 2868.732977531088 9969.235446267423 5498.197015700114 -7379.429347534594 -4860.207044477269 153.6807940631752 8607.185077066923 921.572470709094 5915.107568781141 7305.492529532974 -9372.165771518597
-1957.9377727632564 7286.7236610927575 -1797.2843964280219 -8844.058642738382 -1713.8570265106991 912.7283225666943 -4954.110001978061 -9115.351765794881 9164.207976919915 -9239.813612042475 7457.837319313843 334.9346437927725 -958.7492838107519 8191.799063521474 9023.159845682236
-3021.4242055630966 1988.640417874869 -8291.934462988549 -2240.578664557089 8665.60021870743 -7553.362232051994 -9722.857939317835 9591.554449724757 3059.8576530874543 -8823.256577168157 -2984.335439607884 -441.6292375254252 3445.13718716495 -4058.6365976651996 6045.624410933171
-6994.022568175529 2396.036654212534 5279.728210664716 -5192.504018942576 1561.2139807075528 9375.453334825146 -3417.4468525486245 -4552.564651532878 6224.535730287815 -7521.535839997456 -9981.421442953364 -795.2991542482614 -6490.496557681656 -9189.307325477013 790.636622560949
-3725.667956028593 -9441.773865742663 -9722.055860692077 4195.689768818955 -3379.4473076931554 -2798.7461071176112 -1931.5917564739311 -4640.605081379496 -5666.21550637475 8028.010345025992 834.7459240155695 8890.652217479266 -2347.9558407565455 9088.438879851092 299.76320189786384
-7218.714366479493 479.49326862201997 3013.6701199141626 1731.4689052883841 -4309.947880632523 3482.687559398939 -5170.254998414914 8458.159686884337 186.23143568903288 -1103.9981150024087 1637.5118680619034 3088.2391863307075 -7534.5389212609225 -885.3056376458317 -2046.9037849494562
5927.663833268733 -971.8188814842524 -3422.8335175183247 -9581.422223068008 1805.6886226761471 -2157.8744986162765 4644.623687221407 -7641.4358944500345 1169.30227000587 -2893.2280194920404 3888.592761990976 -4554.315764896106 4489.5635683811415 -1331.2065793915626 -1697.1690017979108
-3131.2023344468716 5217.243451848128 4384.614823655978 -3517.100243589266 8761.240202156016 9710.070387249958 6067.090185348643 -7386.0813452340635 7525.480901850951 -5022.140610579238 -8858.379153874317 1099.4619132135067 7973.399574830983 9569.646211897176 5083.556192335009
4567.176166391371 -8343.063773468839 -6037.160726108326 -8097.234773367519 -8469.937428574833 -6703.951764906351 448.62568999237374 3041.4231574699425 5311.091367877963 2728.8341601984484 2678.2632792385903 -6849.143011949827 -6498.286949240177 7912.334257452127 3869.5318960514232
-5750.05525898342 -3615.8141450722496 -6060.2493413989505 -5573.31416589359 6608.591308199517 -2869.4425700761776 952.3552537874803 9993.737310836252 2676.860706755617 9245.89954297827 6276.663455398053 -1684.4087168657134 -680.4253549412388 9951.514007790433 -2283.0214519325546
6475.692808739594 -1465.2323108672772 7923.933272715698 1439.8275255572644 -6485.0656726922625 632.5356907416935 9297.707092836652 -5280.013225139999 2691.109554706234 -6652.4399509017385 6160.156312225967 -8116.44200736725 5008.373600921213 -1193.5204649626448 -1857.5374134514996
-1864.5382255004406 -9376.275189637952 -9324.70515627451 -916.0995067891417 6455.996400406912 7469.929309588635 -6912.040655038436 -7153.156734388386 -4853.270576256523 -9428.333561697922 7039.0559258234425 7524.536859729535 8342.620079493081 910.2649979577964 -3865.8473548802012
-9702.413213300319 -811.0014579364142 -6982.440432246312 4179.828261189459 -4513.693498976623 5111.322698046348 8287.166655915513 7557.7021548826815 2650.3831593827563 4039.5682936179783 6959.683250418813 3338.01706669926 -2311.8331624591674 -2946.5734436303756 6567.3654161203885
-5213.977226321149 -1859.5455139629858 4420.740504872389 -7308.9664724633785 -6106.909920528873 -2826.6567708196426 9414.78019280493 -3517.213060005164 -7489.367453112376 -8787.216247589295 6930.246971066164 2623.5747858158848 3604.2301193069015 -7332.814637597858 -7444.858572144967
-2219.916457290469 280.59790110565336 6030.3874171302505 7996.491613238646 -4755.6989859402065 -6628.167541952624 5423.443867010743 -6298.704676244704 -1209.760899041723 -1995.2913158238243 -6486.725245101372 2150.756641109776 -8464.810195618767 -2868.176213222866 108.54278652202629
1 15
360.56981795307 -2995.1281701859216 -592.1440151437473 -8455.947891447035 -4425.465461361793 997.3833635176379 -9526.505495112 9785.329459876553 3207.933777183671 4297.4210018741305 7939.096204185702 3756.8900899651235 -1155.73893247858 -9602.25378561469 8766.997355061216
