90 14
-3088.4939189396964 -9718.110801330027 6501.865151445152 2006.1294964028439 -8661.729170483206 -2197.7755544238908 -8396.096076761263 -4358.542677190109 -5971.581179461374 7149.152046096286 214.08166013464688 -3500.300779526795 -2247.8505103421885 7252.96473371235
-9838.810285788915 -7887.902927953795 4505.167063894198 -3911.5063061146357 3882.2922681294785 -3505.461364140503 3235.2103920299705 3767.7548417225735 1325.8139305256427 -9128.162263051365 -4843.391081552435 331.67473157395943 -1657.7439198876273 8463.566284678098
-6147.953976269114 4771.403647431758 -4749.610641302342 -1167.76977373525 5463.076296215504 -7588.24609617474 -6441.4816453501735 9046.822118312739 -1622.4004697883993 -2474.761566085688 8867.630444658254 8122.999585783244 2947.6203561862276 -6826.335005424089
8898.2402718241 -3141.0280011797067 308.5229786205582 -3938.163651723903 -8916.460024609978 -6085.9868631674635 -8272.516713489804 -4327.527154933539 3415.592575252178 5161.359093386503 7343.786642853047 9279.999300786305 7883.767940533649 -976.2117545132187
3706.282912481658 -3321.6358559646224 -1297.3354802277772 1814.7256152699738 -1509.1326388059479 -2350.2815331698957 2303.804443561563 -6320.240174271772 -5371.0324036935235 3007.098708557669 5312.11735428358 -9258.880014395305 -6364.909212899658 -9584.176084606339
9709.481590638075 3193.5765411393604 7758.758512624496 -483.02705622190297 2842.7731362273007 7954.514951825473 6514.094212305266 7026.199357426463 7892.992516067421 -5695.7233128031 99.8530622651142 2019.3148748225503 6440.070259406068 -8516.753539094983
6115.1868419666735 -3567.198286301472 -520.6513531366891 8204.842844845989 -2662.75521967186 -6887.265012967833 -3537.9100516475037 -9107.629754078402 9744.774244368044 -3890.0920134972457 5388.388339873125 2743.2797234227055 -1945.6549679255695 5230.8518838055625
-4916.44621840174 5059.14247585669 2502.851741412349 -2554.767394954698 789.3478159718597 7444.538400875961 4799.13730942712 4971.374725405218 9550.973636719176 -8709.552159423512 478.1883439588273 -7175.747476071605 -4282.0667099174825 -4424.730512888786
9363.01452894268 -1829.1092970398877 3004.5051542956826 8725.142915194698 -9683.469092893214 -8233.580225255071 3833.677348010933 1858.0236175069258 -3644.5857475603225 -902.0250637604368 6618.758787978986 -7875.591585428272 -1622.6320293638782 -110.42208788985226
-2762.1971104538543 -1415.6682096119348 2277.86047181251 -8540.433764306088 -3855.4320835660037 2175.905086770781 -5583.602323763413 -1787.8820183592234 -471.07368623734146 -5952.924045334198 -597.259864709662 5632.932599325595 8626.153251802098 -9823.589699725273
2448.36723731058 -4962.480623612478 -323.76289650893887 -1783.1426935712752 -210.41617843104723 2520.8039225042758 887.1292900928147 8080.305918740087 4409.25415401073 5940.869812955654 6628.844297022359 1381.9228204522951 -7238.34953721302 6090.131443048824
-8333.302814808048 -8086.257199734159 3434.0055765148427 -997.5089687575073 -4780.448264757831 7128.192393573288 4495.366759545672 8679.776421605875 -2126.8938772926194 9771.677935255895 -924.1516350242418 -1091.1398247878806 -6897.51050763646 -6851.85447021505
-2052.1198228185012 3972.586814354603 -7593.470464513201 7884.928706703624 -4195.186931768535 6585.36391283324 5737.492032053202 3712.1421320487607 5139.724618551863 -6827.7519031556585 2272.839901576839 943.3045569708211 9522.346278132376 -8669.420329072926
1129.8976785852246 2099.909946760221 8991.211581105672 -8453.969447987149 6593.625794950545 -7113.310249344562 -8025.323893274152 7394.895147820891 -3964.935155164273 -6854.845382919099 -8987.787935789629 -8265.82961134658 75.61118466630433 7085.568297880996
-4292.710317504351 1004.206582738816 -8258.410276092576 3793.70294480548 -3413.6435717399463 -4725.4663750515965 -8037.827709197088 -1500.2938717903235 2541.383258696622 2264.3018573121462 -2106.3933497453145 7703.769742892589 -4194.446658761682 -6426.611092568799
-342.2482635726574 -6615.074608778659 912.4000534844945 4555.940182302815 7290.563465686006 -4575.494057908627 -3171.569969469936 3709.6314170277583 3046.544200118551 7047.118954006415 -3822.0223979138864 4383.695646911401 -4635.8616453534405 -6877.458368602609
-3674.601703288882 9402.191101431963 -297.3748824402646 -4520.519255654154 2377.781078703061 9237.416151401667 -7596.270471402902 -4972.754673172384 1142.6742981343377 9100.664465377136 -2534.9712533229795 4253.716396463422 5066.005700460792 7884.736271759655
-3960.915115295933 8754.915440910077 -3980.8179276773026 6884.23992940622 5064.609389427971 41.77182342308879 6158.464066500319 -702.6177387561947 98.27024337528383 -5402.425179895629 -6911.321828188638 -1960.1645108594394 -1690.3675795563104 -5677.766285979704
-1849.7068195792335 9312.031835329151 -7207.905852470755 9080.683276818152 -2217.4987601901594 -3040.972751071613 9201.805367368783 -3045.653358169755 2508.5592275987947 -4731.344535617918 3722.157469951102 3385.341099254063 5585.8850834741515 3219.010802623332
6815.857391964397 4175.399606464194 3915.404237633269 -2769.1696971208994 7824.880354874891 -8596.649628660667 3277.807664972148 -49.89257169364464 7955.148172622114 -9111.354462529413 9045.298412452077 9364.626083090774 -7024.0716873534875 9947.941550254327
9817.810319221877 -3313.7803345235125 6833.737281466219 3315.952890757879 4914.895544595038 -5193.988287004477 -665.7188445856445 9646.07253456191 -2820.0653691035504 3860.919265570037 -5937.931747100798 -1796.6460105829956 -2113.123366023644 8411.623477940942
9440.583111230455 6555.794016912634 5479.992920621193 -6401.825412690831 4165.213526674403 7036.084268018632 -6527.859515482694 1395.8658785353146 4385.378541673448 -5779.061702214952 1492.1137253764555 1079.7536520233389 -3312.7770309973894 9444.547414373556
-2786.0239598974413 5500.338669737033 1758.4136132682015 3822.1497622438965 -5659.3393354462805 150.12126014477508 4042.2635014309963 -4746.984014058833 -4326.961937285416 -8430.4444467443 6476.308619771546 9576.999306318314 -176.57058347998645 5033.956465030469
-7690.971153260167 2212.920402772401 -5267.556417427914 2029.1892636844477 2587.074956448234 8186.544482254729 -2237.1809021113822 -243.74301689983258 -4330.227569061031 -3797.573252065714 -4579.38398756486 612.6968310725606 8931.162931982974 -1139.0700707280757
-1142.6407468617635 1294.7871848437771 -3423.826011067883 9262.422448108362 4205.629125570513 -9742.821226830494 4720.36450146535 5849.789042576165 -3278.2158294189976 -4241.11307037059 -229.2458419867271 5851.287285704164 7041.775384342411 5613.544421497436
8528.53274643344 -8970.86846861446 6350.001898295121 8298.87327761194 -4280.860027260356 7912.105566673923 1886.812641687433 4301.334870021266 2297.7024172226265 8639.201520907562 -6998.6431705823725 -6411.589835761413 6502.093832860304 -1250.6594388066405
4540.009667152122 -5694.7684433930835 -2661.1363335924552 -7512.924365674437 -2585.751215080041 -9932.969380041131 -3705.5095307458832 -8962.966122028098 6936.20004789329 -944.39424508107 6730.821943471798 5120.630472013818 2763.275244936267 -1212.3508455806023
-5008.968054982443 1675.4246221524772 1636.0960875390228 -8223.8459037154 -5640.11013565612 -825.1850671775555 -5817.109872608963 -6942.7771587340085 -4088.7592311932194 9624.02353005921 -2465.709304288015 -2745.3360008640047 -5237.236410713184 9796.640336283475
-4043.138769141093 -173.82469226835565 877.4529606216984 3972.9915175812184 -9388.62542145987 -3034.569397101918 2165.795808663921 3404.0864108242477 -2159.99626081683 -3072.5133754502167 -5769.8224784835575 567.1041169495966 7084.912259918165 -4704.548724107107
103.09609097519933 48.67127231293307 -7745.383338715617 508.3968891320692 6831.41502949964 -574.0722636894261 1707.0568872654949 -854.1590212345436 3568.749483143103 -9236.601926728965 3374.00123819858 -6633.697930111908 -2938.634381206378 5373.519566405985
1920.6410800301455 -7087.736658905746 2597.197805105696 4088.933878136837 9467.178742535802 -1893.737918640195 6403.619580519218 7520.473905283088 1278.5102063878767 794.297297195988 -8820.910334150074 6184.738021964402 9654.058043000532 -2820.470819466119
-6801.198292284716 -294.9742038802069 831.4774565126045 9233.380218190567 6301.711732260908 -7922.261795514334 8568.945243453483 4524.020934773667 -3173.275199378567 -2979.751605579002 -2191.171633435564 -2990.5618908188326 -5698.237397438215 -1217.5590560763412
-3067.418369297432 4720.525796146818 1440.4616325866973 -8048.702885676616 -5540.6936120064065 -5549.603331601361 -2340.0106355633634 -8131.319326106068 2727.675363558017 7454.485884113288 4733.803629335998 5460.298282098351 5682.900603348338 5656.788512654213
-7482.384854432289 5735.444334388481 -4353.70758634015 -7226.76248780009 7527.098070439799 6864.859916218014 -1851.1902216388207 5260.109298662292 4307.490565854028 7651.008068266547 9176.049636504176 -5323.849819429111 7152.07016993791 3615.3934635517435
-6268.273806738105 -8471.602610643808 -9753.866509765725 5632.867834424904 9351.77463506172 -9145.545201688585 5936.408963502987 7743.048069983957 3538.7864254526667 -4873.1058883424885 -9183.26494966073 -5587.498992181117 -6489.221779627194 -9264.937597042646
-5202.837547284984 -8852.880202074253 5731.267771856066 6398.772080311806 -3253.493117737483 -4205.207846520667 89.21399505915724 -2633.6191943639324 1763.7342742387154 -2406.571606466752 -5212.484202917946 9564.897745586732 6227.520406246751 5336.760992729716
-1565.4340337751837 181.5245766969565 9620.532956528565 -7255.297880788996 8031.749056474924 -4620.701026592382 -9159.835864209272 -2518.6253044596297 -8173.785764334318 2384.943104812897 -8730.099052773756 5842.416016920917 1840.410640938413 -6700.914008679706
-9522.580365237498 -7507.740827027843 -2830.032620033776 3362.0712424640024 -3376.574434663009 36.39295659056734 -992.2342391063612 -1158.162798568388 543.9250518800745 -428.7117364835776 9526.32106819742 6925.050897530145 323.0596290841586 56.912823584771104
-1811.835205976924 3134.894523127192 4409.974512687191 -5091.786041309878 -7540.282064402563 7814.357220338028 9444.259596796579 -4026.7947475797446 -9920.883872141329 9446.90439047082 -7074.36469235101 -2056.7280712633565 5170.821154101672 9490.491406630073
7719.242153674048 -9863.139607831567 -8713.639451499092 -6058.989421830712 4081.569785720416 -3139.3380334261756 5817.628456738819 7234.14189121416 -97.66682604107882 5806.070030483579 6087.1995385809205 5949.670759597724 1656.960468907284 120.9122890128383
4891.149565202433 -3907.9936888633874 -1336.762200821382 -5865.205824737059 3009.355690256758 -4914.185362751893 -1072.4770969728088 -2379.2989753696256 -7743.545359711492 -9277.239285624622 -7581.688555781064 -9131.138532497256 2165.9182264224582 7284.226487834563
36.219413921518935 1297.9202666682886 -1914.7875006812055 -5431.3582811571905 6571.9613853304545 -4851.578160272927 4531.957437116675 3531.021981431468 -570.787491560086 -9985.260522851742 5584.177348233654 -5624.700684576309 8384.749316759346 -3849.831760348834
-3372.4920469649014 -8542.380782169403 7702.834518605614 8231.357318979113 6169.721759173621 6950.656233868805 4637.567924774168 3642.3200999825367 9725.121504886389 6882.094429670098 634.8532948119682 -3631.541142484749 3396.988299330462 -2981.3636049853076
-7253.407295484444 -3732.3288281403566 -7586.115118313235 8860.151702983825 353.54572206277226 3080.530202197604 -7891.039547979641 3360.4742818952054 -7995.8481959383735 -7750.20072140052 8847.352634269151 -1289.3366199555658 8329.40472793975 9855.01173315621
5303.417987737888 5048.728993762965 -4427.256087383378 -5025.933009583634 -1843.7478549966227 2896.9819120741067 8316.039080396939 -1006.2738437040261 -4138.265317930792 1978.0429676190179 7805.8320292553035 -3559.254751011822 -1544.2094119514404 7253.558170129712
1557.3637214543833 -2086.585270305388 -1919.481137744625 -4807.794845845828 -3509.67167937823 6185.163457560535 9287.825930836232 7133.087968059917 1539.4522991490849 -4988.893588551439 8245.032342004553 -2155.793058685096 8577.021062422795 4783.452305316445
9710.193386618583 -4135.752524507708 -5965.384364264608 -1235.7686676843005 -8602.217858755683 -161.06293674113113 6515.282917900076 4752.613341002672 7110.52572943105 5764.284540031424 7880.493474158873 -2868.2648738996086 4776.140629123962 8477.599197349871
-8542.273114670848 -5523.7896908028315 23.191819381971072 308.42292012283724 -96.3153265304918 -7883.111992780474 7553.83359270915 -5677.878181373295 -1932.5920357873702 -3127.553215285352 -5038.17558298371 7825.027184778111 4544.171011358932 -4371.542908116606
5197.545509284002 -3388.350488342293 9409.409185727895 -4989.264928596999 -4027.0264501230213 -1614.5864073751363 -5493.765679172413 -7461.7828184743785 -2145.7277362924397 4737.7904951356795 -3569.8399138476434 -1715.584303632948 -7775.644628028282 8677.574674559095
57.421973319109384 -1431.3291476817503 -9026.806823886805 6917.696959755936 -9689.44523567625 2932.7265241823534 3922.6782686049446 708.5556908985491 -3830.238614932835 7551.9761041732745 431.0656008398437 -9198.23562391968 -2094.2998034819 7587.592489515653
-2924.41160270797 -9784.64140588699 -6264.1652084932775 -1195.1876544529296 4535.98110179289 607.6132431588812 -1111.485490850011 251.22255219389626 1492.4767560682467 -5736.326406930143 9772.503494405912 5626.869058730077 -1283.121894185042 -5766.861195703741
-2070.162520968961 1366.9834806307063 -6113.573686068741 3409.2884200155368 1367.833142375248 3332.052146859687 -9950.841699360737 743.6260074125403 -5752.670524388137 9296.676484747979 -4090.3384399312245 8063.977437692487 -8470.765181405133 -9850.839097154168
-768.8385454289582 1650.1327205066682 4872.912408430206 -1611.7497274173002 -9520.854728429082 7948.522686129159 -3374.695325729049 8400.194151580901 -6218.5768446098555 -8485.528416210122 2194.188558849073 3201.5394674512663 6306.989530458879 -2326.529044096943
-7169.839544282903 5809.4688481428475 -5455.414567641353 7033.018080782022 7354.30744336261 -7747.525876546521 6564.955149844533 4420.356776854926 -5268.040603576016 -8050.179815758387 1226.5593749021318 7229.811515441481 5318.2990237147915 2913.943333819636
-7017.3833100711745 -4276.213252160701 3926.6911304542045 8530.349502785102 -1481.5755358492515 3313.4753548747285 -1903.1013983836 -6099.730695775112 -1012.5498692110759 6838.433625707432 1443.3011231779255 -3188.000095415895 2459.50020515741 -6482.678419102017
-7927.048977624192 251.97180273671984 1070.0859424635473 -2834.360256024158 -110.11842890672233 7156.466873593457 2703.8148167936306 4757.599071937166 -8479.794014815096 783.4777811650056 7228.253552289087 6378.265823374853 -1467.6424862054355 -9930.223412045685
-1920.4212616553314 -1369.383492801595 7366.587328073321 -1833.5679701607296 -5823.313120504381 -5354.920751964891 5066.341695762065 1875.8811487118182 -6218.827394538646 -933.4997801469108 5725.156542799956 3597.5155534635905 5687.9631942927645 9449.860406711388
8797.155138670772 2542.7689923336457 -308.33190648581694 -7.050661675999436 -9196.11948986015 -5414.0797672764365 6161.567769829082 4247.134535030418 -7689.765070367039 4872.307316395345 9380.768219659694 -363.5095201849399 6566.443359358011 5212.263300426781
-5860.100168660442 1371.3426927896417 5447.006159574477 -585.0589751311472 7036.379142215406 -2239.1653179044615 -4667.127612857505 8763.678988200605 599.2495397949078 6642.257713672228 -9876.751724312793 -8642.144217886458 1291.4526903646474 6077.321690335819
8950.624651109454 -3711.313844499613 9587.92354019378 8662.744023573203 -8010.405178843643 -3215.5184972833204 -4648.953003924399 -2366.9495321826143 5843.701723265247 -7244.304229320131 8751.58329391542 5565.239764664348 -7948.4766841681885 -4145.918971898175
3081.8366019674195 5503.1576897057075 3901.9212890128347 -8708.830038023783 747.8816554712794 -4806.263547772082 9765.026698242596 -6648.415726437353 6782.1775305449155 3856.6133273091127 2297.523776535587 4728.076973849813 -2564.992689823791 -8383.797320219857
-9504.540163261996 5865.710518547228 8126.949206311903 3620.669269459948 8588.618379321808 -8630.17356413692 -2281.3023183024225 1125.19724697096 5395.432048134591 5209.034098868689 -2654.3174261928207 9302.232489371992 -3212.5502391729733 -9707.974004235017
3546.1833744252817 -3873.260478970775 -1182.998282512257 -2253.472179415321 -9160.839250785562 7731.028701592288 -3883.6835241533718 2924.818417022414 -1127.4494239225041 2917.7195006318743 -3518.5829209867743 5610.166878997592 -1736.2785084861516 6495.671934108581
-2576.6494564375034 8232.160444919173 -971.5076279248879 -3091.1651958615075 -6839.537572962254 6411.075981079572 781.1417756055762 -3204.9158198338 -8508.333823824436 -7290.530628026443 1244.9563832828098 -8282.489329832293 8644.796469567169 -9656.263696856902
-3479.362707254092 -8396.01199111021 2472.940339878898 4961.217591541856 -3167.3864900773597 -5543.281185497981 8537.306600377593 638.9763742091145 -4911.461929846892 -6362.690558242581 1566.679420708395 76.4716765357025 -7865.698395693746 2119.939313233872
1829.955077652272 -3108.499158945703 6018.571484995495 4248.7369571297 3020.120117250206 -5657.949171468806 8812.005212587876 4841.057949638065 -5747.36199265701 4856.467907656388 -9447.109629196797 -8546.528334087972 2531.562562889085 9245.281178036734
-3843.972253674723 -4143.707591918335 -1739.9831974081917 6798.824553364277 7890.733142041521 -2224.387146573348 -3610.025946799793 -9854.2610946042 -1486.2486675681394 4015.0307145500155 1220.472871552458 -8937.461619774576 629.1161367661243 7433.926384394421
-2691.824988288614 -5444.061633623831 8191.163119906425 2.2769833809124975 4095.8245078072378 -8355.85968242827 5377.386538407614 3851.8006045805996 -6454.437324027618 -3111.7779876113345 -4925.002160120464 -7378.313288360807 -6189.865347928533 186.8266315571509
-4369.988276444714 -7868.321156462143 -1653.0260742928986 -4586.059926833926 -1801.7687121359686 1608.3476862396692 -8450.546181365082 8324.606914918055 -4818.597516170901 8522.963673061015 -1206.212585839181 9738.570213491901 6855.775994309144 8519.369419333692
-8462.733254025787 -5310.975980817851 -3206.459657698366 5875.125752157515 8809.341830982703 6589.158661267884 -8458.360266360041 -1758.143972724538 9133.24854233834 2410.786934749558 -3933.2117377531176 -9259.373340461481 -3437.7340962489034 973.3753925263718
9036.42435414697 -7422.568928036521 -8695.162834663752 592.3989394281562 6856.825522590025 4160.898540791644 3984.0209351381636 -2989.7713651323766 -9550.65696165431 -6981.939939389345 5400.821707659097 -6777.950044161109 -3593.240486626388 1114.1354540245266
-2306.480879375612 5138.382782017312 -1731.639913590816 -4198.573183046044 4378.955634818789 8093.11915992459 -1435.438724577256 6578.948391469214 2448.3054386431777 -2160.8872534112434 -6055.349108408077 -8141.270042664115 9927.703601740785 6932.693264540685
3673.8268128991695 1091.9210568167055 5802.483877180235 -9894.064594322288 -7222.176684871087 3512.108924232509 1951.0060218945528 -9671.659547778254 -2304.772594754596 -2082.3402631571607 7368.256984691292 9299.396728374588 -8736.765205730417 -8833.543320527717
7008.42772370097 -8249.743458263521 7980.93963479259 -4989.342024351305 -2600.6910392648197 -9334.716143432724 -4659.212346421453 -4867.149470543919 6467.6715156461505 1191.0385375642618 9156.25312853093 -4575.89759668543 6696.219890157001 6448.990756422401
-2646.172402143514 -2103.00909745275 -317.89316233228783 955.2241517827078 715.1561216849768 3805.5753253768216 -6976.526068916957 -1487.49621149642 9598.21590698586 7866.870327506051 3263.2411187131765 1864.7032329908434 -1833.020361628217 4955.415625316107
9049.012104555146 4976.67170792081 -5467.856455878561 2829.6993473972725 2168.717384301639 -8234.83200361837 -9572.28576196758 4353.5827224686345 -9488.543483110594 8487.8876235508 -3022.0456441250444 9720.827290045396 3289.30940571425 2919.561806970627
5721.729494845 -1493.7364182116817 -4824.899920043915 2212.872342309689 5045.5661461854925 8116.26185331964 8410.753301093671 9142.991634194921 -6138.967144179508 985.7429281668919 -4894.423308315612 -5880.9161344375325 -5789.954672803737 7609.117757328193
6204.04840384829 -7932.488195700953 5030.02340187329 7165.325743533216 1848.4696344060721 -5854.4296535470285 4131.600744834503 82.48952550029026 6303.309211496675 1960.5743340506087 5375.0005922103865 4933.970054208996 -5237.140708209733 -546.9962192643379
-849.7827627114948 -2573.4249467098234 -7502.883172518892 -1196.4184032127814 729.0919862959963 -410.1144047131711 4072.2080528278166 -6852.23936745269 8608.27370759481 -8695.049217552962 9535.280151520688 -9526.833159122396 9136.709871448886 2937.6074322247023
2592.8216932706528 5450.295232504404 4918.440710865239 1636.314472585942 -4399.041424580306 -711.0432720895369 5941.780283899687 9708.86392610722 4132.141434070791 4035.0810538562037 6204.776431838525 -67.65308453348734 -313.9780695999725 -6716.509906363211
6518.733390600009 4396.851093926845 8354.099973642642 -7144.50495876123 -703.6722081587559 3824.4097039596654 3594.9394752900753 -1002.1728774192434 1559.2389860583753 -4221.159244873777 -3918.2836410761165 -6509.0083026759385 6175.293938097137 -4164.166306283543
7182.430255720814 9259.604448774076 -6698.661098386332 9596.387467219309 -7718.353031379023 -8796.24030265268 5863.800405533448 1701.512106444754 8146.7708027634835 -1216.660422633906 -3154.475868830471 5431.230795519958 3120.723133768437 -3281.2228164888
-6439.865253117094 -6052.600142442661 -1881.9246551745164 -6777.818992906977 -6197.9801046192915 -659.9194093711139 -2271.0133881266793 4305.248077814384 -5683.9263583856955 -1442.2505339030868 -1740.0797447592922 3649.0294125032833 2704.968937656011 6059.070864079506
8276.710531668316 -5172.389429519752 8386.550945739058 -3534.7414543111454 533.205667892973 828.7471739592929 -2616.8453949796185 7432.073821587783 7498.853942795875 -7937.324324414696 7636.404034630268 -2512.719107074059 8370.555742735029 6318.249735283109
-68.58048156013501 7043.232402960763 2166.3541425037183 1060.8665538909736 -782.0201035469127 -1999.0900071369215 7312.657716159494 -1347.7328500152526 -9756.388430740892 -1321.3408878019272 3230.950367053212 9202.807943100037 -3202.3001723758716 3235.393076621918
-6567.224957738756 469.51012273657034 -4864.675881457019 -2036.343331218991 -8242.724371091255 1500.5878003938597 4683.735996483563 7895.235717213334 -7276.174003304063 -8783.697160615398 -1601.0203359623029 2097.350542373908 -2696.3728167270347 -7499.251230787171
9233.816917944801 -3007.885262626178 -3600.6195258071048 -5371.197752664052 -5856.1436967284 6584.6629006385665 -2632.8459482469534 7099.524285971973 -9155.041242474217 -2990.712810742333 -3616.349590997581 -8119.346766462839 1713.1052741234816 6284.911394309007
-8373.23309762236 524.1433062119577 6597.3924321077575 2798.6553668018696 7409.501188673588 -2615.0192298745396 7887.969545002685 4115.119985181829 9778.111897266124 -861.6684486678423 -6418.48114789874 -8040.501121476275 5539.6497236870855 -8974.07900018228
5367.951906846834 -6513.783845186911 -8443.996040266853 5444.307758411467 4668.048227290761 3638.4307027017276 -3098.5019517215906 1771.4450521122344 5688.71644048286 -3315.4712965984027 2646.5897616143247 -8676.841756526352 -4712.634448637756 -6984.0208692221495
-1195.4982455603695 8690.958740496582 2966.379801474339 -8121.105800877351 -3464.9223474069267 -6696.398919264719 -5346.231929754832 5137.24968467737 -6044.25826368647 9987.139677924999 3145.2447796026318 -8117.891691028345 433.0886792969395 5297.077904993126
1 14
8854.568669083594 6358.755824854796 -5875.5136798556 -3957.993003689995 33.47475701585972 7004.328883001206 -7990.457750259843 -6195.650118819909 -1654.53800963721 -134.77069225289233 -6670.508458094655 -4751.247311951989 1450.2626217389843 -1940.6221317227228
