77 2
1008.2455232498487 -7701.744117460179
8770.356181298579 -4527.67476327931
9537.176218361696 4089.427498541687
1789.7258887528042 -7211.901561207478
-4664.266559473478 9691.565002557953
5670.031179530908 9293.209480129703
-9602.129685536633 5583.911836457446
-6718.3384530842695 -2577.2129942581178
1508.0841011412558 8740.124075383563
-6395.622258011092 -1189.2519406141018
-7353.81560615958 2773.068645821395
1588.4406270578238 7529.39796586115
-9097.960944571585 4529.964135517648
-2018.750851315005 5501.531961740524
1214.5561319646458 -5889.089357019017
-7420.062069643289 -6136.14712360748
-3113.1918796378222 -3832.6837668764792
1992.5263659887605 -2081.3470916494434
-5692.279912576008 -5717.52018722196
-1290.9483543131882 -5518.04955722085
7060.255761557681 -7468.966544613709
1992.100470376021 -9840.649556765315
1679.3343333025514 -3039.493315210897
4305.113181449933 -8348.221517082542
7223.450735535294 -2250.311525600341
-3265.9349913516508 3728.6191628351353
1750.202008022923 1874.1234898327366
3100.564636811385 -4544.396440665646
-7.764306998822576 -7526.248236264022
-242.8631635233287 -7386.362634816693
-2715.377220824127 -531.6194029162925
-1540.4373514407052 -563.1222060165928
4932.397197483751 522.1416700782065
-125.98356736441019 -9221.00317872388
930.5938304836145 -2238.0908459875927
-9484.69303574948 -1132.41740351292
-1365.4262493670412 -8755.804627177775
7266.436325123883 7437.171757396685
3703.2177944792784 6725.431597088489
365.82036828752825 409.8720977944304
8220.018529375157 -5217.976578358754
-9108.655254134177 -5219.453138396803
-6694.545560925473 612.0409422268367
-1896.7204495577762 -3688.324166985073
6476.473030365498 -1250.4079044451482
-2547.0558263068297 -6715.186563235911
1393.9811962077583 -6517.083530174419
8812.949625133362 366.6347310361998
-4219.985261709918 3813.7947165563874
-4711.384110318828 8029.471046688595
7853.413673795549 6613.889527841886
-7146.849814422438 -3238.6904253781195
1949.2165514364206 4485.599291326462
-114.61214098078017 -1101.0194446222558
1633.1222307390817 -8462.703618510208
1586.477696980368 558.784974542521
-9165.32988385033 6604.9615605451545
-5495.693333528342 6266.750528459668
-3880.4059849867654 -7848.205228904706
-200.23234522913845 -5292.6464911253615
2538.558650349547 4552.541231869554
-2953.5477890615057 -5640.851354119354
-5837.241480383248 -5863.801143753564
-251.37421764834835 4118.991213076035
-9489.536240168354 -9537.045615425615
-5947.168103394282 13.21148198786068
4056.5910876167673 4606.1775533850705
8517.651059978678 9951.877304574402
3456.7230533211223 -5525.05616109485
8998.829667012338 -9871.390582190414
4902.765005805879 -4356.6718141541005
2047.7301914059371 2144.549824069967
-421.83420446756827 6105.7183080490795
-2446.6426243902606 9178.303142924018
-1833.7877780023955 9469.01185284953
841.0872940082718 8742.351269874274
2483.128013396772 9519.328819577593
1 2
4087.065523796862 710.0704945027901
