34 20
-9555.449027566672 -3135.772473033682 -8562.362573455292 2476.2140211156457 8153.624750474297 7284.9031107508345 1242.3666006650365 6328.215542957998 -1161.0763527447652 7225.235553041588 -8550.208257415225 -7405.357110609972 -5089.109809215742 7731.43044062013 6536.401347000872 -956.2638971867382 8757.293510234103 -8843.679903732105 5786.48625943783 -3624.7523883926133
5196.55097196012 6422.586756542169 -5593.84981158378 -8994.632065063986 5036.790031216684 4506.459769541163 -4431.4087617329005 9627.837797094813 2501.1936764425755 9236.332079497239 9902.808784754121 1205.7289255639262 -8428.674774882465 -5852.973081734347 8577.014067621567 583.5241659146086 -1740.182037649418 -9606.788905913318 5672.098144181991 -848.2909784623535
-2225.271345312156 8749.941269826824 2697.213097129792 3795.061951872369 1483.3758200473949 -9325.077016751655 -5096.225430244259 59.281506858756984 2021.5515755022407 -363.6273980655642 -1338.9105492133622 -4373.331077454383 -8243.165454883798 -9428.713081262156 2432.125654502728 -9477.876471577818 1790.3905581628605 7066.723206721013 4715.116559664208 -290.6642268952364
4366.802700583699 2442.011088508174 -6021.042082220418 1795.5996970551168 -9863.979940002066 -8743.130722324144 1741.4332671461634 3715.416151014053 -3110.939384174112 -2170.729341520703 8571.54183853203 3026.23431124689 -7994.105869160897 7022.79537724466 7908.9453955178615 -9714.099324485522 7816.193354998872 -5533.500359179242 126.10567729013746 -962.1920878093861
-2943.17558550546 -8869.878981101414 -2700.847498267256 8828.076371550425 -9748.311363818142 2491.194565817208 3799.553993732243 9616.341914187433 1037.4240997955658 -1639.3939658046093 -2585.966006799774 5288.195292022279 5098.9156562094995 -797.6028786174575 8836.766856032085 9820.914706605025 7162.772440793273 3597.20267873418 4618.836962472431 -5391.78484288495
-3112.828587179515 -6096.8280067567775 -7123.209105048298 2451.4404640046014 -2014.3586373939224 -3155.3317009104912 -4885.342855680368 -3015.3750243560353 8350.193487761102 2768.3358611272033 3261.767838107162 6826.397289601031 -6485.780445140621 5033.453697386492 7432.563285806362 4173.710853080893 -2031.2211241141822 -3874.27072076487 7429.63459666539 -9914.487626383072
6896.905006475063 -3465.3103722839314 815.5909732985365 7977.087308916045 -9587.641900905759 6165.610008588434 7043.114988907411 -6363.655114010833 6062.043883881202 -846.2271407026437 -9979.29921726614 473.59455857214743 -4515.335998311194 -9858.775795046808 -7916.165453045889 1700.3606450048428 -323.14484148044903 -7752.005704784257 5812.0021865848885 -3979.174792863316
5715.292037795567 -8825.345453227888 -8350.263585775921 -734.7773101522052 8288.754895128131 -4532.840026827174 -1297.4039550634207 -3908.6841281992047 -6691.014007265656 -9108.091193104738 -3569.213394254265 3718.2586797224612 3650.714532774038 8981.943261381482 -9670.931657232557 -8182.472651579021 373.9283178977694 2797.6722119546776 1189.173124361505 1730.5451591819183
2679.638765792117 7513.631375278659 7531.3721628770545 3171.5819096270407 -8108.377170702974 -9403.211226742293 5278.024384651717 1995.920495659495 9238.543655476442 1414.0122805786086 1205.056038922261 6456.923305213597 -8569.07345304015 -459.7364266230179 303.53387360133456 -8512.956147277235 -1176.1763925131909 -1635.2791517414535 -595.2375611339503 -5126.644274610754
-7237.412704041171 -6380.793911980152 -8926.322549277758 3663.3060588983244 9758.348138573288 -4843.928333121717 -6742.595012569148 -361.3589884503999 8845.091925324963 2654.2115482085737 -977.1123023654054 -1253.702764041369 -9311.492446663686 9885.001139535732 -7081.433914186883 -5826.922056357748 -1450.9170133179068 9868.190385823236 2240.9718354338893 9145.170891067683
-1465.906568241664 2484.711294217679 4136.142904667475 -4256.798004844293 6494.008867873705 -3335.584767892923 -9170.4987187817 -174.43023398646255 6290.120227185289 -8440.46403043779 -4816.736621076929 2139.364984903332 -8303.253051245862 8805.349135117161 43.307266498637546 -5547.081365976905 -129.96355867702914 -2065.7483371934713 3710.5397728113367 8444.06373166401
-7847.9557015008995 -911.1060334181966 4110.675225167639 2232.5316099572756 1733.5090527114953 2329.248505130514 1258.137427000327 -1511.7429859278618 5877.075015030969 8673.158328832102 -720.2656977828774 9772.175677526717 -7246.3691546564805 6596.514551896395 -261.5504618426894 4602.986936341826 -3277.9420738402387 979.940559815901 -9129.007939885767 447.50559414950294
8656.780781417863 -1015.3981276105696 2381.0956108615737 5508.048257281858 2925.386731028948 -805.968206535621 -635.2163170612494 1832.1493582675157 664.2882555894666 3428.7010341004298 -1125.3236505407276 -2248.0408652429196 -5060.1232215786185 -4318.1935225594925 5215.052684564589 -6752.397954252645 7785.924356315518 6572.152074088535 -4829.306964766471 593.9579661621647
1290.1493709599563 -3803.0565270441284 992.1645328487448 -9898.903710205788 -4746.867876401521 -9598.127922898093 501.6958589091628 4472.7132262343 -7239.9052082517 8928.60286135197 -745.8434935720943 -8691.36221571445 -7973.070645237397 548.8020226575536 -7745.198628509639 -6650.362152300888 866.9263081031222 3566.1918104848373 -5520.912552287856 6984.0320616592035
-9453.659447987951 -1534.941510976274 9870.53738405693 -9786.31118820123 -9394.891010660393 -9404.914547568686 -8954.176793556333 5625.30638575424 4069.1744446756766 1240.3910600044674 -5375.651644528674 1223.138476142276 2391.463662817823 9570.058367950835 -7672.674239118942 -1279.0739859788719 -6819.234664998197 7760.038553351722 9539.93662726703 9045.193798860466
8793.040084736087 8688.629335619244 -9715.76008835762 -6746.755006573008 7528.232039882198 -6945.956478960887 1513.5883895925344 7907.308664691136 5213.771953240834 2855.9425982102584 4075.8200811204715 8435.203241738538 7032.78706684088 2994.8271473166005 -7677.130251956254 -6711.571953074606 -2114.1179254181798 -9822.692350065789 -5719.38389017226 5142.368828199751
6978.275407834852 7993.716536358752 4455.708002343779 -3333.5697379824205 5988.547958323001 -5725.317845856279 2611.2323578839078 9631.07355966678 -1069.5140549686457 8151.625546837633 8116.424187202418 3575.171426863626 9078.737618459407 7357.24721284613 -8678.944319636386 -2.5109953211303946 -5043.657663409096 8152.5453486288825 1784.6578182750964 2185.1111223189055
-8118.344948113294 2681.3563150619793 -2596.0196162915363 7880.505747983352 7700.855043452993 -2223.2457705014012 7786.362427900018 7158.040277703214 -5098.309497042961 7854.812972037151 -3439.4207646482355 928.7973928449555 -3060.6012166253786 -8609.154098150197 662.9153303526382 8888.59574780678 8181.812533845819 11.111033734447119 -2087.7451647948365 -3390.294958279156
-9558.076574798877 433.9993557155867 7406.314415031302 -8312.648463259158 -5570.508513601744 4128.106849274014 -6997.6124951334805 -4816.696087662657 668.5616250752282 -107.71254891190983 1572.1391172030599 -5892.6694836850975 -8301.987407956727 9338.844529949929 1520.9725885513035 4158.079318823691 2029.3653729799735 -9575.63474105249 6772.985801072144 8080.429331364892
-6452.49810728256 -7661.66895014869 828.0011050664561 -1605.115820618632 5888.869829240406 4222.044087740553 7041.8828237616 -2417.6459726733237 6502.457966180944 -8234.393316351283 6865.641126894192 -4410.6070431492235 -8309.65935343022 8825.835197677581 -7447.235955411999 -6635.299941570079 9377.823837838794 9053.05837471546 1165.609090150263 -7213.514908157473
-5680.6007843824145 -3046.54123301066 8814.274690075978 3407.0129990908717 639.0797604405816 8990.581237058515 1126.4323618593717 1248.5363922814904 -7678.649929434169 -6129.631893696525 3213.318821527366 6604.281710430405 6281.437961872032 8192.063723442334 -7182.378913099847 5100.711121563087 6970.02227931884 -5764.469433883941 -4424.005806695696 -4249.081023279351
-4157.282572629828 -269.3273006211657 -4134.246037604501 6373.877870673457 -9303.777100554427 -6480.274871970082 -3507.871048539393 7731.137108242077 -5891.827232700429 5910.215269604863 6120.890171689978 3644.071256440375 1588.0556760634481 -3751.344862401489 9926.004077756894 -6192.503634963169 5935.616767206426 -6131.712156829259 -1100.3914160103577 -701.5017067304561
-2340.777470807192 -8403.854938642298 3109.4937429228103 5258.4029063153375 360.2799450368584 1451.8281247101222 -8886.283202136714 -7797.455725086782 -9160.052689345908 -5940.876737925686 762.0087050833918 -262.44958359223165 -7676.251208394544 4156.827957747024 -9543.325975866843 -1854.027507525926 -5500.7590843320695 7320.351504365193 6038.427430686126 248.87104052821633
-6425.347738165181 -859.6684675604192 -8695.154344986158 -8835.931099233636 -658.5213187499976 3110.0253377427944 -84.4534059300131 -2617.6226657653024 7150.502251399368 -8537.71652670448 1995.5310900565619 -149.8370317580393 2113.5154707028705 -7476.210653193145 3774.6985459334064 5975.539377456958 9004.987965138967 -1958.6299441620713 9068.212494324722 -4962.85008571957
-990.5091082638664 -9514.340224001782 -1321.238383203372 8760.755554780564 -7345.303036351483 3075.914156735649 7633.743205342107 -7884.599765603329 9829.63727084775 159.60754987234031 -3520.9046155977376 734.5971943180302 -9215.23663237127 -89.40252486467216 4583.444110431245 -6971.801636077337 3108.64586446067 6162.515829076052 -5420.702896667928 6690.552834176728
-4136.270329685667 1779.3159466564994 -419.48495345134324 4561.182630527925 2850.012858848593 2420.59911228915 1629.2788509999664 -5289.966343198922 2863.4753465801314 2250.3967625836813 -8179.692052205425 2226.3003287896827 -6986.0314653859805 -7596.620282633524 -9602.572691444806 -2469.6035841315925 4300.223096648948 -7616.276500270895 -2886.3006056272898 3568.968421589223
-7606.766027691831 -5233.190762073627 6841.497313496708 8224.023838932331 3488.213614340437 4906.492062982277 4344.713289505406 -5981.248780768443 -5071.489313681603 5698.955441941289 1109.8997564437832 -1544.3753128445642 -4629.388305136217 -8788.407651336365 4406.382622245354 1208.1416622269026 202.78266161106512 -4736.2086896664905 -2203.9849061911254 9470.28007470816
8007.689449832786 818.7028127610447 -7327.482936445493 9256.535336613451 8224.95340708112 -2462.97704402419 -3123.328656417263 450.2920327301272 5927.7745805393315 -9223.759578277748 -7772.520459027297 6830.167036305 -8751.720911216391 -3151.8854070589696 -9963.481629767004 -96.52764602983734 5669.2827943683515 5813.247066593756 7698.073866044484 -1165.5139351426005
5941.395147163235 -8823.01457333343 2136.573038760518 2056.6917719477915 -446.16252614379846 6773.643283998517 -5662.281380589795 -4813.545953229134 2976.4970703628296 -144.42327384303098 66.37226532808018 5089.723844064147 3488.246367830534 -4455.452259489379 -7965.318867097692 955.3451637903436 -4285.33146392369 275.82580327699 1638.2822908683556 -3641.928152217207
4931.368980782734 -6192.966678747829 -5170.506183113311 -1212.1240915655926 -1668.019785716584 -9463.011968608598 1337.1293939173538 -6539.782342705503 -9307.588211816224 -497.16836757198325 -1857.5750058571748 -9678.783315678787 -2072.229440260562 8985.733379110581 7307.190374574257 -1638.6498479694128 8670.192124299774 5402.08496540528 -9247.093262053964 -6034.742355894842
-9293.625154680636 -1550.1249324928885 9506.804875974198 -1790.0669816219379 -7743.648711601276 -131.82446147048358 3836.329414141892 3582.3437140060014 5233.273928817787 8526.810035417515 2050.8931523450974 -631.1204462053065 -3044.7222136019736 -8607.33750827999 -1431.0331922141377 -158.7823462457909 6424.201711380858 4083.5361707816755 4884.136142371726 -8424.283238837417
2368.896729800683 8309.660490438317 -5796.870715210977 4072.0854261506847 5374.654137657984 515.9801914993986 4519.085206765692 -1452.5773466687733 -2596.247593321881 920.8555372575138 3010.214396044581 518.2485719463875 4796.808203829909 -9371.928460748008 -7886.095424752615 4661.709151891666 -9486.014056341855 -4266.028102959028 4128.064884764533 2573.5116748401124
1408.801904191443 -7190.600736680888 1759.7330783700818 -4822.959457978111 -9407.87129158009 8524.10256383186 4793.209619986557 -7801.645507999228 -5662.302615278653 -9481.082024004425 6998.718716630465 7449.008462879185 -1446.4263026839726 -7323.199601216171 1431.001384562176 -9397.726458794357 2378.6780947567077 911.6150220021827 -7949.204918392248 9133.705475699251
-1292.3397514661756 8125.329545389701 -7486.053206351846 2517.7958714446013 8815.859515136715 9858.193647174176 -6224.475562093654 -9459.897941699508 -8995.494585400344 504.10545142532465 -639.779750583868 -7383.984221638491 7503.074147726293 254.2542187300278 5779.790176780143 -1146.1691371855522 3519.9648909204443 -3606.0355034506038 -4244.856470307743 8957.48392661125
1 20
-1663.753947749643 3639.6679936528235 9302.132964148765 -1227.7652527845166 -6479.399287621602 -6583.451699046125 -4345.387512402559 -8045.809659158814 7534.575777352686 -4095.8121246287346 8255.337540827157 -7266.120631917065 -5570.415202025545 1542.9509145526208 -7414.168952382578 -5112.374301862388 1778.4531196975622 2562.8044997759207 -6719.395538999668 -4087.6713672380174
