63 29
4820.104865653822 49.17717999350316 -7793.5855397165415 -6084.175702674715 9089.387898446053 -3819.0522157843734 4173.342136073299 -6200.189170426227 -5039.508276062054 6264.430621179808 7459.44838469732 -9871.614393442967 137.67952863165738 6358.614053410474 -4831.845302834526 -7579.670240217102 -7036.846822874326 -7570.1592966739445 -5201.994890169286 2523.9546173682465 -8777.512386387056 -3121.291503811559 1228.5825674622065 9007.795759893073 -4849.5933152141315 -9530.04295799393 4317.76175567586 2593.377177625587 -1110.0333351097051
8677.543698620917 -3389.648425001875 3685.7122065267104 -8775.965353518608 2246.8762736847184 6041.227829035706 -9918.081938630654 -1809.3188742454868 7707.190124737834 -8581.266460976105 -8462.810572102224 -5675.5310501635895 445.4611618050167 7351.266562504861 1124.611539130854 7438.831055582443 8223.565558784383 -5850.220428857813 -3576.5572885705187 4428.529541536285 9736.468327252893 -3243.6414127277603 4047.47628784281 -570.4201515540481 9058.478402859466 645.6161288557196 -4645.54165203914 -6327.058786017438 -4996.018827503072
4948.325453228059 -3847.898414212669 8441.390257435778 8773.92143667143 1200.5645409586414 545.2712870007108 6925.595674708882 -1004.7625307599337 925.9052757426598 -7225.406911465119 -6696.140227769045 6202.794932021616 972.4278634941911 8233.623486091765 9844.601550759973 9434.522353144788 -4148.371689589479 -6900.28288054761 -666.5639480758236 -4256.683718695306 2483.623999951322 6174.573761562964 3868.6826439010074 -6596.368772109618 -1188.1454138270747 1282.785339635213 -6029.210680932871 -9341.011522024717 -6713.883622844838
4789.401900544593 -8150.960449292637 -4809.32301787156 -3597.844531013954 4959.472542640735 5018.943085032601 -6149.31195453255 168.83626445992923 -8578.82059609265 8186.662570030905 3288.638982272405 -9583.408082438089 -7079.250320575951 -6284.011104062041 -2835.095370023384 -2919.7348931238084 -7251.64838029276 -816.4035079179794 6009.663506023744 5182.929005764518 355.58049222207046 -1654.42471070592 324.46586963787377 2679.308404703286 6872.79584527732 -955.7366452971073 1825.7292370259147 -7559.109717792055 3665.673808804726
-9290.269050755309 -2227.048915162908 -636.0672828111728 8167.545840151306 5692.906400307436 2305.9464028406837 8405.605716801427 -3968.283883122419 6621.968515091252 4965.333334015857 -6815.589901988644 2925.8356951257756 9176.144807336561 52.64379020615888 8453.964739011237 9835.845720995014 663.6136334228213 661.4367238084506 3391.985038361665 -1271.3948377765919 2639.0485568152526 5110.3873326221365 4520.790050104977 2057.4923234248963 -5569.657574864575 559.2672162574709 -1784.4740006393095 2003.4947780795665 4043.6899686073757
-3702.4655582983532 5176.505352243741 -2794.8049021358347 -1951.3574868826563 7521.77959003907 4859.9452974217675 -2138.0992437548075 4433.8640255172795 -9765.244260978809 8725.44625060034 -3898.2347831897223 7838.126131067667 -278.8253933622782 -8399.542688602183 -4517.65537819274 7010.3143880426505 -4507.1240729303645 -224.23927205033215 9886.649598886968 2575.5131055221245 1605.3597487028565 3124.4800042617135 -860.3457427196008 5351.251402797505 852.5067018413156 -1822.879839131293 -396.3916371484338 -7815.686893124775 61.44461663124093
6008.982637510533 -2206.9635753873954 -3935.9551392394533 -970.6616925060607 3454.8679030661406 -7578.159647617273 2566.068706971604 9205.748754849916 2981.1324383549636 9468.841740977678 7636.202843996172 -3504.6053281453696 6686.927569810203 -292.8082592505725 9626.090217616209 1264.3224910515164 -8220.593446521589 5401.991385939535 -8863.821001376748 -8583.663358208123 9468.835498323213 4460.915675916243 -2541.337694883665 1953.9444339897454 -9148.413831760623 -2274.4315819536223 -9459.66437017726 9835.349262814005 -3288.819662349518
3074.4730178471655 6560.4002175678 2900.558153156855 2856.9268201304185 -4087.5641597590784 4480.058849597512 -3039.80211875249 -5584.0148059407775 -8436.372947236083 4795.934443185648 8152.595184611313 6686.809260829221 2780.5815607898458 -472.45278664513535 -6110.087487873927 3884.983512808316 -2976.411471533209 9016.411820738093 -849.4120847620798 710.9125729321895 2330.5643983939754 -1311.6515397327803 5733.102299283899 -211.2262928921864 5226.06294157252 -7859.641013687431 5763.493840375113 -7685.300651816997 -4809.596698935555
-4647.60795831284 -4654.279461429042 3729.7825069784412 4174.751464585523 -6440.334974116439 6151.209521270315 8153.9532534151185 -1198.3269395482603 8497.380932327087 8744.430395878808 5526.796797192004 367.1390204288691 815.6039325241782 -4167.369588159629 7360.727583022501 -2176.6015101057355 6137.266873678367 -8079.940906606728 -1267.6439703356518 6048.755298778273 -97.15414991311263 249.10926676343843 4778.91748281404 -916.2617275737994 -3740.01236671927 3298.1392129313717 28.372663161577293 4481.7430090165235 -770.3863943627439
6013.756513560549 -1030.7778247066435 -2453.904685378887 -3752.256098167075 9616.706783187881 4618.490570195992 -9016.534265975648 -5836.627552158841 3281.6536476354977 -8104.8502828935125 8216.185822610725 -498.38103497132215 -8572.588396434276 -3168.315707676772 -6467.634751526343 1619.8226886321827 787.7702369751496 -3220.7509206634977 8641.20921326756 7090.798616219468 -6455.843427506636 7465.0092887518695 7477.805306757578 8602.979302100619 2683.5508709808037 4020.98814201355 1999.0792232913172 -7457.839017916849 -4756.227163762321
-9579.332789327886 8282.572155961901 -3211.1268830653516 3520.356665042995 7130.828595301024 -5121.2182719537695 -6003.361552423194 7364.8999301777585 8795.420392826341 6774.077911149299 1721.8500207742254 8607.578491388827 -9873.589952303613 -5645.604941644211 -6154.676955681973 -7905.517837152571 3984.3731562062803 9638.89315793469 -210.07909235630723 -6104.347290458327 -542.7463508156325 1501.0937908933956 8989.465239629539 -4689.059797979243 -6324.067439282755 8544.885324579795 -9429.064253982264 4405.550796249112 -4060.9370915900263
-4255.235257606564 -4409.534531323867 1467.8054063559957 -4812.413798926856 -5875.066131214843 1491.9725873996813 -1046.6956326381624 832.6113081898548 844.0036225383192 -9095.693927437918 730.7553169662915 5607.272567580079 8754.648787871974 1594.6104568453575 -1724.234158454754 -9095.290325942822 -1178.3664412408198 -520.6394783942396 -9051.411848979045 6634.243731832423 -8911.502063052656 3516.57199149165 8193.218131162695 -3931.806435603711 2587.197585583539 7060.190846095771 -712.0944076233009 -3485.700662535316 8525.952388325175
2153.0485092283307 -5273.505947282695 -3105.1059954995444 -1779.6001830240111 -2910.2135968182074 -5574.63621646424 1436.7035198833619 -1011.4748555794158 4305.844581744339 -6609.239347302718 3208.3452014500253 -4510.863173765319 -1306.3758064033864 -1172.3570880317948 8900.619812735826 -2073.4561004505367 7657.533038748556 9683.543571012859 1945.527789211621 3510.372266084083 -2078.7207987662496 5884.791299519449 -464.0030021724069 772.2190800935477 2936.2469360104587 -2061.6402825704827 9290.024603044723 -8162.214878763334 -6333.406489113957
-2142.308127772083 3217.0557922184653 -4570.3191840881655 -2880.2593901377268 -3894.5991369351486 -7374.576019376402 4087.3244755876585 1732.599649978274 9196.455465452756 8406.787840165318 -19.246951922177686 -2839.034412038175 4177.304501396517 4054.648249384092 -8147.290474370261 -500.94943668204905 -4428.986561628825 6828.843118109657 154.87925361931048 -482.47645320433185 6854.675143174198 1069.4110597058316 5680.693946064992 7131.586853355384 -1914.1783565150372 1370.927778928928 -6230.641382943542 -2516.719384698289 8890.551628891193
-352.5334753897623 4500.431452166464 -9392.839253689048 -9838.16420837009 -5506.208472007858 8253.990643912573 -7246.462859411429 5260.320498452042 6763.402371233791 4513.927755989096 -4206.633429828957 2943.7977833878467 1161.0275620413704 -4712.103479589196 5140.021454474101 535.4278900320187 -9961.052169294615 -3432.672471545122 3233.652701146346 -2018.0439662805957 -2582.6453721293883 4732.91401150799 -7019.8693075747615 -4995.958750834204 6023.313871972747 -8677.178964937098 4743.85789205175 -215.32008425279855 324.31886671639586
5458.176512090662 -2587.4395161020147 7443.88938221315 5888.292516097443 -4441.821370698942 -7544.516192826872 5358.318541123108 -831.4193923487182 -967.5762000437753 7983.916198395564 8202.719245791614 766.6942349571 -3081.548520505042 -3695.507945953562 -6440.482147660103 -6898.377817881272 -4809.27911571714 6197.134341583855 4314.689666095219 -1451.5233410215806 9392.955243344597 6361.849379180867 -794.5256223303495 -179.02768000460674 2399.825025539303 -9957.811186588016 -2010.499095037384 4974.678048492202 -5394.658472943228
-6011.4855441393165 7858.052660766556 -34.372578099870225 5887.216194993172 -6479.867270561319 -2659.282749941336 1728.3896758603332 1099.493447813853 -535.6613867887409 -1766.721756556306 -3559.7331692391144 -2022.8802080210962 2950.8909514234856 -1549.4708719980263 1753.4293355568334 818.4836826073424 4007.305124917515 -1115.642755384537 5290.230344815183 -4899.3269449639 -385.09423728014553 -3465.658322207665 -602.5111958013695 6441.456193992693 6739.6372369261735 4522.178193153108 7069.745442876541 3100.9723544539374 -5556.179496269074
2611.160028260445 7969.318076227937 1418.168642305087 -9920.467774606543 579.1977025105898 2662.9998280876825 4595.434718143035 -985.5237688372345 801.9512640221401 -4614.5441963243775 7784.536626339312 -2812.2105302035425 1822.430306781307 -9110.17720355499 -9604.220274858455 -8014.213007105155 -772.7221893624246 -1396.2534448002752 -1232.3309276776508 -2475.022151827102 -8037.673455311987 -6018.348249429186 9127.937916334646 -8762.776803399776 -4521.015939037818 -8433.65240234484 6885.064037584518 4668.410265448883 -4466.455419752233
-8523.549094107666 1420.1544108431426 9839.819454609213 -1114.1394862073976 1235.5813363781745 2097.112708381954 5249.765182346162 -8450.707191112253 -5092.870790421689 -1405.4369742100007 -4513.423806177281 4213.614226766287 9858.267912082265 5507.980701870758 4144.425399033975 5036.965709299706 -3701.987259067534 -4939.792310261218 -1425.4845278229059 5619.369375459612 -1520.1399504112323 -1638.9351318534536 3942.4850389398453 1805.9368845844383 1652.5165611407556 1121.0742975405938 9731.310848028697 -9461.674306068422 3916.344732691179
-6382.845708382678 6617.273931421616 7006.015167928817 9307.70010218817 6974.223963479428 -1658.800533528347 -9429.307769602106 -632.37581453655 -801.77173080389 6357.991610367024 -8283.039457790572 -6636.8706457465105 7974.568877747333 7745.560073206812 1918.8904161288647 6769.547085617622 -144.5230918510515 9556.702439544602 8487.329744018323 372.80004028998155 -9209.790427761714 7950.56999240414 8003.393032195629 -9531.38427915547 2348.213843268919 -6812.532269230398 -7828.114367908401 -7809.132165985604 -3912.0486151883815
-7234.65219572436 -6526.747034458693 7367.711779117446 -6388.485735739168 -828.3530714445424 -5936.772715999825 7427.1935490426185 -7768.855451207295 -1077.3619106509304 -8759.922523450003 2008.69535248162 -9132.622613654328 4995.338691871806 -8962.189264661032 3863.2892130134514 -3005.598634289441 6182.692415602638 -2724.7637026161956 -1276.3274082626594 -4517.607207898999 -6801.984282825349 -5757.843805192091 -394.3175254925609 -5380.616718237407 4856.761427100886 -2454.9363804599825 9081.995137063943 2218.582482141088 -8992.052675978946
6723.709544565583 -6170.738754690368 -8628.880368257145 -8326.728991879569 -376.65113533771364 3322.513493853621 -1196.0791572030103 7200.024687254052 -5063.004215485212 4849.34302633601 1912.4584894477503 5876.93171891872 -7407.25580932015 567.6578971418476 6195.465280567019 8852.656477342302 -5362.201603824255 -4344.139332381831 -5757.31512072788 -4028.6502701476647 8778.084693211753 6468.53220565588 -4317.160556908011 -5788.277481714989 -5661.139640797608 -2108.810092558804 3058.055786064131 6279.224909422703 -5083.900029048358
2567.754280113528 5509.648097360454 -9533.571967487604 7096.129619916126 6250.593457781795 -7704.830277397223 4606.920786821045 6640.79037227932 -8091.810826412524 9470.11850591948 1904.5354239671615 4336.9016013052005 3643.220237245685 -933.4335352053695 6984.814090956497 6309.049423819191 2643.133295574662 -4172.85430366503 -5071.091419793494 7079.483475932768 5720.1878792822245 746.4358882844026 1125.6208095803013 -2489.124019489306 7516.27420852847 5807.201208850676 -1696.9374511588067 265.47976366041803 -1980.3345304416453
2461.601572455802 9134.772742967773 -3769.6314407924583 -5637.161039145957 2468.3869885259573 3815.070791276068 8750.397879444587 -7497.3227403562805 2512.162174652365 -1554.3465705743965 8063.338934125011 5292.451502886193 193.337933553521 26.899224371973105 7621.655673764264 1534.7425160995008 85.44040978990233 -3966.6761222591986 -2532.0302149758445 -9606.046924792536 7533.937721091555 -5477.333478950945 -3176.4442895293496 -3711.949451217968 613.07674130753 7433.035486326524 -5008.695394747671 -4166.677679827338 2813.4427267836327
5998.736647701497 299.5760904401104 9952.887105551712 7370.7989649542615 -5745.788194262093 185.5568477073648 -9652.073055406201 3126.928386872547 3649.7769682110757 -652.3267196153702 2331.6977692624823 8875.722584384457 515.8070593678913 -1279.6704121057428 -102.57970452997506 -6161.354299571894 -5355.039387109139 1049.693006391437 4872.286454787016 8152.912161187658 2226.4726069985354 8192.743092985627 -7169.107280545397 4908.426337844452 -7574.96359692267 6660.41105712386 -3568.09164430508 5379.816614015144 -157.88814056216142
-8787.278615866726 -3339.9025522026095 6649.525141760889 7406.425459339971 9161.370843950313 -5847.807713973257 -1939.0799170810387 7130.413799401162 7467.453347789713 -5971.662096744571 9272.121332707655 6886.123920545866 -2976.5960895147073 -1236.4839535532537 5068.082866725712 -9621.36992858806 3066.7242425272543 404.40991543511154 -6023.250910809153 4626.734549626743 5075.072631323192 -1794.9719015599057 -5932.188928704602 -874.7603392420533 7721.797472809649 9282.543829333194 -5368.354036126663 8103.84762519542 1233.798658509173
-2308.3669445074847 9116.978854021 -5918.980197859693 6682.341390938869 2007.365662277747 -9409.94081493026 -4947.751188461558 4726.002775052311 -9104.591089743153 2161.5299364255043 -9709.87904803642 4269.66952396753 -3109.5691858429955 -7408.163080641021 -5168.573391496161 -8145.718080215629 563.5972346199815 5923.785370119274 5596.31010817618 2985.6785894832774 2015.2262066309886 5758.790062349588 9968.747057187087 5271.502246736702 -2355.914889611734 4172.447867773888 7436.835645855936 9638.20091676222 -6884.865372549077
3922.446541720592 491.7691547717204 2299.6228089681626 7852.557517613041 1124.8376679012254 -5447.109631694464 7281.087951261517 6931.818225472143 -3958.696804043667 5879.0016218789715 3843.8005252253824 5197.008414623611 -8217.775601552683 2947.1162186167803 -2323.696357736835 -4188.763006775427 558.9447096574368 9420.339460632713 502.33175870967534 2694.804572027715 -7814.051063740677 1359.629362756681 -953.8552432419347 -7500.064981861668 -5260.194605591632 633.0254469701013 8535.89463799258 8312.813526427573 -6785.633353902014
-4346.752603760476 -8716.08355814884 -5863.855355180998 310.8218390143538 -1527.5079900296278 -3448.829524679686 4691.592567465888 -4645.942922442825 -879.4856549052529 -5581.259965155609 -8041.269734797592 7357.888097198822 2778.8780107341536 -5697.891441665468 3712.9351454533826 -8111.399503074672 4333.643336117246 3066.3810677105375 -1413.9783189297414 6942.813370499527 379.598088452698 -6990.427256097391 -3194.6343945119906 1680.1391932425086 -4072.359129304783 225.76814981525786 8883.216516711578 7810.660156845272 2923.649735712537
-3735.477009759503 9602.56386345422 8638.681144065678 3991.120902575258 176.4446813548384 1371.3145397308253 654.6716668950212 3965.410351964194 2211.5878220728373 -3383.6824419460436 -9254.178516415232 -3415.3418149647805 8980.026283637795 1690.1292299311717 -6707.586365499427 -2198.634103098736 5561.573041547057 6974.141406864954 -4294.445681627625 4791.252423419955 483.4914502458214 4788.81325300147 -2571.570113423798 8473.057834853505 -5922.405598410745 -4037.1879708281913 -3876.785352823109 9567.659654695239 -3782.8847982772995
5012.611476970194 5549.790010041284 6150.868852139407 1760.7659927275781 7630.788522081879 305.1380901083212 -7569.858016969018 3504.1542739655342 7208.786458515482 4824.825514457736 -8969.78621609107 -754.3896765590944 1501.4402841775554 2404.666680344644 7420.342940907984 5977.3959706787355 5098.859898174496 359.98554616688125 3702.175344361105 -2311.549419521035 3552.239274035677 -3531.2393453906197 6815.771031383756 -343.5920252360029 1361.4797038378892 6172.233529076573 -8443.783386345245 3662.5157963176225 -7081.073004948897
-2886.048955842344 449.6923394437108 -6236.093259363817 5584.098049956692 4526.530291883257 -1798.2945460794817 46.57518920630173 -9375.540706001686 7512.434643658045 -8979.763889117554 4719.304819451378 -8778.157839500182 5415.743419898288 -7476.966552400299 945.541511149715 2682.6469796903402 -5125.657665006276 6787.170154318621 -3616.2094131674085 7291.877691969461 9160.467399862155 -36.43975487139869 5372.964449325347 9615.487739540706 3330.3507543472224 -4567.166774279401 1772.5420360030002 1499.0922986332553 -9135.466998283177
256.51412107937904 -3871.9350300664664 4615.381170041228 8323.565347811538 4980.7283027403155 2220.966023956482 5555.802799189447 -5433.668547838523 -2901.2676079978282 1216.3221207788192 -3408.7864205790574 -4489.163833329198 -8540.322648598158 -6040.967342749987 1080.3610278646156 8736.8252430143 -1417.6208523695877 -697.649488861829 -2033.945420529688 -6134.8328410723625 -3585.770632364518 -5146.400700042417 -2404.3148215354386 8211.006048526964 -9080.607353422167 7075.14619105107 6302.24651774148 9804.692468617784 -1094.112276598722
1524.6207456310112 4902.907710634872 -7979.222323598964 -6999.666024701552 2632.1189934072845 5682.483643918906 6919.309597905496 -4085.8652989998554 5362.698130226849 -8560.245982659828 3732.353889376922 5712.9379727503 -3763.2535830603265 5252.620144864073 -6989.483378529792 -8230.000831596646 -6484.173213725375 1092.0453114901393 -815.9718508912702 7302.433985810996 -9770.11000285415 -8426.47763288023 6191.098725378692 5836.870952217301 4868.492981670837 -5204.160965518027 -688.7322103386014 -3429.4593553991026 -3043.478586504997
-4834.996003668534 -8604.515946387724 -5073.375594309739 -4843.671620833041 8752.677429038715 3631.4420628312455 -867.8520491247073 5448.947846775947 2056.2174570546103 -8476.787676389895 -2549.17609303039 9958.947440130618 -110.40578916807681 -7937.725432009907 7038.482273642767 -2893.687896888777 -3592.639250219602 -2844.5969065474137 9495.604425235739 5148.996782470973 1877.5526954524648 -9683.924444757085 -3451.114436268361 9183.373460784522 4449.823433586895 -471.6219976073626 -6891.005507002606 9370.902404152268 5429.43018896765
-469.15057211739804 -6177.803920186784 -5383.2252829782055 5488.486300207951 4666.151998313386 3616.1226514547798 -4231.521086972521 -5618.68222391323 -8333.508380308891 -3742.112673751534 5171.959075457464 -8104.124026490005 -307.39818671887224 5507.114593162101 -5401.992736814774 7063.077731647816 1197.6054330380084 7524.190478073535 1957.0853089385218 5737.813790400824 5048.669419296972 1430.8587155581263 -7082.511599091524 -1563.460018221931 -2001.6709309050175 785.1594645550031 -2694.2360727200685 5005.2960634517585 2322.3775029281187
9551.106675355186 7161.347849209415 6091.308422744625 -954.8815228796011 6979.670955233898 -3237.6746892461088 2656.3749778079346 -9624.023945990959 -9425.134259979273 5644.872628909992 -2743.7597204325393 -8308.36696112412 -8365.381380818679 1735.2218071012503 -4518.724002499231 753.6515358398374 6207.111214085859 3872.254754696756 2660.9489026481806 -8241.126360829536 4568.262321635344 -6613.297991784926 -7558.888913112829 1743.242567148145 -3074.9683859717234 -7553.913482058728 -1645.417606111907 8805.682807051337 2594.694647096163
7772.477044870746 -9218.527011915612 8209.576978689176 -1139.3508898117962 5097.893314102901 568.1582078996034 8060.633357364684 -492.2822384665815 76.74628467042385 -7013.642190808418 9572.208101108445 6199.819075577772 7369.0971137521265 2588.8054388720593 6774.084955048871 -5501.328003815318 -6583.618792726564 -6912.537418406575 -8497.762200591918 4069.1591127261236 9803.539891732045 -438.31094002031386 -5194.380837294021 -6559.580638653593 -7522.914344330069 6588.149458212505 -3083.4795038564143 4208.46927937691 6034.608221633001
2514.5530134568726 2975.378444705597 -8470.740887085538 2424.199822630695 -2977.5317077140653 5420.808061180282 -2475.5395101458344 7969.374612382493 7973.800552934281 -6369.679140838718 -4539.46445327847 1566.5093708753138 -9823.998456850979 -2166.0567823726988 7507.995336848198 891.8354128556639 -9618.110915286787 -2702.8717117771776 -7378.486312872199 -6753.4949489242435 -8259.31630580346 997.066203917635 1803.4087583450691 -2604.4743976395375 6817.890258453535 -9871.364437432632 2992.4217594546008 -7840.144076630917 -420.9884483824644
-3433.0709076527373 -6248.466254265233 -4221.081326224205 -9062.054148173673 -2304.0234399518877 -9146.643615574898 -1034.254167198611 578.9284507889497 -7562.347731730801 473.3015406014092 -7597.287951684364 1937.404722862777 6040.030538341956 9994.133439308713 -2176.618476451071 -3414.301043717909 -236.73417210823027 1127.8916738125918 -6980.950920265086 8931.674228255917 -4575.857091981419 5445.476298171043 9336.508290106744 2987.50463452218 1622.2577447856675 -3498.1637495633386 346.701413584753 -989.0076551115981 7310.8968340108295
-9324.076985290016 7072.0685919648095 -6357.605375876152 834.3162465625428 9468.307927527814 -4879.927820141883 -7228.285879169951 -8449.944390283583 -9616.461918249051 -4489.151831166076 -2607.9437362696663 -960.372509111583 -2005.2111302451412 7579.505377267891 -3267.041493035492 4456.573602136277 -4010.7391078669298 9281.982987419735 7223.5353652093945 4121.6617543508855 -5125.819743755562 6675.826838277611 -5235.339349393864 -7463.8400826703655 -1167.5800785962147 -9346.851483643897 -8663.663001193809 5822.596343220208 -9613.658835393857
-8543.408737075257 4148.8291440590365 7974.254153447266 -9974.661353088228 -9667.836922804603 7937.465898109953 4617.071502401355 -484.9388615104963 -938.012758856632 -2059.654735037715 -4277.328214455704 9287.082385059872 3771.042295423589 9490.955228245926 -3178.5024659981746 -8752.026327646763 3319.8637165266537 -2250.106710316768 -8370.192686191825 1994.416072935117 -6834.694653904882 -3552.3445689667096 537.984938464022 9386.777393375622 9068.559340001037 1284.501385002146 4606.882102012532 -9686.003241267335 -6277.02992117368
1883.8050166141293 -2607.5828907897085 -5658.734017349618 -3885.8748928277782 1256.522905369642 -1048.6385988324673 -9962.570609291512 9407.78109093882 886.4343612585071 3872.245052869097 -418.84611206378577 6658.235943576794 -3554.569020463947 -9303.456025132431 -6210.613531830096 6131.258081512369 6034.010229032909 3393.469500089286 6815.082667973547 -6620.0751413501075 -221.27110754338173 421.04790439179305 6497.413358860544 985.4086379559703 430.1252833309245 2609.8934033162786 1049.4669857521876 -3668.4196911020736 -8792.439287021563
2734.619399488718 -8906.04712002734 7146.70647355483 1090.6966330581454 -5009.110704634909 7378.995323479878 -2004.7906657455242 -5491.103512328912 -4604.7512530271815 -1010.1439716258428 2904.2545907717813 9993.501921013944 3474.930550036601 8761.34387916403 -7828.724742162689 2113.3198021668322 -5566.001457361949 5310.822461538361 6820.635891937451 -1247.0996478357192 6498.924409942876 -4991.618839126113 -4159.067635589888 -7435.713257747744 -7583.047443226891 -4287.569110184561 -9787.519749743149 3863.2191677764968 -9931.36723086403
-4960.619401106427 -5204.353592070516 3152.638550586058 8190.564179241737 -6345.217996183206 1088.7899267217745 -6238.3829020400935 -1506.2580816966838 798.5119648758591 -9846.568658697046 -1784.1644804512944 -3196.024634630843 -1088.687346966066 -854.2742017451874 3190.629294766035 -3549.0190905263107 -2459.9039194288516 4836.549861395442 -1182.4365589218305 -7959.0924501310865 -2903.4134884147543 822.6022695139236 -5683.541044002838 -7438.783354565626 -4393.751527930012 4623.908569012796 7204.149313689228 1777.936457427757 -7730.465969079563
1400.6514959142587 5247.011080392333 2399.2028881537262 4226.07240699791 -2887.251845214889 7077.709902223916 -6694.9993007827625 8279.98795945886 5138.431565686782 -5360.471390695336 -7031.086798579964 1538.2654014932923 6849.178082888775 -529.4664842546608 1362.506793641358 6437.630846805743 -5945.796423241045 8440.93962250467 -3660.7971981938144 -7489.860424109625 6164.641508141232 6219.002023422407 -3916.9260227035547 6384.481246395149 7871.347033178263 9667.905065575931 281.03362710387046 -6858.968691634013 5580.573617338405
5271.289556707821 -6524.408328553896 -6070.012020633729 3619.7554684174265 -9650.800510871319 4872.975033706329 5911.12561488396 -3324.968305155411 -5545.65885178869 5201.320033343278 1265.4775178862837 -9153.102960062026 4505.429584145744 3051.8886349455097 -3989.296989371269 1417.5500816374952 -4013.196532981822 -7974.383106248202 -2281.020007123593 871.2617702595489 -9739.59532930216 -3939.5617427727993 5378.049096156574 -9551.662098931434 2860.96957108519 9369.47493181311 -4482.3225403421875 -9096.082297570285 3946.7707614049414
-6007.251570774095 -8007.445587714428 -1332.8070533175487 6144.341289560794 1066.766155131054 1373.2137373814621 -8008.3900210903885 -3077.5313149423255 208.8874707754312 3310.898491172189 8769.291650343912 -6962.900716673808 -6719.232103872541 -7126.8069993815025 -8926.142343774605 -8349.951261963686 5953.067772370427 -8179.774043595462 4776.690799285992 4142.675532108791 7684.879910650045 8297.432965842967 4512.943593878357 -2853.382295037987 -6531.321101569501 -6390.197012918903 -1280.1100862132753 3466.5292638485516 -998.9819733694767
4183.464048389553 851.5535169306568 9425.003770503328 -7195.233414058197 -5542.915833884005 -148.2375441407221 7278.259538188373 3553.856124064294 -4189.887195190645 -2143.454129097282 -2871.6362891368763 2267.2710992413686 8120.345731271151 4816.179451109938 48.39226342686925 5734.583124312861 -85.45470043912974 1519.8309009324457 -1984.701067563059 4884.418368187577 8589.775802311171 -5271.302247790292 4444.271302300225 8969.740344599493 9650.455514093555 9668.820397034815 -3555.4195651234613 1142.0293982530657 4264.264392096895
-5349.085019006016 4996.120742890145 8346.684813699158 -2790.369119899072 -9355.242212497376 -2442.781338846352 2306.330304170693 -5211.459142198831 -5237.592874489167 -1170.2271430234632 5868.509379941823 4747.711124832698 1475.7233084604832 3896.7473472541988 -6007.447231225582 -3643.02870829291 6474.242490333403 -98.56601401482658 8019.842894126876 -9698.560243763717 -5053.0343996448955 1919.1320600754116 4463.307378467996 8929.551749304126 4755.406589792015 -6005.64119172768 -5780.02353131829 7280.489221265405 -9575.26234656853
-1519.565313279314 5199.156790764786 -1003.6541557001219 -7985.161823470168 7158.514815709652 4755.948695698971 8227.551335235334 -8455.85858223288 -4610.6144471023035 -1977.720328684596 -3610.3874948884913 -1084.3683797116573 -6883.545109839178 9277.570904452627 -5532.79137639703 -246.93067731889641 -9709.51212168455 -4443.705907309816 -7352.888428594537 -2895.202676435265 -1252.3791223895041 3790.3072097900167 4960.891338392692 6407.431845601859 7390.975444053591 1195.4235522487925 5369.235384666086 7716.662453358898 -7504.387419685437
-5350.060430811765 5804.607634404179 9121.817742691368 -7458.704355496693 8405.83384207638 81.84067248866631 9910.45503559693 3533.321823061484 -5465.201191860949 -4625.896663134929 -8559.439047672462 -4457.043699520311 8201.323440608321 -3661.9658156596797 8384.90564844722 -5393.485468598827 3776.8054174164026 1172.4882308570177 1547.4597898371667 7363.9763325790045 4450.110978877099 -9958.945328899115 -6353.106395944621 -7.830037944821015 -4644.40348991298 -3505.600870037558 8117.193189374422 -649.605807527565 -1956.244929992772
-7364.891060542777 -5322.974727798349 188.1762813358273 -6492.08701739248 6381.244991088621 -1810.3664311190305 2140.464215816184 2810.136429875951 -3611.8624425664693 -4410.405742759646 -6714.59602809799 121.4155601828279 402.5917211267388 -7253.716828740089 7001.0918520389205 8929.016649546476 -8318.149797639922 -6061.377894584119 3577.9679021177344 -3578.1567252762825 9760.58381936036 -7421.279650779796 6470.1863595158175 8714.436749410444 -7109.879645244368 -3513.446727160419 -8021.380307888877 -3600.285669097456 668.9293598288023
7080.990979096576 7215.491119025373 -4213.264213198176 2477.6630098895894 -6414.554199174216 6841.547918497356 3739.460421578884 7479.3993495220275 -6163.074763387562 60.12929845999497 816.3736655860321 -2263.6181059202354 -7595.167969019161 5081.111750747437 -4017.171430345974 -7505.147601679377 7063.077077981707 6086.0700768388615 6507.821217491244 9638.567997940423 -4910.235488984984 2582.710317962361 5956.6470685028635 5652.269392566193 -2518.302522903513 7076.878572548048 -6209.53354161855 -5456.937131504657 -2848.9371537889265
-8586.253640726189 9912.022852840219 -3927.215473463927 -5238.221899558933 -8736.77219070372 5775.9509273571275 9808.859674625815 -2157.2957624346327 -5434.137269446067 -782.8641455094985 -2813.688491905451 -6649.2897502282085 2670.874009907322 -3903.0538999684113 795.5945266656399 6448.772974554537 -8779.621985483253 8889.34512665668 78.81393285137347 -3158.498028533816 1339.3233274719078 -6869.120837706891 3627.946932446921 -3179.2265643405735 -758.0801481754879 -639.2040312600766 9076.987486823833 5851.1891149300245 -539.0073095402277
9631.215216854976 -9482.67443694225 -4112.233634407472 4071.7034768937756 8862.39884757838 -7564.385754907772 5639.225885726668 -3783.6191372813864 -1457.532264637859 -6738.180979851467 3162.033196765866 -3320.4833527998453 -5469.093383581938 -7032.475402990784 -6158.709868988372 -7064.031708805163 3488.677802923885 -9485.637617459406 -4145.992181365054 -4656.951881752671 -3174.7188174285147 -4190.412334909685 -2231.8188468210656 5341.3960771158545 -129.14382228222894 -8319.200294419927 -4547.304630510127 -2128.3620659783646 -4835.118672233228
-5531.418101287453 1414.363496431366 9565.79842779299 -9982.953657250344 -3292.511996346834 3491.2123833024107 1743.552707159679 6147.278004197824 460.1076705978958 -8386.327347001592 1208.2421762734757 5031.7044879938385 -3309.5659188913214 6006.163393406176 -6816.931422470554 -3441.0861232494553 -5749.466903689735 -1756.535904977105 -5362.335841438401 9772.529083238209 417.7337492069455 6428.70726153193 9547.205168290227 -5783.474676064327 7191.533855392372 6272.072059570672 -1403.0042378067901 9760.440494217342 -4558.299871275455
3016.1496388931773 8586.771383962987 3965.040884310116 875.3745590840026 -1429.5579218713865 -9888.582754908857 -2506.686464028123 1415.7710946365605 2925.8541103967236 2028.4433070374798 -378.5813631458914 -2016.2748816953253 -5058.745677108958 -4490.456579943882 -3829.0233810679993 739.3218780695879 -4248.547561583231 9931.369590925045 449.641711697941 779.4181759092571 2376.4984236012187 6810.945087872002 -5000.112141448239 7617.684249372767 -1174.4085971887143 6390.106482836465 -3727.9695587269116 8776.540882260844 6231.620078865653
-6074.747136048757 -632.1870767764867 8432.484130688503 5248.971715530777 -9125.830267899799 5301.145038274002 1856.354240346176 -7489.803361646521 1951.8743842288113 1422.7854506245258 -828.3995399303876 1053.4637837894752 -3250.4678789213194 -5656.410001270149 -8332.195940816211 -7117.821842785239 -5987.6275274483605 3291.2111563078124 -8481.51053311123 -9488.08156774587 -7368.279446455806 -79.21618878351364 8191.213763192842 8695.071664990988 4403.711661226771 -3313.5092155794573 -5508.046592074834 -4322.587845818318 -1302.7049322568837
-9680.220922448863 2593.5030708074064 1853.2580538336533 7062.214928645786 3714.325108809271 8079.781442735526 -6427.458550956871 2080.7728134878016 3264.8256048796356 4218.909156345915 -5934.011285889765 8854.473701966803 6681.6981879050545 -3237.955448659831 4891.052167476473 -379.1676778490728 -7330.920258385944 7472.271278057746 -2868.0418591475054 -759.017896818601 -3488.813874322709 4659.943140848662 4020.706226267237 8996.293462188038 8126.928868427811 4910.5312827171965 -7510.434367900502 -8867.964991207682 7250.78367152789
-8257.347099456545 3814.4092547727123 4914.046669560166 -5544.142309478455 -359.9694311386538 5126.149028701511 -3270.3531933835948 3530.416862876409 -7836.710135396765 -2932.773380364688 2981.471810579289 -5667.90721554089 -1071.4482329399762 1031.1114955234953 6018.857186677247 -2194.879238687664 -1526.2774563749044 -4902.838667267242 7846.516796758082 -4806.727862130189 -165.93130348900922 6787.336173711559 -3621.2978945968043 -5389.593803519359 6124.491169833171 -1313.170320026029 -7214.090832692439 7319.07308223558 1190.1406674613627
-6444.750792795966 -8440.450658295267 5304.601605093547 -3012.322153772404 810.8705938597268 4908.429746536596 -1557.260859427015 -8969.479599317732 7626.114345919657 -3771.856185951652 181.04769851938727 154.2004580438752 8525.086471156086 -8813.205681792002 -8260.667138881783 6699.580394661163 -7567.475013473883 -8502.615697061257 -9974.72843077781 5506.585960467382 -9178.865061363284 -8811.03203970727 3923.5654457591645 -2614.141677667856 -1667.9347534249591 -6736.035169444923 6365.183949554863 -3970.9314889972247 -4589.640031901278
-6680.497655700146 -2090.004361941362 2074.216094820107 4850.0069207487395 7844.759470996338 7772.766636437336 8675.351518125306 -623.4010937096609 2679.8473845296685 7610.41418739154 -690.1800788592336 1338.552325823388 1958.2735634339824 -4618.119983228184 3627.207541596292 2890.0191342291764 -386.321499581607 9702.33330174084 -7736.564812263391 -4591.767988618624 690.9181119606619 2818.7110837028813 7727.777051843012 8410.2828031696 -5842.012605391152 7981.165305117407 -2791.7600629962426 -1709.174634752124 9087.58658653502
1 29
-8179.37103616029 1353.6931252836039 -9468.815976598615 -8804.436210486074 2461.7211984331334 6877.058170351422 4023.60454592568 -1771.144727930532 9445.339740339165 1805.7100094576908 -672.6297843153588 -2909.2849423775324 -1604.8668416456876 8738.864504992736 2025.0448704663922 -1305.3590671468592 -6448.476203379858 7519.213833803788 -3222.6868218600302 4212.618910664623 7819.242144177468 2833.9430757899045 4577.12820756715 -8722.90992401656 5928.102975576481 -2273.1606460165876 4145.548381017841 -3638.8871239727387 5198.053311574553
