33 20
-2253.9057885333104 5558.7030858927465 4992.000663702571 4149.815442574933 -335.0109726234623 9300.052492649145 -3402.1976525007312 4442.495254173871 9413.25151250352 -3799.0970758989424 -8902.845308124832 9163.109517334964 5311.428527190874 8742.03526464817 5372.171190572544 -6162.0328891612935 818.1875569600143 -5145.403597776463 4237.664565771731 915.3502227168174
3302.3310229165563 -7463.710665286302 2510.145351939367 -3169.338574570408 -4757.619866325924 1146.9778818524464 4280.022460699534 6700.215347616719 1332.610955058326 -6424.814719056538 -1667.502310896476 5180.791702197714 7508.660920851766 -4834.109723150548 -2735.1721003423154 -505.8169314175084 6100.786122862712 2764.5418247552316 -2264.9370556782824 5310.957604886244
-7689.2879814477965 -374.81306375362146 -9093.415068910053 3712.294877108763 -9887.69488571851 3756.748679922679 9622.409782688006 -1492.4764670907916 7191.959289301525 -3546.5520885405467 3112.4823842877777 608.7705852026156 3020.7899798385824 -4880.599260202239 -6628.785248780411 2732.090902205806 -8980.683494573215 -4207.672700230401 7266.629591849745 7545.141496278884
7858.836716017711 1367.638906290089 -6679.764832190122 1668.0718729878245 -9016.811775925311 3902.161528918068 -1295.8729688900276 2799.279010356202 -3322.148736895614 147.73940549693543 -1749.8767389358854 5424.103558094204 3501.265309024113 5793.189480668108 -8194.981352602634 2501.3935186937724 9228.60916372234 220.484708455082 -3006.808677793977 -4504.348306302762
3454.231554521388 -4506.47082625256 406.0446700494376 6022.253430594832 3569.024092910142 519.5446731931715 -2887.346711038046 -79.51783919059199 -3833.524874096257 -2986.4818793440227 -9459.640823553966 9502.946611439529 3241.74809454788 -934.0091509107042 7354.896409622619 -254.32384079373332 -710.2538232972529 -257.3425241910245 -2403.089315561526 -6664.368344882823
3736.7444041719027 -4083.3588119940778 -3106.570210785547 -3367.627634179813 -2262.64077976932 -5492.66971945451 -7608.59480137133 -3743.561659067147 764.658550187005 -6681.92305753182 -9019.57523805832 7563.331077870102 -1496.5386086235085 96.66001317330847 -4389.227151238882 4508.572514912466 -6603.933782736162 -9614.09662175145 -3290.997702024594 1261.1217106636177
-9343.777107992 -5932.62509840297 9595.25718684862 4784.664784851519 -5132.091674301087 2530.3757040816035 -9727.858199970993 4119.216947585854 -4588.149143977509 -5967.988506235706 427.26769175171285 3336.784734114908 8983.740703118889 7260.209335234937 -4645.888796535047 -8639.914112290558 6986.604105842547 6411.544417160152 3068.3784515932657 -6251.846461179361
-5784.4734578425605 2567.183966911278 -9137.54069471627 8511.971270261627 9394.228311476556 -8163.452575225174 5652.120002242684 1925.502684598092 -9666.058316813434 422.0663121593461 3714.2493360797544 8417.74467790853 -9062.30088108326 3392.566310635475 -8210.768604879013 7547.689073617392 -757.3899267434645 -6827.607869362773 8285.020966545151 3635.7467783249067
-6818.926091574131 -8772.424630270594 422.89131356159123 -6944.56952509563 4290.839066181092 911.8097909720818 -7945.654036807757 7930.278445107473 7860.419014020477 8949.58465361668 2425.5045399567716 7204.849951973341 1127.5676360696707 4209.232375959504 -1078.827880870609 -7565.892442836224 4254.915459520762 -9304.866569957903 2558.2407489132966 -8984.29534372331
-8187.938752570059 -8820.965639001062 7950.890011234576 5075.92728832775 1011.763760610178 -2558.4392834929167 -6780.736027838699 -9457.029440803517 -2157.288684960714 6624.157812083082 -1354.665057784876 7055.698799487884 -4967.787604884739 -2418.6883570156415 -2744.0210138539233 3220.9011927664196 3449.894370560698 6895.337888584567 1230.9208703675158 1581.8318082847418
3119.3640675083607 1364.420349367023 6588.61044472711 851.8285466364541 2110.6521704002116 595.4956127761998 -6449.5500167418895 -7351.34760876007 9280.692847521663 2556.2490433348357 -2918.361921126105 -6931.457760459121 6798.457922929094 3472.0263131562133 8353.28131000865 5618.816218251981 9989.019807849618 6739.739355740301 5679.47647155601 -5070.734844066232
-7058.224247794809 2456.947847736341 4869.934858335611 -2645.224738090077 -2752.6507245386674 2924.2495138285503 5463.447679818222 3017.18208757273 5290.109960827509 -1331.2892918368943 -3562.2392082701017 -3018.7670698040956 5159.609757860519 2618.5823432278758 -6111.087758913696 2556.162182925402 987.6154425537952 -1505.6284111674904 6420.765960963134 -4283.005934702813
5038.2877728589865 692.2014502211023 -8876.511777370613 -4722.894701025269 -7748.724627349986 1756.2305417819207 -3353.0960032314088 6931.77653166209 5727.941263495884 1768.2329133861422 7455.6706640471675 2960.77762897353 -3365.879954397966 1406.9076412849136 -1052.870366456611 5868.207242524173 -5148.801740689064 4661.255824962791 -8018.350670722356 946.3609213152613
8747.811813362863 2728.441137158068 774.1668642402292 9820.870595432603 8614.460392042063 -3988.6025378809745 7460.375653168256 2461.039989173394 -8143.510346310836 -8747.690875976381 4421.4430936233475 5452.263532491357 1457.5581207851392 -8574.085448792512 -3435.5673289725173 4071.33251078375 5992.3461154879915 -2220.503433613847 -2859.027237858978 6504.033742605214
9205.821201208328 6785.4632668270315 4265.945590357587 8946.334223718179 4739.182070316223 -5647.1308130665875 6680.953846802266 213.5815452257666 1994.1139734118478 6262.296386705313 315.3721603948452 -428.95206177300497 -3052.313711609314 -6051.668951423879 -905.483997562802 -2075.1687239872754 5554.5873477461555 260.21617066121325 -5759.415222350377 -8296.693917808152
5535.93170947691 -5231.45440452273 -9773.23128589181 7696.059098971793 4003.2466590863787 7424.630591057197 4024.323846965921 654.0693594139648 -4733.079351133342 3607.0383477758787 6519.642750607174 -3343.0298558315562 -7630.38250473894 -5283.49443880737 9249.203335853188 -2484.456592407334 582.3454184325565 -500.287297054434 1619.1321126205003 -4988.096827880366
8300.518378898454 -2137.602859028906 916.7089028996106 151.55088079757297 8398.34030574681 4033.0277844512257 1592.745123854831 6062.833288579146 2848.415003731712 2425.985496928686 -3338.0886981079593 -7705.616033495488 -7344.825653488453 -9511.066658249267 -4469.898777695292 8487.070078489334 528.8588488207952 -2951.5677544999216 -7462.588348705292 8665.715589180996
102.23390652209491 -3128.358170590788 3120.741318359209 -7984.071764135714 2645.3308677989808 5927.191426151963 -6303.319570060897 -4623.749574102287 -8695.06677632416 -176.0639360656387 2542.566297056952 6854.006455368031 -8311.408575828591 7531.276010768575 -7565.324661646602 7257.631139221619 149.05650910948862 7457.8137039959365 -5500.228522288697 5177.928733495763
5022.652052374968 -8679.405295117303 2911.167387577616 -2225.617542038769 6428.167418122062 -6749.55546082993 1099.5194751623676 486.9839626135272 364.48174849751376 -5227.097860194279 -8766.273662000789 2460.328665588502 -6685.83105450208 2123.704279423777 3200.75430350038 -8235.051313071273 -1362.758913318452 5367.694101461702 1291.5405669056818 2021.818961434461
7516.652765546798 7244.787633086886 2458.157047450104 6634.972946069272 842.6262734036973 6852.337603469343 3224.5033111278117 -3942.31434073117 6623.305022902776 -9817.277753061091 -4457.869969107027 7031.775211999084 9603.783515536295 -4325.644192714466 -164.10699862224646 1529.5425196782926 -7939.873505228108 242.34250580564003 80.76611763525216 9245.403787527397
2511.7141367686672 -1355.22755798658 4591.095770993781 410.25391315864 9225.459814066337 -5412.544908324466 3720.397527527921 -5501.201133774256 -3827.8774764278724 -9192.22864087616 4286.246395853161 -9496.78000753831 3747.106654526033 -1417.6509818348568 3613.975627122336 -2131.9975059979333 -3665.341268452704 -6026.898659743649 -7830.840098793775 1656.010351047922
2712.9889255342077 -7071.320874005691 -3114.353868408979 2711.9615188671432 7015.057665760054 -9276.03879850436 -8069.617075895694 3563.6113918821356 -8802.163498187974 8463.54096534515 2804.2378014556252 -1452.2040111521492 1511.6980740844465 8393.582223671881 -4702.418142486616 2585.887958512705 -5446.872609567137 8090.980658460023 89.73987733332433 8540.845104882963
941.1949316327009 -2124.9389179206555 5497.543556659861 -8667.38166727894 -3364.445939580547 8604.42601696814 -7943.240523191866 -5820.35302850947 938.8437671039228 7169.0854954688875 -7924.870796496919 5546.3899079128405 334.49144547317155 -7274.2504936475825 -1547.4441979080857 -9711.721065498767 -8949.668632328825 -8073.459224904431 -7390.84105886016 6110.355312601037
8481.010969596853 -2542.14020597161 384.0894573666901 -6160.237033395886 5073.250227707611 -3956.2859559961753 -5126.497484080845 -541.3060437423064 4473.080904417187 -5013.411072515941 -7655.543778555108 -8243.670930594795 9078.526625371385 -8966.348715186046 277.53548575420064 4405.6988195643535 -6320.207909272104 1132.789828634659 3020.1736364961216 963.5220506075275
-5703.490271391985 3156.869701833657 7528.397415087635 -3910.2376280385733 662.564952481338 -9961.849030316822 6955.343037464256 -8654.803800499361 -8326.837767221024 -7445.895321390021 6383.70821325368 -9813.289729192587 734.2795954748744 1280.7458622839604 -5947.363339378362 -3126.178260720453 383.62970325315837 7693.594172566289 621.685411352908 -9893.33226064797
1757.3850730961003 997.8101051089398 -3730.7347327489706 -5402.890820812343 7327.71484618988 -4905.530842299721 4623.5534661402 -8849.715052454365 1866.372078321725 9180.059239767794 2097.041477470333 -6512.349516910561 -6585.784760541742 8169.175958707114 -695.5635554499368 342.0148815719858 -1905.016770279004 -193.99774002093727 8391.250871619537 5397.929370225682
-999.4458888535028 7974.445134180827 -2042.8384729240624 5767.320564780943 -6212.211998565423 -4273.598369914784 -827.5537631993338 5273.377400021056 5884.388140162875 -5776.534376546276 -9215.83584631679 6249.385896643693 -5831.229539135192 2621.7009369407006 -5574.468725745267 -596.8515024685803 928.9005371716557 7364.506610042325 -4165.418198984039 -9263.231846824554
-1964.5618676095664 4383.6654986107005 887.7014685064296 2288.045832409747 -7709.048243804806 2187.965867178218 2567.192350500509 3268.897589141505 -1565.9192291157924 7203.933065319627 8194.481781317816 -128.02968103121566 -9425.889712280072 -9277.646386421782 -9606.175982885643 8795.691495998439 -254.69955299125832 -1371.4825826079305 -7997.341712292976 -9242.570037918884
3181.846976515537 1370.691364779641 -6887.8482168639075 -5795.211766177095 -2919.279178193182 -5515.398008403276 4441.061256200812 -7645.167653660834 -6836.740387695244 -5442.745013595565 -1868.3519322286647 -5343.841510606062 -9097.770545140838 9716.935205822578 -1334.2373196963745 6753.801752069103 -9578.394345497172 3616.286231993803 1073.4397356489662 -7021.185123172971
9048.420610899033 -4264.032163179776 5665.117642673877 9736.013789778131 -396.96373320030034 4661.297418300532 5601.164067091704 3026.1530409254683 -8557.822952242665 -6892.601258644107 -1056.0602549157265 3684.874707705403 -3137.9684549796275 -6140.002748548081 2993.269670324895 9550.74362216505 -5157.649576100524 4962.50592125444 5837.213161684096 5886.2461853089935
9124.512369903161 -9571.886515532782 -4365.048810474273 -7280.894490746268 -2929.523354147823 -6415.940336259727 6960.493116548532 269.0608383291892 1776.2105516798183 -5008.121735666622 9720.019677753458 63.85162686087824 5898.07741855852 375.9299555992857 -4548.633652208824 -4100.321994471336 -1103.6475624963969 3805.264311018973 -9594.931017576333 -4862.059695127976
-8646.558376123383 8835.91779880054 -5887.2508811097805 -171.94830100816944 7908.98524863258 605.1687764150101 797.8944332429601 -5319.896447104804 9683.916482419601 -5602.9341048817205 -2484.1549660173514 -4967.109246485293 -2872.019923758451 8603.345628756433 4465.385680848918 -7759.90986661311 1795.8468965978464 -2741.1023621965387 1584.9420266050583 -2513.7580727283757
2295.597551624729 4931.14787157916 -1755.9660694363101 -402.23321521790785 -5248.9700889282285 -2959.470721067978 4941.595856395246 3460.9666961104704 6983.957456999629 -3879.839354226049 -2365.43764015575 -5162.605961756372 -285.6087593521934 -1000.8926152719705 1399.3661254175931 339.19978270474894 -1159.9669038413176 -6574.161349376956 5718.588139957061 -5417.723056301947
1 20
-2749.9354950028064 -3203.888741812284 8487.975129378228 5266.7189326473435 -4647.655318132953 -555.7695373259721 -4776.257165476319 2644.3321793510095 7049.16052894411 -57.30300139757492 5787.5591251130245 8827.832884878891 -9206.102953580132 -4690.570733048629 -4399.428686700236 -9234.4331387725 5906.298276602893 -6301.967806773722 -2485.763518451705 5609.240558232817
