86 21
-2921.222241069019 8439.408806969583 3238.4332035789885 3383.8821631182363 8125.948555682546 2920.0777319538647 6698.528667836948 -7478.153593895562 8773.475726949018 1158.3161733482666 6357.336618291762 6878.731673237078 3278.8055660245627 7485.770078306054 -5474.591877370381 -6036.839231457194 93.29686574716106 -2550.6983893746456 2632.7629551368227 1000.1992031561877 7662.614835610137
-861.9601558316463 -812.2367106883048 -1001.5841221802948 8627.524928812432 -9749.434185371874 7980.5627588759635 -6784.027530731065 -3600.11112070721 6082.755603095689 -3209.3445235853533 -6778.684060368134 -1992.4969854809578 -4638.338477787846 -2699.7986814041424 -6374.440322532866 2776.901285595781 1439.6893643623025 -2275.65536116948 -2620.3685114378313 1304.4393589320262 1133.0584738873695
-6781.487467283545 9359.735249048703 3720.218943489399 695.150996936025 6364.583218413105 -5085.091596315685 -2163.8129154586713 6085.866008284984 4131.8853715322475 -7623.597209329089 -7757.701662931917 -8413.494273239477 6335.411103853268 -4256.060203817005 -2168.933503184847 1548.4502273069702 -1929.503609235383 -8325.795237968343 -4079.7238506102194 -2631.474052014284 -9206.27929985448
-2820.7190695490226 7252.491850524795 -7708.809689791158 2985.0606628161386 9588.865572125564 -3213.696410905358 2016.3680927922178 -5062.3474241960985 -7892.388264219053 7728.137499012006 901.7567802978065 -8251.580599195351 -6016.986982743171 -3783.0915910962303 -4949.361189747398 -1364.2574455822378 6019.778396699918 9105.701230023267 4063.037589090627 -7271.7571969760365 9489.351109738516
4942.477965467828 3073.8400089583884 -9092.342290285313 -6591.877664001629 6067.735207697284 7099.338301544514 -6582.3632455873685 2225.0064503946196 3756.636562380576 527.4294144781052 703.0316016505531 5168.335077389636 4608.476156733866 5887.562499036638 -9168.402434475784 -3228.6715565907607 -6318.243204038445 1278.1028321263075 8695.055830789708 -6470.118549644098 -6439.274824973576
-142.9551561757089 1168.211744998931 5886.816712377877 2234.8024475392813 3157.565632807584 -3811.826536806444 5709.619997750478 7147.61874913919 9352.038024705238 -7221.618388468995 -7222.066500383773 -9808.955006788217 -5445.498374880497 -7295.287849384822 -3130.421929599407 7678.666700306418 -2061.303525552853 -9901.773668844015 -3284.6255502794693 4232.683227886009 3901.955821790796
3110.194703415669 2293.0812276253782 -4686.577045040359 -4858.036294132322 -4962.247991962799 -5131.860011444811 1741.887464238307 -6304.103509357659 9272.204730818008 -1514.173124767076 -4676.692116283421 9190.315632430884 -8121.3967224771295 5273.581199971008 9222.08855468372 7758.3022565906795 -4588.830755833961 -1504.0209779905344 8516.256632709694 -9259.188769186683 5388.198280468867
1816.8552567288825 1670.6050329508034 -5183.272789932609 7629.704380990686 -395.4896854877079 -5127.039697666775 -2057.971047402296 -9121.512298524956 8434.45013980455 2216.2523246157107 7519.291564076069 -6834.17295018059 -2010.4709357658649 -139.61638675419817 1790.9382169603941 2620.2930653707226 -2972.7395994606413 -1390.4888777817068 463.6222497235558 -3012.5616566167946 2863.6241921076216
8394.255902187037 -3792.6914118700906 -6544.401534503106 7241.05629778912 8156.472703282692 -676.508603577573 -3631.1560831162424 -9197.44735168321 7709.1674855752535 9180.487809089784 -3443.336804262669 551.68629558674 -5824.818457683165 -244.12137586582503 8510.633102385651 7622.832505084716 8172.351466746968 -4545.3282566852085 -5628.916429014652 -4987.63988144211 6097.770448868598
1686.518069932723 9242.207245128782 4184.394123584201 -3215.7588129912256 4862.521635793522 9724.695770807717 5088.030307047131 1964.206148306559 -8285.965609111094 7913.058338545248 9869.33480034861 -204.11976635216342 -4109.812312566901 -9715.21070575077 1810.8435128727378 5483.235849776467 -5495.368100112585 9741.68269894947 -7167.641039625383 -554.3274038312538 -3062.264893439712
7314.575169898497 -3398.9588060211236 -2860.66146255904 -556.2679959411416 6516.024462311623 4346.071878192461 5277.952634188914 5286.987913538616 3778.5850728600835 5174.167399356897 -8588.415431221665 -146.99347734995536 -6790.405938657101 2099.162168432278 -7459.31471341035 -6918.147751124296 -5151.322702810881 5176.504545052223 -1610.124310692825 6701.1867646580795 -1019.6666046754272
-2012.0994137172984 385.42332721200364 3263.184399644657 -6673.423728215912 3730.730981180601 7511.027087653889 -2148.223495604094 -6608.322679015421 -3084.7073500888864 2953.841078105259 4342.5301749895225 6216.199264799527 -7076.1774731366295 -2576.943147912316 334.69942856185844 -8780.824177018101 855.5725730187969 1656.502427528676 -405.66267849435826 -7400.075078527692 -1992.9487197082071
488.4607626557663 3474.845785806134 1125.0460773752511 -1758.1472519127583 -1430.9218763591543 -5204.788141953298 1253.2977189377434 6558.143173378834 1632.9860787143043 968.7156968550626 3552.840434533846 -4838.970210933016 6994.823919990773 6433.184812913201 2723.130592469717 -6889.210390643426 8100.732424925696 -5880.042006823763 -8600.056958813733 -3754.1193245553895 8413.128622490523
4003.025315507706 4331.549366441162 -4721.536535072979 -2477.131499314278 -7186.298367117696 -9232.757717999968 158.24922771139973 8912.890314680179 -4261.541198814773 5185.00274328516 -8234.875932672396 2276.9272603873596 6525.2110644908025 -9324.103853002716 5175.657794497161 6769.060513326651 5289.046792708576 2452.849070759783 82.90148773578403 -1675.3562160170186 -8733.119767074384
-8787.888422952656 316.79366106384623 982.1433294409981 -8313.221125045884 4020.626209088883 3083.6950229090144 4122.674089387423 7864.134216430946 -671.2233275946292 8019.691685243393 2676.771623036242 -8889.42888606132 9006.433592865207 5480.505195460746 -9912.304960975604 -6921.586650360876 -3664.8045359384196 -7281.8839638189 8406.455082356326 -5611.926861540586 -518.3214252296439
-8977.35509148137 -9137.299226222618 -2050.6039459599524 6783.431734035639 4324.8506468444375 -6704.129955327833 -6004.103835783266 -5106.43914585319 -2568.598176033559 276.1981507635646 6653.714864775979 9567.301077352546 9189.612980755708 -8635.14781416563 -3570.370279516984 -9007.22803235106 -8683.18437450104 -9225.88313208116 -2205.435125011335 -524.2447063245545 212.14886623560415
9347.70495023653 -3207.4581508483143 4525.064209101283 4932.142157390417 7655.821989957778 9329.34642375266 3270.011881452814 4370.792737333935 -4606.026587847669 1829.0662871303193 -4367.3995769334215 6348.11795726713 6182.230032170661 9295.879580929708 -6476.169358782718 -7535.138366423919 -4307.408776201291 9915.836434045694 1047.609623251963 6668.060430554604 7222.454765163129
-9993.974221604056 -728.4106243304286 -9254.220903657426 3628.98898882086 -449.7800318333793 -8587.106639811109 -7121.183731657928 -1166.4786897241866 -4372.802679864767 3092.619398919058 465.54697456393296 508.36462344518986 -9777.497545036777 3379.788383432311 7669.206343276459 -2738.0031524122114 -6935.334122258525 -2920.6447287708606 4005.4479989241627 6388.343954682234 -2693.9981979460345
1087.9318349556888 -6042.935473351005 1988.462142294733 5167.03433355298 -1660.0986076683785 -3096.003663140681 1344.2742129855524 -9497.810269719726 -7898.863847448123 8903.277135725948 1457.795038442373 2303.263717262442 -4960.381070999707 5454.584188044271 -8344.59341799638 -9413.599226196371 -9356.904962899822 3167.2993466549433 9929.749585553622 -4620.157815509123 -5615.871500462748
4417.8677357865 1652.627582411773 -9288.3937361762 9365.581570898808 -4017.181156357213 -3949.389010561963 -1564.757705542228 9487.566927918699 4428.468622600058 5055.729656636804 -9804.07544461555 1110.5449349318478 6129.888210273075 -417.46370709976145 8139.285494096341 2185.5425775091244 -6976.605880793528 2241.408270646336 -1514.1338548668045 -1777.1257740207366 4061.8155391973105
6313.001889497784 -8010.06283572282 -2177.3949805990123 -409.6755850829086 -5784.009839653075 -5557.953414754562 5433.181271223033 -7940.269074562698 -5420.587736885114 -432.8173761549642 9722.627598522486 -7497.674155446477 -1916.9893119270464 485.5884788932799 1321.8072494606204 -6659.81250758587 -7120.695083322866 3139.6006595059825 -8166.243688003705 -9484.701417998538 861.5504604689522
-5089.268233233893 98.96672404611309 -4546.945258293696 2447.1771397593147 -4143.92175089439 -9866.642332085705 2492.553454981142 -8555.572552616966 9785.11597999098 2322.00654876304 6625.885857225603 -2686.090968141315 -7950.923577902484 5836.097206739783 2539.2001100018315 8811.273056766862 -2007.9029238137045 2331.0559680008064 3122.9224976571404 8665.696056259672 -7915.174742209283
1047.2807016030292 -6080.633183602897 955.4785459415507 8849.698155786376 -5217.531062454477 -5092.678432922852 9189.508296388798 7338.269860355667 -668.8207745929358 8053.677054777978 5835.543884803765 6117.942457472518 -7179.36973670726 2479.6751975758034 -406.95770653726504 7175.744453928757 6114.1928357512825 -3480.7624316929787 -5870.84970580134 -745.2285123599904 -4050.0134366310303
-2330.4204375039835 4919.001024179195 -2693.9476921124688 3337.070228817567 -3177.3968993006883 4988.02367185478 -4493.177260709706 -417.7276748940567 8602.49961159757 1981.3491769713546 -1564.152028637147 7109.648845918942 -7673.9991175103505 4230.668114479926 -2425.4577634083007 1916.7660039078673 -2475.4464457829918 -174.3145996816711 1940.2738683887546 6939.82187712751 6806.508832119704
-1814.0552149547193 -685.4367302820829 4226.774107259642 -8376.750593866027 7099.5441315319 -6700.71787415125 -7508.444264289747 8288.362093036576 3988.3329679271246 730.6501528342851 -3023.862066041025 -1851.896312072592 6510.581574358253 4233.482789089998 -5004.274708777297 9368.16861846896 -3428.3415200825093 2132.663078364456 -346.0446531227499 2976.470927918588 -2089.8586916432914
5269.848734923717 5987.790209777379 -8893.287562488304 -5890.955689574075 -2519.922585608343 5716.0955832163545 8580.990964433087 -3891.750507633189 -1595.626050723662 6689.197236396161 -376.77351988792725 -1200.1903946608545 4923.2655431981475 1028.5845281811926 -9953.810332943183 -2427.178363537215 6308.081946838427 -5616.1908452925545 9912.219689888814 2759.045381714004 -4710.517833938777
6363.234392178272 -2434.832325012526 9087.504039560503 -3414.794549651845 -3395.6421182466647 -7902.112391385112 -262.4834852256372 7952.0197703601625 5496.204902771609 -3971.784474694129 -7156.265385095256 -9752.639062667606 -9920.495222159367 7457.343382712399 3914.985059444294 -388.0074080001541 -3355.7417250861636 8563.091665204789 2312.1507943678444 8565.528456021184 -5915.494924733058
-9035.962682323501 985.3310963099775 -1047.7762175276093 6685.100293805448 7473.817252070363 -810.385863460453 -5035.985339312312 9417.054043656171 3818.9955955992336 3395.2204255997403 5942.86191094638 -2862.191238204581 -4490.835182518103 -3986.6004513161533 7585.304326098732 6415.4755094341745 -3976.1697681591386 8552.937326998202 5560.980501608026 -8670.731359646374 -2461.561639866656
-2603.471918064446 747.7002299134019 -968.5535158487601 1824.6727864624518 663.4595627635936 -8339.995386095166 -5584.687959385124 -3483.5371329032387 9224.45730264558 -306.2055695299932 -5032.984104896934 6764.094516557481 8775.122676235784 9743.918304723695 1134.9079503157227 5286.4755284722905 8109.879946779878 -3341.0885316179747 3285.063025439862 -8272.796471628491 -3449.722432005551
8882.728895662363 -1030.8824851121608 -5974.445940599733 -9266.794951136193 -9632.17686255865 -8769.136043447354 -25.845419054452577 1306.7058426493986 4791.325482664539 3255.232827384085 8706.159467531885 -3702.946648350109 5734.528401100701 8018.555630649851 -6487.267146347004 -2067.0604044877864 -136.00872580391115 -3395.5059119350726 -1058.4545717833698 -437.4971677937301 -7108.708034439334
5555.2050763289935 7346.185539179594 -7520.997904147402 -8173.719978574177 -1708.9817598544014 -6378.776530450738 -7727.269136017965 -9740.427449108782 -1926.3316530414868 4493.561694505097 3490.971909500511 2228.8876007068193 1174.9221058481944 -1352.928814937648 2577.026377795546 -6468.750672416199 3019.6383110553725 6223.319687727175 1621.2651865782118 -2827.379730722403 -7466.353990086578
-9856.42788000138 5314.937137360412 4006.4264887629797 -7583.334254852971 4670.339642827923 -6406.7085547747865 9841.24728641089 9718.297356839932 -789.7213985089838 9906.271374969478 -5533.704903372205 535.6415807523954 7788.796170275091 -8271.606126052677 4460.5991940039185 -9482.282207667527 -669.8460624893869 5238.08868861181 -8896.719817188285 -9059.792945207086 -8768.026672060505
-8427.619243583415 -8210.248106526167 -3449.2934212025775 -3015.7815979105517 -9547.09792387701 4889.296967923299 7588.579878601016 1600.765400519358 -4441.722201902973 1028.43616029246 -1228.2194824147045 2398.0644389686386 -7599.770111825117 5769.816757096529 -4078.0270921390447 5723.624448981345 -9177.483809739324 2961.254352983111 -6009.334445056693 9686.964853729296 8819.495106879545
-3196.0830050380573 -7226.298207805504 -4139.1845214785735 6055.883390363077 -6944.9878115280535 9724.022596081151 -3610.694077618484 8932.331426261619 -2118.8794147902845 -5728.316679641496 9194.09979247301 -7406.252141384697 -2361.7136119494207 -7617.551029635257 -6100.967798440591 -3296.8848784885704 8342.087972305046 -4826.954387800688 8937.974041518755 -8766.112677775123 1529.623495745982
-5628.923100120524 -1333.8105626281285 7899.672421633524 -910.2598020727273 4969.6631913396195 7248.914786999558 4171.361750598258 -4487.1671148073 7710.851768388846 -6212.32328573142 -844.6931569555545 -1779.9371878709153 411.44277633229285 -3160.9397995066083 -2684.939425235173 5294.966721766419 1394.084437974223 8441.855979719585 -9656.281245279817 -7181.579793880775 -4979.702186371331
71.27131990707858 -6025.42850270188 2748.3772266458545 -1006.0029215416162 -8699.710168111855 6162.782280201547 -652.8258156053907 -2367.022978481901 8728.107861327757 -994.6856591448723 -7194.720196945117 9520.945880597483 1309.681859663653 -7559.573300787599 8556.645865436461 1735.2186192665213 -27.34264775529664 -805.5791881513978 9216.502312525401 -9521.241115005992 -4543.078414960289
172.92275453385446 1752.4803651966577 -6852.4058788711955 -6325.497125009881 7344.357707059084 -1715.8719692529303 -155.73129379412603 -5665.864550502155 5069.065172301487 -5623.004037737019 9064.108859324737 -1068.1009504561716 -7094.436780428526 5198.039174930322 -620.8349252492826 1646.5124718578809 -6623.686056165916 4878.636980839276 -7754.505621194863 4231.804884724357 9873.993188709948
5109.404154043317 3392.604426011121 -6317.327707677474 -3205.794314427273 -5691.922159552348 1857.6462342930572 -457.3082108561666 8602.252798177993 1802.0509277122728 3134.0283499123543 -8531.719235707063 -9534.263762865326 -1458.8350811008422 6256.320147027051 -4610.894227319466 6334.553892642643 1007.5361747805655 9657.976939261756 1353.1270782935462 -943.839457275637 -1492.9786880587963
-890.0551964938331 -6675.708381477452 -9725.75067216969 4147.165719490407 9422.116489758879 -9827.94855682748 2093.2061947191887 5301.786116672989 -2248.7732301046144 -6404.423682617408 -3853.3410326397207 6655.182667341476 5731.246581083242 -3868.582266309925 -257.91206460792637 5310.359419100616 -8906.431769617288 -7937.988246750465 -7404.161791005697 209.70898711090558 990.2460401578446
-767.066332596989 1607.6069329783786 -8209.320431707109 -5820.977863918564 -4289.843204532393 1929.8412521227656 896.7811169546185 2267.9743345004517 7818.1793951927175 -6925.5049560301995 7420.119187542776 -7357.243521270117 -8704.556023030596 6678.694163926346 2295.607144177682 3284.0014773120856 -6393.293746512478 2529.878045041025 -9511.112778691615 163.35145112518512 -3548.517827180035
85.14236787660775 1148.7914745506296 6696.2495719804465 5733.82152655533 -1298.286859222846 6430.426440194966 -2300.227738509153 1942.9999769101232 9278.588312375337 2781.735370709117 4066.5072734069563 -6087.335167938572 -6392.500743816494 -3538.907538024987 -4056.972243939518 1125.2244537431416 -959.8207554260371 -2196.195354137456 -2320.434215454002 591.7462713509813 -5522.482620717617
-443.8038541182432 5904.593544655934 1421.8587004430447 6188.46025576875 543.9495666221046 2194.253294774244 -6898.880877378937 5831.368423746284 2859.0749008328403 -3691.9286551989526 5406.717472952092 553.4089427905838 -5656.387438020427 129.92587190777158 5246.853324899726 6042.654792460005 -8994.46557691063 4076.8864702861338 -191.4113970546623 2045.2819996834642 -1143.7202919280317
-9765.741213358104 -8782.254314055517 -363.56272212180374 -6302.5215419245305 7521.492770101773 6589.107851432385 7694.262862294523 -2602.138268112246 -5586.3993616141715 9340.178046480913 4778.127880918986 -826.4312612703634 5956.062112596035 47.96449460370786 9804.850547452843 -3728.882698693669 -2905.67425949076 -4934.223589328075 112.42678463921948 2462.901044113936 6374.943561564465
-7714.646042023672 1524.3072075174077 -8820.656133691611 2444.7695468154197 -2960.4268806424525 -3148.270808074096 -7622.00796098687 1701.070881259564 -5807.820343819286 4693.002321390824 -6382.058176450766 893.0319427378345 471.73146289843316 -7194.1787953824205 -4610.605258431479 9024.022617301769 6089.158726439813 -6974.463377468795 4600.32208394012 -9317.91843818119 -1161.538480083591
5606.099247487769 5870.457880110436 7278.356440552976 6809.379170077886 5877.957138441132 -4187.791772551736 5335.265141217906 7072.376863034904 -2219.2756785181446 -7983.060093905443 -1224.9290635733905 4354.991262709838 -9450.98816640033 -2992.435848117785 1680.643219833475 1036.8956033000504 -7068.674976283797 272.20526977271584 7991.041386974219 -9007.509709743726 -5943.844102297307
-2791.601015852587 1039.042233408858 -8881.677761435667 468.4110689359986 -5246.64129121647 -7735.038693143619 -3518.064155432865 -3930.1546628772658 6138.066341410369 6767.85604963886 8450.002437522664 -7257.160405246215 2048.47032756123 4416.079945363403 1569.9097034710103 -8166.651547542503 1307.7146320938118 9099.925942399841 -6720.489499899629 4534.122798508728 1378.3860723290836
6549.879197929502 -4031.944115174355 1881.0870127994422 2256.81889659835 9330.875036919984 -5986.112584934186 -2433.3963706412696 -318.8592517307479 -9261.601163880601 3867.62496749007 6537.854461507188 -8813.88857589782 3164.977708505834 -6785.157205351097 -3380.228330626014 -428.88721166663345 -9167.78082586114 -8956.420860436387 4371.291877722748 7473.610204979439 -3550.0735811120894
-286.97956486807016 -1853.4390847176428 9791.529090734333 -2770.936047784947 -6555.84889123078 -5533.367901599633 -1411.504891346518 -6248.668309835936 7731.806576577139 3754.9513435067583 4516.033649554236 3994.5312088605697 -8573.430973429377 -2057.0554710982306 -5962.3239152343685 -1059.1729791830494 1308.5054561577017 -8890.578738131893 9938.03245283939 4216.108276880872 9323.832512520748
-2738.10593093075 -639.7075035729213 2000.9165547962966 -9346.770437707537 3468.155594609583 -4113.908369095529 8750.696376369375 1647.01438486806 3001.392725794336 -93.20110960898273 -7543.186983430573 -7339.978002476364 6166.690385266291 7490.514855067788 -9083.44331528024 -3078.4213160256104 3886.2801173614444 -4820.351693777551 -6627.43862820762 -7951.884769291295 -5751.732133005547
5399.104211150041 -8773.701539996835 2741.2305657290763 4179.140241933439 -5703.230055373551 4767.458498771317 737.8976565980684 4515.91599355162 1148.9263715157467 2347.4304924858734 1641.0878626408467 9871.428302869197 4463.411566328454 9044.375044283792 4160.001964867355 -423.0083589184778 1070.126898569326 -1885.0571191183626 -8751.889215409632 7090.138468802212 -3536.9630062115575
8356.390858848517 8177.117125775232 -5603.02594250427 -3134.5771921064224 8453.867602181952 -4595.100029432273 8661.469691702125 7996.583529217765 3779.7618165210188 -522.3437629422879 9627.943240445697 1826.1529073637466 -1007.7381415251111 5522.126443328849 -1395.728927744025 -7877.81274796445 -4472.713047397771 -6462.787906940008 -933.9437913050788 5322.086020696846 3304.2831705471363
6224.2855567739225 -6105.597857451432 3579.1055560882996 -4231.7111315817565 4908.397030840877 1747.0520780440893 9751.215659448433 -31.352353780290287 265.0763962651272 1903.6001351974028 1712.1818922363655 8327.925351206697 3288.9641205175503 1836.7987157700063 -2420.5778417718648 2715.652724258076 645.4314443402945 -3527.805247416054 1638.9849762359445 258.4658841800865 -6460.366858836505
6374.028516015362 8225.60986838962 5529.584332619226 -3085.025178813028 1954.1496881898966 -2467.5369119284187 6845.08560422116 5245.568628490559 -2847.9966440595135 9936.764271871481 5518.110563331231 -1372.6878802835454 9334.046113263244 -557.4820475867818 -2047.3836342160048 1751.801590157971 8732.90853446141 1513.8341532827744 -3472.518508929339 2861.1524383826036 -4969.0025772986355
1599.6448405538267 9801.414918279203 -6333.261488891256 2691.142335208642 8762.730156908845 -7510.332055433839 -800.4759408932787 -87.58834837968425 8966.821484368775 5285.074724327935 9673.995019161437 -2835.2848047753396 -7171.036448716788 -5854.4341901959715 3505.1059791147636 -3641.0084613718045 1719.782618551686 6628.658820805147 3462.188486941697 -909.9791411314945 -566.2055655490494
-3383.0081441004677 -4439.604098576105 -6601.974709578795 -2735.163987675167 4661.8639093632155 -6921.61388648928 3660.4891278725445 -947.0928026536822 -446.6042615416991 -5672.432064303645 -1018.5326329976306 4855.41474121059 3911.795544710876 8475.655036965094 3876.1417203971614 848.2531725571571 5652.35445760081 -5290.511349302496 350.5416921345404 -5635.689353442883 4146.934194513769
7875.075492724882 -4044.8298604614874 1950.0044332289108 7192.494251280124 -2871.8120694558365 -2141.837685696162 694.8884107773883 6782.357764641274 -212.96057664971704 -1750.5990745883973 -6635.753793036274 9969.85117280544 -9080.980734362338 -938.4930513748805 9556.37914531929 1562.4813656955666 4033.028211271736 -2259.4762953359896 5852.718497649461 5490.990874564359 1931.1041907514427
-1162.5371956206855 -2795.4425098679494 -5657.701021128041 -8546.632339657512 -247.81660641835697 1846.0892821780362 5522.661974969666 -2060.315660967447 -7445.076119428711 3682.232419142714 -2419.178030688987 -4845.330625392757 -2814.8329635980617 6360.149220909783 6397.492283385629 -3940.7364922601682 5156.208492840513 8016.136131635922 5675.305782955675 -9916.330468591152 -1188.6429376127435
-3006.97422913452 7452.318118005875 596.1986164351092 1016.8970746620435 -2133.860636527589 1553.4866017621553 8347.657001807253 -9637.048345754567 9980.82491335738 1035.284191160281 -6869.677231439666 7354.190446768393 -6133.514266979633 -6173.636206722762 3165.710182909552 -6258.564066225347 9067.886529965446 6349.738763688754 -2846.999134320571 1073.7062465428535 7990.343191871369
-652.5060265065549 -6507.053352365418 3848.1476880434257 -6065.089308775083 -1356.2573293001915 9530.789880076492 20.538857888537677 -6693.636137247035 413.4419370560099 -4719.11842966616 -4831.381572805917 3106.959690809894 -1394.7343702161743 5653.404555908801 -6125.127106544622 3524.6459673585086 5254.0985182252425 -5878.384727789889 3394.313419186239 4478.480950448795 -3695.663170847898
-6152.87797121219 -6308.1853623536135 -1355.111538282763 4901.642465841367 -4152.736806730102 416.9563965616835 4030.016034074999 -1143.142006402899 5539.4536984143015 9045.48386346563 -4540.871311694159 6636.543644520811 2736.149783367069 -1324.8714891444015 -4806.520998501845 5788.14018441927 5609.22784852262 -2266.7282215222076 -8015.262850772162 -2350.135587486803 968.829815925772
3432.209959392705 -2390.567185057881 4089.2074836236097 5609.08587253969 -5547.993886201341 -6268.386086055122 9807.197369521673 -5951.7332755974085 5698.7475980585 8005.596983767868 -3498.940146941707 2532.856055586768 -1722.5923099002612 -7754.811947494971 -2568.651444028318 -1105.886930141145 -4979.926606048297 7242.29381450827 -6592.073991252092 3937.8080711520997 -7121.607723801526
723.45049987727 6085.422561900208 5743.131360225911 8305.713256046853 5332.117263886683 4495.121007551657 -9290.847114437307 2739.2388360061977 -6335.719191107923 -9206.750196307632 -624.6381378891929 2226.9746423041543 4360.598561431048 4867.975727262794 -6419.00919491565 -7791.835020853546 7849.694927875942 -1628.4224491880686 -2652.056121482249 3673.4983220472222 -4078.8113960638175
-878.0894991214682 -3735.0362931631253 1042.089214555288 -9815.799361014495 -4647.282481230474 -9764.22250245769 2991.9707317238717 5313.256658909979 -1596.2238284892628 -4900.387002069097 -2524.6255912041597 -4494.030297587057 -3287.010256034626 -8385.492121247726 4090.5759109184946 -115.05976426144298 -7324.952184437257 6946.968144370323 -6739.051208433451 7772.59265629806 3623.1401251554125
-9180.089457518368 -5908.804317846723 -8375.620995663883 -9740.668240797526 -423.96636954888345 1296.930854700031 9278.672306972654 3852.411239172039 3973.217815678774 -4584.046428896869 6250.953065459062 7847.881010079138 8872.363674335073 7679.675421224209 4283.950766561582 -9003.981697416133 -7239.630914328784 9879.369879684371 6326.287148772897 -1115.4467417397227 -2487.538355212062
7353.180493260308 -4817.255467911612 8847.48928819369 8325.212709141251 -2454.6186577503668 8356.759515895017 -7477.7794483826665 2592.031541205235 -6696.077067324988 6996.773165643081 3013.703990467202 -1507.911374318708 3461.596164570983 -6815.633558433396 -4287.95815548384 -7069.064253189521 -877.3515310250605 -8618.183197461301 -2226.193254708289 7006.942482590108 -4465.844796098173
-8328.050559708057 6582.0111046194215 -4304.584913674119 2355.344646656875 -2436.8718496920746 8485.64906850144 -320.4905422727934 -6487.947848782154 -3886.0423290860017 -8666.168520781352 -2390.1717586917794 -457.3498331674655 -110.79330509617466 -2426.719911316135 -7443.930776359913 6905.946476822137 -4510.484482826409 -8072.96553888728 -5855.980633190745 9159.488291790069 2918.21073518338
-2402.815479329134 1055.176221042031 8524.537413025511 5498.417741783995 -4977.131390614575 9324.942974741356 280.9662542222213 6482.962879859471 8342.293234539702 701.8918035958104 -8574.551808971963 -5575.079051157901 -7264.2686799837165 -1247.195810536532 -5331.873751793295 1164.7192971045824 5407.361815575034 -6588.8681888174515 -9600.748510737032 37.04096376122652 -2430.7623761792893
-9611.576434882814 -4576.643394402642 -7679.319658237775 -7144.31373177615 -1037.15698890778 7833.259072369172 2163.936543302543 -9385.188333923537 -2369.6080477423666 9222.547142443644 -8303.10545091266 -7750.455257072795 -6515.821128413272 -8593.520453177354 -1252.0159475539422 1670.5651291690247 -5712.5169354760665 3386.4025636405804 -9326.184303257549 -1080.6210566365917 -998.2241462798283
-9686.5908345206 2938.980535328845 3273.9066727912286 6291.724791619488 9255.22831641866 3904.1060461218494 3687.0886311511604 -8346.870781142072 -6953.6990723778945 -5112.400446006389 1479.6482380744583 -6811.078238610462 -7416.8158078701235 -8819.854087166437 2891.042157472495 9871.50792741924 -2580.4132422170987 -6047.463072194623 -8878.655713664342 -4181.125244207342 -8379.208700965091
456.7225397633665 4727.194689373704 4580.834230575543 -5829.8164184010175 -8713.189603241563 -1294.2215391273694 4103.730984952752 5925.274428075429 -8192.396861064897 5054.3510818096165 -8080.418792395805 -4045.542986741153 226.79317301191804 1339.2964866983057 1261.6814072691668 -6670.082421466839 -1016.537812959863 -2817.9772296016363 -3754.1312956519323 -1503.747944273462 4896.7979954655275
6575.928031443644 5549.704933313413 -6071.0162541147565 -1341.5733235305397 9158.67102752384 -2198.3065910410396 3345.768004188545 -2442.2300875243445 -190.15664414485946 -2863.692412796615 -4714.813170241674 -5386.978203994477 -9936.84502306932 9319.5934529779 1100.7077850153582 4232.157110369666 -454.30467666467666 -1626.3253217391593 4549.38280389198 882.6754632136017 -2483.0533031910027
-6430.32480122314 -711.9182783983797 2721.171206827168 6277.092701103904 1903.6766131516597 -2822.403159305908 6143.940226794402 -6701.522538773548 -5915.957882462926 8424.485559334473 9418.015690450666 -324.84114146195134 -6032.728513229593 1085.5114253257761 4666.3958889653895 8861.817985561585 -8049.229943882466 -8096.812590497795 -8940.101858659491 4758.384676841855 4701.0995552835575
-4704.90747112514 -5864.80033564126 -2268.9416177410494 707.7271443897916 3424.8439780610515 3787.9406993345747 -4322.829220039748 4879.882409631258 -6297.948676427874 902.432774681356 9821.842705410352 -5723.661335304339 -2159.2662520382564 8216.56587411917 -3989.705115862889 -2101.124458384036 4377.817007168776 -4044.115630206308 3664.998139031115 -8485.603085372428 -9013.119170144344
4113.306721823565 4109.3462487659035 -7664.491348075884 -1899.4119640309236 -7765.2315003124995 -5470.566378608492 6459.021131736321 834.5555456953007 8178.107968036085 -8300.701126052894 -9290.920845070385 5507.847400514609 -9377.125471483887 7755.425425270736 789.5935796459544 8827.10119651711 4906.384135819371 3056.859655321641 9659.374108763895 7621.137079024371 8973.324073723303
5275.949727614401 5816.565968968676 5761.037654356365 -6481.036481726242 -2496.9299365946426 -8295.544011093334 -7659.7761606636295 2022.1529894979103 1588.1440853838376 1852.6674278965547 -2031.8172129057248 6357.187562553121 8942.362900825941 2710.53512641206 9109.391959098197 2742.7470751809033 3152.243352795809 4441.706004487605 945.3168759758664 -5611.5095954024155 3300.350065468723
-1233.4389051809103 -585.9778917740041 -1909.8988292677714 2996.2856317899896 9163.145335199468 -320.6139732425909 9241.096988293702 3106.1027487329593 3847.1591066276214 1734.9838976368574 -841.5020985639858 5552.80996938797 3400.5704221611886 -8658.730322935702 -7018.329229587114 -6855.881915832631 717.5451434652641 -4319.534487378341 8969.16123683533 -2669.050749450528 -700.9095526458259
-2074.4306553594315 6496.242015331893 -1573.0711099191176 7280.9400986709115 -2363.4841908402195 6990.576015128241 -6415.816776636146 -9158.554501282088 9454.556050831128 4651.167783010691 -3627.9290727560574 1546.5758351156946 2953.116990599974 -4214.370052160157 -7474.148324992797 -9645.363938472849 9221.44357402069 -628.1331856706802 -3406.640761060553 8606.48687500046 -6877.988665876212
4513.73979575404 8056.873200405986 5277.771102435136 168.72091182265103 3481.7039363752992 829.7320444752495 -9471.143658612458 -3107.761908258688 8173.919346942104 -5787.026719945497 -4834.1988172140545 -2284.1272896246583 7154.259909965807 8118.713611873292 -8991.180068743337 1758.0499767643869 7157.6584862247655 6211.496235976791 6334.607395671861 460.0221818468326 -4786.59348373228
-6016.305339620049 -7475.478676632461 -5448.0504852207305 3146.3311338644617 -7860.608870087857 -6721.331074693504 5585.701705253243 -1718.509583670153 -8280.864665542247 -1914.5527534281337 3591.5257142996397 -3340.8532261373457 -6991.666689557584 -4331.49115658785 3221.3390294891124 7765.021728042266 9490.41467172719 -5038.70621499867 -156.43892549983502 -9367.56884594786 4754.8182638753715
-7669.044068419764 -3091.1618206793446 7410.73818854717 3706.180841703783 4648.136617556611 8475.261624725295 -5670.4706861823515 -7612.859909918865 7718.747235097129 9802.129237031899 -4196.4297108077035 -2571.812466560701 3108.216312216722 -1888.2089025136866 -9204.507588500674 2051.562187974572 246.9618643153608 -2357.1604809739783 68.62754220755778 -7987.152205008802 4256.3928020077365
7088.44797559379 364.7693163407057 -331.76237864582436 -6316.250526841094 6328.6511067424 -2581.1617612858035 5071.05575584504 3234.4485509806036 4921.649492220709 5355.045996075993 -2178.5716419994005 -7671.404303815106 -7593.430117672413 6467.272568527995 8818.658637906996 3838.248976401079 -1632.3309200109597 -9702.596737391019 5182.489352397577 -1732.6943852581644 9415.169437866862
1962.267093979437 -8206.939961672872 -1274.214420253311 4238.121349586168 -8175.201313673588 6376.0915018548385 2552.357049955137 8067.5722322541005 -93.3043600712972 7738.129409400317 9017.796740494745 8456.911198448477 173.91041717979897 3088.0153091891843 -8699.704125774497 -1614.8943379890243 6774.947295280435 -1247.635414757222 -6788.485093325771 1859.1052910190592 5556.54630442378
9017.597742532907 6661.4063550188475 391.93794492103734 -8791.27380427764 -3537.152065832356 4856.538382175635 7000.0342490269395 6698.680641798037 2942.056364368147 3309.622329019312 3811.1875365686283 3107.7320080296813 7594.656041220322 -7676.163304602935 1856.5499270935761 -3828.6746889217156 -9794.400122117982 -1259.0163744290494 9138.626508928082 -903.2502731480035 -6932.688036959254
2987.9484232718405 3514.180383404606 -7366.809747742569 5686.130071934696 3794.8916766791444 -4288.909214380518 6346.583460185655 159.51398048113333 -3594.352726565633 -5831.919781961526 -7201.627440380105 2540.6885101810803 -4861.978197128041 4984.035064981645 -9767.773822941865 -361.3486342197684 3689.453681775616 1768.3833841950673 -4541.0065091436545 3397.9970560777147 1866.712700861748
-3166.804231600542 7227.25097379115 -1233.3073774604472 -1543.0989938089842 1623.6330846384535 8282.745786194362 -9590.581420880342 8950.275379933966 -211.58078497824317 4791.875261735415 -998.0338920514114 536.9601603922529 8790.675580758634 -2031.5580664281115 -1220.1055271833284 -1978.111042471669 -5123.94661945143 8583.827134967134 -1858.091124835677 -9759.946589858191 7537.77082605119
3183.560599774204 4077.072789323278 6609.626012142424 -1701.5352456354121 -8325.884385882215 -6394.978669381959 1789.2201031444274 -8745.789906974724 4207.738216498385 381.3560591251262 385.24862067606045 -7887.938950710849 -3799.814783054514 2904.1829047129486 -3911.4056484473813 -9944.985621213997 8063.5512534076115 4678.627054796945 9728.783261200435 -3984.9144280825376 -74.99696772142124
1 21
-7862.366777154042 -1181.9657094509985 8741.430846218016 8695.823879912918 2908.745587336123 458.63523976975375 -7171.551880246922 7130.524210085536 -7959.011679799221 -6191.607541657442 -4510.156541960242 7061.774142977491 8188.184095421384 3640.609932142557 6840.524802177548 -8132.879505323444 7309.307998671877 4769.898013401096 1167.8829518601306 -2120.682420869438 -1927.0909389066974
