64 9
-4146.186748876062 6754.454022778347 4913.399244300072 3963.1089029130817 6263.071674875133 -6333.84470274944 -7966.161472011364 7914.505947203055 5335.358137065763
-7798.665688921215 1495.9152766068546 -8804.129669502163 -6011.379327316362 -1518.545031734102 3135.10212485997 -8235.265497266733 -5140.041736045689 -5428.73522726488
-1778.280829569867 8481.742693255448 -8803.481706356213 6048.934311358904 -9977.784337910036 2054.589237786531 72.2126913721313 3983.9053769534275 -2464.075357786235
1285.3245968793344 -97.45034516972919 -2188.9645425073077 5083.01988520858 1249.7268481788997 7922.546610779253 1963.6591406786574 5657.406938531811 6646.41418429324
-1381.2336649995614 2269.625778325926 2849.0024079410086 -929.6171864688458 9917.628908447165 761.645389742167 8672.509904470524 -3727.292023954591 7718.867320874935
-6489.93125592652 -7347.634918654844 -3518.4310409340715 -5039.90648213563 -9290.49913943315 8238.981839276741 3799.188370953667 3125.714557250745 6227.241650963171
-3806.5420787941794 3344.021377451809 4343.623417369987 -3228.9247489511163 6515.911611198622 -4411.137693756655 -6161.75481826988 -9590.853139904648 3929.3199412614504
-3121.088045225959 -6544.845615876271 -3750.380756315437 -5903.995603959899 9894.071034908407 -5648.823153748843 5944.642818995488 -5634.3602841390375 7305.797402699271
8063.011503519901 9924.516212794693 -4478.054043384374 5586.4217464021585 -1186.637455247348 -4279.738683788614 -2026.4107478209662 8252.730524791896 7761.839228398836
-105.96803801717215 -162.3481094585968 9587.651305256142 6823.175209550351 -140.2632474900529 -7999.321760196558 2269.5810554594173 8804.426442936248 7210.584695164798
8906.995287521138 7193.975211979086 158.06463980123226 3124.2399138852797 9706.148133594274 8694.501306298953 -6956.792273524903 8497.9012347551 2154.973743551205
6100.647107202298 -8298.339592201057 2727.721481108436 1670.793214756346 -7364.43197384907 5213.3890386251405 -3726.948138745458 -3656.1231778984493 -7864.395024440596
7282.542582062382 -9976.66321515249 7998.565230291028 1966.6482851743167 6323.687328112519 4180.486488284256 3362.5759384334233 -5177.619482474321 6608.770240413189
8318.36343262752 -8328.583300153514 8113.918000357757 -4591.695578438759 6865.198514296913 -7763.316176155124 -1543.085278513443 -5091.307055157712 -4023.3607839820243
6636.694922012321 -4053.1299284361676 6280.271277974589 5588.854655491898 9152.509894578077 1910.5310733553379 5714.8151299973 6236.051789944395 5563.602435725967
9169.92102241185 8127.110214796128 -2880.810204869146 8976.237565351432 -2693.9498519506524 1589.9165437767388 -4551.580141676425 935.7481972630994 -1695.8364875301886
5040.7676800930385 -9870.885142166755 -7316.010786455742 -9763.729070433576 -7223.901175062936 -2679.0578715285337 8227.873973438302 9220.821130846896 9547.562995331431
-1601.2365509868087 -6950.8931142588135 5291.45207545323 -3353.02293860215 -8070.6655233539595 -8579.02669933703 3197.1875629697697 -5353.228957586014 2491.3621451644904
-2801.0798951873257 -468.29537711280864 2606.4820026800044 -9308.874384242707 -5627.4627662952635 4422.313353838181 317.60612634716745 7448.618946453302 -5702.058132609201
7228.718780945066 -5433.605406324015 1686.534686662375 -9819.837048034778 -9835.032964885078 151.95614433844275 8607.4756690971 4666.913210187478 -581.3752501582967
4072.0823559453347 -7083.079174529496 9599.361750889897 -4384.6910784220845 9060.591946351327 -9893.852875609948 -7911.00163851437 771.994011971974 -3439.1673300062566
-6432.039993579013 9835.093538774305 -9224.459415772735 9915.4009431286 -9343.136858716041 -1829.8578751211699 -3625.7721271297187 3678.0078827343423 6673.91283156367
-7324.488437211105 8189.154888172103 2922.2197339400827 5381.221285851143 5164.711133323075 -6741.480399675921 -8167.454547403084 6758.580906116091 -15.643669149012567
-6540.5681583747755 -5545.941139245396 -771.3943711860265 7131.620980699703 6434.24429465341 -7257.797491566726 5824.676300952729 5120.7352958833635 8615.963062663446
-487.3293408388363 6279.843555219588 -1613.908946376796 -5102.398800614398 7325.037967371318 -5757.4647766210865 2132.334491480182 7636.242821495554 5454.240537430973
614.1338671319536 -7706.569388483711 -1657.7489681250627 -686.5142192521507 2066.869669657619 9035.824066340767 -3977.4639070135236 -111.09933184994952 2196.012451048924
8928.666891317167 -904.5733907235317 -5497.772696966936 3432.568643484634 -649.6766473302305 7075.070218041201 -3943.135300221128 -3085.195253200317 -9545.4076537593
-1678.5147986355041 2976.375195960456 -4493.991765283383 5752.1752888166575 -6397.666524122518 -4983.864578219135 3476.616232152359 3745.469169584523 -827.240043633039
-8511.621818736916 -7564.667492287537 2317.6830198293756 7383.062203084701 1927.9551676164338 3694.855334885291 2878.5626544667048 -8570.184056736523 -5950.621826727327
-5284.995727650419 6351.913043308115 -3806.436616195526 -9213.841748295392 -1508.1453111320516 -1175.699499063394 -3387.6370766596838 2031.3331902282098 3911.2898727360407
-1146.7336329263708 -4110.279305529596 -2373.8515196920225 8335.55198799735 9041.815056323296 5590.673062950822 -9535.42014403977 9887.51683527754 7038.574723159643
6032.985082962654 -6410.684279905199 -5017.223073791177 -1722.7922845755274 -7094.407018561984 -2507.009099961828 1771.4546244310368 3614.344404712465 621.8620172508945
7141.87761967754 -1500.9879884641905 -6554.23446304834 2396.8776339744545 8690.21926903108 8307.939761223486 1105.3009315030413 -7100.035323755274 -678.2302455104309
9301.416817693509 623.1341469167037 -698.7997529336626 -6710.910893587765 -4867.134651534763 -4581.604275194708 5454.822488702775 1098.5106318108265 -5349.239901460614
3039.7091757199887 2995.1707739844605 -8999.329186819708 -7692.728374661236 -3198.0740133885456 -9125.465471859176 2177.8502894973753 7355.289777420261 8369.56497354366
3811.3813991175375 -7037.425741230325 -4739.214372631166 -5688.170363648662 2889.9448886897862 -4151.085272588728 5028.801356458622 6059.555037476377 -1989.1391629209365
4002.4021232079613 1479.8578706172957 -8672.960225098217 -5621.684359101735 2342.4140351118513 1683.5934813113454 -2181.841541554557 5062.253941715451 -4257.532933285973
6849.925237619023 2077.2607773487634 -2937.6538112054895 -3755.864773715076 2649.9385128700396 4216.0648545736785 9773.414785773166 2850.4459985442845 -8778.072395406833
3616.497050105656 6814.403041230453 4176.190022871662 804.9288114736901 -806.4332645379618 7550.770030162192 -6253.195647152519 -5841.927618208409 -1949.0840207989104
5949.651204124393 5516.247412978248 3818.1307359321654 -4076.665658734375 -7838.683599542819 489.11045978497896 -9861.907906474198 -7605.967817886334 4721.663228641995
2607.9912911102365 -5315.9855098435855 9193.652003808795 7873.535966931831 4880.015789809222 1269.8707277930735 5015.627595143485 1973.1533018191567 8970.936474978647
-6658.72260863182 4967.918169205272 -9803.686862263838 -3765.5984070754075 7268.1116203101665 4554.125001602304 4760.107733188346 1738.89797112634 7678.0791556941695
-8328.581749006189 -3163.706030849189 -3505.237806316064 -2441.0692615435137 5603.980581182597 -7253.4737160860805 -9540.52005277579 4445.866102880256 7003.2226250448
2269.571147467619 -5491.820831118106 3302.5287479888502 4284.5587490390135 -6703.158863631292 8441.98966529972 1017.053240154617 -420.90152550813946 -9587.479036141725
-8797.476051298636 -8002.14370526376 7444.128685425709 9094.328017266896 -5933.798477911369 -6773.205022443866 -4737.664071912548 -2809.5079689116046 -8384.910840647117
9536.426532101232 -2465.398494469455 -4413.401792847009 -3225.1505605742523 -2217.016121948849 6406.518127038722 -5935.02088477349 2584.9088607085614 -4733.15706928654
-9386.992867485475 5763.481966202637 -2160.7939272823605 -4805.648008025485 -110.15557515775981 4660.033678062411 4531.8770991787915 8041.661083167695 5147.008224625419
-9491.792086552263 -5313.249645219757 -4810.668878144282 6772.039540758495 2694.867126740499 -758.2309196444567 -1440.0206811152839 -8539.195642923536 5710.418812768079
3648.369194408757 896.4517937107667 -4458.412165181045 -5791.01650078148 137.2924850590025 1353.9236034881687 9640.753619076124 -2226.280493585633 8447.548644508377
-1237.9650545063578 6788.331321011861 -5283.326636687227 -1046.0512314898315 1767.5410536699928 193.03267086972846 -4990.273079648884 4382.805374489995 -3480.071251952306
191.961064673691 -8641.01529405782 -8860.691922622997 -4160.495775203223 6759.199819453443 -3305.7417661410464 -588.4100174089472 7316.760508989879 75.1232221234277
-3454.974999970422 -7524.066588707816 -1343.3931147213607 -920.1164983719227 -6759.3913653527825 6208.6785634622665 -970.5474226562073 1467.5760563447584 -9537.95289000149
-8475.035137288607 -7470.452122637818 -3704.6298158960635 7502.07581195714 881.0321051316132 3815.263366762887 7402.179335777702 1311.1216749616378 -1724.0609589369342
5831.544448902578 8711.647641923406 -694.1035449296814 -7350.0379664236125 3286.8816452064184 391.31373727632854 6718.978735787241 -2665.460550980916 -5833.780815899577
3979.198596065531 -1700.1491490823846 5801.481519022946 -2326.7094481080394 -3599.4237880358805 -62.74190387504677 -1953.882932237887 -1315.538829420855 4105.700582275114
-174.0544520007461 -8546.300602318184 -5312.104383258562 -6660.893286264789 8362.23496885586 6097.44530035561 -5370.5885325871795 -842.250294660802 5520.02226187769
-8651.433742961448 6403.259822595304 -9982.890663578743 -2203.864724384841 -6417.923994276849 -9323.099399634313 -8724.75439471581 -9907.646407375634 -3519.134831328237
9329.781190596517 5421.613192102945 7615.73458601709 -3285.404988044218 -6581.813307373286 -5828.1493245359225 3808.7310433857965 4772.339216017279 1424.6070821965513
-5761.554517535368 6275.105710288035 -6717.026600651623 1363.8033634678413 8552.29444768891 -3246.9163551285665 4792.423956752851 495.6812034019367 -2835.43675939691
-2445.5938809447434 -7600.092538722518 -5488.313098826483 6903.938291859467 -8861.272276883043 -9787.91209073103 660.7845153868348 -7999.73990442191 -3908.190010256496
101.84160299670839 4459.167599086133 -8148.8494912828855 -8296.640687213214 192.62346237708698 -8061.48144035139 -3246.807311595039 3442.205036548283 -9798.270894117937
6098.047453436431 -5661.174538784051 4683.0677928665355 9520.306398001587 4669.975284928427 -8682.456234232319 -9208.271477279979 -414.0403807988987 2690.2220121659357
5302.916769954521 -7750.96742477964 -2814.254025231444 -8920.214423549562 -362.996551896902 -8868.393401177098 -5579.927716971131 -9606.510819785542 -8320.898800369465
-8955.20060151423 9965.257587414551 -8348.396329346906 -1075.135739354535 -8412.98904250946 -7210.6428772299605 -1741.0594007584823 2637.8409054940184 -848.4899554681415
1 9
-1450.7302596956379 1739.4646112354003 -6749.228587801515 -1644.3475361570345 3269.7996006459543 8604.144554735845 -1179.204639596719 -8792.25840257635 9319.237520974533
