90 34
6975.988549874841 -3980.957883603942 -5601.897374720259 -2436.194739512247 6274.9195633116215 694.6374367926692 4335.005522616422 -9747.891981778293 8616.69862188839 8162.0762709832015 8048.274466242481 -6597.892917565165 2222.751835738245 -2386.1635096962664 -4725.206651731643 -9241.305374175725 611.1563386691669 -609.3912868077041 8937.130612111207 -5940.249274369576 6855.875545021401 3520.32586374524 -3261.026590726754 -4755.04421233315 3214.282124115036 -2295.0910857059644 513.2944378017837 9427.576186905368 -6853.826977747235 2096.365742477732 9907.833162443301 850.426580623367 -5751.712634089192 -1425.6842859148965
-1036.1585852819317 -3854.3911292240437 9743.267286845476 -3045.55085939082 -6253.022502841394 -2859.7684862119577 8728.196585552698 399.996497810218 -4843.522933833502 5622.270643601512 5657.942204579984 -2051.1342410965926 -1229.2187314358816 8176.620924667866 -6045.4249668365255 -7948.51915675113 -1275.845320511935 -1336.831092971277 -7606.151059937061 4692.449236672805 -9054.501079768484 6920.653857918103 5975.522002979429 2492.971683858028 -6407.736889089244 6991.8659047166 -7613.991357533132 -3707.1043307170057 -2746.038493614873 4660.168273483276 8940.71479077009 -6741.43409537985 -2228.456800358769 494.6654962364846
1755.2138959023032 6049.587341078479 5004.907268166635 3134.900867832217 666.109094739395 4755.879823809659 -7990.405048794045 -5038.286988283764 7824.9525899934415 -2327.0962819722918 -7211.843220508327 5111.386350320934 -2412.3765581303223 8253.935796749807 8903.89816906931 -7477.3476849022245 -8715.866457853983 -3397.2314221030356 1588.5239963191216 8470.02609929998 7446.982472317966 2243.3995792126643 -3957.2070281176684 -8672.181709131497 6736.165776773327 5064.589461565467 6000.673971919763 -2704.7611992331413 -4967.019977875626 4653.72288297466 9599.44096887983 5311.999953033906 4537.322384879653 6673.302173826618
-2091.5466790072305 6776.6344694597465 5982.5747799589335 7970.102473329764 6316.444996675877 9525.11061519528 7030.300315793211 -8551.037045381083 1095.5458185987081 -7599.28081814083 1398.9181498616163 -3095.1780232887895 -7735.878601597849 -5376.170563317908 4930.245000366982 7790.533569156054 8827.979439623698 -7633.154205091845 -1316.1855868697494 1063.8472460497414 9773.041312524547 4046.9098336357765 3410.959430816025 7082.600740245125 -860.9267143071556 2705.22939157365 9678.396936929621 -4520.491861493659 -2450.748350396386 6286.436760677241 -1423.3775466296138 -346.94760981873515 3731.0022659186834 -8924.645010998305
8746.417039814598 5691.362333485909 -7551.28606002573 4660.043459082412 8744.42626846875 9319.558037496517 -8664.038226428354 -3050.318340226383 869.953508820272 -796.0146564542574 -2713.3304267222384 -3570.7364372712245 5662.604227803613 -4224.6929925535605 6576.2242739917565 7590.135734344582 -1904.4171635608564 3511.984961910117 -9169.695172557385 -257.64071738261373 -2662.0676383826194 8921.524771845103 -9551.826161778674 -9559.435083084672 7077.086301364063 3157.765932894212 7993.01126939489 533.6468066184516 -9677.612622288123 1154.4872895714216 -4561.6372252247775 595.9796162255152 -6680.633277706527 2141.828448459959
-2650.071866221968 4245.710105622853 448.56523378962265 4810.920036861669 8166.053372922259 3334.217345650155 -8434.737470832499 6281.683804635644 -5993.658649326033 -3187.0559403833813 -7870.198742059231 9017.545643928603 -8277.33906443544 -6524.977499214746 7419.140869564115 -6128.084642262319 1783.6317970309483 5687.577267970792 -9844.388256062095 -890.4103029129365 -1882.6252861893454 -7257.2627042058375 -7245.111406663685 3529.2947231196886 -2780.8238334490225 6698.640179607308 -6396.665055493837 -9681.091431938066 5059.716865765595 6200.4199036916325 -9591.907476743982 -936.1888160098824 5529.97890442545 -8585.343390896187
3225.4125020960546 -3369.215792791085 5573.118235404714 -2517.148597763954 -6173.150216198112 -2084.546469312165 3347.8509564258366 -8020.4290618222585 9241.571626813013 -3231.4568460473783 9136.730984873833 -5583.154696155388 1880.3744989479183 5519.64648435987 4765.865470915496 -7758.683094276966 -9563.98041531714 -1144.7607430154821 -623.656019183778 472.50434241565017 -3680.2287565578554 -2388.4554138507074 -6937.098938224437 7806.58065644051 -1386.1354297432626 1423.1168830596143 1626.0532568689887 4205.17720876802 -5649.644775591858 9882.662509675822 -9705.182215684687 9596.618859037102 7686.190640839508 1908.2527549880087
6461.78437750004 7237.345804428376 -6008.176768562604 30.886231145312195 -7244.306495306588 -8532.798038019046 -8645.824329321287 1494.8255992696395 -7739.077633329467 -6863.917081241062 9078.832964907382 9741.989064047211 6101.993457442635 -1404.1594025722352 7575.337852208177 8310.63697121761 7941.205057203424 8274.86795898039 9517.177137620132 295.717581074774 3999.9318985269965 -5099.661426952942 9888.851408007245 7935.978167112644 -1941.5381170219944 6016.029097111808 -1641.2161595303296 -1872.0445088616743 -3092.1628988441307 9482.157230368211 -2038.594723749261 -2011.857272226147 -209.42219123583345 389.6571507690187
2747.8565590769467 -5309.654232437617 2011.461759997077 -6461.081087148228 5848.471934900121 5027.953743696959 2882.4994014125696 -5162.66297126716 7148.399478438212 2940.7896897181636 2898.1050322018727 -2231.664371208397 5645.424013318125 -8515.579444981975 -2184.676163150297 8146.521687469969 -3801.4873701171446 2178.4116877894903 -4709.780615280401 -2786.537496044907 -5533.6816785334795 9673.14388406347 -3688.491111623175 335.7977782942289 1974.140706928445 -7467.032253082694 5537.133788531824 -9380.367952146573 -5356.580548788316 -225.54988136425163 -3348.103647226628 6518.350038527988 2600.9155235413837 -5812.305026702235
2679.211714541061 -6416.829872071164 -3300.657802641651 9465.235766926879 -92.04611203350942 -7498.877488629396 -3022.9042868638253 -4487.461260831942 -5308.600797706322 -2670.5434130837193 6154.199542055907 3758.2821845106755 5314.308255086804 -2838.690247622282 3994.287113660128 4550.305165475129 4268.407018495802 -3061.0877947102153 7431.471696622302 -3488.6743458826277 8482.544083220288 2821.1339203826574 -5285.233709067085 -9009.610780231205 -1840.3053295565906 -8150.694741913724 -4049.539549164667 9680.035867781928 -764.0245517881413 2551.082299156167 -9688.414221665893 147.63130098158763 -7808.6956241680455 -4067.5231955453173
-6806.407411367357 -3717.6167602401747 1301.092152073752 1164.9171313912357 7624.510187241289 -5696.70702366039 2050.9837546819726 -7639.006826439456 -7140.294076298162 3700.9419920111086 8631.206894054707 -8534.536981134483 -2538.9640212076592 -2860.6507194995847 -4134.600542760989 -4122.161307613217 -6169.771864761613 -556.8319055587272 -6540.093462095846 -6069.472919835448 -478.12233381469923 4890.931915040148 -3782.316270338797 3451.3533527039745 -5758.586399753926 -459.63092717087784 -3486.091370652902 6300.024521843205 8406.414225182449 4765.4004485278165 -8761.74473852324 9852.296591047441 -6346.3409978099735 5155.419378413844
9303.841253068917 -8722.338761979374 303.885412265523 -7017.067502672038 -9401.754879676791 1810.9857504334286 6718.679411621164 -7461.848722275199 -8202.38005841195 -543.3926556057413 3012.6536592706943 -2120.618718973815 5045.60724505894 -8676.019209255492 -4666.370594192835 8662.396982487833 -667.9671786209165 5231.64892599789 -8154.55198774379 952.0310579763409 1487.2193982987155 9400.15531906961 -7197.951040019008 3161.6378217857564 -5546.740699357529 7618.6559780795 2812.241315803505 4417.953464952943 -387.3168765641276 59.86701277671273 -3532.181434321773 -3892.4616056756813 6214.667023606733 -481.87286709378895
-8934.124197831681 9174.587444567052 8580.036166850157 6688.148807742215 9154.865582611237 6568.15982402203 -2524.1308293543743 4439.6428799128735 -1729.5380433101473 1168.4478621497947 24.06187367866005 6074.716996291139 4778.906939053395 868.0719485704594 -8549.791845348604 -5013.517730431463 -6198.22797969712 -6901.619054668462 5739.4942988515595 -7991.737819394207 -2922.082783803182 2102.082829505176 -8906.822976458352 4250.4523699443125 -9521.981927673742 8703.319256720424 -1267.913508597525 6751.154220294047 -7976.048515001068 4948.982448866624 -5904.915726795371 -5319.27955994709 7915.395452195422 -5932.181668316068
7549.4728527344305 8423.583760832513 747.7581332563823 -2108.4344371352045 4483.4529372169745 8859.2522604148 -4153.32609851303 -3022.7083322454782 -1590.2098574554402 7579.3167142006605 -4475.39732001907 1612.5880341734646 724.8687607534412 7587.859138594256 -1897.3630082558611 -1709.7852404857476 -5072.848666868028 2274.1253691991587 4376.5351614754745 4638.265095881565 -9122.782065919942 9491.66517951524 -6875.735757152401 5230.567339605774 6730.060729376051 4624.323729503472 -3995.423425345097 -878.6983107240303 -6755.605071202899 -5086.239036385534 5893.557380297663 7401.750686294163 -7072.891374323552 -2983.7011261534863
-1025.0375753124026 -7327.586530423952 -2617.9336253099764 -1308.548814191663 -6152.212963291608 4326.6039614156 -1221.7830690438186 5802.223570811422 -7221.210619430918 9838.244122044955 2817.553759804163 3896.45691454571 4799.272717390437 7598.6564706095305 -2433.812051558537 4845.623969560926 -2920.590799074561 -7869.004952503959 -2956.8901079146244 -654.6110809351285 9583.838501170718 -1467.486673470452 4452.530083420283 8647.917183247053 1442.0423546160928 -1169.7417808604714 -2949.877476681362 7310.335617306151 491.87764190068447 -9726.709741244373 -3432.204564296946 -2080.326618753341 -3638.820719284575 8035.018378939501
-9671.419481242634 6990.739517283833 -9430.319730900248 -6687.124289953827 7002.924366217689 -4898.95023827907 -4036.9881800567127 8485.48662176697 9608.20359029121 2747.4785002573226 1948.5830765089577 -6237.138026857711 9595.788359240429 -572.1708254852456 -9225.95695413968 -3991.0402624494236 2691.7292163600687 -5112.424220544278 -8585.25340744716 6376.514143655932 -744.1133368330902 4302.552034117412 7376.374960748337 5077.176496933502 -2790.8497724555327 6565.233122597107 2502.1207894623985 -1626.7787052267304 -4975.869863386353 1586.3966833397353 -65.44962818952445 9932.695620192466 -7568.060570666457 -9478.63644918907
1504.2507074338882 -8162.212235985795 8403.637443339903 -6486.8384346127095 7963.584784557686 -2023.4369091629724 8873.489708184083 -5996.458036188324 8915.235110212358 9640.750954980467 -7548.938014382593 -2770.06045437987 8848.498564241916 9943.12888482882 2171.983605853091 8933.559254543623 -5978.201634302649 1899.0568742420273 -9280.588441787924 -974.9599293922947 4295.676535401866 7022.250196701301 -2492.0206487484184 -1820.6522467012865 4879.334440433542 -948.9261287921272 6360.394157295439 -5646.120357454321 8862.819386908806 -3084.2852351224683 2679.5404476448984 -2647.3870842129354 -9813.293240956338 -7120.346517035456
415.39261114466353 8496.872582382864 -27.952190853171487 -5944.882015946407 4075.2102230148594 3117.247412004641 -8313.483566928628 -7596.699706363044 -931.5794450177109 -4161.896166701624 4734.29451727107 -8856.807170234908 -5722.813333173187 6271.588976386027 7255.311847748031 -7652.000090853166 -7053.750104706145 861.9463748934213 -8862.635036556352 4901.684557524595 -4686.374643911641 3823.210325087857 -6466.843901114689 -4321.96776101238 -1754.557922496473 7276.344089041235 -121.06131325971546 -61.64747315219029 2292.624267869929 1940.351981738435 -1780.811788964067 4080.8978280259525 -3523.7919494245616 -4340.893366184013
-7019.449806389044 -3770.5376643798136 5201.19048339353 -7827.018189635244 6253.910255526727 -9654.621727993512 -569.6995037566285 -3795.9418315708617 4677.414044079464 5196.531648387128 -7831.983000449536 -575.3678002244596 3641.163262042588 6436.155969134787 4886.323222108851 3137.1615003959178 -5571.576272934133 3820.9751240307633 -1426.7647912538341 -8284.315832572927 7689.157030220587 -4819.888084615722 6665.833218350766 -1257.677928001036 -8398.59838955693 1280.075217733478 1395.5468986328815 9368.536616073954 -8413.938115434836 4079.6232188352715 6276.436334252525 -3918.699746782372 4630.677752496264 -3926.2395438304075
-8023.028469166693 8580.758021744186 734.1735182058892 -318.85136029618116 1192.4096527929141 5574.980249005337 9382.46930978257 -6561.006936841804 -176.92095721900841 -6166.967324832506 -5527.886990926579 1295.5051493444644 -4508.831728021394 -5276.108601395448 -3655.330096415979 -1397.617408478376 -2125.6250128477714 7124.26086889076 3200.1248583631605 7696.483424187758 8546.496955937815 6412.226920331308 579.6649938884402 4785.328350295211 629.5715278138923 9750.403935675433 1650.9896971523249 4909.0358696585645 4515.194873891414 -7834.717977674189 -4792.027243424602 9770.076262456452 7874.860753063258 8692.511452328232
2717.8960552340923 -4536.279392680795 1471.9760618124765 -3101.3765362866334 6282.775148583631 3366.424129124118 6716.016986753464 7340.541034705497 -4495.468400889826 -3496.3683999185505 -3782.1803912416162 9218.357813912491 -4155.903850998173 5630.273178366822 7436.28691576088 -7245.579575979551 -7201.025496409601 2782.6861127706343 -140.44006513031673 -6276.3149692212155 -9454.632491930972 7314.285976129559 8244.40546358536 1362.7840496496865 -5470.387520164737 1461.855855528831 3366.3463746818034 577.0814104807287 -3889.7923416912427 7318.736413076724 -1583.0432095843953 -5409.981497384768 -2170.3898277286653 1823.7525553431678
-1049.349961808788 -7295.247111103078 -2285.1272416913916 26.96114646398928 -9312.034801484939 9989.77211753327 8975.600860725786 2836.833908114664 -3056.1307131455087 8201.963121795503 -2009.3419336185289 -9446.593091492596 1601.6730902758918 4516.275774872285 9414.619209642726 -2390.6801358785006 8262.165360409534 -6338.7792869226705 9167.56854054208 7092.528158250734 6047.110756198177 2450.675254537142 3516.090297029148 -104.63227212280435 1202.3175233041038 -4698.982159571916 5237.76314400696 -642.1143296138816 7313.849462899427 4247.204681711126 9103.67463901061 2278.9686868411845 3836.842158917403 6376.506841673237
371.78107745475427 3113.8661727070667 -4881.51009254699 -4576.987884917707 -1000.3194982906953 5313.512342393291 4178.22824742657 6692.611332481905 -208.38591485848883 -3346.9050675792487 2200.1357654110507 6961.504060561187 464.7525984185959 -9454.47228947262 -2150.5375726483944 6668.170919641729 2088.8434809617356 -8821.894657256706 9152.801045874014 -2260.2171935264523 -9318.421565705215 1337.0446412707188 1980.9154817278304 2273.6125542685786 9967.425721189324 -3446.7059906468703 9896.342169090505 6441.267021633179 4101.705171896609 -7414.188200751067 810.3356077758781 -9649.218591311903 -307.16115170349076 -3028.3108187667885
2414.5118610454083 -5219.591167394328 5551.752668266794 8668.034164467641 -3420.4202820922865 -3026.0587800719877 -9904.501197446918 -3306.244977371138 3989.136428243166 2280.947090503294 -2006.163707941415 -2113.9754967902327 -1265.008878147999 3801.770775945033 7351.97743722337 -6687.09822301494 -3782.5122282220727 6705.293407992711 -9120.700576007668 -937.5444106206069 7291.650211067885 -1992.1466354679396 -8749.242111205016 -7817.71160692025 -1556.9968313304107 -6667.7345895235285 8608.292832474366 1219.9770276892104 -3870.502100131832 -1461.846834812808 -2775.7575228584865 -4500.539302405964 -7129.949842736105 8734.970682330852
-6032.749759866629 862.0275008258723 1216.320038910013 6433.021532627077 2414.851214883378 9505.945474832766 793.3078139280351 3815.164640166833 4138.362718142695 -1023.6849134810091 -1729.9671425363485 -9078.843332262735 1598.3706636054285 -38.033245067530515 5725.397857756952 6985.495253671685 -4903.113095749214 1077.9201665893943 462.21034098391283 -8778.598804596008 -8304.006556932862 4188.724993467047 -8571.84173906125 -9350.094989572668 -6546.903560604713 -6238.215997317229 6022.367894991203 4891.737670004977 -3227.3085834240937 977.7096692391933 -2810.012896456913 -2738.2827415981947 532.7045217306586 5314.48026671739
-4586.249195144259 2454.673845537556 -6369.221813942112 5903.112251955976 7036.8737048810435 -5590.791553159726 684.1774681886964 6537.475447645051 1769.5629333785746 4594.67255520409 -2707.8232776713976 -3186.940231610007 -7101.736513388488 -5698.792795202999 -8189.699637731263 4393.778796616483 8211.35480941772 1418.8417559768768 -8857.069403150777 2268.0840295987764 6747.4730806308 4189.568185085791 -6039.24655508564 2966.3118939075903 2229.4092585024555 619.4385105020392 7991.291717105945 110.59367347059742 -9853.293825373532 5016.357198476127 65.5733867626277 -6599.126766277183 3133.2910466582234 4983.572812031078
1856.7525354512454 6116.627141188512 671.6212516561391 -4498.444654066864 3390.6103654630006 5982.548056511867 3450.4836752957144 2102.9920996717137 3526.1932078813097 7486.960548385712 -6006.387808459405 -5737.19377725993 -1738.618524028143 6898.3999512761075 8728.729115713199 -9035.310887430227 -5022.382420235903 9970.23761932244 -9051.882933628125 -7281.169220025256 7115.099191278616 -8064.787913937881 -6081.61986349516 -2954.018883667706 -9242.897607215771 -6808.183627610236 2764.7350187927477 9624.849585388041 1969.5511407007907 4051.190950367296 -560.8202494625675 -8031.264153222475 2601.8849680430576 -1881.368808926416
-921.0064063571772 7848.657774806503 -7200.182947189931 -1591.4537512016195 -1054.1618259337065 6247.4484072526975 -4131.9150860626405 4852.0221838520865 133.5839270725519 6791.337567847619 -9472.72168859567 -1922.85565103925 -550.4900925307029 -7777.272032904861 6508.349348260424 -6423.434335347333 4815.607386506988 -5092.053911462811 -3175.002920426451 -939.6875954424759 377.69895171116514 -7474.890475989262 -2617.2104763915913 -1707.65999260637 -5647.979890861931 8646.609918610258 6069.573971663254 8532.577582635298 1911.8265706682087 -4979.155216402025 8349.113913900568 3270.7675323847398 2463.898959805225 2518.1986784114742
-3137.6856210809055 -8499.26138171541 4698.949072229632 -2171.8673789400955 -6805.094315411428 3208.746842093413 -2178.263903448541 3460.790301529376 3538.7347448759465 9100.620967314964 -1044.0664796601868 -8237.426340639086 1853.0367287404042 921.1955849778078 -8656.412026502147 5850.800678471411 -8017.215215293956 -6426.831344794068 -6059.419751544381 -9892.669073404682 9144.102760248868 -7705.886609244022 8382.744359369666 4320.255749458554 -6394.002260490041 -6575.659878402534 3985.2784119194457 -6378.763182552035 2722.497513397413 4597.908408708145 3065.092366228333 5165.186963028338 -8359.918422832834 -6716.271206872204
9373.378528124995 7040.919443946259 -5384.752132266442 -5986.879211372764 4454.2576299013635 -8715.50510323758 -6522.926243227652 -1969.8532379444723 992.8150714327585 5733.654125803607 -3428.8484018747267 3214.3133293524097 -7904.740915899133 7717.33082650253 -9021.661056079356 4263.849396340342 -5173.693100787038 -9239.062265791756 -4977.039166854081 5021.457121572819 -4085.619464644945 3100.882748412432 6137.690965073685 -6876.764560312762 9625.048347432697 297.35898287759665 -8865.595065054575 3191.620678913003 3350.529016946626 -8970.964806945809 -3300.054923533271 148.12388125783036 -3428.3236378957054 7319.466202092357
4911.001837739206 -4004.5582053882936 -8704.709469403882 -1076.7154153233296 9693.06885747797 -8074.395169212454 8508.272834303683 8806.85288665399 -8720.754532011862 -1690.39524936222 -3400.0848814963965 8280.632865271233 -4782.973211244963 -7788.384573721365 8636.00665752633 1200.718849002691 -7096.63242536424 7479.286885054407 -8925.955254393313 687.1782971437224 -3021.229240082408 3655.5546780446984 -1946.6952210977297 -7889.081299963321 4631.942184861366 -2805.0044496208848 9462.07173362689 -5836.053043834406 -9360.167235871317 -9629.313388345112 -1095.2556155324946 9435.695326927107 -8515.443837100916 -8423.949423982085
7530.116532786451 -2228.7075558165825 7430.558745124417 -7717.182653988603 -6620.789475603872 2269.6743685584497 -8680.839057681624 -5564.090350154181 -6430.147071967185 -62.652577689337704 7921.3789994061735 -4302.288249298478 9603.543449271798 -1631.1595479096995 9255.104086271876 7800.322415438091 -3401.574901427116 3597.9393278451207 9225.785181787236 -8377.395141764404 -6821.790876669551 8862.467138393757 -9008.764584504795 -3239.5077003171546 9279.206045355902 9681.429997559597 4872.981868816871 -1587.3605096766096 -8335.04941043659 7591.8474084651825 4775.56364242947 -6951.232154632141 5653.571338136693 8646.55747146255
-2703.018248392348 -752.7740200237549 4847.945925013826 7992.684374905632 -4700.748552498717 -1600.2612232456122 -9295.304887383369 -425.20718703039347 -8154.692311914787 6952.713310867595 7419.888291539035 -5002.720670304639 4902.258731274309 -3235.8269480282424 1626.3069286852024 -9982.556119688647 8122.704874121679 5967.718052768563 5377.787135303293 -8218.073988355201 6979.053131400611 -3538.1615975248715 -8668.155175388763 6954.727019436643 847.3125369737263 2100.0655276460184 -9040.998921019791 9972.220784067391 -7874.445083531971 -8834.741727758481 530.1350227619841 5837.087981486153 -4922.718286951839 -1386.9174653304144
9160.901494917118 5492.048223172136 -11.383997842980534 3201.3636555525936 -6613.313906920057 1003.0964399362092 9281.86946206833 -8653.85673110148 -7276.589068555797 -5393.166083522798 4929.470349726604 -420.8184789250572 6848.135968273418 -3268.5336489445426 -6126.849065235836 -8483.193306218785 8395.895168875995 1779.7835051728198 3898.7431983811257 -2080.367246293964 4236.886439168698 9908.233815389918 2899.5691547615115 -3621.805229184287 6693.841106359498 -251.19198580885677 -3065.6384922770367 -5574.750642147914 -7916.976702630034 7175.539562092283 8309.312491002318 7097.586418837109 -8884.936026871253 8943.965772253778
-196.45010427543457 -4638.357729253097 -2582.1671711465724 -329.0423811676101 -1712.9683143512175 2721.1003884224974 2500.974499164784 6855.532153125845 -4527.274436859492 -3112.646555639524 5301.412993015498 -1456.0817654298135 -9397.64883397985 -1528.244397106022 -7273.942537477998 9057.718419497476 7651.893360745253 -794.7077082277228 -1474.313052770327 5634.959298863403 -5532.469012322638 -7002.283599497492 358.3498150263731 2409.5550636313455 -9429.194834155402 -3510.3648325653803 -6797.724839336083 -5052.82878438724 3590.1200662761476 -7433.055605196741 -650.4070668131371 4213.714259106599 -1694.831188568276 -8766.007515440084
5429.679652371349 -9863.252102546532 7628.770463309724 6018.495343512355 6349.270028630459 5502.282815118368 -5935.868189178619 9076.267600146464 -2606.9084022271154 -729.7886590519101 -9874.485882137331 -9807.235966091472 -9894.172173813875 -5488.9749638707035 -2084.409712601562 7375.895531626164 -5467.991874492477 1499.5739674145952 -9439.583556958618 9870.210749110964 -1708.5404052959257 9409.799237554336 2336.6387343529277 -1196.8868922835682 -4230.730076121147 -3622.5386741468938 -3252.0689488298267 -6312.557788824158 5850.511686447513 -2613.2855088234237 -1967.675125945343 -9382.515633815103 -7717.104901533138 8267.261264781147
3509.7626303940706 9609.494587848858 9390.308672562442 7601.696430067212 5471.323056373656 9235.353174756077 2647.8888559328097 465.919286061413 6572.043695416291 7408.926409302589 -4914.869713258163 -7026.761213014774 5697.14613603722 -7331.878802659336 -9829.326063064274 3643.9502363243755 2581.3690005124954 1507.5743174989402 156.026273517753 4263.298054547997 -6352.214259629938 260.0731870673626 822.4745662051646 6717.401923295591 -2842.029197672957 -6410.446069694715 -6293.739685888795 5665.510345265273 7972.2107599741685 1865.7939174883359 -1362.359171205071 4722.831161029186 3153.1575606047263 821.0819121590466
-5695.270443135345 -8553.652913844093 3457.1116628103555 2218.9346532174022 -2662.4261822037897 946.8547495524035 3034.7429098034154 -3098.3533911094564 -3400.5699244717525 220.904549760171 4428.116569785805 6194.762434078149 -8494.230146534814 911.3571711551213 -5647.1954439895835 -6847.625617244406 632.2506215192898 -4371.07642670945 8425.343400519105 6574.237888214695 2914.0912702543283 7595.190380375461 -2332.0905172206067 -8096.98612246613 -2679.837204747655 9988.595888521919 -2032.5120796538768 -9744.413551101447 9896.686327633015 6345.848367206443 -6449.9811269595275 9973.175871591895 -6410.427301165695 3658.6926749950217
6128.720910410269 5155.218551175298 -418.81902515719776 2831.370961375069 -207.56485860260182 7124.275525701618 -8507.887059643144 -9629.240606070352 6038.8112608189385 4608.282593075579 9849.133063969326 4167.998936898941 4182.67995895413 6381.089864022364 3138.2914724718194 -7068.199277531022 4852.727732707219 -5391.7199912947835 -5508.870826511307 9511.906901939776 4851.381440357387 8753.943444397031 7246.017203935939 7168.84741113659 8480.875327609203 -6510.893316393687 1133.535243733786 4131.853511383319 4772.327520949575 179.48966600127096 1998.4104897304442 7416.54518011248 6226.012887847277 -9472.731887103027
-5352.032530482232 2544.174689363337 803.1281445014083 -4861.488444452344 4062.1176472019415 5190.455610140163 -3721.5491284160416 -10.993439874082469 -1163.1311795670517 8063.164290050157 -6412.6061645419295 2751.853155983459 8820.271464164492 -2325.8933325377766 -2269.1215241158716 -7006.480002106577 9520.996664017668 -3372.418974927964 -9469.855082540576 -2350.938382742931 -9847.834032545963 -2358.701258842626 -4849.220603607678 9500.94148951937 -8451.428214867028 -6695.457781158904 -2338.013183966794 -5134.203229061167 -9360.859186785097 743.664009449476 -2465.440625958954 4323.546122584785 -7457.12943777807 -1231.3436539046234
-1785.2713851031695 -2467.054968432669 -1217.4530996388185 5775.146220174402 8901.699692390404 3090.7343767049333 -782.6192086448318 455.4322548172422 9374.863435580435 9298.435514937191 1199.3892599994979 -2054.295069181384 -6185.617603540801 6891.150860620495 -8637.253128016906 9907.908106360697 8990.888082573521 3621.55254083436 7842.578077489034 5428.741732552835 7323.21856347904 -2928.203554216844 1705.5611911934793 8319.26537503539 6312.953475728649 4778.205329757438 7042.372792834511 6691.412962626764 -5445.509027353223 -2315.176281830766 9139.889356984888 -5258.535379591392 2426.317502635873 6373.728721702717
6972.536977200318 4549.294858484338 652.3798214252383 -4283.324210442621 -6405.317104964834 -3339.3074360471783 9653.571464133805 -339.2271371116767 5396.557891374156 -7224.458599211683 -1392.2672157933484 -9699.741242810718 4601.5694239480745 -5470.5794613180615 6300.006354771023 -7206.939042595717 -4754.820294614315 4919.328143681023 7789.19595963434 -6944.8772621543385 3869.3642136758517 -5253.939055014469 5385.701207461218 3994.9186384668646 -688.4247811902151 7931.708278006361 -9487.466258801327 5314.728539422695 6709.079876340482 1664.3393426145067 1996.5271338191924 -3807.382717060521 2270.3092539660593 9815.798049473375
4610.716924871509 -1750.1033671911264 -2710.9066788427417 -5518.054016083611 3712.5095636430833 6928.0543599753255 1939.0829423398736 1798.8539182971635 -3680.069459059492 -6988.8892816490625 3508.9803384876395 1919.9594050934902 -7075.513938499647 2812.7730312906697 -8296.255375084991 -7445.547072452942 -8845.568422875558 5204.100167260634 9773.116067005529 6330.204433003757 5998.766123527288 -4464.408826881126 -2066.0844020997993 7191.070501393962 -2216.7611536795384 915.104992000146 -5109.175484563466 -224.98875497914742 1684.7694677725995 256.94000834103645 735.4444152303513 4235.083722108466 -8333.41832667733 -8914.702164990576
-9409.53223266001 7817.274011648515 1277.3833444599695 7804.615426402594 5186.686216875938 -9556.146574379074 -4633.8554111176445 3053.134286031973 8537.201405963671 3746.3578727491167 -8263.289240067797 -175.22779746727065 -7431.665993790588 988.705271546849 -1063.3600655595783 -8727.30013929024 -1771.5260230728927 3829.3980030308485 -1031.458528256111 458.2459838772884 2585.052441361322 818.2134559832502 6763.232106605297 -4064.4941299591437 6928.188697073456 -7606.927514814308 -8143.9621326897595 -663.9306016376049 769.0863777819832 3644.174646585321 5618.205454751778 7367.601961031196 7331.176781718168 -8935.677547930534
365.9054078609515 8790.788275846775 5772.993754181736 -2388.489231028512 -4053.3501615988835 -4940.254520328751 -7494.965274846269 -1869.6022531123726 9815.9978323506 -7710.329632178481 4258.269840446594 -825.5382146976717 -2001.7549346798805 3819.0991377581486 8611.219423633647 -8357.523840312038 -692.0097991539624 5345.100787209611 -5153.380278585851 -9022.80093573597 766.1699513717667 -475.7336872313863 7336.964673232684 -575.1601623538336 -7344.267850865344 -2661.0226374157155 -7129.848218997321 5980.487294158465 -3176.6094133182696 -6296.93967991627 3359.259704413742 3072.0732962223465 9812.215046252302 -2831.3779595220967
-2662.396413279731 -9279.385956818998 4283.722198019857 4410.66295096598 -8643.919530464129 2158.160456306783 -7358.243305267453 7535.60138835257 -3498.778681824313 -2158.547020001558 1986.2754088525671 -1344.5888835075584 1869.942135993184 5060.415708574914 -8133.526368170045 3523.838383115277 -6514.557469083109 -9202.057095906277 5542.060062621733 4568.806529207583 -5656.955808579079 5021.302981810944 -1081.8341286146897 8666.779410467807 1755.6007068107301 134.6717433783142 4904.507688288164 1083.3871568502436 729.8362646997302 2422.2155448904377 3528.133247822383 -3005.901542824731 6603.236524830329 -4158.08724680941
1997.9881570600191 -5937.647406448496 -5886.060858684523 -2131.8890043003203 -3241.7769052967933 -4957.303795845196 3684.8438909964425 -1354.713051051007 8923.30319975823 -2556.629822179417 -2431.968975865979 -2498.615062380296 -8394.780109781312 -7727.138423954357 -5248.101246496049 2930.795628033371 -8678.759902477346 -5131.5799236876965 6300.682782064523 5012.814590556771 151.09791607865918 -8558.865676132222 -5792.983046598899 -9993.512307100395 6150.486488291808 6447.339183549935 1676.4259947425944 63.802423442250074 -6234.848154875297 4559.240234576406 3124.887816272616 -6361.488017102055 8231.662017384977 -3063.758826656189
-7971.100478092064 502.2645286675415 259.1983003863679 5609.1754271456975 75.27852039383833 -9355.625481636163 6962.997690471671 -9544.213706692413 -3226.919539890012 8563.370974270507 4055.7725443036325 -2280.4905668845986 6417.685706425815 5546.672268232231 -6245.648390854998 -9608.877184435221 -5314.467813367738 -4262.062346301723 9171.149430473146 -3970.5263568647297 9986.16317816584 -941.1905569231367 2875.5535755552046 6342.152333909378 4002.4543781017073 7166.469651509891 29.641017871817894 5423.968174074187 982.0271407325745 -3823.0367243604487 7819.677385980591 -883.3163735789676 309.28392771842846 428.4673276098183
5838.331935568465 -1801.351687671713 -9539.024678072283 -7290.746208100232 -517.0267420802757 -658.9644882760676 3461.9482708596533 1268.5184514916145 1289.0278626168456 3357.849008871859 -7319.524100943576 2830.8437159503683 7969.650771597222 -9534.39211982055 2603.3511260291452 7064.997635865526 -4382.474084971288 -9971.078845632728 -8074.716155682305 1316.3013760428967 2842.2243845965986 -5175.4425540353295 3534.1800916775264 -8606.167545938602 7764.859093037263 2057.758115235094 5335.358082143564 -3151.044142976094 9372.942919349643 -6952.432739112928 -6178.922451931788 -4813.792622721659 9551.884614544091 1848.504752661389
335.57193905177155 6069.092887595225 -8995.311141695798 -3074.1788088287003 3189.485112298944 8265.722797932714 792.081293193487 -683.8372725354657 8604.329331088029 3932.789958971498 4738.826695961243 4418.205797296416 4870.780125499983 -4121.135692807098 -2322.488346643443 1135.593676968032 7666.44369144916 -2779.7707892899707 6735.701807245907 -6439.902580810534 -3267.4913917656468 2591.970960116041 -4224.285011806477 -3066.0583874702234 -5928.8599003605905 -2901.137788517347 -7073.810520139017 -5616.619916564749 4816.577702026827 7827.26752490965 1983.0021532735173 -159.20700735528044 -4326.164569706392 -5026.983974407997
-3525.9585204789737 9751.53834822859 -4744.659230016806 1335.984206119354 -9372.380364746024 -7794.76029421835 -9341.291846537004 -8972.104421541513 6474.842281811998 4738.013536310436 7681.7681797062505 -8856.256273943429 9168.79433448771 -2283.7062150197453 -8356.24107137013 7630.462961553218 1727.3986265851217 -9647.874060773169 -8056.72196168699 8086.956155480413 -5832.5277559465285 -4705.754985661827 -240.30630762419423 -9786.923581340996 -7774.9701998969085 996.1352718447433 -1381.170810520971 -2443.867769860646 4733.775321232433 210.99457043431903 8356.477580544204 8594.195338799796 -7519.036232137153 6468.023930622687
9957.962783360541 4745.429011313156 3793.475673556033 1101.3577229020993 5281.9242674032175 1498.6577751537952 -6437.710447230791 3390.6887496102645 -6145.415313727444 6285.178771444314 1419.7471838376969 3202.6031744426946 -369.79139355059124 4368.920407662927 -8437.950167093974 8551.289267790082 -3428.176524078448 5117.391765500392 -9621.97008305342 9824.465529305016 -5789.394054902528 -1562.0448103434192 7253.664844674706 2190.512567352327 2846.625962735865 -9751.848153857925 -7470.337276177701 3142.025816162419 2983.290654206314 -5482.76100964503 -1082.2070087638112 1921.1021471120039 818.3093702306214 -5886.75570917601
-6522.282907784247 -4193.23939979098 3759.019258425229 8997.610242020168 -1926.5232955886204 3897.734720509796 -5994.109681305048 5209.60173774059 3357.5714048067293 7406.399821700088 -3606.5490910704457 -1193.75867945983 2201.6190732101495 5534.938715130133 8394.00860851989 -423.70186263808137 1934.712871801381 -3282.4914935681763 -2034.3143946836099 -8448.608710778984 -4835.70362588542 -120.18179170729854 -2104.6689407949334 6237.255071425341 -1352.126310500029 -6242.710590032788 -1929.586999255701 3391.361507208827 -5909.722713265431 4744.753706481653 -9002.603288540515 -1398.4338887828071 2342.344685139171 -5086.443148834694
7105.571431569599 2532.894569239659 -9093.513322255174 6956.455030159937 9048.767521585989 9826.314931539422 2662.5552273818885 -2909.3759194353415 6879.335352059508 5765.569210221145 9406.304975210922 -2453.871625453532 -1877.5809915142518 1802.3938503715035 -5964.092000705983 -9118.836747593803 -7423.307405999691 9871.38638540189 -5302.495772805842 -4843.849181716555 -7772.720270856775 8465.737883229318 -6316.801763544558 -8660.380217927497 8691.48082981578 1713.5593328374507 -9813.584232077279 100.75485628276147 4151.381219675428 870.0724011716084 888.3806426635019 -78.62737148413908 -7632.970710167372 -2922.5466736977833
7297.884195242466 -1292.677623362708 -1054.8132704535074 -1376.9671416272995 -4777.710021635626 2932.2366790957585 -8163.851534916513 -3757.4817479533504 7779.334404827085 -6399.6198973303 -6950.491386793676 8574.642385347237 -7984.581113368207 767.2502847578144 9632.272707967142 -1001.8836352030121 7347.043733589202 1559.5497933675251 107.72201927855349 -4925.64356281846 1873.6371068534281 -2880.2724897497537 -877.0621474074123 6003.9100611154245 4483.443989805168 -4073.3982016471564 823.143162078859 -4161.626657868691 26.04365624841921 -982.7689990570907 9548.267023605022 3437.012940487106 -5277.320218941149 -2813.444297927663
9922.710570576135 98.62688945530863 -7353.3845220040275 6093.1705626126095 -5428.586277419269 -4061.642501441198 5102.9320971520265 5441.680661083494 -3511.5727376914438 -2848.4196280795322 -2703.9713460396906 -591.6578640401021 9169.14733084133 2538.119723622496 -6653.376114135126 -5108.66384022741 3030.219189915688 -6562.8340104673 -651.2448754560228 -885.4067039153015 -9968.256231005156 -8368.541969960743 4172.467700220048 3872.007542861689 6213.590650171649 -104.5245282647993 -5577.496961573076 5551.494948444362 -2577.331334815207 7667.535632157847 -1493.09980646851 -7280.986320891454 3955.09627255699 -2813.937324309685
-5230.862448328255 -7755.348781860467 -5113.479871161721 -3845.054123865295 -3314.4033369617773 -4079.2711444580827 -7070.494559584768 6139.296039342516 -2433.3316391798608 -5851.659509257361 -7.820881837518755 366.9066549949712 8904.252469789728 -6740.41958612934 -1191.6689702746226 -5632.722209343795 -2488.827727684222 1898.0111315639097 1354.7746883498676 497.5253927135709 -3062.7280272538355 2381.9293419477963 -6273.00057466951 -1292.7756616102397 8160.519622364485 -5146.319455090609 -7047.243431737619 8583.798582049469 8837.310399011662 -9410.82872896629 6989.97129468988 -7555.547111539531 -1651.981115775301 -2515.084279558273
6792.001085396543 5682.776806278251 -9952.383767960395 -2400.4915183825988 262.39085703636556 -5314.537018761738 -1866.9101830839809 4268.823406373829 -1400.1954074555197 -4324.432349841713 -8800.808824504635 -3572.8248748956303 -1408.2153245874833 -9429.7465828972 727.3992030448353 6267.240391620917 6568.335573076049 3088.3646445842915 -1703.4964652659437 -5727.524081732005 -8975.569905260863 -1949.3794286109269 -4302.1981858097715 -2752.083450082141 -1126.384030894811 497.29203459219025 4467.067991256201 -3830.0414210685485 -1292.2081370136711 -5800.048012812049 -3248.44721883649 -7887.030542559889 5747.1528531734475 953.8089558537758
-7140.173002071573 -5753.689245471345 8381.529733475141 3729.792912556495 -1074.392538662576 -3486.6001459182016 -6640.7220777188195 9549.347722258019 -8523.81724578985 3479.891440854015 -5975.876658538673 457.3264383734386 -7010.337041422809 -7516.064638285516 148.14375436608861 -8655.735884548776 -2886.6985697444907 6241.775920130824 6816.999158253369 -8914.52645486148 -8439.427909486523 6508.095444659157 -3846.0976248577026 6740.429269473345 -6308.779730392158 -8530.006143536075 -8548.84171858717 1446.4890346437387 6017.0176765904835 9344.291481029308 8780.19471013832 7660.899296201231 8149.238394566579 6347.5355387132895
-2560.2292944746714 -386.14870108509604 -4368.400652098192 -6690.727344385769 9082.71743290827 -3868.5356029850636 8309.9233511667 -5858.501472920821 2332.1848542389107 2847.000617857626 -3259.8203255332646 -4803.964574401607 -2945.7564905637646 -6132.308223195267 8555.152933710295 9748.848280799706 -5922.222983106236 -1743.1127665233198 243.2471721328693 301.73136979507944 1992.6713856595034 -4344.502169270061 -776.0612080484225 -2626.8895146085724 -5399.787710928666 -7407.574416440306 -3610.579777581135 6737.383841942257 -596.6603127442686 -2378.724925908182 4638.024876207704 217.79719839028803 -9093.442051459024 3529.809526896439
245.7335286432335 -884.1673645504325 6592.398307914165 2639.7522288032796 -9904.958329907538 4787.875090088455 1989.1055064952143 -3323.2565698782882 -5902.169870720917 4660.9303591511125 3197.800893313508 -8680.081043995318 -8350.710367981916 -5290.62285293574 -3074.6995652141186 6019.183758599491 -2738.651622335904 -1682.078951095542 -8911.755131140033 -5020.241790222067 6996.78183342261 -2728.6187356167948 -7018.970424124791 -9191.31020480209 -958.6137553426561 6898.354433302415 1242.0685359556155 4542.001590610769 -510.7519716515526 -6036.971256038221 1717.5675187474044 6186.20203912688 215.33118410002498 5230.915045116602
1204.330838084179 -7076.253508764814 2274.182984152254 -1093.1500635196026 1845.268377154116 7198.001016013208 -8805.91611286891 4084.711666311825 -7504.726043842787 8275.55652958171 6805.279872782186 -3523.7937427899515 -8054.860316215449 785.1221309672565 -7471.006917087526 4373.075789110197 60.368638789484976 9658.330509308333 -8046.003723658928 -1279.1242294077474 -3835.5041079753273 -7851.829461046829 9700.514245162343 9096.485694179864 8192.904784899034 -4551.145750506682 7448.58793863915 6661.200772776447 5479.040536186727 6661.774818433354 3464.335040714399 -2985.7685983305873 -8617.366377654746 -4030.736134345112
3960.4653629454733 3892.419128005062 -8586.3103011988 -1380.7455316814594 -9492.217287090194 7592.4433728253425 -8104.2588607669595 -8241.355164746505 -8163.551018721817 -7953.821963745165 -7894.098200632981 -479.94610069120245 4197.364675639688 -6569.999528909878 -3818.761687947319 -2300.0200114788695 -4889.151135938394 -5441.109190247675 -657.9852839058003 1342.1049090399338 4927.5031863156855 882.1249064652293 3379.1472819323135 2836.0984914653545 2084.877324058856 -7890.638462598365 8954.381195023056 -6101.27124243053 -4097.306869964221 4713.075726689258 -1138.0509888341785 -1843.2352082162406 5865.457656101245 -8282.810576112923
-8118.66812865714 -4627.599836506389 -1149.0249253290967 8150.380751654397 -9072.78865050684 -9538.818677573396 2235.07801236042 5689.148537867843 1248.6021546528573 1960.174624015459 7776.449582436191 7630.456965015972 -7747.328674432867 5053.723609093442 -6682.37209500557 8572.414444572893 -431.078703863177 -3444.115624164554 6834.34031075325 -2962.4758570049917 -8710.011359489246 6912.875183932865 6159.437994191378 2732.4812635030885 -839.6660806231557 -5253.581760076529 5785.178867284458 -51.587937686172154 669.8666752338722 -8494.148554407027 -3952.891231142612 -4185.409065038417 -2181.236066918049 -4385.121321829184
-1628.2485388427158 6997.848131020954 -3089.888689857723 -971.8416876373449 3529.265968673446 7231.432701559395 -2476.021561118864 -694.0874412734192 7490.756305478553 -4399.626657453146 -6456.030641072612 7839.1045126515455 -1042.318024498647 1014.965499735421 7038.753421183526 2535.8555823137376 -7047.096385773697 6842.429165256097 -6559.1290579597935 5331.018036442387 -8224.535263745727 -8246.825999463828 -5185.201082252269 4149.577749941267 -9051.54824493402 6484.70660736669 -1211.8415775303474 -494.1098343650665 9321.096258270081 8917.637423680102 9790.783306240744 -8609.877723197602 -2908.2118077494342 -7782.27287222584
-5252.952032941691 -4074.7978797861824 184.40807350163414 -2600.7016337003242 -9974.141019452343 2389.003021794515 8423.913405356438 -6257.435165668199 -6849.744614546309 -2551.2469783363813 -7549.922270882661 -4000.8486162033696 1015.2199110766505 5609.066155671397 4296.282599263137 5231.137881587798 -4947.083567087924 9379.131103859774 -4786.875049367676 -8484.623756154559 -5455.396006416518 -9327.35131170987 4604.754138845925 1272.53015619096 -3893.3728965022565 4542.00424273006 9319.788910549792 8245.93047568119 7609.2250138748095 -4244.88238584674 7008.94848265775 2335.7073812479393 -2118.8110372273086 6853.853241658231
-6398.032857988874 2222.5717764330984 482.11743262300297 -4314.741068614334 -3886.3733448117955 357.0778503807269 -1157.8833784945546 -3791.731017594575 -2138.6205054991424 -6578.467158168602 4363.739459076565 -5525.107854971118 983.3894975626299 7771.357743134478 -5979.9522304507755 2482.304996019897 7264.449522981806 7928.685839501926 -993.4188424123749 -8170.643216090753 658.9791282177812 -7974.299527955913 -1359.1402961631356 8855.39122956543 4121.486659359331 -1559.6357239198478 7921.177416348401 -7054.261361612935 782.8787644112781 827.3414839991401 -4335.609552476898 5659.460723479684 -9800.16569023351 -8809.803728847835
5117.698422127189 7823.090706473486 -4845.0210490719755 -3912.8178546668432 8961.949656486737 2216.9838996686703 8471.09499411472 -4259.484810043639 6572.963910809307 6585.526303526607 6360.776815822324 -1681.6674720501833 -225.5440861556708 -25.37348811321317 8470.883147161683 2823.7986612766526 -6379.133842373759 -3601.7326574706576 -8280.532767961637 800.4312823629389 -2628.794137529293 -1405.3567144018216 -8286.541738177102 788.1819005858233 -2458.218790312754 5986.759318060744 8444.171509543867 6458.37683727586 -5173.855098871687 -3594.164684999597 -9254.203425312424 6584.822233692517 -5631.656132134335 4846.712417954966
2127.697491976596 5432.433049220001 -871.9196258454413 -9617.49226932319 -6970.042329970099 7041.295739947327 -3209.529635058173 -4120.2073772454305 8898.750438062081 -1540.2634659547693 1549.5139396922805 9737.392332096704 9953.291146529187 -7774.9354305207635 2575.685841065151 8364.769491440376 -6399.746881665309 741.1052829522196 -8200.928184478184 -1030.4440846659982 -4887.817159545218 -2372.0120926727377 6303.807031858059 -6573.474623453101 -6022.514867583453 -9099.82904590892 -5656.840877506748 -1317.161230429765 -247.65600519845793 5742.939713609805 -9196.857013714725 9669.84356142208 6468.686090952942 -7710.069919296879
-3590.7486950566954 -7773.216121932638 5703.982107750831 -2876.590576634193 3912.2178634733846 6124.181631342741 936.3462166022018 -5063.003558542671 -1355.9786862640594 558.5763021882558 3585.548334279527 3327.8040229378876 -2771.4439382008395 -7797.238474085769 -836.7711822634446 -1879.5077087157306 9743.129449444517 3089.3442008356196 -7454.823676809454 2612.461930127829 6017.596170998659 -3046.9485180455094 -2076.7233510971228 8101.28823864181 3469.5152133892043 3179.6652305244843 -5707.041677787636 -663.4066017148507 5421.034320639619 4458.644086019667 -2034.8542169325601 8817.510161043007 -6145.20353261222 -7639.19969705167
8996.996181597631 -1630.6662539520476 2353.8512969468957 -4808.808945147222 -5880.96146186963 -5612.776431588464 -1393.354188851541 -9995.7787612343 5420.517204321732 -1769.8576548433011 4640.688850369097 9747.038596349874 -4619.637711770097 8125.548671359291 9947.271084314245 8791.205884953997 -1904.7079656693413 1704.2204053645564 -9803.47571501811 5352.4357511226735 2749.760016932958 7829.262988525748 -7843.977775648325 7074.727833288431 -1120.2936859511901 3940.5561995125663 6442.855176961824 -4106.626076842353 -9669.901382390815 1793.612104040585 -2870.7151616771644 -8093.094101367906 -3301.758180911691 -9376.638488235949
2740.1473719829155 4688.794606874271 347.33268486427005 2226.722718151297 -422.84472494386137 5241.911918890437 1417.2758793632183 8207.672437319805 9477.873207073266 1655.4866101778916 4355.856693816228 9503.522034858313 -5234.729207953063 -1636.6708783328995 -117.53459847360318 -4538.538881038672 9559.601494173203 -8816.121465849272 -1477.3336318073234 -7216.530264198671 -6604.380912208258 -8407.212537249681 -9479.105697173456 9538.019800718652 1768.269631430283 4016.6931556341715 -3153.5986310585076 8130.116326617521 1852.2623482090767 5378.8298321313105 -9798.26786316 9269.450751430653 -9247.008799591196 2464.5520291438697
-4198.796255458086 8320.836791857007 -159.44552724551613 6094.969480164531 7847.938967654896 -6222.410568876744 6590.915739660915 7587.341190435556 5259.907284852783 991.1818642966628 -4676.680071980321 -8927.966915389869 -9265.019725675858 -2551.4941454195723 4439.403619541999 -1565.0233369234902 4568.9481489028985 1605.0736944160726 -4787.131174019559 9323.698240256646 -7065.614667714832 -1116.5689583600797 9172.64151038434 3454.0773559699155 9547.263383076173 9844.839182300428 6797.337061598286 -2297.9421370838836 -3061.9278877686384 4095.694201004013 -2757.89837464242 2940.8223729898655 2123.5406715460686 -3700.4371064213856
-7288.384476546863 -447.0065539798543 9621.732915913359 2508.243912559901 -4904.95519417969 4755.150799303534 -8657.943255144997 9974.403296598655 -9857.648864484196 -1653.456997990912 -1608.6146360610855 1298.7851763343497 5280.031149244513 5604.786523547315 4245.549593833897 -2171.2222903255297 2761.3316957186835 8226.9511317847 1455.6350100482432 2140.1174756087694 -7339.850703272963 597.1718117135879 8185.343746066621 6876.427523505041 612.907061688351 -5391.136270921468 7343.517443244058 -2485.8116151369077 -3533.142101749425 8067.661172259453 1334.641615322922 -6292.609681863052 4014.7432163491194 -1917.8449550984114
-1756.2325121406539 934.6590091135913 -9278.329605436596 5452.989258568035 2291.0473122320745 3250.075492902515 -7850.455486377928 -5794.738555473442 9650.779242846438 -7128.929688218772 -1696.4789107628258 -8206.392095904443 1810.5231468927577 -573.9087339222788 7279.544994069387 -4337.099422243802 2542.8258323539285 -2172.8999344028944 -34.79539454884798 2392.176403150006 1324.5150726540815 -5161.447410108953 -105.50031653684164 4707.958790972896 9272.71919733732 -4381.515998748473 7753.1871755719 6801.861270973433 -409.0521158379506 6767.781683694651 6165.171152451747 -9441.882853669827 -6473.613968374992 -7146.38532234579
-8383.884529366424 -1328.2761880983635 367.2403565104978 6436.898129653739 9935.071450531268 -2181.8385692976453 -2757.216412825056 690.804608032613 -4278.563073665926 7385.794252538395 480.0374584042638 -968.2584243157162 -9711.987842114811 3386.084324555357 7783.535107954103 -8351.333014565222 -7991.663914864366 1618.5748499819347 -4549.072467143622 1799.7456692506148 194.86167596011546 4269.92962060135 -3499.2942648918033 9804.857026432725 4324.991133022446 5467.894678745164 958.2522526091998 5398.102462510811 4658.086259746684 1832.3604759547343 -1659.5978530246775 -3742.8043746870962 -7780.253344751857 -73.68412371886734
1200.4613154772578 7430.163059729064 6467.137131801923 -1372.3921699570237 -9427.477866491605 3798.7372435503603 9058.270729740347 -8914.640665749272 -8725.031155604867 7231.425277091104 423.54688183545113 -5591.006740206157 5374.6956790885615 -8413.121131253563 9312.777210781103 -2852.513654824569 9823.569816148807 -2132.446296919037 -5504.024803871302 3559.202415845535 2659.550658318163 -6130.550748107626 -8386.179801663206 -5929.406038718656 -9022.468065285177 9669.819163875487 3817.3333316108365 184.66551054298907 379.22261728516787 -5899.762038787835 1237.1332187263688 -1692.0746315883498 -6089.711114637377 -4747.332759546841
-419.2718647846523 -9350.340578080017 3428.697138445388 8079.4289962258845 -6390.758018113296 8787.51166929655 -7562.787103011646 6874.5380789376795 3627.8765755619006 168.98577402961746 3827.247386096238 -7767.416095297779 -888.4697102160571 1723.272334160205 7155.721000610974 8327.759411160787 1165.582282699139 -2629.8206879955214 -3277.576431586799 -1415.6509258777387 -7961.417201621197 -5211.678672089126 -4197.498242409343 -3285.746532124843 -7486.591226136328 -3387.157783818364 -4713.745131051343 8634.834140903557 -332.93631213754816 8601.732147141189 -9428.443578350261 2726.098823829885 8594.904645673902 592.37637254324
-9195.01124266013 8431.85925906865 8559.786095432566 -9480.922612556904 -3.271852522231711 -9070.842988607808 8630.73370969696 -38.08787375479915 -7874.170472730184 2116.338025899482 -4749.099328452006 -3689.7716079295333 4944.696845503098 9783.011659343705 7534.354804596664 -7294.844594356551 -5229.8607822313925 -614.1721989593461 -6688.630442925079 -3791.7362353871995 -941.1948759837524 769.0842711030036 2671.1412251924303 -5525.818842545109 8751.758980026021 -4634.191720637855 -3165.1565013375603 25.94173631654121 -6299.550404588752 5628.948508439531 -9250.600127634149 -2916.244562671406 6705.5549429322455 517.4635087033512
-8115.334522317155 -7852.00433599023 7591.095548975867 -3505.8176717892575 -7266.698932114468 9090.129521640847 6054.687680848543 -9225.896609845433 8568.287005029037 3211.71998153196 4932.0030071181955 61.53950616572729 1542.4168349312204 -4477.607747766006 8727.09859077511 9801.530299205588 -3196.854053656548 -7140.1830486095005 -6307.965865361712 -1227.1842386975732 -9668.196243227301 -4254.8613772680155 701.2335476868393 9377.260974105942 -4631.102886174043 -8574.207884549876 -7262.7189967982185 7944.685581657395 -8469.608383670908 8424.596336780432 8754.85318239927 9980.536632683805 857.929036453228 2931.0368166727385
-2612.1523401672775 5395.040535882032 7548.032211316833 4513.446454897348 3214.3254856593194 4847.699235423992 -9512.134425272834 -5467.659611681111 3204.9211834799335 -6586.021857099469 6959.186636230661 -2456.073169406114 -8021.799222286279 -2945.967233784788 921.637803548354 -8737.11149125575 5475.300661338961 5030.3650678361955 -4586.548096365684 222.43499900263487 7892.500547742089 6838.833762684939 -8086.3177553876085 -9937.197048820188 4523.359426050731 4459.006137092261 1285.7358138906893 -3968.4446400016786 -4466.071772711302 5117.921983136448 3823.6386928746906 9539.942380974499 -716.0811246889825 6397.847363531811
-7059.60686533879 -4980.1137919119 6676.330233553086 -5100.13914927766 8826.460687139188 -188.57241290931415 -7954.9708520442655 -7698.282924666449 -1463.522984685118 8891.83962295076 6255.93905964851 4323.602879895203 -234.0815913470924 -9349.951002382986 -7535.867844342641 -5574.466312101638 -4274.9951573715325 -9963.91530133477 -2030.756049397215 -405.6767881228043 80.24871042725681 -8822.557217612266 5301.627983359273 -3688.6504492833865 2617.8720750126067 -1397.1245815181173 1204.8168639006471 -6632.286945622707 -5390.083952113511 -3338.1492940667076 -1149.3263028092042 -3642.039241054009 5301.907792743748 4487.882997697076
8937.143294052781 2711.8019737745963 -8126.9898271288475 -3780.2656832895855 -72.87408907864483 5014.52274145013 -4286.798754503458 -4160.8272257903445 4605.218853669472 6622.30081045421 -6738.440188849506 -8416.465229223139 3527.3619481529186 -674.029177950124 -4891.115804940838 3850.828261397657 6782.901152524195 665.7098429114521 -1642.6591531181675 -1145.264902225521 -1649.4724480912028 5845.015437857635 1013.9340894250654 2528.700485532965 1321.8156367557585 -7156.033642473638 -1299.6950923469303 8552.970931372245 6823.413577447256 -6159.803445771262 -114.67656366306983 -1443.501928500522 1737.916299346809 -3694.1308059844832
207.61583375780174 6142.336571835169 1760.034376663245 -3037.9718307192707 6424.696352100869 1143.0535896582296 5937.299801489557 1929.1911360796603 -9984.917738121185 -1700.6730840281016 8870.484606364742 8497.706699983486 -7974.962378994354 -6962.891114916865 3447.595893334792 4215.701341195052 4730.642650414426 7846.130293975097 -256.61573904475154 9443.416373841603 7018.138131583466 -7202.917382846352 -1591.1385871051316 4740.2635679057785 6370.16970335288 8631.806173719557 1030.9254139153072 -5751.646625087074 8849.269247044536 -836.0165688375837 7484.896369495236 9430.67091236356 2470.6172215976712 5050.964040424566
512.5286433823112 -7930.791823321872 7065.366247525781 -4069.842377420361 -289.5018602029104 -9742.444693357449 916.1896168064868 -9831.87418488348 -9738.292501599952 -8757.171512231345 -4894.03830665373 -332.3179889449184 7730.358324904319 -7018.04614006792 -1043.7318786671985 7680.606134698919 -5029.245738528618 263.40423960639237 -7640.213609514035 6118.401697251849 5781.944986859835 7221.856044885026 -9451.83351412648 -5582.717538042952 7845.230276545426 1026.8719615274895 7352.17210270332 -7912.44102273639 -7369.763314584208 5429.386777033578 -4322.07788351962 3534.197763348435 -4442.86568027382 -9297.350264275463
-1373.6573978574343 -7738.278985087112 2525.0200532648596 8357.713377171603 4107.0112999841895 1048.1817020965736 -9544.767054998656 9454.961543734982 -5394.5005846479635 1587.5705915733088 -5501.987277876694 -9565.186575068892 5043.4051740678515 8524.697079532805 7429.287852573441 439.6546318496439 4514.138304006603 -6647.905786751438 6698.3242856456345 -6260.7159106514155 -5863.636146974187 181.56421733835487 -2911.502880409873 -2674.093799468631 9029.94185536046 9543.010554217057 -1133.9666829226971 -9531.092214316968 -6213.597393172896 -996.7145510444734 -8652.900485699054 -7072.065093873001 -1639.0514477220659 6325.848234724512
923.1848842893141 7991.890266516402 -6409.900125548873 6823.837596729343 -8423.04209198948 -8542.222515275971 -2169.9845093408694 6335.559773836372 -6477.039383231 -3190.5938191341174 -4636.426983095236 -391.5599982156782 6802.47933471826 8783.427933320872 5702.191595765702 -1559.0221675182256 -7690.543042637541 -6018.337446626438 -1320.3737085614612 2986.65409345833 -7727.752927487583 -6141.135345331959 -8923.227034659903 2335.5535111964637 -6721.339133782167 -5866.67237290488 -1799.886166347318 1408.7595432584385 -725.6894363241299 -1561.0569293238605 5140.2676229232875 -7268.547337654276 -5165.669235197849 3494.8920726297274
-25.642069549085136 -2919.2587594046036 5852.247586488827 2116.087299810544 -9324.932667303274 8097.962523090573 4261.6511902914735 -7773.671652407972 -4624.233485778588 120.03492000556253 3387.4095121399405 -6041.050340210252 -3375.778406677674 -3176.5833933711156 7589.259799267824 2202.2227357146803 3080.351507083111 -8549.623241646692 8500.750824268318 -4648.104504806407 4859.902743013157 8589.622637548859 -3843.4048775548254 7754.087593797369 -1199.1409560417796 -2419.4974023404 8457.607565426515 5295.809223055381 -7642.134989827831 -8543.805623082617 -8922.653756624524 -8176.385290567021 4274.80311070584 -2409.778081256988
-937.3069841581346 381.37191719996554 -6973.246310861267 9160.346123157775 -4024.496727061548 -7534.7754528396235 1300.7499174501609 -2202.0719514650054 98.81414990730627 2061.369619150908 5926.20351970437 6893.557731612804 -8468.863649690384 6988.899232526885 847.4159312617776 7989.03206962749 -5563.1870002324795 -9588.890156078396 -877.7007407855617 8028.787263196238 -5986.652956123275 -371.4399185013863 5250.599044430221 5480.1680763180575 -8939.785850956137 -4491.7517448635035 -3012.7468059304792 -6491.375549945973 -4037.1103099560114 9226.565274164892 -1979.7523348157074 -2861.2444490099433 -5942.11385142148 -4013.7960644817786
-9519.003430002369 9501.008874624142 -5541.738972930939 -800.358661130691 -7973.628018388872 -9415.693311326553 3073.0975906464737 -2627.525626618779 -8063.471870468781 -6412.384995331097 7855.161658995854 -7462.622612061728 7756.156920643654 3520.526969803226 -6829.07342365729 -6285.784460527817 4509.508566864477 -1328.0467085932269 3275.768904885821 3611.3819972670717 -4397.807625778727 -9095.714748631897 7951.571981239111 -7435.834896797224 -2383.6531297801475 5592.4173071273435 -303.11702195631005 750.3873396960298 388.64502174921654 -1667.0392168147318 -2967.0402449970343 -7146.05259030636 -9569.733532725184 -8850.612179109314
1 34
-5849.785668737783 -7874.52641935634 6461.813452571889 7078.611165174425 1509.125808144794 1665.030654289054 6430.576811196614 9549.635463468534 9693.240836966124 -4448.6764413700075 -5612.7224567525545 -3171.035014201091 405.32623708567735 1940.2394581534973 -3654.5989202672445 8486.849848653019 -6015.031488853861 454.7025485338345 -5212.013932279458 4336.880736535288 9901.713336757999 -9754.658513933266 -6465.801914565547 9753.221804742127 -663.9345983638868 2261.24286251953 6670.235345713445 -2331.126311877254 4667.833891313079 -1580.7204299728528 -1929.004719640806 9882.39612436475 -9986.176808648153 -7780.146130072328
