88 9
9972.25577685055 7625.546011506231 -4411.8971526130335 6142.773416420196 -4235.541391726123 9850.94341346305 7416.0964886471775 167.33377386386746 -637.1025991000679
5359.167766789256 4401.50193310159 -2205.7401751604048 -8984.518974901219 5727.6056135905 -8681.305395434072 -4876.512094066119 -1153.413171619708 -5381.9038415506375
-7781.93535739558 -7466.199944884 509.02933007394313 -9966.45093964549 -3341.557819970233 7497.42129824985 -9020.426471716755 576.5237772890214 2810.1825594465117
-5379.972646356319 -6365.893802473166 -9093.409980374738 9549.01369305286 -689.8454902178746 -3775.6199949161437 8033.297569424914 -8798.472533744443 6286.3892614023625
-6632.9361493039205 1112.7176062034941 906.338712897279 -9906.76567645872 -3777.8622217770417 1472.909704693293 9273.408980092943 3758.2519380371523 9946.889127641763
274.1499874039346 7627.314414678021 -8520.38888333289 -8786.393930809258 -2105.6511719319524 8504.56796062125 6873.867665754944 391.35399454864455 -8402.284954066206
-8397.892797035714 -5030.169039165595 -7568.914236932995 -9896.41038055654 7390.546127220812 4252.474597485199 5341.365892731925 1776.956057287207 -8218.847926006021
-3247.997402176057 9751.978941308465 -1334.8315082365516 8136.213126170263 1082.5968520055048 6323.935903206877 -5269.963736672014 -5349.996624414553 642.4466471535379
-5243.653936338961 7742.7103416479695 4677.922381103932 934.5460198596047 -6303.717004755725 -9062.282760839997 -2758.944594235657 229.8517120575998 -4793.502904563731
4325.926540528553 -8295.88870774212 2053.4029439374226 7344.6685364742225 -8092.303346998655 3152.2156301417817 -4424.68956320846 -8477.509861065808 -6118.604407283137
49.42060085661069 -499.00022162851565 425.81251088777753 -7509.248127696801 49.14037941411152 6339.154026086362 9889.965691465695 -5012.764130031795 5173.209201617472
9818.145328415434 4471.484839810637 4730.005636744952 -1139.0654506303326 -7959.059660326011 2956.3566907593777 -1218.9583995599514 -7001.272468805731 6731.863208736097
7030.047265127527 -9281.128558831431 8174.319652518512 -7534.123265680517 -8975.702130715032 6740.849780884902 -8802.349770722947 -8742.353682323546 7860.742906061634
-4801.207740903233 -8870.000777595706 -3740.73790740209 -5519.506445713427 -6133.363014153634 1709.5864298858705 8284.30465867959 5874.81873797498 5025.046115821722
5681.130224201428 16.26588432398239 3114.143207678433 7234.5875106787935 -6208.400224795165 -9475.982252354417 1040.4534718498435 3854.969000408719 3481.950726172492
8328.892880812033 2501.407148365075 -1001.9060936362821 3450.4761048047785 3923.599289869966 -7330.240901048306 -2036.245428282732 9991.175837661802 213.40151298224555
5902.627917865664 -8338.078366048718 4763.043167609203 -7512.276155634488 -1463.7937604717863 4510.308790336279 3934.1911763466996 4144.985040287498 -670.8952652644857
1181.3463995492166 5578.596043931822 -4644.103598890623 7825.566459544443 6308.86034920398 -1378.889471883589 -2481.168014798245 -311.0406140294144 9464.822935826207
-754.6321911713021 8910.334965601618 4015.1052496147804 -8996.952618292351 651.3719023232916 572.195196291008 7844.450657872694 5079.325535259475 -2979.122801456664
-8096.7757747707965 -1142.5727073805338 -4177.978067054524 5792.863267919029 9269.040422090351 1929.0252164859576 625.0927676944684 -5747.955668549654 -7653.496809373748
-30.422368542973345 -5194.010423014466 3315.4899994115585 8739.88905562065 -2787.916998409659 -3425.164193232701 7712.874348036628 -6551.104403079857 -8742.387975383132
1408.4958674384288 3488.4165807645404 4136.298403043265 8069.864784619644 -8545.975120806466 9364.424909502039 -8937.720927120168 -7492.468509790578 -4465.200815348325
-4452.161732365376 8617.156572753876 -586.6967251698716 7405.809009602617 8553.87439234853 -6281.4868706055395 -1211.3751762281681 5147.330154954052 7859.5611667507765
561.4701005187253 5132.832270490502 6197.692408295348 4386.357527406788 -7898.726310137434 -4509.844506444764 2777.470054827545 1614.6550555811355 -7523.8010170043835
-1916.0647126544263 6370.426830122868 -4845.807398438468 -3152.0944984169246 -1339.3543041195135 -2106.880065819126 -5754.614900382864 -6792.0140816906915 2509.759013341256
3601.4942411448174 6522.991888484612 4487.354636271748 6643.850366162984 -1859.0785892859922 2183.6304882685636 -7928.729137806309 830.0050317609839 -4736.211239584025
-9642.910923715517 6644.780143033266 117.05780622694328 -9048.15410100851 2394.227963315292 5898.030605588738 -301.646428436763 2927.264404647809 1631.0360785530193
-6342.085696662958 -9365.781206834563 4227.508100001178 -8722.245390905984 -2444.574949778038 8365.332710913593 -1104.9264589087197 4323.991447429909 941.916121604716
6092.404990208479 6428.972517257414 6812.003555740517 -1452.2513789401219 1833.970148732451 4491.416588748114 -1185.1632680288749 6660.056912214648 6391.972651445998
-3832.6413416320975 -1512.7184347347447 2758.8221093703905 4535.986924325984 -916.9216335745696 -7234.64170142683 3746.1124431823882 4190.003032773588 -4868.457771219643
249.98570411133733 693.3406217781994 -7163.334249134446 -7729.379119157114 -4730.384148324256 -1179.5574786293619 -7211.092446509532 2952.2890424893376 5572.9682713274615
394.74862002696864 3502.027269454742 2641.455103732633 8017.342568802644 -2487.1853002769376 -2752.3190317703047 -1988.1129086004366 -8771.851387152625 1704.2774898689731
8474.514245472496 -7220.213873909669 6043.710767199955 423.53692892800245 -3117.655093215075 6172.234756822361 -528.2190449981481 -8793.84334154943 -5063.539170815589
7517.923738267586 -3884.9089749680024 1311.9304817929933 7100.523834300351 3453.4969971537957 109.46397736023391 -7207.24952680738 -626.9501419420849 6916.647693732739
-1613.3247386430412 6731.777435474694 -7220.467453533523 1341.6136117987444 -175.17420347696498 -9287.255514121058 -1325.7071300594434 3184.8695266300547 6929.7833066614985
-7779.0075122038015 -8111.297245901958 -1593.0484758670755 1269.8250644718173 -1678.0336064853072 9533.226588622569 -7953.815197875946 -2904.0090927357087 7994.3047569691735
-7467.702939193601 -261.18725643584185 5837.223323134731 7725.022710233672 -1944.0016722138016 8095.128872995774 3425.92020148327 2197.9085015962664 -2189.0671206342668
1553.360642495949 -1235.5780887756173 7293.254172156117 -5661.722175695018 -9215.165885403667 5236.169256639529 3334.6756372049676 6589.8635902440365 8404.289013664973
-3118.199578966698 -5843.329215083575 9023.576149425608 -1301.373971182864 -3440.1990776097646 -5352.279169150686 708.2124406505245 -5128.890825475612 -3176.1324638799215
-6511.284543699083 6106.451201859898 5639.460558372735 3382.7255382390777 -3193.1459169884665 1749.0274687724796 9154.000813593379 -4273.180755037122 5414.158933642791
9511.483601241915 -4104.481173453767 9711.937856678163 7217.593569007673 3997.4233134822607 6386.691583302523 -6571.882545127974 -6685.716512499788 2968.832143964315
-7776.12306523886 7491.163879043328 -1943.6054870092394 2740.616062265759 -5946.222810961323 -1066.5634005161846 -2269.700820225058 -7269.159846442659 -8209.24214758437
-3732.9358431918354 1365.7573946441262 -4199.801129465346 4168.265566540473 4670.211313301075 494.24311333418154 -8666.266720705278 5971.890395017077 -2211.098864926269
-90.42479477812776 7238.343522066927 6616.967913291617 8175.788321819287 8573.60251977558 -623.8070566693077 7145.601307845107 -7923.7647747771025 4679.945914010104
-7714.42078901853 -5961.407033624573 4634.906281719383 -2229.313401891178 1382.1530209955672 -8614.920586492291 6218.055823386589 -6458.1306668757115 -8444.943864449942
6497.014453154814 9498.231028696246 -6568.517717245879 6310.2108094927735 -124.47371165753793 7847.464699385611 -2723.466856922767 7743.223980419214 -5656.390684986923
5376.2496270164775 -5304.69573309799 -9896.56955612434 -5436.016516852657 7321.118512683424 -2562.375710885989 -5016.656185604922 -1027.3955275302687 1212.9767616675745
-6783.881098494638 -8533.176405824699 6057.458611990631 7346.860937904341 -7942.109053307349 3713.3046737937493 -6494.020124198574 7953.923176795506 6697.422327342236
9260.037188053895 2595.844303452217 -4139.517025451367 4716.311590079922 9114.195613174874 8175.824357213849 8947.97958293938 6086.172788691369 7640.847011960992
3190.439507516361 6714.516120627257 2847.6021043060337 4589.834551561084 9554.700021920278 9078.087443413926 -1453.6831683562305 1209.875184876706 2845.4274410119942
-6396.963511987553 -2430.1655371112947 -1236.0788687783297 -8899.841748702878 -3262.3908111750043 2175.717725933777 7826.618784765884 -1208.2325400635254 -8194.066121822792
7888.711149530118 -8591.36021220514 5704.632143916768 6038.021779555938 -897.9095454793278 -7591.032086019105 4936.779718820486 7443.62878659616 -8090.552090240368
6667.139452102838 -5435.735062262992 7556.765697816652 -8223.503532523506 1690.6026693781623 873.8420190802135 -884.5782099614626 -4746.278950093739 3657.586068145356
-1904.4706946532378 -9585.09820452003 347.69138830452357 -1959.4576262086402 -9495.549426145033 5287.458355312732 9284.65678035791 747.1358667763434 5194.950160569362
8501.380391716488 -4858.3572358547535 -7341.551557576433 4754.520773533621 -7715.957292583546 -2066.0024467037456 -1197.6341114543084 8749.323852107133 -9921.993169435606
-4498.451959116272 -1811.353913037281 3693.1593367964124 -4798.3390479117525 -5362.6947622790385 -6647.5847016645685 474.98083888067595 3640.0498000553744 -8873.781830491187
6247.100642587198 9859.731671124755 37.53145883216894 -8277.949577109994 3391.3638246178907 -4761.8492247517415 988.5184473802528 148.01762257567134 4924.159412339759
-6475.291956031812 -7783.765376319902 3653.531674585247 -7684.35323913301 7166.34616028755 6581.059040869382 1625.0076968411613 -190.43832359553926 3619.8634450702575
7613.973108783055 -3455.457674328557 3018.927132768644 2224.655602981289 9071.933957410678 -9398.363375753055 -3563.9288285625908 7055.235667158999 527.4503630566942
3137.3879278407276 6066.260015850088 -637.4191956530158 -6078.324729896547 5845.230592521095 9407.856376946314 -1213.6466453416615 -4812.134884829647 -133.2565570139268
-9385.109227657711 7209.181890692096 119.36794610720972 -5685.978608549424 7212.605642809704 -7389.597022374512 -3683.0266786823904 8353.000731167154 -6212.535776995885
-3013.3501989260085 -74.04317193220959 448.5544517571725 -5553.916248743744 -1385.7209562854368 -2730.093458722018 -4082.9089370040865 5855.94249031405 -7188.521668297898
6332.67720044526 -4042.9006711581314 -706.0796775073122 -8203.431742172865 9338.84613160542 8187.277735093427 4191.456067288409 8525.009275978875 -1252.2778594902593
5781.399226473177 9030.994869178005 -2884.626248422659 -1151.0352973407316 5706.723006243143 5935.487898944191 8395.771718783792 356.48518489203525 -467.2523252138253
-6269.629362571559 3688.8721311796635 -992.3969579830555 -7823.77856264314 3931.2692006116595 8894.944886665467 6893.337807059197 9450.566471137914 5352.529025620917
5216.605423878065 -5044.103877651811 -8237.452903016887 9611.735591100834 -4546.526038739907 8964.457829392155 -5506.442543719286 -4178.331550383227 6609.1339782226205
-1781.786698432943 -3209.5518367091017 4490.67754460632 -1621.929839536304 1945.3858633815526 -2127.3650694383405 3973.3115331294157 5551.888800931714 -4888.525759888984
-8102.471366753308 6610.187442330869 6474.02777804777 -6912.767720927824 4437.322259601195 -5255.826902455938 -6091.198705452725 -4662.710167864588 5288.722425869106
-1117.5596634819085 686.9781509956047 -5151.740532528935 2904.1612500149513 -7805.256188118079 -9914.593542267408 3271.714206292776 179.66620145855632 -939.6952336204013
1846.1982649297133 -9773.904032242324 -6566.191864702359 7050.031870223407 1922.9676478968413 9118.161625162458 1295.2112959951464 -9657.49876718008 -5826.828351767866
-7727.823510794249 -8392.398384594322 1801.408851350725 -3085.4029281312114 -6063.905448827167 5187.95901593079 -2643.948456663261 -3489.6298451547555 9963.726198212404
-5825.867877360973 2350.9852159326038 -784.5152198856013 9205.408479787464 6232.720498509252 3764.9802065972217 2105.5633000584057 -1487.592727574125 9149.682257103213
6006.573852754069 3505.5430322059074 5490.978570129848 -4642.717778399623 9057.811911495442 -79.99961367432479 5967.113288302391 -8694.399188143163 -7018.562916318257
-5767.11993173247 3235.1936625401904 8828.060467086267 -988.1078887626863 -8082.406218108229 9804.17059106845 8316.060374008499 -9915.327875076622 1579.8076117951314
4745.847704948936 3963.380478053161 -8486.229693792866 8562.67403848009 -3785.403966773786 3908.8756659194114 1709.5310903903355 7786.222742700636 7539.057726178762
-5305.7228606585595 1866.1308686986013 1052.5917156581909 -2508.0528442885616 -7417.599214398229 -875.2484023624002 95.35391519282166 -704.2053245620173 -7353.48734894586
-3049.3945852539528 -14.904929375145002 6385.297657340725 -8615.611875937057 -8522.61522546645 -7803.839715460062 -8048.717914318535 -780.9736702205264 -822.9388894873664
-3819.910190746321 4222.952721886868 9528.532596335059 8554.262919687353 9350.481837431933 8084.109638972557 8256.207095490641 -677.6763995297697 -401.7151256189827
-1074.9372972755864 -682.928930511207 5178.171243917059 3628.612274414638 2752.3610948154947 -7095.372134801035 -3430.0233349664495 -3046.1844755186166 2142.856977736412
3599.1247640241036 -2019.195141557364 8038.311430664442 -9772.229550509015 6062.48393157548 926.0242693436012 -6711.183497531947 8929.730931960316 -4227.1962456507
870.0121026112975 1372.613069269617 -5960.8071737263945 -8768.432535718955 5430.420875301646 1150.9251486664089 -1654.4392906727498 3762.9019385850297 139.56869984878358
-7964.5382127216435 -8558.260349919285 -3485.842053177541 -375.4092976856755 5443.673226140567 3710.009934159698 6626.467027160954 1210.013141442314 -2415.520655662637
-4528.820066458005 -1283.4003479737694 8821.234434837552 6991.933421703077 -9895.392860700309 -9239.771692712711 -4726.769742357826 -593.3970496531401 -3123.252281057742
7831.562596094449 3726.4535458157607 7817.92068455703 -530.7858530303783 7474.500838878685 5810.046898941258 -8456.256876269965 -3836.0019200264796 -8916.040077977541
1014.1688954844267 -7294.9775933659475 -6311.59675314789 897.1432468245257 8192.220622427827 1508.1093511952822 7385.504291342037 -4529.159254092723 3466.6796600142097
-7141.55155924374 -7547.427362463475 -8486.646405010913 -3122.7537811943876 -8882.633446795513 9414.435236419511 -6483.775493762001 3516.450303172196 -6882.930803197576
7263.906249022031 1514.7766124070858 4099.182567308837 -5658.30974416365 -4273.936630399297 6771.816204184881 3902.4433114448548 -7273.136187985723 6145.481877302736
-9110.706186382711 6359.636669816768 -6510.218184023309 -1572.6747224576393 9094.240795097154 4866.300832150369 7823.6002917619335 6667.83202913895 2343.804052807276
1 9
-8346.445287644174 -5272.889935633598 1270.1537610671603 -608.9767961645302 5681.302940016851 -2834.4382515459256 619.3287833657978 -5808.192182792806 9006.104746424982
