63 16
-4756.16269842795 6572.32752221217 -9335.530531348231 -5892.538397697509 -7975.0905742758805 1124.4564633090395 -6858.4323118688335 -1591.854369973149 4577.024316297184 -6022.9826959021175 -5305.132776172099 9827.14478331857 -3086.054290555 4191.508269106749 7916.163898118753 -9004.42635399827
6185.134682989914 5468.976965072927 -3714.6337905460514 -891.8407621529805 -5987.639619094738 -6220.729108414638 6965.265729139359 -9373.37657644851 7919.2539437940395 3677.604454074495 2878.003614098303 9452.90259413937 2023.7405223609549 2080.790207310356 -1274.7516319823335 -3304.3158492245684
846.0877257529046 3898.720907281304 1685.6333633965878 2290.1588261731104 5582.699313233965 -1143.7884019057165 -5705.79574557442 9797.980205886364 5055.333493974744 2858.637742790781 4967.539301235602 4075.7226695506815 9377.908433482757 -9646.528792471909 -8686.79604345039 -2638.9269604493684
-5353.267057296287 9814.111968472309 9726.368042718968 4220.929223975429 -5963.977684693807 -5863.625129211134 8137.155650858695 -6893.493093499934 -1675.9636358677326 -2142.6617949509755 5373.703603431577 2918.1630892579196 -5806.93643660742 -2059.222206880043 -6436.741630590108 -9071.479538519847
9346.343105364787 3545.279923416527 -5875.647008182503 4667.22489518681 -5010.740223371855 -1476.6777639349984 -5348.3146946933475 3720.8487428706394 -549.510160840995 -4404.46627615946 -3616.017229336506 -4450.584406796103 -3089.8609247874 -1752.4193233383485 7447.945849101401 -2891.5521039939504
-9017.050845404405 1782.9570305710968 -1213.567952888281 3305.8868047145534 4088.5819469408943 -7402.036515434152 653.1749775909684 9403.103999754538 4024.7007026701413 6278.296200927107 -8560.420710699102 5841.780497497493 -8451.379317456853 2862.513034559326 8234.011482584421 7255.043456240866
-7597.025029885692 6522.065770979869 2132.650571459273 3671.9579036610103 -8636.978296870044 3872.327990976255 -244.48775925923474 -5833.951720090676 -8681.244049168949 -4662.9748959443805 -8525.033113409903 9450.152725279044 -9306.067248053721 3943.6845078482365 7694.717532448431 420.28492112227286
4390.390033453106 740.3622276079022 -7074.259332541722 5029.5040485018 -7695.689422005566 -4936.205251802541 969.8656739259386 194.37067929065415 -1791.224506079263 3129.2088424508274 -7823.149620129999 8294.607428386767 -3080.737729571426 -2631.258462752684 -6487.208440280488 -7078.663102686174
-1909.2702904522566 -1463.8928939875877 -2452.055323880031 -3284.5460403747647 8030.901474102091 -9003.397403597666 -342.43744448627695 4123.281825400834 -7459.424761916913 -1574.9448135130333 -3343.95707063957 4622.21319462111 8500.928470049934 2376.288577338144 4720.485405265708 -1981.566620231787
9974.241614078197 4014.032645636291 -2155.697743215017 3609.9746118746007 1193.943407812456 3490.3919402992597 -5391.369783270392 5326.953144387777 -1309.6005417655379 4129.17638611031 7033.789562884598 7066.844106696619 2782.1844217753733 -4990.621590131752 -8194.698931532677 1004.2065678094186
801.5039510886327 8916.327374309883 6749.914683587289 6459.8304235809555 -1798.4386231723474 -1610.8620021826173 9807.158520701454 5081.385661095228 6477.475704505348 -8819.040014440361 884.3192296859379 8331.48385625146 2215.337892837588 3824.345824964108 -8653.299378060941 485.4744476552478
-4019.834570531766 -4428.031739133651 5923.725353964121 -568.2510119604813 -6496.4992496181885 -4976.415644949805 5491.677691154184 -1500.7629657206198 -4108.830024949603 -1461.8223419524893 -6494.56107028455 -7834.763498325972 -2323.2964495296283 -524.7860100062826 -855.2895252245689 -1237.6547414040815
-3410.0690969817097 -6558.920919336502 -2932.8859024869744 -4511.914221666533 6304.370198732391 7557.211443451 1578.9033163340519 -617.5032358817607 -1814.7495570115234 5017.24279902741 -7711.768231313247 -9415.887178860969 6241.679575100174 -8878.610595199854 -6504.968407901648 -9402.466986031945
-6530.038935061246 -2656.835423161132 -1127.4074262167778 414.0085077721815 -3187.16452660502 7819.762521230263 -8831.155720141258 -8479.913842834954 -5217.973014277893 -8566.706221858603 3043.99369130207 -7527.476830166084 4935.863598553195 -8557.68052525141 8545.911975168186 2976.993954686881
5818.87477987606 -7910.4658364149545 -6551.11351031784 -7684.143434411723 -5917.897965190624 2493.9749071412916 -1978.997322895546 4797.6217521356375 -2099.995126538108 7495.814887348086 -8425.625912484418 7176.035854139442 2834.2239694320233 -8446.80255696865 -4174.545262242444 -1434.5040125971336
5327.580621364104 -722.159693815478 7479.493900947004 5440.109472719896 2952.9482709348213 -8677.93880493761 3111.5265731234613 6162.768152460936 1259.315835508898 -4029.82346317259 -9264.358297654297 445.23830541510324 -8867.272202693981 5019.870004885199 -3909.7041091473166 3042.771321395705
-5567.450446171893 9108.24754186011 3081.8809139713394 8654.886269204526 -296.80211508311004 -9229.141504455716 -1330.9893432454173 3502.0451119317295 -1881.0812307041115 -2613.7620739997146 -3815.934275805499 9453.265392567966 -8794.965283529127 -1879.7274054902837 -7541.4576996116375 7936.320511158483
-560.4742497178104 -7174.120962452644 -9117.796692083504 5165.673236365506 -9032.257357896096 4316.8984207634185 9267.909811664082 -7185.514710307705 1239.1394131493435 -2611.3298341737946 -941.9202154022314 3526.7350455034266 8753.395903126446 4338.122364371175 -9179.560216218215 -3519.2070748394144
7406.87676126077 2153.9795995638815 -5786.2244070545785 568.8581708793408 -9444.2807978763 -5536.809065047668 -8809.697316612617 8884.119209377834 -3609.7959121536996 6312.457466220731 2042.7510946373495 -9577.86881653364 -5721.499645063052 -4328.094486889651 2478.6112546934746 1180.6958178842651
-1996.7769851299618 -6232.773965799066 -8298.598920326413 -9279.461395167888 -223.99441732334344 4182.55610393522 2753.9546157114873 9798.432275240331 -9395.18439616987 6822.85563299169 -2353.148608195812 3180.684915564194 2647.994852166372 -4886.470964238616 3721.8848183301816 -7661.920149590467
-4076.6551708390207 -5341.920274095371 8991.82021739889 -6708.169832542192 7851.807182357705 -8141.5552370605565 3766.7574948223973 -3780.2873394108947 5127.251962944281 -6784.052258806223 -1253.3340612611519 3851.562994657088 -9664.68143559928 4355.877869129552 7443.77575845446 -430.14709646258234
-2241.677293731772 -1686.716544385641 1949.8988241484822 5795.263984439818 -8904.38362038587 -6762.82800444838 95.2428756050831 8961.561774225298 6591.748387733212 -2754.368510952898 -3681.772244685586 4118.017964280407 3003.482659117557 1779.9361630151961 9775.483770903269 2104.4661343712196
-9579.184461249324 -9604.31521463902 2696.1041139796453 7340.148289156903 7270.372200116493 -6457.123095801369 -3077.568957790697 -6783.443178976744 -4917.231843047743 7393.220643571945 -7155.454845271894 796.0337189118527 -1278.0132849583606 -6133.600511304009 8548.906367183921 2109.0575091642695
51.25983997714502 3838.546829929379 -4174.371725219965 -909.1803910658818 9251.008218603893 -7872.579695214272 -7597.94699887812 9745.29568523448 -2453.299990762319 4931.076388445179 -4658.7807779698105 5026.433860643438 5917.4322781526225 9103.31041464781 -3683.1296754391915 734.3196190864091
-6003.795958497109 1145.8119789011944 -1009.5887688747898 3662.386187241498 -223.158741607911 -6872.707702531638 7714.5640628896035 9306.195826155777 424.59186394556855 4454.8493345646675 2863.1349768317996 -9920.374502089278 -7482.133308113781 8672.749229899298 -4757.660295794477 -5655.342263290111
-3300.4633300179976 -2099.3051397556274 3951.79401334437 -3832.5000456105317 -1369.2448853544356 2718.6200778762304 -6937.262816683215 341.7499087060187 6509.7906884722 -2453.978086602262 1906.6124154859153 9719.693370573394 5391.805141042347 -8284.991315782097 -5366.566269318727 8307.685780890351
9561.409716368282 3449.4189385576483 93.4863733429429 -7844.312898378241 -2284.8675221840776 -197.23957474275085 -3761.1442255442125 -6327.151795667729 -4580.2299977178955 -7696.548891834567 5270.870161841154 1288.2044538020218 8922.3070842532 4233.851124639212 -5714.806420301579 -2739.154127632295
-8762.534182781781 3039.4273622888977 5848.882326251462 -3398.131415669208 -5196.143566415907 2616.2756479368836 -4536.280138214397 -1324.7007961016025 -4088.3473740328145 9759.778170438392 7017.556181412398 -5007.38214191569 3534.7124680591714 9163.098829098832 -6728.902130008077 4694.064811211292
2860.8019430452678 7588.2505938306895 5687.212167548922 5242.672979808258 -9017.019828971796 -5679.29689990844 -477.95462367769505 -3990.8699320782844 -8103.795045846509 41.719983453383975 -6147.677341640363 -4464.528138130133 -7777.079233174327 -2485.0480473231573 8248.07311863733 2613.586437318707
-476.84835341607504 -9271.008572477785 4895.2537411724425 2314.374858418707 -4528.6133419695625 3015.0629423318587 -749.3800437598638 4338.904283941893 4166.2728459873615 3701.7451773736884 9806.008044759048 5637.462872620366 815.5910039543596 -2112.334980046613 -866.0373864351859 -9908.981234656176
-4552.8647031918545 -8161.158764333183 9284.307357422971 -5042.9437017291475 5570.306361911555 373.273143108956 6408.697536911819 -4668.1345222947975 -490.76486096400004 9605.108507556495 2772.4836068340373 -4797.701666284977 -7287.210953617254 8043.047179334237 -4501.13594312113 1484.5926328607256
9222.709192616516 6915.647316051054 -1932.8272864780556 -7961.904475117059 9511.618632814949 -1109.0026537303092 -5253.28128831873 -697.7031292253178 8.751523850685771 2469.547212054691 -2873.3170019615327 -2058.3665108104433 -407.3552290748721 -5697.987166450158 -6413.522515442173 -3257.745510286165
6678.78297268067 -9875.919910221412 -1692.8610434501752 -7924.740233757355 -3716.5073157349207 7307.061479926473 -9626.315666466158 3804.617583664971 -5180.492855944705 -961.6925438257349 1879.5339223167848 293.680138984053 -7908.358157082563 -1545.7647527231711 -7248.139829826428 3029.9703980988797
767.9496486287208 1206.6367430948048 6560.510304433301 -5399.0275857110755 7232.400432905029 1614.537090799573 3009.286052796957 85.58712372721857 -2268.9032341657685 -852.6591825824853 -374.65861729355674 -6655.592131411161 7946.295130690836 6982.7098280994 7338.68421492229 8527.731793847794
-8401.62121997667 4388.22930143279 6266.218791101477 7365.737147424425 -9014.5422303384 8165.876259644156 7817.706839184793 5286.842101405482 -5298.675087238574 7102.4937953878325 -9349.987972033141 503.47966754007575 6249.710354182569 -5169.413125991793 -1782.880968982612 -3496.6842046759657
6307.814001481704 5167.069263070285 -388.8439393271401 2937.701156675448 2271.2779830869495 1372.5456867607427 7573.087625936871 -3630.977817803545 -2414.2517547366715 -5745.839218905094 -9244.92659703266 1315.079035190236 6437.8284455971625 3730.3899850631533 -6737.5921814744015 -5064.612721385502
3253.6344812281914 4932.429424618578 -30.28926600451996 -2212.751333386147 7687.6163174999565 -7653.909357973099 -9827.721154445644 1231.1228708769922 6274.449820317464 6032.584880045282 -4829.90351544393 -6210.033354609201 -665.2215986372084 7132.086934199557 3481.0195071763956 86.8625723360692
-8223.878321511937 6337.588048197531 5971.615466661437 7197.524331801811 -1186.2231789802263 8149.06402304857 -9254.512471024367 8031.418346872575 -2465.960487725205 6880.947272225199 4598.852244434114 -9796.085076674153 4508.763952387499 3197.154620176725 8194.069649003824 -2448.539673369556
-3475.020234592741 5986.6533305616995 -259.924081634359 7975.768379363319 -7253.294635463286 5298.071369067384 7176.977462550978 8861.094074457233 2757.9761382392007 -3310.8642583520195 -1216.9398588750319 4097.879985241632 -1779.3052217785444 2150.698707239746 7555.092860962752 -623.5248581252181
-3466.8911725359176 2139.338077185739 6312.605590013047 -5002.250757474753 -4472.627007797403 5306.686899226785 1924.178156367263 -8744.081084441777 -8490.500751103944 2108.4683400023314 1691.0980765115783 -9924.152454503885 -7392.281177662392 9299.898152631224 7484.41975617539 -7647.585936405881
5696.318044939477 5341.365144145027 -8062.51487724452 -541.7561200284454 -2498.606783794974 6916.247093074671 -4852.186476938605 -5752.386841104418 -8062.117752801303 2192.055158792018 7382.069776883054 -9051.420800136528 630.6526349957239 -1811.1866234948247 8725.110491488293 5096.459095753706
4712.499004506008 -3263.709563891439 9618.523987524637 3600.8797225938106 -6918.436892912187 573.1458920184959 850.3366325112329 -828.7035001595159 2815.568838150395 -5693.601450375214 5858.630743245782 -4382.261562341861 -5978.326547810715 3890.729878595792 -2121.4673229461887 -9865.653860148275
-2151.0416089213886 26.483851140381375 -1853.4963829419548 -2980.5864962363994 -6601.1782586994 -826.3100808935378 -7017.341513698594 9009.99079556223 -8944.70561991537 7926.488456262032 -5678.962217964036 3523.024257057332 6078.0864007446 -4632.547300849965 6656.104368170672 2900.1412940687915
-5721.530908937855 483.6924502357979 -4685.8226829887935 -9947.708061012836 8216.144210752776 1997.1133430234513 7830.803354740718 -704.2717135893618 64.64072787809891 -2775.073300884669 -9202.462968369835 9893.574621347296 -4017.1873193392303 -5466.240462927197 -7690.4752015697795 4764.25143126568
6326.263974115973 -8186.665138962237 3808.0720128291996 -2785.594512988898 -852.7226193212373 1006.8873913558728 2624.0355765065524 -3835.9857415801325 2030.5060597460797 -127.34130560691483 -6694.730570723837 3896.5937457907257 -106.86372364177623 -24.03452063194345 260.711250204733 9788.120043954379
-8705.371806139152 8493.61364497766 -2693.142158701602 -8917.605516523037 -4297.4899446266245 1155.5592906181464 -407.7316084174381 -1546.0676313531549 8771.633054969327 -6635.954445495123 -7089.307087880243 4691.86620633816 -7080.391246568281 -8125.6136004120735 -8773.978173281426 5717.811374363064
1733.5316983855446 -8641.227522347242 -6912.339890390438 5132.291611655037 2246.592520205577 -1710.2600505442715 -5878.420943652942 -4902.793931842899 -8600.89281286306 1591.9587368137181 -1968.3334655879435 -7410.021351459511 -7694.987968421991 5540.071287481756 -3587.938321937043 6968.140083386617
980.7495584386488 -2107.5399818188 -3997.3707940050153 -465.6221903396963 4401.416622484696 -9112.039632199749 8397.221147796972 -2710.374931902542 -1257.2827272123086 5090.695786122173 -1044.4609043460732 7773.767444227389 5594.865113464515 -5951.124864969486 7630.508169798588 9431.545088206949
-7214.276669183302 7598.028648466734 -2754.8887322801056 7236.7669077271385 7588.45886831735 -4271.964524578706 -7442.199690045747 8962.55346039628 -8699.621551104006 7603.150400302638 -4151.781595911548 -8618.640516001175 -3546.315355555612 219.17741782247867 5497.420993273494 6032.279294456714
-3597.774178343533 104.41874318162627 -9739.086676200475 -9539.52551767199 6987.02021488703 964.8538308888583 -3777.0706907727526 2330.9540985391977 979.9585162383864 6970.229616403154 -3528.775456849593 -2692.049579469771 1789.3987683868454 -2463.5280451043436 -8402.226267453632 8770.222680021816
1229.2202489363572 -1629.1076612458255 8799.010430611124 -2232.764011423754 -5027.883700962637 -1683.8087415431564 7741.387952552606 8268.13737260515 7509.899728317578 -8068.112137802402 -4306.305262828995 9115.460217293472 7298.66590206038 9934.070696111077 4165.065536241253 -9678.178661854545
6377.515796523501 -9659.71288056794 5890.267772759771 7353.933872103313 7085.659551647543 -5811.231654256008 1978.5119816229726 -3841.647784065234 8361.87899369141 6186.2921869135425 2460.1087592411222 -538.821879922667 2426.9447502471994 1356.268591386899 -9128.24137487702 -4068.4086089891443
2976.9545534221415 -4248.697002918202 -9064.329730691052 -8679.797578710888 -6847.731859586171 7819.031942606012 9048.220795923622 2015.5848062743753 6460.7395765016045 4304.39187091064 5285.381416920771 -2537.9167572656634 -5200.282575319195 7445.344497446295 -4577.917421680638 371.2235869583783
4331.547370827584 1901.5112996136122 -7462.021677959187 985.44929455686 -4594.695316885662 -8440.922862602176 -8353.29566745068 -4387.440584361449 9422.06326324456 1204.8621964329704 -9623.348290088461 5964.250930068552 2058.7143197268524 -8347.719647777654 993.7206295233354 3648.0868782941307
-646.1651346438903 -1815.1990606932268 -2764.470809977659 -424.1675043816813 -3498.545915245628 -39.52465238677178 -7794.6983409889235 7920.483286636947 9750.192428797272 8544.348199445867 -9051.90927317031 -1285.5778424741402 -369.31936201660756 9281.062333117945 -1641.6470020610413 7585.033162597792
-2375.724141409397 5864.658981528897 -3150.806735423679 8723.117357494542 3547.6462450271156 525.1364827932375 -104.06358558145075 -1866.312174344258 5988.108004889829 -8311.112797804662 3566.4096609982207 4443.03060057017 -7343.365854491497 -1816.9762925237974 4331.101697151769 8464.92289599442
1772.5550656425712 -9090.486523020425 -7219.202600845931 9214.96624704518 5354.832529228786 2330.0466661117734 2878.2411604027766 -7353.939083930499 -5893.98269434783 -3074.8999143509436 -6655.04443005907 -2030.2029147642716 -5662.107718649101 5119.804591292379 -4899.8197046067335 -3071.366583756958
-4238.190921362004 4075.335041675631 -2337.8446270081786 -4350.258061911283 2913.43830233498 1921.6295693602442 -7445.585789334496 2750.7514659599256 8671.361281242062 2187.5107418357275 -468.38620653932594 -7332.878628739017 166.8377107403685 -8745.988445664745 7298.7917665502355 6832.855041013041
-806.8279351370638 9692.13676428609 7372.866325562118 -3021.908867004261 -2845.710139723088 -3290.5766745771016 -1947.2396800188326 -1153.9682401308 3759.4164290511108 2263.630737722553 8832.106549772885 -8546.957492012885 -1396.647535712902 -3247.1175269678333 5596.350677544251 1443.659164974446
2376.2149517563394 -4288.882863187308 7861.879182849389 -6478.4736524577165 -6884.135383888019 -8453.0931018724 -5845.428784345053 -1341.9874018620394 7629.9415508124475 3190.479565208023 -8519.454983040194 -7581.435314819507 1429.8965614453045 8290.276646545593 -5315.102432281958 -6119.998067289627
4637.519695925712 -6159.977566164851 -9634.842192518223 -3664.2439043598833 -3827.479030554974 1912.465352798352 -3358.5094715716514 1492.6932757784562 2523.784409572132 4054.743819222178 -7745.690075425682 -6967.26165975728 7668.719011345951 6470.438101545908 -2225.1344383568257 -8945.106047630677
-392.4734690095447 -1020.6042358661343 -6031.641255161344 7060.805971032987 593.6400068996409 5750.989534870885 2588.130725680685 -5068.540567024024 -2706.309796375148 -1324.5741016936918 7366.750471871324 -3375.2451235799845 -3815.7429318446057 1134.8716609426428 -2097.61137855835 -7041.547521592591
-5433.425109793217 8018.025270170314 8855.412243426494 331.99064574391195 5618.655106141394 8338.973714877822 -1818.4451582128222 2238.487274327663 1597.9245457771958 -7032.6400838358195 1965.1183177101411 -4588.21080619463 -8189.379130301675 688.4803811008496 1943.2844608573723 1605.9785952277125
1 16
2193.4742068040177 9238.25932736686 -5168.863590752537 -8532.880792856973 -1643.0060251133818 -4954.824279529155 9069.520337164438 9312.091958667432 9073.94453840542 -5371.153883226873 -8345.049342238613 -428.30851154023367 9387.05480637143 2379.4250281829154 -6919.799945467477 4287.368694844194
