60 8
-5874.68712342452 4947.815201503692 -1203.1287885272723 -8611.931083856656 2149.2292831017494 -3623.0871953041396 -1324.1374581976543 -123.81232610406914
2559.841003476069 -6594.529977032075 3099.935761345432 2265.6571109295437 1842.0339379469187 -863.0872364000134 -1910.2916661157442 -3600.830114207991
5837.27069221999 -7912.906663024049 7693.999301223594 -2820.585787794903 8466.249132075885 -2254.6845022586567 -213.63040710939822 -7656.946933823277
816.3719833398718 -3426.611050782609 8904.756322553501 8735.759909797402 -6617.791479627138 -250.9563381578664 7739.120229855802 -463.1025487371553
5951.2693569334915 366.5286748309809 -9233.829923999972 7590.2022753838355 561.6059773809066 -9429.433480098123 -13.709167681143299 2794.4575353335604
172.1566199082754 -2022.71715911899 -1066.822620654395 1312.5520821848258 8593.415935008561 4296.447213209023 -8215.908474193726 9497.767052684569
9110.749248627664 -3464.5939339587085 8237.880634764435 -1289.700124920173 5780.893139037307 5368.736781318419 -4131.340253002502 -8840.832151214981
-9795.801680601397 3295.2353245036047 2156.9892644632746 -5545.080843562835 -8189.843912030706 5763.807788351913 -505.73965161071465 5325.71074248486
117.71219814261713 -2312.326089720824 2719.586484266698 692.2672265784895 -7479.583141162451 -1436.1046419034683 -8754.871468920877 -4802.607113731807
9150.43262060779 4423.187866112412 -5195.640616010857 -592.6659849435218 -3958.0986786716376 -2140.5740203074 7717.98157881209 -8931.20648139537
-3097.308421413978 7588.579385228917 -5446.622754415152 5280.185932713286 8264.350719692335 3620.7157867507103 1688.7108988019845 1301.115835116143
-5113.577422410122 6249.137245754315 4757.474035719741 -1305.5589166960835 -9935.5098599589 -1542.0623236687134 6382.316597838986 5161.487699316525
-4978.444938215068 -457.13545985655037 -8342.973962403597 2015.7366958145121 5854.231001268759 -8001.148171486392 -5929.5823851342775 1901.7130910712822
-5761.434570990398 7596.197628547539 -6260.270178346656 -2088.8285636391556 6371.835076338406 1276.54373103129 8058.456723079762 2192.2303395871804
2306.221020541141 -6412.285616256911 9822.720614566762 -3316.142058751124 -1389.8152195123475 -1962.6037768947353 -7922.932839698247 3180.72950385434
4991.7710752396215 -3092.8967655659044 6085.887478346702 7352.883363596979 7467.407218800516 8757.409755280456 -4159.190757510282 1155.8031589837665
691.4421949212792 9572.085030533683 5387.100452822131 8689.059131461087 -4040.278839987772 9021.535121222758 5806.160128672349 5281.9634185863815
-2010.638331747663 4413.632860458205 -7770.08208189107 -8081.917686343154 6340.7330085497215 9430.530523728492 -9967.495863091122 1368.9777946896593
9507.877511944662 2124.629167016521 -5414.307395538671 -8580.671021677377 445.40866035871477 4804.748809904531 -415.66978231320354 -9738.481842228446
2295.132475790593 -1994.8314278556454 -5337.722276283321 -5233.663306647684 2193.2668341529406 1728.7218203981738 -8396.032315866454 -1244.7580317100364
-8946.758996067963 4408.995956014021 9468.516439535786 9694.902890495981 4740.455640248669 8885.146758306273 4339.206699611761 -4176.98870953034
-5636.571102515842 4651.348094042898 3213.080187710966 1308.240398811322 5978.877477643873 6494.93522086387 9775.174638664073 -9569.961777678704
909.7417410763865 -2642.884929067426 -3905.228310894444 -7838.092364830118 -6516.011129830362 -287.6503222886058 5768.915871337866 5053.135845251079
-4841.824111835574 7582.698649794878 -5782.578585706446 1016.8315261360676 -4541.881698948154 9437.218512103744 -7671.356038221506 -1295.8639176806882
-8028.6789742993615 -9599.04618873042 -6389.166378417716 5297.788493840224 -776.6070653809347 -1959.6501654162776 -8712.680294477728 7183.549975247846
641.496316310644 6679.716257876797 1873.8218571763136 9181.964167018949 -1401.6902515974652 2602.2437033864626 3394.4258722590275 -4862.668290399301
-8023.106722214595 -4916.869218837974 -9830.237206191845 7953.437677111404 -3552.3405870149836 -4162.14451928242 8871.732010623815 -8050.2696929399
-2296.529506301008 5960.722010641741 8637.042774711423 2921.733921615976 8205.99675779491 1168.4453548649108 -2224.9575498478725 8881.791183166231
2760.417412807239 -6862.10737441421 3570.023001222451 -7688.562436346345 -8450.376393408842 -8194.004691952643 9677.416563008424 -3120.2493642303098
-5962.0876727374925 7272.048988981765 4354.261543259878 -3086.001204606714 -5886.31973350308 8314.43834533274 -6759.779266744252 -8460.720523894975
1490.1203294831703 -446.5664138768461 -4636.12897081487 -8119.7799428612425 6044.024949439936 2800.4862730462573 6900.966790103354 -3529.7715828804658
9573.975995251127 5373.649411792678 -5405.73317490812 5912.444638592029 7626.035990563421 6495.561236737394 -7956.0205737538945 -9936.979996577042
-4694.599888591831 8117.611167383886 -1518.591307307468 -1611.0409266030365 -4271.317258045808 -3215.989766863965 -8453.452440464926 -6307.817903772628
-9216.784372751008 -5134.310879397272 7948.549825469494 4615.067877590927 -4729.385109238009 1883.423720604167 5907.909865888105 6492.389638395536
6986.330516645914 3168.4692474599506 9148.699744090056 9054.93984588992 -5482.968637210157 -2472.821330708124 -7722.719284974659 689.0648072279473
9025.286494578286 -6703.219709017554 -3360.8094463274947 3394.6728923829905 5956.357395443258 1112.4139343927745 -2422.860105427955 -3068.1153258323056
-154.72637982113702 -5095.848779663333 -3687.100610155747 -3463.947296966032 -7053.799056196571 -2174.386420456218 -2347.9195183145785 -8454.615296896518
-3344.1519894109015 -4567.950015080209 -2696.76230152657 -264.95342401830567 -4097.221522984922 7098.011215403254 -8219.532547527237 5484.869776963706
2423.9386868008132 -3998.230302623484 -5217.474957640622 9949.19956108162 -52.41776617534924 5095.055831923295 3640.9378893096255 -5596.962686010421
8417.341097082928 9004.00929183446 2326.00600404342 1331.5393861064658 -4983.471450294921 1000.5896207209935 -7655.252772682324 -1363.4345205418595
-4700.086919369748 -354.2282424300829 -3497.31054918482 877.1133239131505 -8548.199274414963 8956.554133752521 -6337.565786456678 1161.5880189863055
-2187.76680773934 -3383.493362963255 -9968.930452356728 8081.0280934439215 -8314.404126127898 1847.8996384616385 -7246.6428046868095 4318.020770884301
-6536.39402355054 341.00708957868665 -4314.787017172494 -3194.430935088486 -4729.406120235131 -6124.48120928573 8235.880147294283 -7030.062802391086
-272.7281458342386 -6000.003414835093 9302.01898604379 6829.470888842319 -2408.1024877316895 8173.166643546294 2113.37346829733 -8212.5687435612
7217.760801765791 -5467.080908265108 9085.124099269855 -8037.617967047244 3571.054979091643 298.7892802602073 -5027.246999492596 856.2199042859847
140.44215350271406 -9161.354767841884 2574.139258473824 1345.327526505107 -4124.938018183983 6664.783186199602 3752.5044257673526 -9519.572661520959
4228.218261703303 5471.602654798002 -4131.8048607974415 -5622.205807168654 -9422.53280068671 5507.468760644679 -2495.125166516763 -7560.517654213659
3816.0767491919796 -7521.571122055524 -4131.853317915946 -5619.954784187091 4649.493794627 1965.8155511046898 -8958.383705316308 -6739.736942190646
2569.635027963597 7527.297400866151 2053.23966795034 -6685.011212541436 -7319.277708142337 -9491.958978857494 842.533989768197 1780.8074536903896
-3099.178869639898 -4368.232062088142 -5386.90801890847 356.1285828085274 246.90968049966796 2152.750933348523 -142.36922584550484 958.3669645928367
-9825.497432681275 5216.083373936563 -5028.544331542182 -6328.718234791091 -2053.257898260965 9486.934270261394 -1650.0263466510278 -3451.312793173991
-6542.891653323526 -9208.31624792191 1888.2710321685518 -2734.012023091359 7776.141185249337 7122.542885079176 -3410.7981079473857 5637.717691065647
2018.4993452464296 600.6903363764577 7889.592780140967 9896.373381088775 6293.270808823461 6028.064944280022 1320.9137925099858 -8965.01823423622
-1973.3703470669898 5084.316974074829 -4029.010005035554 8122.00319417215 6940.2753490699 9282.342967405457 2690.6418443726852 907.9270775214918
-1880.7330199843418 3785.602908418663 3541.378940052782 212.51691394645422 -2031.4575856384008 8046.015986589333 1469.478638049217 3685.463628115631
-8523.472155416908 -1075.9722492281235 -819.1049670424836 -4853.56963624112 -9233.326991489172 -8406.592080033459 8395.155408336537 6582.791622523157
-3936.807659955586 -9365.961000257237 -6361.274722868908 8395.95887420022 8882.932096686753 6241.285371767739 -2186.560434429907 4326.167253326927
-9894.648096621717 1939.2229877848768 -5072.630914992636 -1303.251544577457 5950.777651710041 8934.407426456291 -119.24310501410764 -9013.23244098377
1975.8731239697427 -1574.6347555053399 -8898.023849750032 -7520.058082374372 6730.009091082713 -3083.439010266533 -5201.554507030189 801.0930973781942
4192.630748987833 5593.9499587262835 -1193.3844956658832 4118.563183039058 -8790.47953707717 9132.901934281712 2527.028256124715 -2352.4145684293726
1 8
2222.550581459038 -7154.766005677014 1640.5602580036575 7019.517523377923 -5884.191716106766 1333.9115869852012 4905.503446381408 -3018.306381908009
