70 17
5069.651522142616 4458.215608323517 5575.159772032772 8699.998873882767 -3943.983741710357 -1532.4910047501871 -4213.435108963515 -1727.7432439823824 -571.8257328368163 3008.41236307741 -472.9477453138388 556.4520103495597 -3703.115393458731 1959.0301038735706 -4942.4616832386055 498.55342757355174 5109.206299622472
-7706.513139216389 4915.95467107442 -2222.2244434474314 -3479.283129659263 -6824.389006920473 -7027.347871793166 7876.010982111315 -678.095945959627 6912.298795604904 -5065.019970773094 7501.120512798465 -9673.77574533621 6998.7119716529705 -7098.008133520321 7023.980102354752 4812.086883861317 5350.538502850706
9680.282929397996 4036.611874313823 2331.59304826671 6522.650482385317 -4440.404150234261 -7390.721830311826 -9752.4987528357 -6290.105595467816 -2328.400989210677 763.1009965628473 -6020.147145854731 3071.5373935367097 -5038.438430844159 4888.677871103384 -2515.2977906878405 5398.617977957441 -4574.23646281699
-8688.357958225446 -2505.6408117247984 3100.6761952576544 -4816.070251083118 -6409.885046365771 -4278.678550037578 7141.216040286465 -1400.5013788587075 -2782.7233333685863 1307.59899884275 7778.835418350722 4068.7253449043474 6572.263639606572 1692.4098933843652 -1576.7619466785472 4250.580997378613 -790.7254636809485
-3354.786052904701 7126.072987910309 1183.1439115225676 1015.1236081211464 -7913.779744565372 525.5224027125787 7276.655608510966 1052.2741347982283 -60.28104782053015 1118.49821135624 -8512.447419154412 -8555.983466289013 -3763.4249504385452 8556.76171579703 3064.9291736394953 -8777.693244597645 6186.600514841755
1261.826271228987 9963.955723501247 6835.062016990523 4640.519099330837 -1681.3426960765173 -135.04994564274602 -4364.436394880977 -3607.6972845971377 -3799.9722347584775 -8255.73915262792 8249.721624675476 -5646.276082489859 -8347.463417587362 -6893.0292197416975 -9904.470817907675 -4579.616493659926 8344.642139006333
2638.06232533227 9028.953862316794 3013.1308830194666 -5468.423493982604 -4085.425864243277 -9441.357849174206 7682.277860165097 -3107.4557520461794 6962.639663032769 -4497.89510018324 9922.863711866463 6322.5918464857405 -7840.781443303344 1257.7028520190033 -2935.4994199792036 6775.839281965342 -2066.532956195814
6183.188031009575 -7096.214240742693 -6060.369685476632 191.66958465595962 2379.5541513432745 -2986.9552467847216 -6156.630453830865 4309.304018045381 5078.366577702636 -5580.264151680088 7371.864360453863 -9558.674519999984 4449.136632036945 -5386.138273269119 6235.213155459525 995.286546345038 3495.9815754245046
3650.4906196790835 8953.883065203263 -3284.3874263268353 -328.2183527623856 -7124.439128289701 -6059.253242994085 6426.461832010085 8949.845909783922 5841.536776900924 9667.261830450894 677.8913740713269 3390.3717813208095 -667.4467819158308 8190.021720981811 -7001.812602063073 6106.113341127066 -495.84365143482137
7498.769191289353 -1888.1950601067829 -2127.4230856853983 -108.70268852369372 -9993.61961897603 1026.6105499832938 8085.184992208495 -5960.559864884302 -7235.926951766263 5583.586390602875 4799.748174708664 2135.9475075179653 -903.4105782595288 -1709.2890640073128 -3503.104246260069 9954.52080465022 -8284.64861229644
265.0111497639118 9397.075886680199 -4795.448775708899 9625.958543157754 -9328.257905939843 4167.59898090647 5839.534735711097 -5708.464112029447 -130.1239646580616 -9391.735446933526 -3091.6711887784686 -1916.6530111259435 3273.887892493376 -7227.710300393593 -6536.138597883263 2899.7769703658178 -6729.324082558132
9924.890878585236 -8504.343013245885 -2475.9153979488756 -2409.032724050422 -7916.778485425719 2295.825485877087 -971.1203293621693 3030.4994791633417 9304.379435620252 5977.614968606969 4920.17642777137 -2551.1475901760305 -342.2015177292524 765.4874874388915 -7539.480790683692 -6959.171379103724 1234.2431956113505
928.4614312047797 -3286.300528863515 9558.354924050764 -1659.5110527026518 2447.3084693896126 7949.092885575599 -2850.1826507394344 -3180.3470533357613 -9116.862142555152 6886.57216414245 -6685.708932105052 -3643.0236822999814 -683.0002096973003 -6478.374108808905 40.03084692956327 -1336.37386586492 -717.5068635980588
-61.32711986449067 1252.5029086105333 6086.545968113278 -2416.3785808429066 7210.095345687598 -5933.965716630946 2260.0911762954092 8795.868542826785 -9781.60312173346 -9298.501052648182 -8363.334261367858 4922.1513654645205 6580.62581809724 6795.187222217919 -1160.8712709459396 -5642.634582562558 -5724.703788068377
-4402.900708117192 -5989.15754430362 5903.500716156108 9840.40370553378 -7130.258900016537 1925.132181696281 -9143.017173960785 -4035.8869550228137 2025.8419747862754 -6159.587607035648 6367.359392089156 4492.46774942208 -8273.548203720422 2499.3043974421 -4100.0273649434685 6671.522303042857 5741.88192247458
-4924.27221084903 8273.45916360198 -2766.3408697171008 -4078.1627105175166 5813.58969771038 5275.9796226044655 1869.4329721893391 -8665.322567140445 -8744.281577580598 4413.634728385487 6312.944893813188 6763.939311023063 -5930.67293183569 8652.215830192778 2841.3241497817053 8083.175947980544 793.6412540818146
-3862.8924675881126 -4368.445048964718 5011.2868405242625 9945.143975064835 9677.437771989866 931.5889441465915 -6557.875760567218 -1428.350974865969 7724.290527579273 -7514.834333600862 3713.3140791751157 7061.704079959709 -7915.180684920851 7751.6709468801055 9389.782661473517 -8856.360726433122 -7576.181289030768
-9863.290848329014 235.72078581582355 -5862.390716199775 3974.3113323516263 -9475.772241385404 3806.2467371279963 533.0496397829102 -8424.788673152776 4509.811273694966 -320.1982958007866 -9349.90105681898 -4575.994567796338 -3147.1957218554135 -6946.077980422075 -9805.05627037021 6272.166763806115 5436.739438246726
9039.639176336466 -85.6511201143112 4588.177049707694 8048.646166179253 9500.755483393637 -6655.168207501283 -6832.145137177567 -9465.371054672023 -3570.2849223635267 7999.026450433383 -6220.494166089663 305.66888555950754 1790.4145981257261 4371.908188867761 -540.9408734504286 5159.887276014837 1378.160445985961
3402.682983448245 1041.5604341749677 -8556.100463878349 -5038.768037371251 8497.284698843563 2987.304248018727 9378.028409431492 -8105.112486573378 -3595.6403440606737 -6283.791382474373 -690.4045015006413 -9819.38024319031 9366.490873615257 9599.388612164916 2033.4754442079065 1455.5426051439845 -3557.2025320646962
-1302.850292584415 -2822.3093744306425 941.8875743559311 8255.41225813039 754.9044705056021 -2299.471820882968 -6842.353227681712 8917.837869442257 -8615.775701887174 6110.593007192481 3622.5471129248635 9227.645883865298 -2453.9577704574513 -7185.750077283308 -9641.98684113224 5566.322900601866 -6122.005960145824
-1119.0586326121665 -6329.684420664264 967.4785102073838 5521.424993060531 8124.181561673802 -1535.024287810309 3807.9098108311937 -356.41068811477817 1382.9309782702167 -1861.8706116136118 -5368.230804419549 152.9709960596574 -9944.1579430175 -323.6280821938817 -9992.815301644183 2762.124220155187 -9714.350413550872
7649.647778340608 7463.6131495521295 8684.065860288913 -6839.969104329804 8239.277280835628 4561.352691120346 -1540.8441923307564 -5421.312876053539 -1266.1207246347803 -5367.750634461173 6747.07119312229 -6763.927587992515 9963.396758442872 -8426.456670039108 -4446.940966711574 -4062.0370971315297 -1720.353295696168
-8402.572135779676 -9495.625073967045 2353.5016070168494 619.8156885126045 8210.484309974156 -2966.2275873837116 41.87811735320247 4533.642967037125 -6805.966359757167 1999.158829251679 -2436.639458619743 -6130.3941071175495 -2045.4469489179974 -9875.67546154739 -7363.341619799066 7917.669641193246 -6886.670062758227
-4416.76186783824 -2214.4947630839406 -6223.773624070219 6368.343977914959 4993.139489329949 -7712.504973108209 6266.397933966286 -7668.894787981835 -6262.08778986395 -1989.32849056529 7819.291632662418 6141.241656344126 -6607.209715317351 3593.4076002179336 9086.564213503352 2253.9336469878763 -9199.939410856534
9490.89160905359 269.14317359983943 9836.142876346752 -7767.770148217838 -9345.707162406474 6808.216173302357 -8224.394894266175 -1236.2633062026744 -6616.200239596799 -964.9205052324323 8033.010032123111 -4388.169401520032 -9050.812970783281 6868.288597012863 -695.289116153981 5303.079354558247 4323.867808271827
-4237.4309396417775 8373.065120947067 -3159.3267523863624 -472.7317324851938 5038.219688523186 -5434.639582668257 -8397.484816098944 -2656.29129496975 -9957.64292656836 -3048.6236258501067 3655.4477296140067 -1587.0542629405172 -9377.032959793345 4.778413075478966 6281.875547645908 -3578.2459052080376 8271.912903295884
8737.270793716052 7483.770417166685 7218.691669018393 -508.4504995391544 8973.263512755108 -7947.345166023391 214.24387416040918 -3199.93566226835 -7784.173351151425 -2975.0917368281707 -1423.5898249428064 4819.57048522476 5114.972746927382 2475.4452436481733 -8631.29193340587 7761.879517552432 -893.6279210788834
-5942.780487720531 2038.311189245458 5672.881451184077 3395.7443795825675 -564.0997746263492 -4488.239542320591 -1749.8478490528323 5321.473496955408 -6678.837213011895 -2252.4933620201 7196.730838675601 6284.283422614359 -7111.342737511146 1250.2224461665755 -1155.5882347228398 -6983.096919073486 -1974.973566407738
-8191.1795897553975 9582.272016466093 -6847.738494632785 7120.980216550197 6726.300711065967 -8866.74403822956 -7537.224449705995 7159.366814914483 -7175.608709372783 -6049.014307153662 -2657.3965022511456 -9600.175844127423 7573.931841853886 1800.0932499475075 -7335.072487849346 2763.7520658030808 8713.46744957905
916.2766504699302 3843.8265661271 4243.123367490129 -6023.007128125679 -5792.842259069855 7667.131228066635 3107.4604024884156 6881.677551812896 2573.903433313806 3315.0479586647034 5936.270655062193 -3964.6874324076807 925.5542761794713 6781.048272993241 8660.505157166626 3498.8950796844238 -7946.31316166476
-690.987092019639 -8241.65278152435 -6313.8902772243255 -5221.332809916464 -8892.545348303089 4822.242024020348 6428.2474400719475 -1038.965060776376 1721.0420746070704 6964.6508611641 9124.560480806533 7603.278926294755 -2821.914212011622 8590.047746513392 1941.5882612030473 5088.374412057909 -5494.837521977201
6639.000724662295 8497.113411651157 8425.078573138497 -4148.838905013845 9226.245160938666 -2576.2608290652042 1328.019426130204 -682.389097557365 2067.0341869790645 -1420.5337535373656 -2528.7362039896034 7847.197452112447 -5327.753741590067 -8900.064930669176 3175.6832946225404 7041.3911608131275 -5980.570964108729
1889.1072332055464 -6171.575011668886 3025.1941415257643 -6419.06724970502 -6216.960616634622 -8487.65716491503 -3862.383300476464 -947.5519849643006 7654.544625583265 1579.7266669442033 -368.2752728707328 7380.905402638175 -9505.617158614745 -5185.4347110231065 -3690.6697793464828 7622.846243310225 -4405.926765164163
-8431.332790466355 -567.3839834709033 -735.0391928456629 6431.0390899697995 5662.400814725526 2774.16895463736 8055.503432590362 -5705.334348547166 2708.815994746601 3339.9224242474083 -1921.4606528799004 7241.517181089439 8992.257273202224 669.4233449781714 -3839.0702510103392 2014.8363307665095 -5212.542839421983
-7476.436966463627 1645.9562677113354 8048.053183879576 1065.912424861035 -2016.0642031297102 -299.35098910519446 9929.460688285024 -6851.760710160328 -1690.720301938869 -6109.464316686442 -7980.0865070323935 -1523.5443799720179 9303.456244869933 -86.8100266850397 7531.350474487954 -382.0062644842419 5533.145700510333
3216.8991909154993 8611.443840096264 7367.816812990743 6444.957083837908 -1310.2503766837945 2141.10780033387 -2220.185883735002 491.4188621925605 -8514.395141736584 384.25407764415104 2983.5298797265095 -4168.284188265574 621.823938739477 7043.685760003886 4996.366675831496 520.7390934035375 -8164.129158567879
8260.352019030383 -3808.804043268552 -3571.245898581865 -2637.2703420134867 963.8489456735952 7515.530027498804 -743.473745358724 -365.74101225692357 -1205.2031685815346 -488.3282466499568 2072.1313115800767 -9953.616548375148 -1080.43147279597 970.5025676126479 9929.051518792872 -9208.098215106867 9151.665858445165
-8824.936518323215 2027.158707676459 -9103.966200168225 -7749.088593954451 -6008.023067435044 -5550.881450902217 1866.9152627248332 3601.354924043597 1285.8108859879794 408.1553132873705 -7805.544251549725 -17.74791095396722 3162.4393870205968 3058.5120928736615 -2410.4816440649793 -345.2198184186509 5652.33384970252
-321.33141022477866 6477.227480388385 2188.9569745595545 -2094.0863654812492 4214.54106132559 2010.8852760139325 8267.191377393403 -5838.707608764975 7174.686181131488 6858.01762442154 3702.36676478592 -2286.00825120616 -8201.099731788006 -5273.350700065777 1060.5794288656161 6231.129386206378 8723.245929507822
4759.717639734983 -1806.665268876599 -5022.9666737839125 -5885.780873811064 -7960.527592249278 -1416.0885858981255 -7214.270162366629 -6314.835832747179 8611.749636536635 -7750.339103310309 2676.2037127862513 -6645.5320711066815 -368.24592108837714 -8161.0027315666575 -7930.798743376823 -105.22018092131475 2259.4701912190594
926.4636713947948 135.38387915828025 -1032.511605904121 7621.090806000804 -3922.389500421861 3851.791948345255 5597.086075672047 -9283.223651577267 -1472.6240255880457 1293.4631078712864 4385.338100155908 4908.877332894068 -3165.51865204717 2405.5287770571485 3050.438585032847 9028.398890964527 -1174.2113673498552
-5288.815797184457 -1326.3574830823236 -3337.240249681253 9313.15848427052 -4647.524209330473 4878.188613420683 -7687.859761046719 5087.904426904188 -8504.943420818005 -6865.135714434227 -5540.547262944034 -3772.6827407175015 -9357.433279501614 6526.50553652519 7358.035191598519 8905.043709785932 -5385.575723156566
-7212.780899759235 7655.442036131062 1025.046807000781 -2200.651080874416 850.9113540188573 -5746.5023672406205 -5631.78742829926 8833.20868042644 197.36776919655676 -8726.934142108412 4989.139480434462 -749.7814206379717 -4973.563675911765 116.64191857418518 -7753.1372090237655 -5772.591242145851 7648.077024587343
6811.480003543846 8691.477918238903 7961.767224228388 -6037.150737697297 8989.92830485389 6464.8120082122 -5938.64459578525 279.16446809876106 1645.887753385634 -9175.040296548243 1280.1304426998358 -2299.7867661688742 -1018.4537913443564 -8073.29297999978 5594.712954615519 9492.032268543022 7719.75746680241
7294.989678527025 7803.775798911389 -2059.699874796015 -2957.177843178102 7522.829204826547 7607.508340531142 -4978.643690576599 6023.128839460374 5831.226966323133 -5318.926880603514 9752.432521275066 -7780.237606118896 8887.592488377559 -998.4288307777333 -2227.1606480119435 2155.139818516893 -3467.1160813519646
-6070.726615563162 -5797.540591778589 9196.54234375012 -1813.673809927849 3366.4191592119278 7180.008524598245 -5751.898829806632 -2129.9237307887342 -1242.5134050429824 -527.2831440453047 -2499.781569476673 5555.906499728822 -1680.9444079163623 2258.03684380099 -2543.8485767983357 -7917.845248420627 -9470.398561458127
4154.252831464053 9123.89550924228 7638.80155950474 -4647.171704006177 4853.770994166096 8336.68910315511 -3446.3347693218575 -3114.772935445074 7460.561241479896 767.7480385368617 2425.9489719844205 -5703.54201301805 4593.6349897095115 -3754.353746221137 6530.755987832759 4454.284210495125 -6837.997891333925
7356.238263258605 1253.4713380589073 3826.1356329025384 6594.5715784734675 -316.9145293431666 9747.085513126043 2996.0531401731096 367.5604952226222 5712.25308345721 -5276.121852744551 -2061.3805449918173 6038.403645830736 -9232.05366616081 6171.170097819289 -8615.305632139332 8602.952641959397 -677.7373685767179
6167.652879304349 5084.42852914861 1156.8608598145947 -3949.5267266507717 1895.0149275196381 -3246.3691960580672 3569.568810951254 -7587.598813011287 6713.967243121962 -7196.267758460946 6879.213117130632 9084.454680915027 2452.8109383089595 6671.315382664674 -136.17034357125522 -3769.8412901825714 4752.197318286635
-3203.9044822074784 245.32259605393483 -3272.117091288713 3308.160075141437 -2824.6397768138595 -8948.593547854016 334.66302567557614 7990.5630097725625 2004.17180306537 -6984.591616589871 8324.819363179231 1995.655800671415 5109.570518728246 3583.2244244259764 -8257.960668270456 -705.493208609656 -3785.3068323568987
5045.021304510727 6505.236728045707 -6986.677019668013 4798.606810161675 -4661.853835499365 -6384.141468663556 9798.157879634859 -5663.055249568376 8100.562444595391 -6956.927136581806 6877.726250053536 -6918.994560290728 514.6035427254774 -9161.742806269714 6744.61219010604 6669.085869401886 5828.45191884369
3400.728470285978 -4412.906515151473 9462.587376443389 4668.382918126292 8134.307186662227 -6582.603184400559 -6516.477294051458 7623.870734695847 9587.883748807377 -6692.694961521764 5494.799951180445 -8871.191269783483 3729.7644888474897 -6331.173967811037 5028.004884940576 1166.8410334527161 -6937.4109092555545
-6455.406441600171 7062.056466302201 -9151.097990082302 1250.1103146866171 2467.2150236911166 -2534.614396875175 -4797.599334006241 -5184.224100554522 -3866.0691934375627 2959.308078027947 9057.094137107768 4044.820372923794 -7310.686398232194 -944.3481493925483 -1065.7462861124386 5484.454702961093 -6550.444428788096
4446.688675276571 -8795.963071867945 566.2630260357073 -7613.228952328251 -2878.5853508068194 -774.1103354372808 8040.709830049491 2195.4210781552065 8150.8615844522865 7467.7899101719195 9760.50178263518 -4933.569588815605 -9159.016284045249 -1179.7164243875068 9685.466608773946 -3215.1725500490484 2167.11508057452
9179.526819988532 9167.55635020429 -9455.503007278234 3558.3919056169016 6778.177642961651 -9283.615470752042 -4854.745076131415 -1621.1318859154126 9149.155679659205 -6127.756518256005 -6496.944296813823 -6802.571361319668 1206.64589888909 1200.7326158313663 1392.8565790211542 -393.4640614920081 9945.733643178191
360.61290460784585 -6381.813881786502 -9297.077412968347 2971.2966047660448 -6515.103243439395 7726.451572595113 -7526.344996137073 -5002.242338480783 6209.436948913832 674.3405439548169 3509.63682169353 1799.2000627231337 9307.128059562088 -1707.8798446192468 -3301.067168582321 3801.5867423904547 -4227.191290900117
386.46262810731787 8171.198970407226 -5146.112945825405 9396.971462777794 -7736.398579521901 7003.831509601634 -9796.960710226327 82.17396149706656 -6447.158354527769 8914.618116410216 -4567.477583514521 9458.841774605044 6023.38334491965 5066.322061841338 8856.370805149876 7057.34519368126 6382.817489162322
6447.387807873529 -7156.787105937164 3226.509837702026 -2893.087554707179 8285.894403509588 674.8522304861963 -5162.988314481973 -8399.202731729749 -2814.8812558449345 1958.7442625205567 -235.5472449977351 -2798.9999546369363 6631.446581126911 -7529.282970582995 -4655.602611824094 -5168.781668005795 -4974.054519017832
4153.341229929474 -1106.267268847787 -5061.863346161728 4453.04904663868 8688.15775779192 -7068.081517311213 6766.226686607755 2667.767604321971 4731.19809055276 5322.243713035359 8301.217709617402 4826.407878342643 -6148.984296221809 -703.4904495546562 405.3939713164473 3661.194431555743 -6932.018523856831
3837.373590238334 -645.200126847587 6787.795865704335 5509.130786908256 -3048.1965187468822 -210.165543999492 -832.4129394508091 9172.735417000426 -2838.1956189233115 -9662.529699497973 -7550.017844135066 -4210.555036386818 1841.2305263626768 -6309.287495518685 3710.7562606734846 -4846.861178339561 -3980.219798911029
1772.6868964886016 6375.588464871824 -7975.498620339811 225.29564244332687 9725.893283934667 -1437.142397903719 5556.943529943457 -6727.872425146832 -1487.9821826933476 -5414.343706642248 -8456.532549142445 6359.720287332517 1520.7756177340143 2489.129913811523 -6999.518660679112 -6032.527316311924 3653.180439446247
7052.816382962119 7354.45566858062 3876.4587677968175 3388.568893375501 3312.468416239908 7199.231361502541 7618.076889588381 -6162.923346884104 -3220.8708891843044 2254.184199574669 -1089.4826086459761 -3100.6233189056284 5784.064444615928 -151.43073933714186 -588.7593387389916 -8639.428067518566 4956.741315850859
-402.447291561748 -9387.64508229543 -1081.6603695972772 6935.467836300391 5271.863256266875 9137.719408095647 6986.653593827759 3172.035248391283 4973.914268709066 492.20586300781724 1550.6179733773351 -6538.111759139744 439.5891748427712 9819.91363720618 -6643.414738198993 -1858.6414099989179 -3702.0926743417485
-832.0976207389413 -9411.719057868042 -9607.230299589011 -2214.8025757487885 2890.6320165442776 2609.407519502227 1628.4612036735816 -6188.107422404559 4652.27626733368 2271.9784119787637 -2145.408903720736 7254.084731648454 7128.942916079523 -9636.008190766293 2021.8645168417988 -4421.575522746925 1424.3562337289786
-16.98428829351724 -5593.040436516117 -2694.183787595961 7470.69512874553 -2898.3497653836275 -9605.224047769707 -4007.7198429963537 4682.627624679673 7783.068874708511 -6228.626361812615 9602.961974845453 -2157.612065725225 -1224.8057140770034 5748.484199316981 4213.741528405348 3501.702559347048 5733.722867722456
5519.214062288942 5884.814315193969 -6738.069434180517 -3514.0931241475037 -1745.7878695623203 3061.632208099618 516.436267439085 -3834.4588453422903 -4476.336150705369 675.5834096518993 -8225.742006987628 881.6267693674545 5247.49867713063 -3169.7886722132853 9248.72016852003 -4884.190860990063 1626.1977117767983
7219.368190498397 450.0645244447933 -8207.672620126212 -8791.677646206546 -7384.059405485042 -3055.8983328059576 -8941.45831607439 -613.5660115937844 8708.572074799587 4938.161238841532 2663.2353152881697 -2805.1589589175865 6033.928844847796 -8983.545762471747 -3874.977764976402 9132.620128572966 6982.285221107231
7266.007196597027 -3783.6879739121905 -4142.763408268293 -3749.6148022112366 2241.432003300315 7636.022867210158 -2101.862936680741 8828.234817259869 -9670.033162337217 -4126.206623017135 7285.767930514303 -968.921940277558 4413.854309052143 1908.3669488204996 -8694.426093011802 -8957.85730563655 7173.900482679488
-8458.060636502198 4553.529881515891 -6013.039979488309 -5188.217962950892 -3434.205605064324 -9269.653127086904 -91.91888770394144 -6447.574166074028 1831.7087296232257 1458.621017753534 -7231.070038378298 -9940.739587215694 2512.4175237047693 -4604.162109936127 8341.224639615353 548.1466496451976 3827.317834477646
1 17
-9993.54985206089 -4527.1152524822055 -3411.7688427726735 -5841.240563945596 7025.542272145565 9757.970346114613 5574.488929569348 6629.370381395249 6217.810347824923 9860.242171402686 2655.9876623120745 2195.308226902429 3549.5813045017494 1808.2503938651917 -5426.264302011792 -1490.08515561684 2181.7003009236796
