87 29
-8564.70042360697 9844.741719687936 -9500.132649740686 7984.940622698545 8440.771110566875 6001.868854978033 -4854.11897812188 7228.444361933107 1489.222352424391 -2827.729099507148 1116.4149108425172 -7792.2872503862 9169.985025697424 8210.667308439512 7435.898362752629 -558.9900249853745 -9656.814904901552 9701.992003139112 8687.760756621807 -8241.763588852846 -5974.740329538477 3346.9047236596234 4203.103028078274 -2710.130016929191 4012.6930898690352 4405.793805072155 -9980.218317990208 -6602.284790706123 5910.869823926218
-3322.06234311748 3043.3750519333807 1300.5154390007374 8314.053878267798 -238.8273650264655 4528.479505206111 -4558.543273145552 -9054.06665475513 30.356291764512207 1748.5339201847546 5027.684786748265 509.7913716977855 -7135.470143648677 -6305.081817657361 5439.402305233632 -2291.2286283708117 -4592.518989122403 -784.5198815850981 115.71215332998509 3509.4653950794946 -520.3716966892152 1028.8521854150094 9286.447797458717 -9940.038106610546 -6568.9041581288075 9526.170386407277 7293.916276746921 -4070.697223714701 -6570.531781346014
-416.52068115274596 4390.020344204482 -1529.5225877998273 -5991.313877754407 5482.580382901471 -5956.0469642225435 -4799.441607260306 8217.301785207132 -2173.0597153533135 -553.0342688012897 -1931.8637537674513 9836.073461597069 3136.242582280118 -4329.695023596034 2863.182988770297 722.7588910259346 -5641.153336142029 -1305.4828987999063 6769.210176516546 -9643.581896337042 -6340.240907733556 5485.807678552803 3262.923032341705 817.4855669001372 -6279.704523075476 -4762.610551645976 3780.329879725903 -4755.106025960882 -9619.487702768854
1141.5048124211899 742.2884182227335 -9030.421228262743 3294.8526435975164 -143.0143116136005 7671.021921083524 -6260.264188962421 -4085.0043145632408 9606.207984348486 -8248.631357946117 3262.9764197280656 574.8118869991649 -3013.364149707627 -7037.194964710554 9703.922387224477 -2814.5950200715843 8469.715429494787 -2428.1804971496304 -2439.973178515591 -2566.6499164877932 -1151.3568491058631 -2813.816671861735 -5114.581802635332 -1658.909770396156 -6469.834648971617 -9853.123231682746 -9259.692635550939 8272.36350982817 670.8595588059688
3172.092484332825 -2657.357559192832 9788.064421632156 5262.715118700295 -2192.7028875560973 -5992.106278056102 -4317.135792418403 -1470.5305478133396 8310.245800926808 6922.415128678265 -4888.547064519801 -9924.25972356534 7456.649906122017 9609.921279333059 3881.5446129296197 -7610.773536860204 1109.8329609421744 -3685.406906053854 -7221.927533143906 -8181.957249198186 9922.936482648238 -1134.5515444614011 1521.319304568091 -5292.7969552206 -7199.9922245559555 -2280.3205228624247 -1662.3935455271076 -3945.4792146492546 -1968.321429979278
-655.4102617779572 4069.3260435002794 1466.466469842253 9269.65279151341 4521.696823083761 2359.5038808762474 -4205.7651089354795 5394.741760373445 -6255.473073097488 9448.888715338064 -8542.598986146637 1646.4022348860271 1452.2601784755643 -8678.52662074777 612.3991267741385 -729.6162936979435 9571.154943439273 -3925.9582273401584 -1176.0476641736386 -8913.739888915232 -7390.821664802376 -663.9317267518891 -4580.695741766048 -7981.408056651293 3515.812667246215 -8779.874507492683 -8650.106509089284 -7893.5193490198035 2373.150266497576
3612.014477196033 -6107.820022789487 7248.807968765657 -9837.255196229766 6998.31467859765 6739.163199069255 5520.72560496673 4224.424244245827 8888.450743991729 519.0599081921046 -1173.371084241795 -1702.154394983856 -9045.824041225122 8391.955151713028 4297.681473537958 -3940.630015886577 9460.805833742248 -3363.3281224109005 6019.539044205683 4738.967720252951 2391.9408588787464 8597.091415307965 6948.9407486559285 -2974.7194300223327 6021.002537805056 2935.443603229478 7922.99860561407 -6357.074399443994 7686.503300479464
9445.23858846712 884.5587003229084 3107.95454643013 1638.9361578976786 -620.5258722467752 -1481.8319973474045 5061.493639757602 6114.147209074539 9106.273503698081 -5540.227920006187 -4821.7846825700935 1606.6608804924435 -7993.561430648146 1303.2406225090963 -4511.884518046516 -4300.177417842608 4798.150363850509 2944.0501980108456 5806.041931864373 -7052.593190213354 81.90205780160613 -8537.850847596743 -4607.9428557011925 777.0812611365945 9263.347975113342 652.2604414261295 9673.36861940023 8373.377463942412 2870.2240689323535
147.70098520549618 -6129.240072860959 5820.213518226945 3648.237775046724 6415.317443129046 -6901.525275318716 -7649.912722502723 -5053.472928728284 -6346.55577885769 7612.273327691411 -2248.571249233333 1299.281207968057 -5391.412354194398 -3660.803995214068 -6919.695070443652 6909.337924452018 914.7250059621674 -6894.561551468663 5693.207000573553 -7192.6486629980245 -8076.5347317973265 -4611.641080726004 4017.8103568815986 -903.3434754273221 4403.809829787868 3809.981538919441 -5493.378575737462 9304.172755729105 2285.7963506898413
-1343.1881873088842 6911.940417455811 3391.978401801345 7217.030896908458 -8396.722990841086 -5333.7381117865125 -2232.464069619331 -5177.3467568525875 -8102.618921201063 247.6751000294371 1842.4245685001497 -4883.104324962795 5160.645592967827 -1107.7270330496121 -8242.141349534726 659.1382944900797 5974.850897636306 -4985.877809430146 -6144.101859337174 -5217.774219783358 -8517.220591176087 939.3876304129735 3691.629570593357 4666.311123522519 -8161.628525987532 9478.813163890449 4852.05249616915 8328.763311749357 7123.59593306583
-1784.087386304711 -259.30460870728166 -2893.1323540798794 -1601.0924775768726 -4087.7952065302115 -4060.2733605666244 5999.194758280999 8929.045601234517 7596.732334966884 5355.618034198962 -7937.9211921319165 -4429.461627848344 -9265.008436201035 -1919.864271817777 982.9931182550408 5107.101197005615 -175.27999021584947 2544.0209745609736 -1391.8389626481148 -64.91447855897422 648.6255624370006 -6394.040487262391 9493.32573878405 6691.209376365456 2770.1356532370337 -7333.974905027842 -1895.5566086036897 869.0688319762212 -9579.797761852085
-9894.438027751345 4787.593554311468 -4049.271832682746 -5529.1932435563585 5179.1571194591415 2474.9732524405244 -7419.165342312706 6020.182766879934 3653.850637018093 -2350.7192659410966 5749.418239830513 -6753.979090037785 6994.146628724589 3016.0307957942005 -749.6670326627864 7364.575524516382 1547.075205866111 9228.814925824554 6304.0033217057735 -4678.539062887621 7746.443290562136 -9077.40381218155 1534.4299303033895 6251.856931716733 2997.865967247986 -1905.45094256003 9494.646202872864 -9091.432999801806 2816.3448447979717
1435.921196798423 1675.586162177795 -9107.931610012414 6910.920847635691 -9934.29357680939 2874.419848449221 -9082.836153184398 -1545.1226341205747 -8456.615667787839 -8257.33549249931 1671.2576877402862 -384.5321775547327 8819.990460515517 5409.828428450413 932.5416406820423 -1290.526621881243 -6413.7607445579615 3020.318004018196 -4828.982739754206 -7945.612353337945 -2315.100444383873 678.8128229927825 7632.08432961757 1397.351836382355 6338.519436985092 215.83466499948372 9541.577663020216 7646.50271213063 7495.8154251812775
-8184.129105949214 2134.9887609591005 8069.422064610742 -887.8737257572266 -8023.3608445897935 1951.585440689054 -8257.11540774197 -4693.59404047212 9592.228564787198 9840.503318213028 8975.905131741045 -9876.328715665184 5211.252852540349 9315.957027846169 6026.365996934908 933.8103380416487 8348.246164238717 -7704.5309326623255 247.45631687054083 -3550.79793368994 -7146.8416998585235 -1994.101334712188 4273.636411308276 4825.4299152192325 787.8838781925115 -1651.0869384220914 2874.687849508522 -8201.37671179616 -9986.761095307973
-2164.124317855747 7971.249585082274 7667.264166657278 1381.6964694270337 9637.40526836917 3743.999423566882 8649.999019519008 -7205.121311995468 5501.493218105465 -4338.611463242266 457.58060641301563 8592.506068521649 4088.936235646239 -6122.309189263544 -7205.4823162116445 375.80293765285387 -6013.319544546139 3388.419432402543 5781.168975143259 7196.463692385583 -8740.943678352236 -1489.4443121964887 -3283.617569141533 5586.516542165851 1855.5203705368658 1767.024743125663 -2767.081327783041 9197.896366042409 1003.63507083273
2600.4791136006297 -2364.8081529867413 -3873.0208191482207 7795.143022130174 6084.104707389959 -7033.6503310796015 503.0787448479896 -2745.8772416899264 -8959.342919634386 4218.045737751037 -4502.366050921023 2240.574303777228 -1317.729767208437 5608.607304882147 1857.4499538177006 -9461.78924484512 -4300.992377131764 -154.73635158126672 9035.601318224082 -3841.7730721289936 -4204.147790555099 9846.019959586905 -1483.2024289316669 7292.173872122075 4250.1855150770225 6253.423111247945 -7378.930979100178 9190.87634194332 -2671.5657495253135
7436.2719062155775 -2240.5750052933017 -6379.797857433027 -9727.047835562224 -4955.498027305327 -1621.763854542689 1081.085200321204 -1824.8443683506084 -1012.3805528708272 -6854.175825093929 9031.170576757933 -6227.724894791382 -311.57528838696635 -2648.073659109593 -1738.7421287340712 -5043.5834527653415 -2075.1286265030003 -2201.86032855781 -3532.612045112651 -2667.216893699733 -967.2675968242474 -2619.9631035520742 7561.799844474001 -1306.2246017170037 -6115.488542113137 -6678.3678845307 -3346.181394604968 257.6589045758865 -6142.645586229832
5378.210401023425 -4883.483658414698 5431.406004061717 -6146.182676333707 2533.5335652611684 -6347.146500691628 524.2125384720493 5759.838198918187 -6254.392576040233 3877.7920798261184 2106.733872383462 -9092.58842917318 5224.4959326293465 -8061.036001605197 183.52914827733184 5072.337561179862 5024.576963331248 -6436.310275248918 -3283.288964203526 4945.588828046728 -3773.8103047863606 7977.69284573344 7295.533289469557 -1156.0304430758224 7872.235377412249 2242.4124283144156 6503.031373610298 4931.908020924007 -1772.3598255294055
7441.668564931566 2462.1840933598087 6106.36175665185 -1402.5344127760236 -1635.8033194438285 557.879724456383 1284.8663118914956 -6838.45300749393 -530.5610888672527 -3585.0736787908536 -9416.631115889424 2248.03464240587 -9620.812451263959 2952.1012203092414 -9764.184843235062 7743.437151232738 -9806.728696490674 7290.6158748543785 2513.3524582774226 -274.9503502083917 3261.970284520059 -2214.7841803207302 -118.45654471277885 -2512.6595279677067 -5246.48270424205 1059.9718207103433 1495.90590417543 5274.147235427476 -8626.829221176333
-1486.7474574136886 -700.191077171201 -595.9885798727373 -8403.020742304741 -8419.764960191831 5159.667301669477 3282.527426541168 9735.537416554307 -948.9123498853405 3761.841067668025 4592.505768274197 4474.02747606294 3228.498387713131 1598.8434148065662 9355.281713366134 -3210.5596288726065 -1523.3679119089793 1456.973917518877 -8966.686200121447 2227.0593829944446 -5907.7530321808445 -9591.909024861214 2647.094410417634 -7519.415343668583 9255.06699581453 -5034.547602426022 5555.014384310252 3311.219516599069 -9255.686540085402
8568.255433492195 5303.054160697398 7389.742699535222 1423.5284455397214 5286.138936123745 -6136.053953567275 -7826.642426643238 -4887.603135237264 3532.114741534415 5691.716841062751 1159.2925127933377 -6718.347154795878 -3896.207189457439 6933.949989407312 2972.529238694382 6915.5365676865695 -4413.261793383221 -9543.48452867029 7099.29765794161 6919.028737965706 -8326.9993554745 9601.08346439341 -9348.226311338953 498.70576516449364 -7377.956414971983 757.6406615079504 -819.686847108138 6710.653531681815 -810.9568511010439
2134.8132587951404 -4716.394695467099 -9596.119481843021 8313.061442802005 -7825.543805408124 -2296.761803124252 -3697.0897265554577 -7139.6638730221575 1954.7865988415779 -1900.1787887253859 -5125.708438841714 -4287.775505004539 7894.92002236886 5763.607340477778 -7689.520190548098 4914.816825982289 3137.810508064611 -4297.730615823228 607.7604184792744 1701.5380612194476 -6978.630900006587 -51.662341627759815 4142.359606697672 -8751.456489533135 -71.67930163431447 5432.269837595599 -8314.135406772644 -1373.5192314853466 -4449.75622272703
-7105.888655087307 -4179.761714326324 7565.043174044251 -4980.4874100668985 -4480.838135958942 -8965.339057828569 -4581.369295399147 2961.531915826725 -2844.864226542667 1668.8624732136977 841.3770867050243 -9086.704634429314 4273.4567398523795 -7646.817827861474 644.2361522538122 -9190.29110064762 -203.5261162636907 3277.4428172505013 7199.233093289029 -6665.288574560844 9883.2983065089 2027.6870293314169 -5823.034869870605 7429.764150540555 5975.8986024205005 -8852.69306687207 -9909.398688362196 -1420.93991478721 -5152.518985615324
7601.723496060182 -9799.26844095131 2818.2834074473085 -538.9923149567185 1283.9628400409383 -1583.0164694130108 3931.5752600420947 -6251.701923331129 -9838.90004672983 -8607.550869589906 -9237.639002823813 -3771.5355319319706 7129.552424881476 7003.013399115964 4741.197046011041 -71.78091094402225 -6525.008254221186 780.8280130205894 3994.3433706766027 -717.1639294863671 -729.6563027777811 319.6973632670397 8273.36193890882 -5373.693325501267 -3493.3070125732193 -9965.918658052002 -7974.312687226553 -9217.547046372723 1300.6333925071194
4859.60463273934 7200.075736251241 7167.585837929204 -9967.142639124928 9237.821959668585 9540.716930470517 352.68076158516305 2894.3082599011923 4468.185994750413 -1927.6129913261266 2488.9321689919816 3511.3678069110647 -2974.2577979755215 2498.9696877330643 -4368.711926589339 -4028.582261714413 471.1156099201162 -7356.78641871671 7640.975250145675 -7500.609397604778 -344.60567895643726 9761.998839080286 -8643.63246821513 -239.88969090704632 -4715.530161460862 -773.4171585143886 4754.417323342401 -3649.119618890837 5253.856882767444
4687.831723377387 -6703.057404372983 4593.761751867076 2656.058838106459 -9355.77440712091 1873.1126261477948 9121.695730240364 -6760.25903736273 -4129.233317815586 -9439.089519532283 6526.043371168129 3380.3282524587667 -3815.983293182375 -184.78121889843715 7707.975333862472 9889.943263386751 -5781.144783821433 -9070.2536545003 1227.41016081626 -9.523436974684955 -6030.986010807893 7638.316346276359 -3969.4120394785214 9927.21458885905 -5697.727813784312 -601.0000658912177 -6334.455787591629 -8491.28717441302 -6197.656621441505
-4184.374578459607 -5723.528745880249 -4918.6003159072025 947.4246983953744 -8644.411703405762 -2822.9181340826262 5021.767598044047 -4028.9868284162567 -1996.1073264384122 -3398.4553207895597 -6021.062829267379 7282.795234902398 4141.428625327493 7714.63086422758 -3758.9743120961793 -8159.947920017749 -5507.92930300976 4844.05750607327 -2338.8260170323756 -7549.447990507619 -8598.90350715982 -4391.2722216273205 7102.01179966105 -8328.834542190321 -3452.87473834148 -809.5021043372453 -4261.5657512756425 -1775.309828058149 18.94428697719195
-5312.021579638366 6109.806233117679 4173.045375922928 8984.599139487793 -6206.362137156453 -9577.739075816731 1236.000564138898 6130.227412301225 54.688260514225476 -5708.643763739569 4125.607741822178 -6450.73285204353 3522.2808482302007 8179.739631694763 1445.4094237484278 -3046.6283988160776 7012.394477575417 -868.5036350384307 1896.4753632832071 -4682.5131736877765 -2974.9249257044767 8057.255691825529 6498.809153280177 360.09108451694556 2766.0060392713185 9496.471249157588 -6543.436841370627 8059.971520199033 -8902.56924696461
4955.005961542867 5752.35864418956 -7229.900040186719 -9113.99509722603 3146.499562778463 2031.0973776677984 9193.139650377441 -7584.7978495987345 5752.755852203021 2322.410187229125 -866.683284736815 4217.298264317764 -8153.919504115263 2700.26540317909 4659.836985859118 5560.76927016586 5579.606581192989 -4336.727191684713 -9720.397884949023 -7395.1944242971695 -9783.741964959432 -3038.042768559845 1374.099814769339 6284.076903305362 2999.3307203655695 -2727.6128776160967 4095.040877382551 -8340.682245664151 -2030.5437699888998
8933.805984352774 -3567.1076682984367 -3249.6710965075335 9933.393697118398 -6018.989099084953 332.0298665225837 6121.866428417023 2459.616512915278 -9905.08106367642 -7888.289435206335 6345.081207392297 1458.3144634630044 -1266.3094629346015 1039.688499790751 3897.1689605418433 -5281.808604338252 5962.357124274209 -2277.9090170086656 5372.061052596127 6007.882204011479 8211.467359597358 -4998.823594745929 325.5047126767786 -7464.093091184174 -7565.073129213609 2467.413176151409 -5385.739591590328 -7948.4865024473565 7509.212292340209
-3247.6654781546204 -3847.180014720484 2586.9626759521598 1929.971077005799 2165.5313930583307 6018.202944586374 -4183.478445012414 8163.652769437365 8120.864113134572 7250.535507302153 -6185.327752401113 -5186.813103694019 302.575539010144 4120.532321012122 4568.237092015135 7099.695280112734 7877.92799405917 -3824.553260355221 935.1077493850171 -5165.580252216484 1770.6066230904908 -8874.43288116088 8604.863861948656 3350.2792541933777 -6838.545727492023 5967.68913736486 5968.701433336713 -8409.401580075997 1281.7404869195452
-7539.1553063008305 7918.226598738696 4028.2524227475496 -7996.984590365486 -8667.031053602528 -3262.6646537538663 -9280.930526698323 9918.974439547736 963.163559133005 -6888.311926944272 9446.451703211362 -8784.225190050278 -3538.0497615242575 6750.819931501923 6820.601373868307 6383.719418808923 -6926.005363463494 -7349.428714896858 4521.181037129332 9014.828007958222 8879.351595362321 1207.3037559195927 1504.5751269851844 5002.712732853601 8936.14470503648 -8275.013472145227 -3208.913442898216 -1792.6580776631163 1842.0929640559443
-3008.948734997345 -2014.3133538555303 -3732.0248601420117 -6444.482217724081 -9517.820452254784 -304.4754247200872 -7035.331131807927 8729.247106567469 -6603.378609251911 495.2814604900541 8749.00921431031 -2751.536699910411 -56.01410038278482 -4812.645417970338 -7786.9760040892925 3895.1298447654244 -3179.2462205390493 9888.917600533288 -6677.862149428896 4784.227085734763 -4634.5410919521 -7648.8938828220125 9160.005764428479 9657.084671657642 3846.6546859500486 5203.623857710843 9292.258459460903 6787.856483397074 -516.2392218663481
-1792.8430719638309 -4290.006516591034 -3477.0918277088576 -3527.1683955377384 9355.731044931847 -5889.039422793072 37.588798008882804 -9473.24627809989 -1659.5916557934088 -9690.166539591533 3401.5844183469526 4087.5781426309877 -5038.066775528878 -4060.2372018313736 -4848.537859839799 7108.446665175052 5942.890550485645 943.0184040872409 3552.1340258464625 2718.3446628086895 -9236.319926295364 -4508.825478003824 -8396.528195049348 8987.796501143624 5071.059941493893 9811.213219337013 7956.554910835999 -6113.347529530478 -7434.502323423159
5931.760909986244 -9582.694803329297 -538.2709157054705 5027.565450092019 -5967.704285452611 -8664.976920189216 2718.29583096629 -9195.580461711328 1755.5017786976587 3360.17733964119 -8149.646176821776 6715.711406054095 6633.560908798667 -1174.3355215784031 -9347.405547905377 5345.0015590739495 9477.45786562211 -1625.962259521708 8720.54054976601 -5771.350300069884 5616.162160932037 8791.661028257586 332.40995151420793 1566.7110152100922 3119.165053300914 -3385.175525364919 5268.366644455296 -6256.66372018542 -6033.023752252233
-6031.919894048991 1509.4899272530856 -6605.071162204897 6774.622947849937 6990.113686792891 -1344.7579118414615 -5325.227323767332 -7908.622461968644 -4748.073730371168 -5200.105497588596 7281.348257433543 2392.293652028171 -887.6864022390037 2623.1525989358524 2783.998920073298 -5908.044810971587 -4377.753782202541 -2719.3333723531614 -6882.879852483179 -8236.358470022986 7309.570454749592 -8797.641292917457 1731.8537535135256 9678.261612704362 -3370.5969839521613 9979.061857920366 -7549.540588566004 -2605.498821160557 4550.061454509951
6622.084862844942 9688.012098392875 1032.648866331272 1347.3770196361384 -3995.136322699029 8749.421133451906 390.74252967627035 6188.752868867257 9324.448865512197 -1365.9890085966108 -3790.0049385271113 -2057.163679901477 -1279.1854402814024 -5005.947353364187 -4702.6380073621785 -6056.56253015808 616.8280161754356 -2559.270368776308 2203.7428147825594 4954.047403658818 -2519.7171081828865 -4754.172548359932 -1056.6453443789906 7567.469858477281 -7305.111762354443 2684.808679384343 3373.960772356004 289.3804584862228 9177.49828805916
-5683.782257016114 -1406.943489941572 -3607.2621259591324 6819.952435611849 4944.563018370929 -6647.641768982382 -3665.5806466614968 8562.55392850197 -7751.742494690883 6745.874787636738 -8598.06843782198 36.178495236537856 -1846.3632344234893 8364.650874175466 -6026.273992202547 -3064.967802867238 -1220.9362057667386 -8639.768204442207 5387.711637979413 5548.209725284694 1251.2592524389147 -1560.8915927460912 2252.012492505235 6274.254506715204 7723.225044295235 2234.4327161520614 -6072.5990646474875 -8277.087718156798 -9836.227799857927
-3130.862379539989 3334.1110535700627 -6163.889347112039 1996.8138865834844 -4584.302269961653 7233.3898193711175 -8716.364766166667 2785.193139940682 -2060.1179486151295 6235.0596007863915 -5081.200958875252 7023.277350270426 6482.4814548553295 -5937.993939279955 -2918.495122410991 -8878.049788236032 8950.886530259377 6496.120551986176 9714.921145388693 3765.9233222076673 2315.840113931321 -9521.794627312162 9712.390431625408 -7353.644756664821 3838.7530196853877 -2161.080613614812 6020.808934998295 221.01141679339344 -7221.7522184905865
-6182.97072720653 8667.883586466887 -8314.33709089362 -5914.171505606975 -2563.2211503214485 -6294.822673684168 -6299.205489664917 6394.855476049241 8226.318234537132 841.2269013293298 -5573.993228767525 2336.7962052210187 -7682.621186179818 -5132.021136507281 -12.657183626502956 -587.7011064999879 7340.088676068419 -5544.189795882028 -8884.5856779119 5111.283467124533 -5133.305989431978 7153.2464407105435 -2522.417738843401 -8233.792597676022 1321.1394391648555 9226.620420032337 -1834.9087577000419 3879.7982789277667 4849.731238607081
4515.017062972509 125.98772188941803 5926.362423312368 -4857.490850161022 1643.9507158870547 230.0877232591538 6468.444675510473 3956.816882301864 8009.255426394644 -8197.332281506486 -4708.412067409473 2341.426839223912 -6921.248188015077 5516.636696644991 1164.546395065223 96.81888526717557 -6927.246146339095 3766.550171152232 9529.276752643025 5145.315517842619 -7018.7947659306665 -3087.0250252724472 -2416.232906997391 3365.2444299604686 -8259.106860985741 -3320.5806424561742 -2115.398531284778 7802.660271693647 -4139.877739466853
-428.34893529715555 5111.0548401254055 7819.206102102191 861.3940623912586 2661.857331334755 618.5483578000712 4574.121025945704 9520.20013382076 -9963.69377585983 -8108.4408582897295 -6966.3476190043475 886.7259219565822 -3072.612249608873 -9947.165699091693 -9581.72517352193 1551.534544885104 5405.099485176461 6122.390902899058 7303.345904437156 890.82036984968 5157.566073334807 6276.357947031282 2126.3558081503215 278.8009937239058 -6609.978701695476 -9872.981649557338 3366.7385581154667 5496.546170840469 -9713.026076393844
-3353.425806179249 6063.837039706006 2012.4559162072692 -8788.15315603142 8487.97171703872 2193.0099426466168 -2999.4872097970538 -2689.726366748535 6066.010257162228 1895.7309720820795 -3726.6959570147646 3513.9298721125288 -9046.005107748464 -5116.506989755847 -4480.682504813327 -432.1496179585629 8032.0196915080705 1598.1066294915145 -2953.5265637625807 -7984.030168454617 -3319.5656742910096 2574.8632928251864 -6202.578781233583 1618.0750833138754 5649.024698186564 -7338.460143150989 1698.354960336661 -2328.0469721538984 -7895.070886662758
-9927.258601722588 7548.39251494316 -6077.312909401338 -8146.241838403712 8031.957314631949 5210.055618465032 -3092.7694435525236 715.2528332214279 -2856.925422380994 8144.871288597085 432.01651837511963 -6992.298071533476 -153.40911191508349 -4290.191903921048 7991.40902324269 414.9279071308338 -9289.096156761569 3629.0117818787967 -3872.5200975103853 4342.832278368574 -751.1502414425013 3321.1562604755145 813.9050883464679 -7186.144835723382 -470.6340325229721 5774.784429489413 -132.68577234326585 -9798.62386840574 8969.216403137052
7460.029955587441 7490.679868554329 -8734.04899108046 833.1320973137063 8413.481129257201 1094.0546207796106 1437.341935451077 -9508.726868065103 -7820.383778206526 -1631.3009219387259 -6231.577125781419 -3651.694790861912 9331.747975408663 -9049.826097153837 631.0899590761674 -663.2101001671472 552.9966189847819 7931.315543907687 -6462.354756213153 -1359.6713426717397 7978.741523272391 7196.201986324668 -5154.064209397933 3441.20406811925 9961.24349364144 -9702.78514019538 7790.383672751806 -7522.837734264181 -4665.439200948896
-577.4134398067235 8762.507669901868 -2401.482825072363 1869.5387248324623 -5993.2835804263295 9784.894911596275 4651.010470627334 -7900.365024353718 7946.809243546959 -29.261032205185984 -585.2247536547693 9444.346351912773 5362.370964730955 9590.689717441597 -2955.838734998384 -159.58914514559547 7238.096190001983 -6719.3213043139895 4971.524496952339 5469.342968274399 -6544.943063593484 6492.75871633134 -4846.729952333908 -3582.299403029814 -2115.7970475739194 -9741.654025708853 1854.4710116771366 6114.9961917483815 -3203.2765825005918
5758.545460179361 5297.763802581525 -8826.080838171212 7334.436549997965 -504.1691875459419 5647.867748738217 1001.1731949546174 5931.360141668538 -8936.22238017289 2061.014942459069 -1655.7185275383745 739.8441122273725 1073.9506834858112 -4908.643907926298 9064.93846091877 -70.75545851631614 -9978.221728153983 8253.479413019231 -1562.3791168990483 -8433.968931705589 -3926.0384618112257 2160.2174981241333 -232.16196066757402 3249.149440769692 1375.0077666520501 -9502.567266551134 9885.94079385629 -2898.3792360551215 -9865.107267099078
-3058.193950812185 -2597.4802779886486 3826.477824543881 3431.2622635625175 3687.858991051089 -816.2644565180235 7670.210828968346 85.51488220093961 -9093.818617515166 1873.020685805217 -8999.777221718741 9824.47229112083 6725.627063960073 9123.597768505355 361.96897104673735 -2195.539972943814 -6658.154220645425 9252.88681867771 -1145.0498069157275 3929.876973814875 950.9298894726362 7043.791298586511 4395.765180889692 4116.098791307002 -7891.776623097408 3353.362586220077 9738.306323433764 -640.0474584211097 6227.512686294107
-4050.58650877093 1965.0807913874705 -4397.87750799189 -210.85711496047406 -3148.0987007121475 4274.140573804734 -2059.2011373745463 82.90159153340028 -5903.284771367723 -940.5105497836703 -167.1196452871718 -5677.451264152637 6477.755128903515 9803.173373146445 -2874.477644986504 8201.532360658988 -3480.1046702026924 -4539.170218599664 -7287.857193027383 9940.95601296554 1373.7357837422132 50.90466011101125 8569.114826170848 7456.261122900491 4782.379008407683 252.9820456655816 7195.460378918822 -1197.7520155602851 5850.450390583408
-8996.786041922003 252.42312377360395 -9341.529856960342 3016.691973208297 -8368.216587317334 -7338.546720065122 5636.917850227832 7171.7114751646695 5738.5762860475625 9839.487005484727 1407.713222528715 4313.960047847497 -9648.80868510005 -4587.9540983802535 -4599.594160238636 7924.227265322737 7078.9383159537065 4301.603685573089 -3679.4427932916005 -6182.427298760009 2729.7214911317315 3247.197628616348 -152.65033080393187 6200.408358538485 8335.723902972564 -9178.133291719176 9514.359053952514 9121.430253983548 8173.659025713634
-3406.96024137983 -1449.1786819809877 3012.308749270882 5595.031617464574 -3415.279078424762 3436.847740604124 2806.7870028063953 3306.586688732965 -6244.569422301918 -9282.481502367116 2852.174852955137 -1067.17189670062 8352.089981567242 -4545.703482673682 7378.46388219903 -1817.6580479463973 -7354.606760518127 4211.938769255241 9790.481642605708 -2762.5594851494207 -2434.0543722407347 3569.2176103363563 -2694.8162792937483 6309.791248896156 2630.2470022108846 -7655.31658548206 -9103.276728852603 2565.974597577084 -9052.441764591824
-1902.8211960283834 -5675.9604559940335 -4713.517294977379 -987.708515996359 8673.39139650901 -4389.0291101102985 -3901.9637458209936 -6403.743984045178 1539.2228133282533 7127.023955547251 6799.391702736466 -1559.5576805882647 8974.934691478367 -5740.804526267784 7948.325045620546 -7147.433839962194 1438.3504194436318 -8291.652615812975 -1070.0306050330237 -5944.430138266077 1718.108871976554 7128.488094585875 -5927.016468869553 1961.0234458209834 -6845.367762872039 4969.868573487218 -8595.347332351286 1680.6877576098068 -6832.9781175495245
-5988.538458773635 3480.267385228686 -6998.020963795851 -4847.894226468606 -7216.930040050158 -3135.6407455802437 4832.311532954709 -2706.155364050668 8329.7360436952 646.1178541879726 6556.324481213011 -4206.330203786879 1021.5818470421073 -7752.2370426242105 8762.174096814368 7780.345144547675 -3129.866680371929 9435.843865579296 5629.440271487938 4253.685814034849 -6850.391669718341 1868.6021571074689 7764.512858021029 -4944.91038151186 -5385.776378968508 5737.707034339157 1800.560344736581 -8183.467618928157 8946.37869365696
-9459.802155137786 -5986.0338547223255 -6398.5877367393205 5966.597091934869 3384.494238232328 9819.888465563967 -851.9595872003993 6388.599814012909 200.8708283433807 -7775.201445686846 2107.0629855970983 686.1428992054862 664.8896915302084 990.4177488357618 -9369.274964625178 4659.007121979706 2811.914669792399 -5012.640192537167 3494.392094637491 822.3984487095331 3787.635570315495 -3050.1025795916266 -1347.6767920169696 8653.27594120043 -1863.0830600773133 -1199.8863593782753 2706.850926102292 9815.85088405021 7965.464722524066
-6061.867786851721 9547.240568760939 1329.2489881657802 -4669.664838373591 -2578.6332532118813 -2131.7666753608864 5470.680981126867 -9128.251675742209 8025.892147193725 6561.452843238374 -6263.688382396993 -348.6211539586275 -1316.5589482302894 -8849.59757301789 1285.7584807476542 3897.2213782740237 3702.1023969642283 704.879694843481 34.4036363115265 -1418.7990181819132 -6668.098373445421 4571.71872538071 -6970.388962960698 6957.233843621711 -8962.799794377377 9516.9001352833 7291.221476772214 -6795.60256219383 1919.1368015625612
-1253.8226425061148 3648.6248745795474 -7170.321910455661 6874.150634962163 -2313.946495485521 -3054.879938930788 8451.8556097014 -3625.3493837433725 -7525.449169792702 -6418.587718066197 5370.279113143242 7656.601659938566 1895.8846926992865 2707.344615717586 3592.7375045672143 7402.750157542454 2417.0236776656147 -2645.5946239377436 -8826.572399568204 -4882.713180987735 -1099.3411952222104 -5842.975373484487 5559.0068061405345 -1832.0937354694734 -8418.327588008084 6745.359168277002 -6257.120184184817 -6071.733467278544 1976.9905103800793
-8758.131158651868 -7546.283952451833 3273.821581798864 2203.1115271018753 -5166.328984262856 8909.76101540689 5661.619973759778 4318.258419888849 -2992.9810718123063 -5716.323803629431 -6632.087209704981 -3124.7261764701143 -1126.775788958923 2991.5563296428772 -425.261849469749 -5922.143592433322 -8304.661282846417 9150.017747564907 -541.8964867553059 3913.54136280085 -6930.284488793963 8077.623302176766 9180.450167792878 6563.522106839915 7846.299930187903 2583.589946976528 -1893.86881664475 -917.9352376258976 3574.408873850505
8831.357717554747 -5695.026331801072 5234.244188126007 -4515.747100439588 3296.4576888723786 7010.451387488829 736.2634152396768 8915.280351388876 4884.77336801727 -7458.940514614021 9370.458525751037 -9989.526622242907 170.4979669909626 2353.95338434101 281.3984153104211 -2466.565808076748 -5004.050574256819 -2441.6057635088873 1703.745953486783 -6841.680345203651 -4292.569882902269 6366.625180126959 -1055.9463426846742 4658.8941453489515 -8637.775998503861 -8370.427699982445 5156.234469470446 3868.4671034143394 9625.902771228808
-321.6452557326247 1584.1966481581967 -5727.750080694962 842.4913455260557 -9035.426270940106 4832.768291941486 -1195.4502311175238 7744.548940862969 4989.184777076858 -7529.14069899677 -5417.853906082109 -5482.702637475849 6418.975383482088 1834.8808084814136 1426.8680759328781 -7913.2943232532125 7304.915996010943 4591.415028532703 -6687.910798053888 -9836.460139245413 -4739.719543053724 8664.775907186118 -5467.8940238564255 4378.475898172583 -8038.792599011131 9574.676148580915 -1967.154396198076 4537.457869633685 4782.927007600634
-8643.070611160614 -9392.586544949074 8224.67539296873 -8915.389362074873 1350.7302512735514 -1859.857505107936 6542.974313800725 8406.944085037554 905.3601002645901 -4743.974583855248 -1158.7060428816003 997.5964470974159 4535.110358462021 -6761.287744368938 -3906.7965307386585 -8142.546625345933 2326.013879331811 5904.460709903247 -2136.9864079624604 8586.476843787408 4489.550478441553 4595.273969604961 -1202.8098771404857 -1648.875707848054 6417.265502420287 6756.687391840798 5692.108846080815 -4753.36020834092 -4069.5360897845603
-1976.7111623442397 -5164.728416273228 3238.3914482495475 -4028.9315569221353 -9328.196014307841 -6603.212345479877 4494.2974894152085 9619.487620552827 3088.2023994411084 -1974.5795527435494 -6564.745842769126 -1317.6983460222127 -9371.201386775834 2252.4104284872683 -8407.753989633713 -4414.33875668515 -5718.668274456464 4708.333208254922 -6908.044498687232 2631.6319776893415 1609.3220844317239 -3658.4897240881673 -3964.6741902877184 -1098.9484649773294 9934.507994992968 1110.249040358809 9459.786127607807 -44.41421365641327 2773.3433846525204
4535.629324544554 -419.82772309077154 4720.779108476538 -1707.5389101854325 -2590.226807721381 1736.5855944558043 -6747.205658336961 3499.7087902714866 -6835.030020214139 -4153.278532828779 -944.2961807775646 141.0922257556249 -9148.829486202912 -5298.920997775489 4677.179028710392 4048.439776199859 2745.267295273952 7861.468815525146 -6482.36237327356 1444.8906438368886 9278.074939955306 1145.2896071566192 7972.258597775341 -7110.244457603412 -463.66987877805695 -1881.395264565902 9263.579843868487 4126.115399326949 -5984.892152848917
2506.8728733043645 -2492.4254434270824 -4211.644352970072 -7391.675350497635 6421.204129928847 3400.7751088057958 5347.449222100358 -2282.044123225104 1530.1827409092366 -4971.580253725907 -9076.304280717897 3793.421571737759 6149.084978326067 1842.8777989873288 -3007.2788634798408 399.4478596684239 -1351.6128711016572 -2430.8554831903375 -3047.069003088872 -7632.822640087984 -8054.809076806222 -2898.3906493441336 4184.795774175853 886.4998966308995 -800.9079349884323 2981.7164356941303 5704.290852667988 -5864.084958196411 3161.057728839727
6085.199735175505 -3470.384053587838 -9506.198819783973 3835.0937680562874 9154.503543739866 8035.593789755949 6595.354289588908 1019.9932086548597 -8028.577971862823 9.589192637620727 9464.959891576822 -1637.7545246305363 -6026.327316560524 7226.98467380886 3749.8210726863636 -2874.14307243397 8665.621481271923 -1642.9881248579222 -9888.380606589571 -7357.686787201372 3418.7704539081733 -1897.5968787747988 -2629.32516914373 -8112.421240751981 -340.70477234529426 -7419.661882009627 -6173.757317679713 -4246.35465374483 -2834.312038496987
-714.7150573222134 6204.27195717856 730.0546549196843 -1662.7802662191189 -3120.8412345380784 -2514.345791465422 -1440.2775237027472 -8929.339292829281 2221.8994974465404 2653.9118346651685 -4460.494281549539 9836.929871731638 3861.9521566511103 -5069.333910065148 5763.849059233458 811.1759306626664 3371.250663519768 -3407.9408780477106 -1037.312201005274 -9539.355371504142 2978.077830348162 3554.0463511157686 -6458.327763733884 9171.46230102356 9404.208173749692 4327.340638427453 -1371.0369086727405 -7220.33054293038 -2869.12917515326
4712.516798074956 2684.874687307434 9526.874716361886 2575.317645361103 -6211.404809684338 1427.671817189579 -2547.913729574898 -3698.486961755587 -849.0681496064572 -3650.8591061502775 5138.10304362629 -2603.8682760410147 -9737.343546006849 9434.144782015403 -2576.3086665761703 -7306.125342326826 -7141.022985441215 5792.488596502664 7765.598412408941 1977.8917952837292 2692.9008963602737 9397.143859984957 1108.6172493798058 1889.1476191213806 -6112.94783520917 3240.282287245651 -7554.141197369259 3604.0730099417415 -6160.2594505930665
-6532.952734122815 -2926.210954616182 -583.9826398398618 -3672.744486611372 -1138.9999813684499 4996.652504767431 808.2808139333229 5278.982407885431 -7666.030131897627 -9295.045992979678 -511.6716577403022 -102.16281480544603 -1765.9595345559756 -2967.3431881999713 -9918.506551758002 -1703.4119215624632 1331.213895764433 6860.650442235037 -4917.658860777044 -591.2835491825645 -633.6492879166271 426.67449856886014 -5997.790554852589 -6688.359480831296 -218.15462050889437 5507.727907958364 3743.30263727035 1586.1826873622795 9439.555103158105
1364.3617756997555 -4637.823686306479 -4247.463315951268 1078.1335559922736 9073.401961388288 -7474.191747145094 -5046.060944491424 -4188.836800117073 -3718.598145887755 -76.27854183580894 -9819.902486482459 1861.608324394705 3764.515882401298 -1671.8672075152426 -7721.102449719781 3514.0956956473274 7010.420213250425 -4955.472101441387 -6152.342144755632 -1210.9004450404154 299.5257686112036 7785.219922047065 5509.561866430959 -3389.8557112187164 -3771.2591631464657 -3342.5321625489305 -569.2411455360725 8525.552680078676 -1746.6850657105897
1163.0712149172923 -2692.072140847373 1310.5554594042696 4711.899339442822 2239.1504213080807 -4624.360325513126 -1994.6855355459456 -2234.9852647768857 8774.737719660861 -3268.726763459844 3138.005562326065 2505.7710081759014 -5076.666429242009 8825.624673236052 1701.2482075510252 6659.403012405837 1064.5417972083487 -6465.632878664592 -4658.688664032597 -4853.351105238679 -7830.334844846103 9072.727111555276 4396.688273732474 -8961.742041723352 -232.83798053411556 -4191.676940195283 1386.4578064067282 1043.6375257490527 -9755.630403862566
-9228.91627011625 -8544.71551581381 8651.655782270322 -2989.3330463089596 -349.0164213324624 2793.6672146994915 -89.0420959319199 -5294.9505506221485 4715.850364134929 -8485.696180953424 1420.4918346560808 1734.7345418744535 -5475.6324046560585 -1241.3515427858329 989.768329886163 62.554116469988 -2317.41711564206 2120.721548146672 -5872.0739593252965 2435.0391838883297 3969.9501434437116 -9077.795877208257 146.77118302165218 1166.033708397179 -4319.720457945442 8977.351224309972 -1932.4401890573736 9699.352255098216 -1096.8482546741616
-9735.29187108164 -9651.263980969285 5090.887010074859 4636.93562555037 1575.4608431818888 -3248.7293775230164 4231.48988705163 1956.3601165635118 -9265.304417010062 -1582.6903319329413 -6786.584252969165 -4272.378671568246 -2344.4807983871115 -2449.1941991923813 -7555.608508392257 -4155.944729110736 -6440.8946428521485 2514.3817269097053 1779.0660977306106 -9588.05463652821 -2174.6796499254706 -1725.9488279546422 -4983.659745403795 2032.9900259333517 2905.582814276686 8959.491578619305 45.73735501279407 -6452.6734464968085 7990.929827372096
-2578.51862211115 58.89127745852602 6671.839179118855 8524.933223507789 3959.7793632737485 3551.831608842471 -2057.989832660556 -1981.8574204233182 -7463.059422521698 319.32350661908276 -9452.966373144007 -9076.982475017227 -406.400716191376 -9342.70469326229 -7043.0567663514075 7757.609351280873 -9211.182959000638 -8058.224698081584 -9679.86617855078 7621.998437185157 2413.218031959799 4628.500367053279 -3088.7873172694854 2029.0825952302512 -2020.100938334659 2922.1938177653083 -3882.422881765333 7339.933460238375 -5725.391619398974
5104.419168901857 -8136.2512579448685 230.36235638258586 -6529.735691312715 8506.161002201818 -8634.16784286363 -3867.951411100932 -8259.853981860942 5849.007265115764 3746.5188617888907 -2133.276466431189 -9091.689561055018 9981.663516179411 4914.769716566854 -623.3633104373657 9035.513958102696 -7163.251278504284 8510.48173995908 -7246.375507072345 3229.0374558701333 -7953.896190116209 7983.704874329385 6094.732496322467 9424.113906562205 9859.968642308093 -264.55949884928305 2740.0893879173727 -9212.177434217234 -8433.033975406139
2800.0409103748752 7810.615261098825 -8589.709810662864 -5703.532946131531 9563.494361424142 411.041372075475 3035.199858410051 7520.156718686016 -8794.998405706598 9016.59228728493 -2401.6395288582326 8835.831283077565 -9623.043377426013 7625.930752725224 -5406.294384862434 -8888.397542348242 -3068.810106397428 -4390.843343164066 -2630.2855439632885 -442.9526539875387 3836.8879090412593 8991.294024226725 -9112.445141968694 -6826.597703712352 2102.2984811404276 1714.140502877428 9089.105323433967 9603.66250576326 -2790.671663127542
-5074.513884855458 -2844.489920386428 2244.6142096153835 3268.1716996755513 -6428.4648893634985 2424.9324066961854 6252.542396995068 9075.715637210214 -2505.894651157938 -9484.880933848128 -4134.280710009534 -7679.469235529344 -356.6535981269917 4873.334236387911 8786.122368116208 -273.024280061838 9222.847312635055 2646.2559590768324 -4625.926044943091 -5154.714717243274 -6429.196109831585 -2385.4297858885157 -5168.6929787234485 2037.2979185689182 5772.591708931866 -7058.317237962304 -998.9118963745332 5271.17027929707 1417.5473908141557
3059.940807166453 -6781.002142005641 -4683.324393643329 -814.3929407404157 -8488.693976995763 8401.592113982919 -9003.619931305217 -8053.554968221834 5683.60091353495 4076.725957497958 7644.852164453572 8266.38505928612 276.9309398632158 -2199.46109597591 8704.3503460676 3630.7191401834825 2108.684777857092 -790.6074785210621 -4795.373368327584 -5947.751437110757 -5115.738862252994 4279.371601888768 7600.653630512312 582.700460596734 -3938.044257266284 7960.217095498407 -3042.310693920771 5165.580971203539 6854.615850614417
-3283.63110612168 8739.612642498836 1508.312821805508 -6865.144823652454 -7709.978456767345 9357.744417254205 -7952.668618365204 5884.438401853273 -8370.14691913894 3143.9402167706885 -2599.8431959774334 1006.8248699047781 -5766.297176505657 -6088.760798887764 -697.5358624990131 -8746.110752230596 -1181.9772217906993 4049.934404654816 5640.172381552673 4188.798183006154 7081.547258033959 -7654.764684587003 -1320.6292583147915 1548.9976810927346 -3202.3670266379113 8636.651852825533 -9152.98225786423 -5594.139925517008 -9508.542078851278
588.1005744538052 -42.89986972580482 -2785.051262706642 3090.10228611188 -5247.488371929101 9621.361502793425 3170.395376993547 -8568.714038656915 -6399.087779402262 7759.29793846672 -1546.6804410711247 -8212.76327728767 9852.723761353089 -2241.009391460282 -4061.6311040638857 2132.844948008851 -7047.6391828867245 8277.799274004512 -6310.855185173681 9504.13224148651 4093.9470562041242 -4689.604826066429 -3421.2117728276835 -1660.713697605399 -6441.184634425081 -9659.399482356408 2798.9945500513168 -2219.048661062099 -3724.5229422439934
8381.773983494306 -7651.1284028301725 -760.3112623020297 -1291.4500783968979 3111.805282615851 2854.365773372014 -1481.4936341274515 -2902.3540220608756 817.8971832874377 -2368.4989169745377 3612.7669112614403 8589.866473189119 -2149.1874113554795 -8331.849859710645 1578.6176372882182 -2654.429440161696 -5037.673956941109 6425.020731274115 -9675.551232966012 -2681.4185176964793 -2370.0741595251975 4368.403768754553 -1958.3475052341219 -9603.992096011305 -7889.871531363775 8031.6851209691085 -5653.990877959607 -6948.630643120677 -1069.4715274178816
-5009.105451596521 -3033.2168403028745 7143.537221189301 4993.6238051717555 -5787.303465448279 -7447.798787479776 6701.731265055576 1634.6118715453304 -5566.920870990528 7004.812672844888 2018.534247632313 -2784.5208856368763 9090.941405496713 1149.4172459622478 8731.876927805755 -4516.496183290519 -3989.3971330777567 -688.9772432190312 4618.3953543924345 330.49174785318064 -5243.32976917301 -3543.9881835193173 -185.19812428876867 -610.4659270264783 6583.1957126527595 5108.960516491992 2325.7933663797467 -8979.812377040751 -9893.19870029622
5468.3108893882945 -8848.33855770055 6832.848219870004 7231.068064420779 -5022.928303884506 -989.7339534759394 8231.99334195719 6797.337923297724 -1044.4598797592316 7022.458255720747 -3733.8283166545634 -8803.977049809688 3396.4986747454514 -9034.745316832928 5894.603830025751 -3838.2948255753035 -2243.3853662116608 5873.468783882827 -2683.0944233714235 -4342.913352649356 -8772.563003364761 6615.766820371911 -6807.490595548648 -1498.530142958296 -4311.495424018128 3625.6111696004646 4643.0919662131 -1341.1668002637016 -2538.5936979542703
-4402.703971310558 -2132.2956081404645 8667.33699977782 7388.085253031586 3529.5107790303045 5173.326261984568 4350.582310685162 1881.5365073579142 -6828.878438201533 -2250.9372025777448 -3553.5720103944786 -966.50261186223 -7186.027650280808 1603.811709333122 -4426.735031684406 3859.9950850021596 -2551.0616233516184 -9618.169067054523 -7341.887807929872 -5577.603131265168 -7303.578144238889 5708.524311503696 -5186.875098056223 -4044.2665806314417 -3553.392738737093 5833.227225394481 1488.4613530406368 2773.462049810989 -9693.46252166463
-6877.241891150594 -6501.180472437336 2702.029235243468 -8939.33654273112 6779.739860849953 -306.5228282336011 5158.6827857761 2139.284068249306 5002.548451651332 7972.504505113899 -9672.152624733964 -2258.3184762665805 9482.197270218421 -3598.424837570553 400.7624554779741 2287.8682654615077 -22.086880006883803 -3545.6713113334163 1348.1391573980563 4116.515975499475 638.1995632137259 5770.057027495644 9499.274091352541 -3267.1902221431974 8519.182016654358 501.0919670594394 -933.1780243050489 -5209.611263317699 -6186.7616698701
808.9278577877794 -4328.9872598266065 -7056.425993241659 -5188.729632223326 -6912.598335473447 3573.0371534851784 -2382.8607691026664 999.8849408780043 -1527.1670054476253 5722.124208433974 -201.3316065435065 5113.074714855051 -8992.755244403681 683.5428088383251 -187.824575072058 -3553.7388771661035 8008.880007744905 7946.678465352754 4759.3649965933255 -249.20154741411716 -5274.195535868192 4754.444226410593 7759.735728993648 -6057.415766416021 -1686.9314366848266 5126.010714936454 8687.42557344089 -3825.695592946756 -1009.8725800750508
2960.750519605388 -9387.758224818946 -686.6678772665182 3568.7414257612018 -6108.604679501595 -9604.8722079305 194.41198204324246 -284.18083317513083 307.65370132330463 -7127.257149528654 3662.275881906671 5919.935257849716 -1179.269591491371 5574.91455462595 -2014.383495516303 -1908.0700608095967 4276.166542802315 3490.2983538164153 -9897.495118729032 7412.187560286071 4048.8871443951666 4412.062898082035 19.24996218099841 1967.9334454638756 8711.928652768816 1314.2630398973142 8458.606664154293 1293.8367619196451 8915.618534804045
2306.6213653692575 6996.611302571408 189.86193932518654 234.64348214584606 2027.3235705788811 6305.72112666706 -6202.054940436816 -2825.6650961806117 -7248.925261157519 7646.826060196465 6728.796240001142 -8775.731820187399 -579.7896983627306 -2040.3507128432157 346.1349874103471 -5316.553941747013 6152.541362210544 4731.79261682072 -7358.454205297296 -5861.211516633273 342.6926991439468 5772.293893571521 -3351.903081540735 6361.1056656027085 -8334.762475200187 1405.807714986866 -4691.631586555649 -7316.0372348274705 774.5783346063708
5363.056108108776 -5071.462867741711 -4624.573397320897 -1794.4965135039092 7951.536733865585 -2181.0729569435043 -1844.838353508453 -8710.449345057656 9132.953998955476 640.4754344695048 -6062.153906551424 -2134.3889501417943 5489.296152230352 3514.6339082616814 -5109.407725969024 -7035.034893523129 5396.593406647344 8381.41393659772 -5364.023396798634 -5309.226277989016 7106.325973858915 7728.452697194869 4964.115616384561 -3898.340693321654 -4013.42747452031 7081.552437625385 1493.0018894266614 -4299.515838339765 -9307.77197463754
1 29
-3111.1561468807295 5275.465667785471 7346.342069885577 733.0460228263473 -193.73341097946832 4816.491411736459 7158.604983687597 -6229.905116466876 -7206.056880027929 -806.1300794944946 -2407.1691557420745 9245.015087671163 -8744.836680309518 4696.381809817201 -725.9664978236742 2182.4518663931267 -4846.130030772413 -33.943506682511725 -9572.078844947077 9921.158117077543 -289.9167746898893 -5967.761676338079 6075.734959499812 -2213.675293046007 4435.703332470237 5266.385342908798 -6845.453234014374 4458.829305550493 -8661.855732457014
