96 10
-3791.5694965257862 8714.953020281348 -4474.604704424534 8833.142266181916 -2003.2538613352835 -7798.995361754053 -4995.2426762335335 -4631.257904877444 -1290.063920465811 -8937.735963006635
2562.8738689110596 9286.3367768655 -1439.9330377010901 -3995.634773067469 -944.6853085805924 -6933.518837604261 -9844.311529181377 -1327.7645545215219 -5941.9724911352605 9421.148635902438
-1246.4022009082073 3639.784239695302 -6552.392313845064 -1848.399392991595 3184.0390718007948 6378.133339124255 3389.8792318654996 6174.981547092311 4520.266292811932 2641.484983220229
-2290.2892943538554 -1308.1599828408434 -1237.673959239988 -1677.2310901222263 1912.425219265393 4192.634031872996 -7570.223124751834 -4497.562499154319 3751.2698877401435 -76.8298544314348
6035.584281015521 -3228.080266842948 7912.672563052427 -2257.38046421313 1025.9931562584043 6919.020235409484 -9689.133492691708 5824.149140067222 5219.023512087715 501.36965255094765
1649.974030080375 -5862.152475404357 9516.625078715868 -7344.341726751724 4504.363332140054 -5000.890869041301 -5619.640648317692 -1248.7707594024378 9793.408506202482 3739.5918266659137
4588.485528144143 5578.030625648442 4376.887606123069 -1988.7452245534723 -346.120184768728 -3735.5850747645827 -4703.201133677084 2178.7523782672397 -455.51853971931087 -2771.7392012383743
1897.0916118137466 -7493.477498495198 -3371.6539002499803 -9328.31431718785 -3226.7254765243815 -979.4984670991671 -6122.172339312888 3736.825062460335 -9831.1669440193 -8548.53892075724
-3677.7374684524957 -102.73678817886139 -5299.115629499909 8649.513092224031 -6537.181522393435 -7936.594203368073 5117.320800121119 -8378.180852418956 -7725.529316405957 -4347.610873295033
7615.304093553306 9251.41040659738 -7411.0369345860345 4933.448438648691 -6986.254123018318 3823.9658470674603 2714.055465506697 9160.958857312384 -6728.755355896285 5788.782123483876
-2968.525776333926 -5284.846200267121 3708.7437764056776 -8424.28889849713 -7834.032788296081 3034.6355260780274 2072.854272600096 8747.5665969219 -7318.939549993494 -6015.293980811578
2746.1351276314563 9809.580861646358 1006.4904011870931 2363.4566235529583 -5779.3483181759475 -2521.5518727592 2072.2274095773755 869.8447983516835 6077.46919125481 -1500.4105682823374
-6581.94729375543 -4019.06154776885 3741.253913403534 -243.4373196265824 -1324.5776068485447 1647.1438563749489 7037.513591406005 7032.602302568361 -7810.018387931214 -1762.194203698862
5545.641816092788 -2643.4485223753 -4089.7324973325385 4367.125630856628 9168.599092629684 -2172.2625961630056 4061.094020747949 -8.561246042030689 686.7396630833337 5182.616523523951
-1352.9876951152619 -9652.821477039626 -4626.433283900271 -9876.730043859472 9874.307116995518 -2397.9165356189005 1329.370512805739 -6152.930500918252 4595.983424756556 6564.111967175191
-7073.12125711034 -1439.837738828035 1443.1751051505053 -1295.7333746359054 -8327.52038098748 6961.166419255867 7572.417592002719 -3309.632684890429 -9651.414875601653 8547.953295825591
-3766.1199380180906 -5451.845117244754 -8589.932325974261 -5148.26783716154 -6984.132580121738 903.578776851673 -6228.646378258986 -4669.63252553021 -6950.170671083073 -9046.82822036117
7570.2318431856 -3921.6270106481725 8164.322463807959 3947.9554950908987 -8799.478505551604 1190.9362428584518 9581.13738466546 6570.008208717838 3581.616736042295 -1073.6842290707464
8498.168386920857 2334.0935841296323 -8853.242224719053 4257.210831718581 1403.7076221856878 -7189.709497820473 -3328.3702791523347 -6762.542233992288 -6063.33452310105 -1196.0325001539804
-9704.231857560897 3840.2602545658774 7018.803818095137 -1133.378172342911 -8675.408485091599 -9691.45504980504 -186.6276549977065 9094.995615824293 -1693.6063728667068 -8426.837404389651
1271.331456154403 -9238.330121608642 5021.328734488276 3994.662885124035 7785.6492223625355 1768.1247541692555 -9442.328760722457 -3637.91057299363 -4700.478461167639 8695.044490959503
8755.17974651956 -9248.215105550486 -591.763776392796 -1912.7952238187327 -5753.0533284862395 -999.276795749709 -2102.2160962260014 -6982.6064643829195 8.809312584169675 5137.750684756322
8152.222936315156 -6721.766000411491 -3251.005965372691 -7563.665194923712 5996.435709911859 3747.1308628453753 5131.926246920988 4543.356567793926 4437.3650290609785 -1257.088166247113
9398.496999662213 6989.9572384960375 -6954.138960126935 -8544.006629413228 -3343.093617901769 1102.4571036251582 2915.8294158914105 -5544.792733827242 7193.004526974368 -9608.791736110928
-9348.413404327302 -5188.753313000467 -7356.052527801784 8645.36483593066 2835.3029348746622 5392.016232959857 -3680.6042718704603 -7965.443490560305 -450.20503795309014 -5958.821136054921
9466.599465587387 6226.0240070915515 555.1938763495818 -3573.4331816801414 8193.451184921429 -4738.123114217369 -4483.870477843743 -179.9297385156733 -9013.142913155334 410.8495498350858
-6542.928649555855 -6449.944621265666 -6312.267459455598 -760.5364860766767 -9309.842590014057 825.1329830653267 -6103.981289233522 9041.805427317766 -3326.950554942063 -7436.191051114835
7551.3629896524 -7769.573538695527 6087.989941587306 -8798.362408859688 -2983.695864739415 -5754.503787134382 77.63721651183369 7065.246997040842 -4111.772618150813 -1031.4976881563907
-9125.356132271385 -8250.162075479746 -5767.031724086395 -6885.554635853057 8928.132866572389 -671.0405368669562 -6720.719959474976 -3170.4626608788567 -8146.483312263204 -408.92280605434644
-4708.210207970458 3103.2253813313146 -7244.269551888512 -6100.323604737086 5169.330121666862 -4867.4506686047935 8614.709118311821 -1055.9113262241099 -8536.651656672046 -6200.101238482643
-4356.47587286879 -1102.249109120541 -896.7666717395332 4691.243985994577 -1692.6874771811072 8849.73736367338 594.3930757455055 -1802.9474110542578 -5880.028887856106 1855.9917435328498
5045.6023992603095 8390.04077995936 3625.6175958261556 -5809.9523265921935 9982.380969499893 -9213.561452012862 628.9374668454184 683.4722819252656 3198.6532987497194 5225.760703731628
5294.334608304614 4506.422878758753 -2312.603720361959 5733.26959319808 3183.3702633395333 -5587.062795084898 -8184.586978465171 2514.6624821595997 4954.753482230872 -1251.3169072737346
8118.342546553871 9445.044485136721 -9981.281192816112 6424.117164226547 -7137.622349831949 -4801.850400851986 6430.1344908639 8991.279511983943 -9315.750776512114 -3901.5102441051267
3857.468368777565 -3046.2117735014035 525.0905709084309 2316.889034519754 -9292.931059618712 -7314.347242440645 -2057.777792425308 -3356.387216750196 -5367.156238765467 9085.649412220228
-4853.481468204459 1365.1615707173678 -2545.8664703603336 2924.4609728958167 6746.101130656498 6294.759059920505 2055.028252863971 -2418.1629250150836 -7718.462577315932 3360.542275969541
2142.65633592634 9386.84516133192 -1756.001712224488 -1962.0530489751227 9092.57973586605 6339.468020750595 -3465.2622098056245 8332.63556830899 3236.4337321142175 -8116.062548705605
9544.221675396788 -1101.2673176479257 -2136.507533567995 9826.46794686493 7218.255877507214 -633.1025855697408 870.3331746970653 7788.4571654866995 -1421.0681144553928 2754.6021113750376
7716.020406784497 7109.721622772337 4253.422738874755 6198.6009212333065 15.43538720417746 -6172.250984147838 4447.334263918239 7891.024711141759 7184.586700990261 -5722.636013889779
-6864.600586304781 -3158.106073345133 -285.6552112282334 6089.33002919884 -2582.2002053944025 -2205.0634177449483 -8764.622249364213 1487.6396901057706 5274.197793993615 8438.101053663402
8283.300154736491 -1202.9887902024875 -2320.983541159092 1062.191413929455 6852.360363595708 7772.982376562526 -6205.7810986194145 5852.7363089584705 3809.0297342359554 -5064.145914068427
-537.0751329596133 1105.3653970514715 -1057.9340056094607 -9908.371505921159 8847.574183291668 4930.8444002257675 3732.1156614579286 4725.5243258621085 -5533.0721721346235 -5624.136897256624
6946.505443011629 1506.3752118580505 -1741.3262921541773 -8461.291542799636 8230.949031467448 3092.505868581882 -3370.5546868961837 -9285.845899870248 -9186.09944707455 -4971.029911541329
1721.683464446991 -7338.05415387367 -6391.152186792346 3624.188905123425 3852.3007728477824 7834.272372859054 2304.619064039023 3102.853458088095 7525.967524328018 -3914.1862443271602
-698.3953629173884 -2199.020441336186 -3587.5534974320944 -9646.190401956874 -3103.2196244195957 2854.166957481546 9608.041666708632 8727.990136272034 -2080.6533498938907 2456.4476644870447
-1484.1224266529498 -5778.154731289164 281.3488992999464 -6530.923497890098 -6125.3757811796695 -5628.575643387723 3833.5707703779462 -4743.092712779311 -3339.8596648299563 -1711.8082195561528
6977.161135894719 -8556.015636458234 -1117.8839769679125 -3548.128380059643 -8450.558037779983 2210.2271792789834 3923.3138509994787 4353.374818976892 -4234.658839548802 4478.132378273187
4155.53955461415 9284.681071511859 9977.32376947028 -470.38494701509626 5826.628410846126 -8788.742692101303 -8358.779664099557 1574.9347674468336 8988.926095773673 1387.1814721901064
-4585.4812754451805 -8809.11940404318 -7235.621602016699 9090.908403202062 3949.0730880800256 6330.2138318804045 -7727.261126400899 -1072.1464010299878 -6818.758136747529 -5643.872901009928
3159.0379428412216 4683.608640079285 8456.76891521088 -6900.092237146285 1388.2807286177012 2079.5478990087267 -2522.3651057654006 -7243.679803791658 -9192.115743979697 -8472.07741840285
-8701.347457683001 6161.720128995792 -1476.8917092790816 6649.2100885515465 -728.0105078070155 3802.8808652970674 7258.452781759886 9203.64942443799 -5689.471652605164 -8950.078245100021
-6983.687642256473 2906.263090143011 -8544.818920834703 -7739.952276063434 8035.526903299571 3551.7851653599682 -955.7525811172691 9279.271825944183 -782.6264077069427 -2030.9690203146301
-9837.337802643762 389.9745241421515 -4850.885539000406 7732.007369248477 -9981.251867082276 -2003.9175369890727 -8402.569424632464 4039.2014538499225 8879.67462169845 5717.143015647996
9674.442242082154 -9047.668476411052 -1134.8827840798185 1283.8548397540817 2649.053597885293 -8329.003553082639 414.72889431027943 5276.68835428519 8487.409405166069 -3548.0959635721665
2820.872294121724 -1568.2496360308214 9001.37433132598 6908.762227340474 -3211.3419294691403 8097.399064429039 -3373.983528311819 -7316.813871054633 -8769.937312886163 6056.943659964663
8454.582280302471 2327.128460002712 655.0165427161974 -6486.427031793855 -1401.923345942274 -8562.949412443246 5601.12384786849 5719.134834474662 2290.1844404842413 6963.714536980537
9035.998740841998 -5443.553597100419 8465.566259426392 -5807.302556238152 7546.103890821563 6013.682648130305 -7638.905835986718 -8544.483977019469 -2289.1554582487925 9252.371811348927
-2444.3894720592716 -166.16444439495535 -8631.484974113697 -4774.173777501834 7652.775145805535 2990.484554485982 -9789.598262757509 -7767.614627966195 5100.844315543953 -2522.1369645878067
-8925.304140738353 662.3091442793066 1978.1945342548443 8159.388999688825 2514.1443756674726 8032.569775100943 -1330.9070097744698 7894.362238294849 8618.403091651257 7933.855899553302
1191.3925901446582 -266.93957178570236 -8719.117433854462 4562.2754789970695 -1113.113509653247 9422.14488249275 -7298.753428322541 -6992.131275306303 1399.129806691948 7521.825935298246
3400.459906984046 1824.2517501082166 8696.859157792303 9948.799821162276 5075.796793225092 7668.156691585707 -4364.463400463279 8771.839218137717 5223.543744444205 -9178.091501818102
-4230.33367584382 -840.0011470472982 9737.24070191256 4328.497588373959 4430.636542656483 -5247.821003470412 1512.012095569813 -3278.165396835384 -4748.127507451479 2257.1598725244257
5581.982507612605 8672.775737884207 -5656.402269561658 -5767.759574809325 -5359.407609854452 5825.436022107948 9557.169119098515 7310.966562541591 -8884.621353582295 -9160.724463810278
5838.567994997493 1053.8429308826853 5823.895075174854 7921.476826667142 -6070.370446002859 6269.331516278307 -8774.535469810538 -1909.4594036424041 -9607.09832191945 2555.688347983625
7977.242177481676 6673.033642833085 625.9132689353755 5275.138339847434 -9060.64629528126 -3677.233691921513 -8939.037910813417 1448.8343009885975 -5606.755096490701 7355.885564362958
7889.463072145569 -1886.5105059718053 2765.4095077043057 -5915.517302082222 -2600.417218734776 -9182.134409017775 -855.1268622529024 -8106.284188970199 -9173.217449249514 1672.586984580259
9991.06272086094 -8245.00219478857 -5162.814194595553 -2225.743507398319 7517.586298891256 -6020.978532673529 -2105.055141486936 -4946.434700787124 6296.804674065139 1842.6517937800636
7401.507531883013 -9257.00133316441 3850.857025427609 -1362.1674553993453 -4699.174753440411 3106.751217077999 -8715.007892647742 5148.123873745941 -6803.2988023722355 2242.742292753179
-7440.723642408775 -1586.2915022037323 -9480.228681737577 7763.949299321059 8562.661561945079 8407.473925030969 7672.901553547519 5188.257158693979 -4503.866597265615 1047.5671855278651
5182.356187679767 799.3491057524043 9333.271933989578 7484.425820899854 1730.3199487088314 -7102.766755168237 4122.798684007124 5056.526574253281 7241.628424686205 -8874.82287296246
-9916.802975689221 -5671.05238021143 5756.661086440607 8532.022089577426 -1895.8145909305222 -2385.184507126146 2130.176541596915 5726.714224291314 -4054.5621143540257 -4889.817767632015
-3616.0297122920038 -5692.8109833932685 2449.251059967457 35.63592275809242 -5614.393073709296 8963.94160712041 7729.6081846877205 -7580.346360950063 -281.9613542205152 -1480.2197588671897
-4388.156171526208 1026.705116459465 4357.505254335703 -9212.867585079926 -436.5494813418154 7517.332221804132 1977.7921986094989 2860.9050982166955 -7730.666358205795 -6740.078277861703
4616.739990818571 3662.5279885609616 -3449.1830782280886 2243.765711506212 9844.091867812389 3997.8401484511287 -7582.307000206472 2242.2692105446713 -1106.8477183686282 -769.7738643310277
5396.227493709654 349.49245309118487 -84.13940683398687 -667.9644341401345 -4278.956505819371 -3829.4437967239855 -8973.725024869174 -5663.639201107378 -8973.857102490636 9052.824522526713
3100.945732379476 3843.954254330605 4703.4805397583095 -6303.993718911538 -74.65108784684708 -5641.18389864609 8580.238909524884 -8993.540181214219 6841.977153274132 489.35213192741685
-4883.216754287767 -4220.724546499919 -324.4641741494761 4584.449602470573 1869.1508961922736 -1619.9818904091826 1403.9728813610946 -7618.221143459156 4269.754943856258 -7364.623692818306
8359.129787535552 -3626.3923364745933 -8108.44962607663 -888.1875806060762 -7805.183796837422 9268.31877979064 -7706.660082417049 9249.630349362753 6231.32013221733 1410.9201199564268
5051.962527695519 -3321.861715533292 9354.69174737233 4003.45785621914 -2451.776494861062 -5033.220613525075 8829.548195738673 5473.922069010396 7378.56733200598 -3806.7081454195813
-8089.44573569683 -9850.964606758042 -4793.547269739198 -6765.573512729623 5798.4021282663 2697.2119909695684 5513.487741425988 4612.490323753196 2213.2669077649916 9876.909517476986
-1180.8008248080387 2275.3198177653157 -1295.9313273165626 -2845.8119419635404 1369.7496153479588 4898.607597033586 -6666.654718009375 4243.2496217069565 6686.995664250819 -3251.2750735332484
5209.9835025653465 -8036.723046612106 1858.1092587638668 -9597.351655727136 7955.710662792917 -4035.74231416725 -2006.6490574057252 692.2012046246273 9083.554971048172 -3056.3730601819807
6573.398683221883 8990.983703418678 256.7538653925985 -5444.374670842378 -9248.239708555982 -5366.141799021547 -8361.702699906034 6516.010178326687 5514.530041045427 -410.84912951373735
8221.709719803013 3884.8304301398766 -9907.054721527706 1082.6323501773131 6060.028633525619 3131.146497955211 -3729.8818885827377 9779.188950018535 6321.992479129913 7020.334843886503
35.563747307560334 8130.399304244183 -1866.2534617793544 7332.176005383739 -7945.235380367421 824.1242805659404 -388.44757118686357 -6195.7118769616045 7970.053801182174 4313.711614698388
-3054.258346018959 8789.975972205564 7818.97435388128 1223.3130448013308 4882.580119788252 -4995.576058336551 5070.870463688501 8405.035652839557 7036.230485247826 2530.9887044756324
9372.762364070077 -6311.324757763714 -7179.912002884312 1937.158941562584 3714.257227522923 -7132.869861623754 -8747.596953100845 -7990.001314011239 -6320.518334534555 3360.10604459402
-7157.7859749549825 -4558.663244745094 -6211.797198550011 8083.403463833089 -7530.137073509031 -9832.652038370217 -6812.870990372675 -8169.1512333497185 8393.294175038278 8736.38224563938
-3401.627096326998 894.3914834194093 -1672.0953959212075 2939.227142964495 524.6121741103125 -3353.2528007526844 -3372.502928255625 -8598.289218721558 -2926.3355866361844 -7058.121378379729
2653.080972679878 6104.344383562448 -9022.249130537715 1560.4623904637574 8076.8958126003745 -3672.2801459967623 -191.7735209080056 -3387.2553873561537 6952.508649473857 -4429.005408430162
-6225.613049556727 5742.329116245568 -6259.411967362503 -523.0192030601975 108.48482927640362 7194.35109950112 764.709037948629 -7083.048547963212 5231.989199344378 -8587.48010386214
-3277.740148241419 8965.561168809174 3992.9232439831085 -7809.910928300655 854.3468186700302 -7096.774637240337 2891.1286684081842 4117.012487756618 -3132.6594384203536 -6576.959003655538
-5099.570946026904 -4066.5935303990545 -6408.884245164055 -5031.486527592932 -7552.919615757422 1956.5755484197653 -2235.0420221803206 8288.409694252372 5870.673634504681 -3055.80943000993
-8731.677490284943 -4358.951598067202 -1898.6308894718659 9838.103458855272 5963.453911168108 -1853.3079169883113 -6325.996243606111 -9125.914528197056 2177.476567150352 7648.242421592309
-7916.917408681518 -7402.266720325053 5408.234813442379 -5320.579679147561 4041.8713944969822 -9191.021189598725 -5960.018084701773 -991.9115468075615 -688.7961639419136 -1209.8173210855039
9759.200793210468 3708.7335871247324 5205.984819448737 -930.2682910672556 -5886.149850559057 7632.094597978441 -3018.4518745073 -1835.7798868335422 -2357.886670166933 2593.5394948646117
1 632
-6195.185600791188 9098.662777568868 -5746.378329772839 6464.706875090033 2675.081686895086 -9781.804991703997 -9618.53919453055 2083.219372989186 -4118.613322929398 1615.0320653278886 8323.252042131699 5386.514650751611 423.0530656211231 3452.8099526671504 -7539.625807352968 4944.724248627055 -9534.010244662955 -4618.380459276408 -9148.04434989686 -6358.623734930356 -4717.724614890646 7476.497620963386 3500.6227858513266 -5097.299088554386 -4925.540314629642 -7298.733925676526 5459.569327556817 6058.522763007235 2425.7240868993104 -2494.636662241647 797.4236052896886 597.656540370026 8476.254570380202 -3970.898844876385 6603.988145652387 -4192.915451783843 -7324.446591028451 -6264.671948550631 454.80085936489377 -4185.973549737257 -7739.436071395981 -4787.749951964155 -8157.949875586603 3887.307144475344 -6543.618986593616 800.984606340613 -5319.513809522876 3837.7638728317233 6591.361790001323 3936.9878017656283 -9830.398931158345 -5426.037483845414 7255.211158261016 5711.362862310996 2260.109147280029 2590.872376909925 -3902.308642374219 -4813.214391363982 -3172.412587756441 -8494.148232899686 -4119.976726344312 -7650.207000102129 7195.405042005488 1014.8066731380259 -759.0367846325407 -3010.653186225054 4640.521234827314 3260.66588865453 2212.112277201404 -7700.0931818576655 -9481.402865301667 -709.4689870536913 -5604.128048497632 2553.0938047350355 8409.715304591038 563.7045377076702 -7745.725562722961 4798.252061571389 -6431.234060579616 2748.546708446145 -9248.64030322982 -3695.639312026986 -9070.548978203682 2649.3182806712375 584.903877047489 8032.485299062879 1169.181762942526 8098.940045886266 -3608.882424180475 2287.4637015016324 -9884.347389390898 -7039.3793749284405 124.11812073223518 -2385.4052674170734 -5092.933208992705 -9804.894037823355 9995.427086415719 -3517.9838505696325 -7110.866209009059 -6508.211707887856 -7052.48619701196 -1363.7494992753582 -5729.407248286442 -8978.23019830337 3051.402635328086 -2518.857054033916 -9906.606992802135 101.29398809309168 -8037.207358370715 9275.80273488738 -9087.866168570936 -6654.626614006438 1599.713362184215 6402.201654856999 7594.512344625553 -6499.929929455015 4274.566892168292 -9638.377335964879 8053.421416469206 4234.559296605557 -2775.78887789443 -7712.639460383919 -642.6460844243829 -3209.582425215689 -4334.806588177844 -2858.04275488627 8584.76890695249 -9338.520640129009 1945.7988158413373 4645.89800477041 1956.5792144738352 7951.594113353731 -9426.324749581327 -5158.855829020277 7574.805606851805 1020.9028032477545 -8217.071785669825 -4157.420807222552 -1967.9403999774595 -5262.730061985312 -9115.031982793087 753.6064320301648 2492.609864964332 4484.748797041651 9137.09239979256 909.1944296117108 1094.9060627937215 3089.59389238135 -4030.851710702894 8422.53879599466 9070.570318402159 3185.9983208300528 2403.4461685652514 6713.991044852424 5024.419928744908 -9569.819815366813 -4712.1972575549935 4569.6523919219035 -8273.194595569907 -1839.867163675659 5401.331889970919 9034.207597789293 -4017.82060285413 -3520.188061645895 -3377.785324170659 -9577.808914756599 3285.948995230394 5377.671692813894 -6923.293818273922 -2904.3129744781027 9522.95989076226 -2667.4977663538675 6061.712091290272 -1978.4874108139675 -2341.7276350583506 5034.715114437571 -6298.586734277911 2300.519749076195 7717.4455547917605 160.54856436354203 -4751.731107101052 -8516.50828311088 -5394.350842152051 -6783.63400562686 4823.437032975888 -1454.4677224893858 2380.7749991533674 -6061.156082212511 5738.769710540755 1960.3493506544673 6459.262992071472 7168.444031421677 3311.0171688337305 -9781.248315909996 3991.0032669608663 1763.1259097162183 4385.433004165579 4873.670996541237 -8357.55795837406 -3822.832754448342 -2539.595848284608 5451.528783877706 8838.582344354527 -1527.6440829986896 1316.3307446122944 8667.7871643886 7890.344590119854 -5439.87792986113 -6309.276547667709 -7660.165779833441 5567.097467716656 9172.792719307927 7505.913693223734 -5113.870911296468 -6368.047875801292 7168.776032504913 5649.283649850546 7457.202416192551 -7753.921133321551 9177.297024701242 1384.0613034717026 916.2719993932551 6648.151731761154 9455.1655755272 1937.2724551772098 9148.146115515137 -8630.755784273533 3094.9743885810403 3842.648487655577 9813.880050092965 -5308.391229348444 1866.8757683164768 1522.1766979244821 8985.267382157992 5001.30131122895 8948.777784758578 -5693.408771685528 8306.375451458298 -9173.729009213903 9079.219222095464 8656.30603955841 -2881.064685272674 3488.038099012372 5653.356409786038 9556.76523889014 -258.0341827691682 1360.8830904897059 8311.791545771826 7897.203383142081 -1829.5454559717728 -8954.784699529437 2352.4001821786915 -6559.727160364222 -4713.81055453117 -3358.562137231287 -2222.80134137435 -6369.572514519988 -831.8905596090935 1854.1307677377445 -1997.0741907034144 -7089.466511544928 5188.36626103187 5515.605344953434 -4836.686178697702 4344.439425811102 -3077.5606062143597 2145.666234055605 619.4130445880237 2203.344656399957 -7276.705554268448 7084.18031325948 9420.248572928522 7857.590184091325 3258.45091138966 2067.784760984683 6852.064584347114 3996.8068754632895 -5407.786753764126 -1602.9024735366656 -1241.3310242133466 -7240.931909129338 -4605.477248376779 5181.567608463969 -4152.511543574103 -1286.7620070026223 842.7565341081918 5078.490470351766 -3166.692333205525 3200.832951417571 2389.1102329633777 1078.6340973216975 -5549.286496162999 -2253.056612527351 -1199.35815741248 6820.1987830151265 2382.2668509005744 3907.1078537369485 -5238.559126133755 2780.2378725626095 -1579.4856496081684 8544.57289989404 6602.633853066716 1277.7527297283923 6824.568152727807 -6028.653296402753 8968.421138529997 1044.2330092743941 5126.483495287521 5093.867359182605 4074.734463133551 2918.2047186109976 -8017.935346241887 4869.852233976644 7193.164382169591 -5197.679335947336 1753.1057323076493 -158.1992478073953 -9858.25038314688 5490.655682535475 129.74402504797945 -1066.214821017842 4589.712726336367 9829.445371189278 -967.3814928963257 -5896.801409205213 780.3946144820493 6946.725886303797 9255.245790141424 -1986.6006637688297 1153.3975979029892 -1059.7888387882867 -1190.967853604443 7569.501797586796 8109.813138527894 -1102.1119786887375 -3138.006652245588 -5625.887884335439 5944.563669403329 5727.55550891052 -3002.1787858378702 -4555.383555893853 -1620.7906743844032 -864.5185038848194 -2549.081570776264 -1691.4204136629687 -493.5562849813032 7975.610544588235 -6453.910462103338 -6806.88770173399 -5604.113899003915 8320.502423245689 9369.498806155589 9547.951519143571 -251.97075095108448 -7905.597801027758 7755.5209965202375 -4200.890459272741 3057.6107069278805 3582.0323871397686 4470.241648369252 6745.609657904755 -2588.9923372616176 -4821.173175445708 5198.353831309521 -9572.263928598133 5549.151544633887 5796.6731735047 1205.2629988731805 8733.91909909789 -9409.134680276258 -8937.778892968443 5403.969448282631 2104.9683429742254 -5391.497895930511 -4855.370356675381 -9648.096083772241 -365.1639984494268 4495.120127450382 7184.102581987117 2417.704078479539 1469.0894000352764 -7817.430328163482 -8827.13537880482 9168.322364988137 4097.121611545501 -3751.192941484298 7843.686359347092 286.31143193871685 3116.613975600254 2689.6149708829253 -9070.496879009877 -8747.441342026277 9783.877089212321 -3507.5332448814115 -9713.090766183741 -4053.4134606082525 7305.29157354682 6480.530142722393 -616.936071094131 9188.266409155021 3024.412966521002 3133.661434253796 5925.011341925361 6972.171667309001 535.0458310096765 -662.0591481319898 9513.6753538685 -2860.185027384903 -8138.602294249293 7977.001784260046 8681.297729938196 5677.127091154038 -8156.256899586474 7834.964955328291 3792.2939830833366 -216.4933681523653 2685.575162134657 -9838.386372903704 7025.1759457367225 -5192.4792282718245 -1684.861563824099 -853.7090805578136 5525.190315144775 1117.9523796545818 -7084.616633630112 6502.07505669726 -8571.16866194924 1999.0945508648729 5023.747056879905 905.6337444028632 2394.0789758890296 7565.744071773417 2704.8961995877435 -2836.4659119507496 8999.98881275409 -9772.296363600628 -2974.404617994297 -7603.885673975888 -1964.016855122999 -1035.949043768851 -6805.945569676656 4641.590198540616 -4876.135261506145 -9998.451995114447 140.6929723013709 7179.791949778079 -4511.264601449639 -6713.785251270401 6172.761659317484 4043.659571472619 -8657.75361187385 -5337.202517082167 7371.954862977058 2164.36886314012 -4284.59650302224 -4886.628240220712 -435.3294068595169 2505.498080252941 -6434.321908608326 5322.13847019614 -9996.218750067965 868.494831353968 -7549.382515221725 -1234.1615681226976 -6554.848706148276 -1968.0260311552856 242.05930804437958 -6165.584525605795 4812.690627230531 2559.1506432403603 2962.4268112368773 4277.492515787173 -795.4297842261003 -727.6555972085316 4714.474929966926 -9544.455016574151 6985.223614637125 5732.916843081473 4109.554269171676 -9271.448724703609 5721.929351895042 -1791.091758997507 7581.3614485699145 -8169.200554413281 6587.568944359391 2248.366135401975 9951.6329091523 -2694.4050749219487 5586.7821862105975 3943.935063770925 -8678.732233372044 90.79203018578482 -6055.966175821246 -1501.4968375542867 9711.321550394448 9194.345092298561 6361.749466988382 -5567.66481690065 2579.1092196053905 -4439.137637065507 -3454.6773113289355 3604.6706794071506 1307.1271244107447 1477.880325655784 -8421.275726004593 -2966.942784726539 -2449.3075687794126 -7812.862416859123 5478.042298775037 5078.185029964678 2739.467925712337 -7722.980121541221 -7450.5776732008135 -6046.396345258007 1919.773809598848 -8778.790313282521 3599.837735952071 2808.558855211286 1434.4292316617375 -4807.475526701406 6697.733622174277 4463.413953188388 2527.412428705209 -2332.2355129047055 6305.227905665661 7602.6345586267635 5869.196891413381 -8242.687783789343 9878.246594560584 2741.4255737156145 3079.9673629301033 -9382.044543832515 -425.55785254157126 -4936.976384505248 2372.5528608012373 -7327.769760608285 -9685.960895012955 4957.701715395879 -6286.108959990291 -6230.354880441806 3555.8056725781917 -5443.941274025099 3839.1264696284416 7074.098035678053 -2756.56945776505 9437.60147951289 6570.69311049598 8110.324578920598 -9352.411324146142 -1101.2394755778605 8516.794819595892 191.2122039946189 2310.766664541694 6079.351807477049 6067.402363374647 3014.53639246883 -8441.71436183134 9770.56669475358 1000.7111148668173 -2307.346745558465 6152.883877511584 -111.52064946822247 -8036.295755930185 5687.866079795982 -6207.074924190134 -109.03070648780522 -2646.833171983476 -9190.824384032023 -2332.528687469595 1693.8364562805837 3807.1672237415314 6869.779082112429 9478.080420393919 -1376.696788721316 -7200.957950360831 -2031.8797004343205 146.8267445530364 2880.6372597951595 6758.597771365854 2813.8056631296095 731.686585542182 -4661.930993468448 -8767.544766137024 -2559.330855869979 -1432.1255112647377 -1805.6847953430024 6356.551454079467 -3230.4211575597865 999.9487917439455 -1600.8419372233402 32.8025106834466 -327.924372410278 1847.7691557315975 -470.24015280496315 5044.902315977244 3309.672426948362 -8969.357601885453 -1023.0033744657394 -680.8255960936222 -1691.6561118934387 -4935.346807085472 9934.93431568331 -9039.309641161659 1205.9151480761593 4966.616861111157 -3389.0790785268528 -2726.9384561675733 -5017.898067030695 6848.035002348581 -6590.184506642687 -2814.1972449413606 -6952.52066317241 7384.938722619649 -6053.16619553616 9022.231363865652 6963.206605401072 -491.34400586029005 1481.2987563927127 633.0559173423735 1928.163760864416 6507.552667306212 -9415.814873440731 3282.299122662207 896.6187280880167 8592.064107649963 9474.58511445684 -7493.734305422324 -9939.666654859682 -618.7696684661896 7372.799150683033 -6546.982608322127 -9748.574887626815
