20 21
-7179.201995571784 6055.160193033349 2242.8092149311724 -6444.3322841919735 8717.286670613252 -844.4138447207151 -2111.719446113473 -5825.268122013072 -4495.526238209484 -8546.161451782818 2065.9603145875026 920.3426895862394 9249.198144299873 -9131.495286239446 -311.5150789899453 6989.421302181334 -4079.0862589012813 503.8252189820214 -5754.561944382522 -7183.193179128444 3123.954063402991
7905.3846663869335 -3923.37975815326 7806.516802087237 624.866437184477 5525.829173606664 3938.7909623659034 -6351.3932316051005 -7942.272174061669 -3672.202532992239 -773.2068490808124 -6825.87032386009 2216.1073146533836 6081.243113064407 -2457.7756868871693 -1809.6510677402657 -3569.0274069889583 2581.84487822192 -1720.4313473027178 6401.841456980026 1647.9808928381372 6664.021841970811
-8597.277032815091 6101.072793125208 -7893.128765264597 -4343.261041790154 715.5988832933708 -1380.3607249089437 6081.745715118923 7256.709300824066 247.46156666818206 -566.4398030328812 8993.051005573594 6165.268709352877 -6965.789044281135 -9593.501079792228 -1194.4186030118872 9686.227971845572 7466.512991079508 7918.9022862331 -2059.96491928061 -6488.635383062889 -9621.753019381667
9659.315948308795 1772.3537366806268 -2955.844043992144 -8823.189608616582 -9981.948689413393 9123.271991979393 1679.866546779227 -491.4907867441307 -4981.295519945119 -9524.200089771104 -5397.167230992923 3998.1573607561513 -9472.887058727392 -4143.496933045984 2813.2124755668665 89.65162896844049 8989.206374127098 -7768.757321557873 9409.429008339761 -6226.400682117998 7504.453317813262
9787.338999368458 2742.3710210789523 -6469.739680354052 6551.85835829773 -5061.429489554567 -2067.090786791985 -5295.114685000551 3434.458703217553 8653.234648558871 -4911.816149746524 -869.8908325728844 -6979.24752665575 2782.2555363458214 5745.611864341698 3306.122028838454 -3648.238570644673 -3994.6865709731537 -116.7129217168058 1589.3243094430327 4669.871380082966 3882.464489330372
1993.4906188031946 -5893.4803193827465 -7995.964380026783 -608.8075841324007 5575.188507568488 -9020.525629504757 2845.4747565969374 -3078.135252202963 7044.00776744902 -1696.029249494739 -4949.27343408045 -2404.5024355977484 2124.5174231673427 9352.702909626118 -8994.805951622951 3500.8605050001406 7673.977373116206 -4988.935477971439 4559.301849459116 -7951.267326069263 9393.2879397529
9655.155484406314 5131.020887941208 -321.9639082222966 -874.6008225113401 6048.330148532097 -2573.945236228463 -7213.27117530965 8757.401111212588 687.7689495771629 -4487.092346470398 3730.6328817602825 5810.639424043002 -5868.966595363529 -3524.973491144876 -6895.458433815529 -1873.9340488089783 -8879.408559613408 -8002.600485310231 -465.5429204838765 9971.94163898267 7524.025567271634
8346.330755000305 -8671.684610720115 -6156.879426716028 1397.901199995702 8081.422648189757 -2342.430616698539 9632.913832185099 874.6166449918383 2481.1633552469066 -3569.580239038987 -8184.348512545974 -7839.189926821091 -5142.216165721432 7992.6422681676595 -7975.569419195781 5114.747468992737 3603.3896112738275 4396.815351137959 4062.6200277017815 6700.192136598442 -307.94676263685324
-6417.614957595563 -1106.477669808295 -2453.7892604499993 9030.899093735177 -1083.9217940230847 -591.608839943412 -3162.346018938789 -796.5383490576423 -2355.1291826727547 -1921.6591172464678 -5209.620423724177 -8723.11460293438 748.4798411086067 -4084.305192409419 4592.705682166215 7918.908349610898 -9140.176220436188 -4889.165298209954 3352.6356515435236 -2063.817198789053 1824.730824776303
6098.000015262833 -7899.5688210079625 -3460.8374405421864 8835.030868830596 -2806.4026368515615 -8270.092622442076 7570.418300288529 2676.608395617777 -5136.551648661362 3243.982791715447 -6232.613135822488 2077.3883540990373 -8134.357378786408 -7596.414564568273 3122.703990937396 1647.9040860586829 2050.885713237014 3349.0034116639436 -5462.835169633433 -1089.3040645681067 3489.0703183768255
-7253.743361386771 4658.495548930659 -6658.4450686866985 -3148.1975421245934 -8375.167282731984 4864.733548134205 -6760.688742174894 -4218.661375303887 -6896.87086252012 4851.787834451015 -9254.195211226548 -401.5978738055401 -2073.652242662636 -6517.641269458716 -8189.491807432254 -1355.33924808952 109.7144408599961 4150.949585588762 6570.869753082068 4204.2757509996445 4006.562918863772
-3239.932321298218 -4667.119127170276 7750.649679710299 8407.044784772443 -4912.734582821668 -3446.864261277713 2235.101885781869 -4156.765113156136 4914.32570763902 -4737.213395903337 3987.6686677792222 8574.986672215833 -1670.3436423455514 -5634.661272539148 -5282.056206954884 4220.46943118216 9701.355730784755 -2600.7420540525845 -2584.2053093762197 -2522.641162106427 1696.1976931786958
-1251.8491301345239 -2651.4411760298426 515.1321055454282 9568.840324522436 -8086.763604941964 1305.0678916018278 36.94067361200723 -1510.4485498526228 -1704.768554970904 -4010.6129076180987 -4915.515215328356 -2782.871306427397 -2113.292830474634 -9121.60631690063 -5371.140043317763 -5010.880225147156 -9160.018789376552 -6371.623703384379 -974.1406350395519 1484.0434897400573 -2897.6956848922564
-768.8646761922864 -7263.882364280691 -2768.896036807234 6728.831400352996 7538.663991794387 7746.287015248519 6971.895650927858 2.4818301775248983 -4073.7496160608353 3345.84765618478 -3886.674432710318 2386.275911014767 -7109.642925766275 4686.299553713892 -7221.266020759256 -6672.06969339104 7305.802783608171 -9599.887952773184 5831.453800525493 8037.910700180932 -6462.949786302967
-1065.944822567597 8613.228852865228 1299.118786571813 6650.116880308007 9426.895210642735 -8972.675189263939 -7753.0583972994755 -5222.862766304601 2288.91658235013 8345.521415656614 -2447.520878448011 8079.331936661085 6780.1381662637505 -8913.115864693562 -9512.626779083577 -2380.762190445007 -1535.0346199848336 1782.619349964798 -9050.276295960393 2361.6179648976085 8826.790032759767
-1771.6602295039393 1088.3279885175361 6709.278811008484 5014.003483609282 -7628.118281849023 -2519.4417693648056 4789.39363454659 9948.49032621838 7733.167167691845 3779.888365543269 8317.440747062978 8437.829282827075 -3432.3447537045286 -8952.132996674678 -4696.310800047667 325.5138692766923 399.136650745535 9210.655714479592 -9369.758655824666 6130.931334191448 -4696.029907413464
2061.0438457182536 -4713.915980472933 -6088.497342306711 5435.378736293918 7029.489754742801 603.0890593921395 6409.951654988614 1746.9092469548723 -6630.359135032131 -7942.286407005837 -4053.589755058835 -9907.755649397475 1571.2232983918948 5650.172135638291 7447.16560812464 -6003.616107785708 -7046.34618113356 1791.6025031572863 6662.5247399096515 5098.221938985829 5169.1733592277105
2283.8229534537713 9524.840625739129 -466.07910247886684 9840.727391566907 -1196.2376796348417 3095.6134957992945 -129.5711591105828 4395.964375138259 -9233.240081386606 6333.061634715103 -3914.0593379187294 -8003.659106484109 9856.177708737352 -7808.632559170592 -9281.498492147623 6798.913548555211 -8711.243559575623 -9701.386228840307 -7338.496447904486 7260.196136823666 -1854.3486414759846
-9332.763912527975 -212.84925470488633 -4517.163661527253 6236.126507534893 -4509.0194902536205 -942.0477255038695 6652.262354763858 -8048.712024276043 -7506.06797678631 1429.6541189859618 7135.859800553233 -7543.769272416412 -72.33292178721786 9735.707208139556 -3518.1406440398314 -1936.9025824821183 -9212.213161213742 9925.022130333015 -5373.025081458458 793.2505560826448 615.8634875573916
-2149.4551072978793 -9978.962974640332 6561.328652048185 -3214.6849983034317 -6992.171171328685 5310.2254142179045 -5422.480070491842 7680.42833359792 3169.644618821667 -5966.724167366022 -1612.3147772718203 8611.844152676073 7108.175031799536 6427.401227204489 -516.7156404693469 -9758.38860978606 9472.227518333337 6960.666129912413 9816.22723450201 6919.241373934252 -7968.066117400194
1 21
9353.668620398032 -2272.870403465541 -4358.732760845023 -8767.24659585326 2618.69496554384 6770.331688668037 5978.77326660572 -8318.036462984548 -5472.93299707146 -6386.16434674478 -8026.929015269655 -5215.860405976553 -3752.917066199253 521.8575878996508 -5705.085919002748 2214.978835316957 -8554.0522555713 -6090.768289159667 -5119.934022665729 2928.912702936459 -68.55576365116212
