97 14
7881.131019308043 -1049.4810766409682 -9653.746025061559 -2665.5097436287397 -1956.5572296088085 -2923.0991701222183 -5642.996623737373 2110.396212257074 -6277.735758312992 -6178.184981667488 5142.821506198399 950.4828188697793 9433.438098984541 -4963.31200060476
580.2931201224146 9047.22534535361 -1177.4733253470386 -6786.079892389118 9177.989745937582 1281.6380353740678 1430.8920049275348 -2489.636804212796 -3508.4298473383187 -4665.370360137846 327.60346795807163 9747.366188065353 -2679.235197704679 -9789.027552330517
9383.750262019192 -484.3522528143967 4826.199312141473 4738.116610198058 8902.949165485647 2408.99238733568 6764.400751323119 -9970.024343920246 2260.1024617347284 5818.230684998891 -1843.5280381028306 7138.819420251486 -3760.5935012480977 1279.2306497753561
-6063.305173743758 4724.131835466527 7823.345204724523 8077.773031892375 -3781.466194958556 -9249.311711660517 6937.158966434628 -1691.1917111113598 -1530.9141297928181 -4300.788602026353 4038.5165901611126 5493.242345197625 2944.0750945649997 3873.193375631825
-2042.1419668505032 -5992.653102433525 -6417.352975277379 7670.705585269909 -8683.607789789537 -7138.067976860838 7587.017268948963 1759.1346587638182 9248.501642501436 -8906.186261616289 -735.3735025687383 5091.9140370624755 -3074.7115719897056 -9986.340272483407
9787.609746409104 5883.591058979893 -87.38609892978639 8301.497396556908 6901.990313267175 -5897.299629083816 3953.8593981450304 9522.876699469482 -5923.384429093268 1841.2408484553562 -42.73017065753447 -4719.77019703756 816.4516154871617 -816.7930189759445
-1641.8624040611267 -8219.169328156826 -9411.479651795531 7620.994315010888 -2804.7800115182554 -8103.411910936551 -2366.077158246316 3860.526514340161 -1269.038331996304 -6945.45332347565 -8402.695876397893 7423.817714514702 413.8281093824771 4195.649196046876
809.0954025106421 -3010.7184114562215 6265.133802644321 5474.7060924932775 -1071.0048515181006 -8325.82142688299 9359.306486768211 -5164.540763154504 6018.401580775591 -9677.197833922333 -8833.47586451865 8941.578415847995 -2533.4825961962124 -6267.350893404009
-4658.33174617116 9615.556913437285 690.0800997649803 8432.344855677999 -6144.910240174601 -2731.256262377393 -4339.292832124895 -6476.114376903734 -9333.421658064017 -6413.127951457587 -1592.9737432880156 425.8184703162642 1796.718628351291 -8278.292650390005
-9352.748264776585 -4153.179030711027 -7737.477319117741 -8870.78885617977 -7453.527815093595 8715.853148499427 4495.303214530768 -976.6283471466486 -8017.251556642588 598.735934947008 8203.360283080056 -3599.034997542778 -7705.95919925035 -8234.960806022733
-5512.159217807389 -2092.8730099939494 8366.882800454947 3327.4567720190425 4706.827295669764 -4540.426075081974 -2901.555944985641 3301.6266671208014 -4354.396423731208 -6258.676369943437 -115.9491274807242 -2858.0127653661893 -6375.428376474865 -8381.903761476304
6732.119482864997 -2235.7472324116316 -5500.134999345781 -7947.037119488999 1228.8780498056622 6743.537961628321 4353.492205198227 -804.1894632060175 -6625.767949653463 -239.5122207550976 5341.4276342322755 -9595.117784841945 7281.085076062267 7793.929734910846
2800.6865112461473 4664.171111907173 -4644.60914189708 5645.483540577354 9904.578045065387 5571.909144593503 -9082.860523965399 -6017.71288662728 -2175.013473628149 -507.9241062241763 -4225.595312798731 -9392.609385802309 -8236.348166803622 4983.4120605553635
-6111.771363661886 -6650.860771512245 -2364.0205703410656 5226.211005709429 855.6908743355689 -1587.8428267385152 3652.7281991455093 -3899.7143749072948 2758.5027738252666 -2106.000137833941 -8255.677713131045 7441.275657580565 -2528.4647385576163 5926.706125118011
2087.321793007619 -3378.9072071716682 -2931.238660338242 6422.53201832778 8701.644495130724 -2202.237257221862 7441.115268512887 7619.127948283058 3215.8685643938898 -9726.795389287538 -1259.621583649965 -8973.027449467087 4117.799362274927 -1574.5588376988653
-4613.967154671259 -1198.8158842991288 7815.617818912702 7951.645812442228 -9751.194342904082 -8337.613147124805 6940.462252042544 7985.648674578337 -4982.537285632731 -9149.551673026048 215.10182151103254 -3010.3437638400264 9724.333417462607 8780.164393646104
5163.664576736683 3261.244978656272 -8891.84209022751 -6852.730864923158 2121.4432516728357 -4530.279131565527 -5575.986382470315 -1890.5664898342511 9204.697552389829 -2883.815309484514 -770.0954245456796 -5584.457971572588 3340.877257605134 -907.5314576829915
2364.2796967432514 9484.813170090776 1456.2970221055475 6935.532348117784 -3871.129797518316 5064.688316642405 1173.0212279187708 9186.236053329685 -9220.467011236877 7732.314840363277 -9942.424436881754 7304.930190666295 -1276.8467085863122 8139.03521110256
-86.95749085278112 8624.305853513535 9309.366531395015 -780.1498060570702 7094.145500108712 -491.47537531584567 -203.3728801460893 9804.553694089136 -571.2430337362857 4800.9881722070895 6430.835394893107 5973.053335124612 -3103.698206915784 6050.798450254799
-9841.079781879089 8001.767161572927 -9665.526346809404 3576.217076503659 6481.013028047764 6327.159201746788 1986.71144302842 3182.0523038748524 9387.53859104391 1312.7568669928332 -2780.785958773813 7229.4260757271695 3685.4384966393973 4315.701225409915
2917.409287173672 -6995.858828324009 -534.8262042513124 315.5474678891369 7201.899188544732 -8349.222698891841 -8441.70116573768 7841.045176278705 -8962.652110823255 -9434.817406749728 -8572.281763792193 1048.201064014067 -6754.214442347237 4534.771895458656
7769.743228045525 -6587.503421205467 9631.580190187164 2965.6055098326833 3880.7508381885455 4565.317265748941 6131.489877919512 -7977.364826397202 -1894.2384887471135 -1005.7503334539306 -1874.652349787647 -9038.500846600155 -4481.047151496152 -2125.2701575793644
-3534.5718693923445 -2729.957714016109 -3880.662347254629 6380.528738144114 8803.90231909052 -3845.9997273015033 4192.050651829712 -1742.6635703649936 -4664.4445228241875 5841.179555794664 -8072.288125423878 -9373.596503019457 896.29293049851 1274.0796870759132
-2492.414991245946 3747.952692205665 973.2660357906825 -3597.2248165174524 3111.2405936273262 -2568.8202521273397 -8294.87697488834 -8940.850379139023 -6709.58113214281 1665.357002846189 -19.681075436628817 1663.4723182558446 -432.05737906370086 -416.2914327433482
1864.8634612824917 -6890.676864074337 -6792.490036196426 -8020.197341656341 -3275.090850556623 3919.1137640152756 5116.126005408443 1586.1088069518337 7495.285494933491 -9730.057188752318 -8096.537040589371 1118.9672407288672 -7687.88837830915 -4747.782264403313
9161.032361162874 -7156.7493216089 -7314.6164464055 -1498.3719257660177 2963.1149913856207 -3469.4035491454533 -192.86326898587868 -7687.205530762627 574.7602819331423 -3111.918252792776 -6792.252967076236 2366.1050230297315 -1284.3834960989534 -6880.329763512631
-4899.406024037403 -3443.196288341419 -1302.5401510749052 8865.633524401634 600.8637379883548 7503.64814672244 -9508.214515894797 -3139.9430933875046 2906.5672288946134 -8120.094676900911 -8549.104181868053 -1023.8262948341362 867.9579045985702 8658.147749695097
-8446.74892768717 -9958.790668111058 1192.0539129174322 -5671.163356031084 1912.1610911352382 3779.1676637497912 2790.826570631116 -4082.8222173021422 -8592.982338183048 -3735.902675404108 -8559.911286321189 -1144.9164791850635 4410.013724738546 -747.6700399511028
-2505.6876463889967 4005.291697449431 -9141.744597814866 -1044.2156249176423 -2454.9000590326323 7812.920968973522 -2046.9867700030427 -2697.467103797584 -7442.515846592887 1766.7205699137903 1585.5766543857444 9747.671797059149 -4201.039892175196 2449.288580166425
-6253.138776347298 -1477.8618032448703 3527.665803558495 -2733.057471312676 -5446.901692447373 -2622.4256980203854 -4307.635958607297 -4388.252801409644 4085.79702101966 -3817.2002409248225 -5156.96504741719 5254.558206273547 -3717.9383247419537 9229.323873565994
-4461.936943244545 -5294.631465639228 5991.161758159151 -6192.785001757111 -7910.169670428577 2768.9213160866275 6836.282121442513 3700.2898132274404 -5088.541262148332 -6981.590815176785 -2785.6414359237688 -4244.084820838123 5606.981920805691 -3157.3247447271524
-997.2033689267992 9692.758846768098 -8153.484164156605 -4275.986666978948 43.36725651643974 3954.1972048324296 516.4376899123017 6615.05808949866 -9684.776475456962 8995.156183619689 -2500.485541092514 1793.9915615519403 3900.436791914841 7966.462701222565
2607.502541258513 1047.6495298509853 -2296.9490035850667 4834.20931377805 -3590.6233803191863 2991.834611311455 -82.75985770715488 2593.0443435470515 541.0133659487365 -7705.717119253121 9915.7962085418 -4049.784487783674 7695.661300243581 -4489.653824662157
-8748.566498922277 4746.143523951336 -8782.372616537903 -6050.037999801261 8541.982753344539 -8786.970681157914 -5517.875279015519 3600.9304871534114 -9263.377949252692 8311.733689599085 -8070.239277901643 6085.260988737637 -1331.0045444625375 -6566.832597974384
-7860.179688725155 -8981.381937595379 -8427.34870752834 -4677.936835167516 -2169.5214561550656 -1832.230327532482 -8533.61100350749 8661.238447865624 6067.7697979859295 -4469.733075215035 -3228.550016943841 -1981.0173779921606 -4696.392204818933 -6002.569387641557
7092.642238436256 -4120.612232797094 4451.229860940468 -9497.576872846632 -8360.545182466101 -8055.525407698312 -9671.261923851303 -9253.482368523031 -8123.146987764336 -2045.219922398489 -3347.903441163129 -1004.7820566255268 6193.740063813722 4617.726623652523
-1533.9257716628363 8821.443689761418 -548.3131796214329 -4848.606085748237 4905.082732196523 3824.242496553894 -6729.070514579349 -2045.0624124149017 -7064.94026083736 -5007.511710869401 -3527.5042882664875 -7101.292921880276 -298.2804674281306 -3178.7651509473044
8345.236312371537 5863.671505924973 -5614.428331133979 -3804.7435655223217 7005.201298446726 -932.548158965883 -4190.530252622093 -3687.4689061923946 -7504.957202661309 8809.11909535277 -7022.249125769462 -5226.748058007332 -8583.688578010184 3687.52676998698
4400.382659822593 7224.9019960806545 1625.4923862869946 3542.9784812132875 3154.455150814576 -4359.915048668797 -639.1247247947776 7438.92528109581 -2904.468325350238 -6213.997504066692 3923.086547233892 8652.406157580557 -2659.233121482732 3016.6286507177247
-5832.176242149927 7921.876695063758 3520.536583344072 4794.18916105272 -3492.1932153955186 9674.751539182074 9315.831461942362 3925.711082087226 4500.00170225386 -4908.34460726828 8894.63333292909 1658.4242318341276 5279.196333036431 5220.34302697193
-5472.799683777863 7184.365023591472 6374.2550659700955 -6533.74122528602 5294.502163440133 -5996.806224473506 -1920.4893411867888 -8712.665320877046 2807.090915259523 -8083.249287179901 6860.800659617016 -2278.2783377332635 -8920.981006051228 7412.302871245785
4043.873275078473 7655.830960341358 3297.70042624274 9260.055783051528 3110.3475417980135 -3898.221848059886 -2441.401943440602 1781.64526649664 -6491.717653302056 -2532.499412293023 1760.2914866905357 -493.1521916367292 9872.629248984511 3057.7218323703473
2680.314862182011 5235.530975032563 7710.38651649977 8318.879479331812 8387.876921285078 -6393.314026075201 8904.962960893045 -926.8436172514666 480.22427908530335 4057.760611800444 3116.5402613039587 4050.891500965703 8630.418821905288 -7245.3268631577175
-2347.4162550172805 4751.303924256803 7050.628733140093 -6793.712681038868 -9986.840453704694 -3712.105845156495 2020.4953918932697 -2337.29526528512 -6679.8394391199345 1296.1522547010336 6727.903789030006 9142.064581665596 2920.7959285187244 -2201.128563346062
17.66372393846177 -8920.039147906598 -658.6060426193762 -509.71866235524794 9629.089506049371 -2850.8560537026306 -1863.5489778234105 2020.904455757147 -3461.5206420654968 5449.28800742939 -8550.78023731532 -7788.03367876832 4760.464053096279 -3944.8035906086125
-2139.931949804479 -800.8549095019407 3016.7565939584547 -2408.581111540302 -2263.062525923149 -5790.526085380663 2683.6095941239455 3866.510443097446 6586.771565272931 7143.364530614006 1369.2311978662128 -1392.1557669639024 1610.1359087628625 9985.96129845607
-2123.2137536272403 7983.172022554911 -4015.690606508815 -4033.9773839024983 7054.275936647642 -2879.399681129893 9525.8456316765 8584.8185111879 -5659.892192799738 -9944.228551201688 8388.947959975263 -9374.523518053122 4704.726128835688 -5031.228751571757
8856.30954147553 -1838.0852758494211 -7851.560346655033 1446.529094503585 -5672.8816815648715 -7590.973528859442 -1512.0419264137436 9126.25952795893 4024.4543271611274 9530.149473800648 6005.980452124564 -749.2024115816112 7611.299852230146 -8217.82649041953
8228.246507460775 7334.089350399081 -5289.616618049977 -1886.3257148428138 -8237.20573087684 7183.588935728498 -1033.7970825318844 -8883.071069899996 5920.551941568006 9198.69163412619 9162.72979325469 8326.311034492534 -5658.990076072754 906.525374471641
6659.479201591792 7426.493190353907 1731.1803490620714 5429.536336781244 6965.15741654106 -1566.9047725936052 3622.3351801116496 9149.430501834086 9623.089822501795 4766.043326314662 1885.0070667006657 -7915.390921907521 -2175.3284078675424 5988.344787348728
2785.3692106796134 9643.476771841106 -6847.119109928883 8969.421674902504 56.44616455327014 7183.295432418217 1780.02508436865 -372.28234292119305 -4464.06954264013 6054.448590454227 1450.8559307676314 1606.9404391734406 -1446.930078747715 -2918.449841398973
9817.784516699467 4690.736702519018 9187.391738063703 -7772.565454359806 6916.405846941485 -9978.583716222613 8796.522267880759 -1176.0178501580467 9680.121021099829 6825.469354631732 -5990.350775810475 4142.264273399554 5399.227072841395 5628.694141131793
6668.656627840461 7781.728197901033 -9986.021149181668 -4966.086562426372 -5214.28061487855 -1732.2504568092918 -5012.864204162693 2583.6540032598787 7206.223017960983 -2184.8298808025875 8989.19266349397 9586.556813825195 7780.313502156416 -7035.36466595684
7531.447750565476 1144.69940715554 8412.310723555674 -5172.539471825333 1686.282628600029 9028.47351136402 -8353.8993613697 6977.179562832338 -1763.9753322487304 8789.202260064387 -6835.948558268507 276.7859405468844 9398.547773873717 -5366.00878812239
2090.982162413482 5068.903489121536 8966.420396154645 -201.27727209475597 -3939.353247954514 9931.527061754416 -1478.0548309366495 -371.29694072349776 -8320.32427370258 9122.526457693177 -2465.229835329583 9197.57350385042 -8379.03355939366 -6413.7864880920215
-7411.500871319708 9213.528299740017 -7846.451852926237 1187.6487279471712 -6071.5821018286315 -938.2517394197002 528.1130833865536 7901.168323153066 3114.261769485447 -1119.0405679800824 8676.468241711984 1932.8032928415541 2448.9993010598773 2057.6095065941354
-974.805253287599 -7476.776386509898 -2766.2038235805285 2216.0244347208354 -2243.9153871559038 -998.1719243004572 439.24748078607627 7025.910268357213 -5689.007930653629 -3591.810275784166 5527.020610300135 -9818.532559169627 5115.780169239619 3408.257794504192
-8745.69411634023 3308.8339136005925 2881.1243464249765 6563.593217592155 -7344.665354226205 9927.499733567554 621.92391947123 -1256.2738247612342 -5889.09662213952 -8094.737491345143 -8831.409668629674 1255.0120979355215 2876.165099339587 7809.54103572858
-1605.141812306627 -6606.970073639375 -9570.493161758446 6899.696417510022 9676.795975475474 -1029.161222577728 -1340.7683878199168 -2262.3056112077575 -7199.909531875632 -9718.695530002491 1247.6607983495742 -5553.101267379184 7511.835610458267 -6768.038703444072
-2777.219260103987 8412.740059345906 3534.4490452640002 3503.0695470104038 -9654.425656251851 9107.302235750532 -4851.647383152944 -8559.57876203975 1447.9050628723853 7119.331255671201 -4597.453708150103 -1729.186071149381 9776.825539567417 -8913.675182011752
-9077.975209901346 7617.9736756772945 2318.0003300388125 -2042.1933949150398 9279.719857292243 9390.016521694834 5399.805603802037 -9809.515115378998 -3601.4360769842706 5988.302144022968 7691.384660684249 -3305.4709798372705 1459.4038506890047 4935.699834483668
743.2344952990225 -187.80599685857123 8644.977962127592 4889.86390945888 -8820.817976069042 -1199.5869647468262 -8341.489778068952 -8968.766053198393 -4090.5762184631067 -6205.786890945488 5055.162794953432 510.80157215078 2597.2138720818366 -3020.4876040550243
7533.679883241137 -1687.331738255869 3234.228186618815 2583.5173786077794 2719.644624954233 3825.5476598940604 -2878.1589510365293 -1497.4956582246396 -3407.261669843513 2512.34176681972 -3384.6412128437332 2768.421950372187 -8802.975930992608 -590.0943030255585
7619.935433009625 487.059803721153 -5990.037216227455 -9215.526316104562 9172.330115941026 -2161.889102296499 -6968.432681376349 -758.2410778471676 -9952.794788882278 9477.142437293362 -4725.368750283743 2679.8118301205996 -4648.060243881185 -2812.0336167836467
1763.1678914150343 7425.900340915054 434.1147676729397 -1179.9271471829234 8865.21450286912 -8280.138008290394 6457.869951147535 -1672.2476182611226 -4088.096511651649 3026.0729037342207 4127.651980472632 -2452.8190354109092 -5087.600918458621 -7873.5324045180005
6520.940053350849 8499.339371211921 -4823.913260788016 -9445.75421725212 -7811.6080016308915 -4775.635089242258 6090.440285296047 9488.381802491916 -5359.621620768551 1698.791152661819 9832.593187162918 -7891.277328378896 -2134.5462361896916 -2603.44129537732
7646.051641742826 3293.958085648237 -6867.614568428837 -5359.682888886437 -8146.97864131152 -6602.881285893596 -3126.4238985233715 -6383.762636654283 -4369.08786251226 -4488.434074252963 -5313.9653316921385 -9093.827059107769 529.598237221986 -9819.823523112615
6631.1278356412295 6197.265821207147 -3835.8117564446757 4711.870691335296 5416.464891981706 -6363.162600774445 -1985.0249185389712 5332.8887043706545 7968.30685416513 -7868.010456285529 7907.024399590435 4478.588828723545 8636.978181461349 -4168.684549783703
4355.585893703696 -1272.104652931046 7909.345374888446 3780.562349370446 -6538.178773978753 3042.520433635289 -273.35496489536854 -7976.716117846217 -5378.672991547009 1326.3674233875754 -4580.567138005249 -4677.509809861193 8214.95649133782 -2078.016134100797
3434.3537268798154 -647.582363963098 1766.3017298553077 -9337.617004553107 -8981.782599227541 -743.9815844889072 7615.554171524851 -6082.582272724298 927.1789355211586 962.7605455065186 4966.605682624529 -1469.529793110918 6179.801661214597 -5437.557259616766
-4967.230233003253 -3223.152855369809 -2361.196276609103 2055.936334697217 7524.211693641606 -8301.973057016492 -4075.603913793575 -2601.327496306123 5471.6161536791005 -8864.276007245482 -582.6632881340465 7364.873782243583 -7199.944641997094 -4283.099996935598
3952.512834671157 7175.591193098491 5014.858843113845 1901.1083740877966 7789.83643722914 -6592.668649001456 -4681.692522678955 8098.442350592824 6222.3485385514305 422.7679832551057 -9485.906721048485 -1469.7846269760812 7403.563809037249 -3000.006190353777
-8668.270216008232 2068.4075484499117 -5769.045777395845 5089.802274723423 -3252.689292763458 -8774.69541557971 7664.619036691161 -5156.893475053234 5888.423634829611 2976.2288788733513 4413.31891307926 2171.957475540403 1176.571278683241 5469.49202214811
-1559.9678700895784 -1398.6895300951746 -6523.351352857627 -9794.014813508402 -7121.5742694279415 -4490.150261458474 -8648.498438518465 -3180.77442256649 -831.1266129836658 -9063.86236033487 9505.013405222762 -6484.995620579352 -5704.3230472859195 2242.249931874836
-2546.263312130326 -7660.237862361893 -6982.87012153378 2613.241159052108 8944.614082822605 3973.3287977306463 -5774.308261334435 4192.472049735241 9200.880518748178 2165.3767694761264 -3585.740861427167 -240.5692020625811 897.3482001325574 -7011.524388451731
4966.194256751307 9727.088478633363 6736.825978038749 7969.8634280146725 2615.9526089175088 -4402.185895304667 4024.845568267903 -232.93316222437716 8582.783153380471 5131.243213847196 1758.8203776051905 -8563.29818915005 2027.3909660227437 -2500.966025464517
-8435.649141900727 5910.658767819321 4859.631100061337 3244.8320151621774 7989.007630749784 -4998.085540158235 6485.745268350398 -3705.3776059426928 -6080.349167969565 7639.2379992118 8116.882467957603 -5092.678581388151 8520.819065475265 9291.777386821232
-2379.2144619903665 -915.488771557717 6184.905724750732 -7497.603094527492 5539.934140002004 8058.045501744295 6777.816720928295 -9045.387179950498 -3778.335872043026 -8853.469273941395 2267.2527520016047 -6311.295763365235 -7683.771740205904 663.3103776802436
1542.6302300139505 5783.5359825661 1305.3094238007543 -4403.3056220885155 5239.967227490624 4674.457147998044 4073.5970436271655 441.54302368213575 -7888.931464568232 -5966.851734356491 4153.798502456704 -4601.096515277325 -3992.5949916382324 -2618.2854203369834
-6404.365708469897 -3277.642809765871 -7734.906015071838 -4171.512306855656 517.7659521355799 6571.99481978378 7728.758929731641 -1270.718494409617 -7407.202351703972 -299.9997926889373 6497.728100157139 -1323.8528454710904 1637.3718527582932 -9958.82338352706
-3660.2695579707497 -9744.973742583676 5032.117777890398 -4294.481756423203 4511.111272454285 3831.680749711848 8587.081249758423 2196.4993860823397 9836.074439783395 5815.104151901474 4626.774227927215 -5761.605994554979 -9569.504294424034 -1801.5250105455307
8918.176679310764 -8573.670751841111 -585.7063546923564 -2742.938208685715 -8900.292338652822 -5308.029804991148 9662.45898012352 9712.878376664663 -8084.968370897481 6035.615889636667 9320.82809433616 4633.034867977187 -2786.8858456533417 4281.902243631173
8791.063702294432 -6237.4997119059135 -8050.708922014611 9024.14162207103 31.437949819177447 3838.635635036666 6741.5700165848575 -2609.355350433142 2272.5316038226356 4375.047916997573 -9260.08121610855 8972.124267048148 5972.333264227524 -9902.929127620951
-2627.7256855357737 -2310.353823649986 9912.920206205046 8891.648244019918 6635.799023678206 821.2178735836769 -3484.3206820102514 3394.9103372141144 4277.6534702836125 -4598.33976885802 -1094.342930397268 -7947.14544887221 -8308.232274046979 7581.705280284459
2132.038384720394 5643.567757272838 -7119.814798186997 1372.0785711048375 6083.3735091987455 -735.9188206574818 5179.191411977699 4645.362658911907 -1557.7993657084335 -6493.878923370377 2381.3688893505278 5446.792090459054 5256.274731807895 6584.667109294514
8028.899051113673 2679.17033690885 1791.0149118246463 -8887.244443641152 8851.27610211635 -7860.096493594185 1634.115246786514 -3131.243179632661 -4936.611959815502 -1427.5484447890394 5144.6345636107435 -9542.705562864621 -3456.674757057487 -201.215509060974
3259.536590775553 6345.064700833056 5794.731177983598 3753.606053306812 9441.753254597672 -7141.98725466292 5678.128602658357 1444.5913255817086 -5368.766275918489 -7704.985793317165 2064.6149771149485 5831.271890983702 -1723.230556146822 -849.063046317604
-4027.8227034373112 2375.9387537908096 -3210.627652590816 -8628.950271127833 5843.16214500356 -8930.474767996928 -6705.524548481112 9714.613421853384 -9757.314863506263 1452.88710234067 9623.410906552861 -141.89139664646973 -8079.170482738574 3843.5640408267354
3150.910102881817 -4164.893757039494 460.18696924672076 7775.806974267962 5086.436235169522 -2672.091753546597 3137.288689763116 -1638.7948990026216 -7084.156014975955 4200.447406812093 -4107.205202467816 -6895.855276679567 -7535.722536552156 -3374.022877112544
2889.211703405872 -2080.2883571522043 -7600.555022699791 1899.2643544823259 -8618.66205669526 7300.85281426962 642.7561894240771 8060.158060214104 -3234.0806526621236 2595.4379425052102 -260.35698635471454 -566.5415877508676 8547.625460784493 8839.620370291621
-9936.350516763036 8905.288985020328 -864.4048113289628 7413.626529962832 6638.265464745113 -3084.240889810503 9394.06267526907 99.64637258107905 -8995.842964674428 -8652.879104567039 -6251.661930463639 -9996.552836220855 -8669.646441536433 -6131.3228978636935
7026.890629404206 -5056.560169159112 2128.269752720691 -5668.648956931182 -3439.814726258659 -3659.515248195453 2811.7462398573916 5364.803788265881 -7015.749577564367 1631.336189004478 2191.9881876638883 -3497.032444888986 -8190.358214888507 -4716.797711085412
-2064.781051517117 -2100.7894744963514 3516.057442713929 -640.9393411736401 -6752.047868994946 -1648.172524857955 -5725.569107603918 4524.072561465178 5434.010160657734 6743.189436622895 -6220.160663091832 -4024.589373408793 1248.867286873523 844.2363712304304
-5071.9471424257035 -2744.2266198552497 -1569.9777101194359 -1462.1646809042431 7002.54243218288 6515.922511670327 -7580.211367363392 -3649.7452171504037 -3492.3592252267417 -5826.914230779168 1903.014475157217 -2524.6041268273902 2738.4090725720835 -9450.143769549653
2672.7896746992046 -5992.449763841896 -7886.457104285471 -8167.444148312786 5990.385539903229 -1407.5501595023088 -9704.796166053324 7735.232740711523 -545.6404649015731 1328.0017257619875 4059.389777780243 -9423.919139775824 -7547.958690487369 -3365.878957161579
-5206.529533693131 6577.822593756056 -1564.0419855441032 -3596.8173179044124 4085.7002850960034 -7739.28338552756 2261.9775885142008 7626.46777345513 -8760.826359980196 5813.251271608988 -7856.377922365729 8741.409598383227 -4533.946415259913 5064.4829127518315
2842.2013492542756 6670.963944074581 -5131.300537985286 9032.469551205308 -892.5932874674181 -7862.597832335041 665.3529649037373 3387.498569983676 -2494.276326579805 604.9363829495142 -6828.91262347461 -5098.003833736207 -6070.099799835447 -9090.421686812746
1 14
-5363.189650848616 -8529.591824344498 9698.866983806583 -5132.598037511553 6252.377357461639 8773.792146480715 -5057.946382444018 1550.7173533082314 -7046.25193314165 -5143.587170196309 -8634.465084751997 4035.8555666815882 -7920.008138160956 -3892.7307812824383
