55 27
6396.131416807206 -873.4131901140281 6230.18095880798 -122.8818232653066 -1436.807318554882 -2056.8447758722996 1252.508617553276 7839.164426233136 -6173.161262229367 3667.171307155597 -5085.670054752461 -7908.70542780975 -5716.396170530164 -2943.741230485575 -1404.0633746123167 9789.239625241342 -7324.560962308089 9786.778601666407 4130.194672806128 8727.118169905152 9001.109439672127 -4116.1583961948445 517.6302310189658 -7315.241485713324 1046.5035624390475 -5810.795881446597 -4333.463734287484
6807.741137858426 -5827.022656745884 -3744.753954703501 6474.879946717734 -5324.5931502615185 -3086.7775483285723 -5887.122954255557 4750.3181960057755 -9858.20818798252 -3229.9666207346836 -5254.600417760942 4833.155783913102 -2118.6158051332104 6709.4643210240465 7955.644911081017 -6847.894194262846 -9330.312657835198 -796.7283783168004 -6228.038193763097 -9279.690542916662 441.451582418169 2902.43957781644 -2055.535327366413 -1858.2390526073668 6992.639938017674 -3394.74694985068 -3697.0136081022374
4251.777239759207 -8724.306515149536 8880.468512972398 -2096.1910773992076 -61.496688371147684 1620.9314117756676 -4162.796130106134 8623.74013831775 3068.6098119598446 1360.53212708727 -4388.581795018161 -6717.409222492914 1286.6747020004914 -4397.660778539125 -4984.118202464154 -7425.99466141205 -8140.393690699834 3841.971534280008 5969.519396802185 4066.9969292499736 -9086.60007156594 -8475.837083381075 -4505.202457601194 -4212.704555408138 -5279.707379283669 3244.8259590499165 -86.26116316335902
5347.569389267062 3097.464112424843 6128.9302334756685 435.97878995979227 -2156.260812395627 -3648.0123794292103 673.8202165067833 3452.4055360659204 8270.747623039377 5265.3732343772845 -3089.8790586024143 4721.0227931084555 -6057.861970095277 1928.4651989760969 -9292.619286686806 -3485.521083298153 4000.8697303614626 7718.422534184872 6893.294245291996 9517.320592796696 -9862.930533089086 1641.3721616013645 9869.569858594867 447.27407490333644 2178.402208036463 9041.040111706163 9504.163491247338
1245.4867926422012 9636.55084160926 -7473.5239069681975 -1174.176779692114 -7791.08788883532 -3458.2259079262976 -9537.478396113082 8891.371923507962 3298.8002323203564 -5889.572269455348 -165.6368572562751 -3934.5430243154733 -7123.937601404602 6916.889886670935 -2823.013045464444 -184.43458157554596 7849.450217404748 -3604.9799510541234 -1149.1907934286955 2225.6121406467646 3018.870138657914 -2978.741307805559 -796.5505814749595 5915.34443407545 6125.035020711675 4316.701419172874 5156.524971760322
-8217.291051955675 -8417.441638327085 130.84745324789765 -6046.2326944334445 2479.2747881750292 -2490.6474758933746 2794.9153178510496 -1903.815142673402 -693.1351604238826 -1621.091556577945 452.84007902736994 -7415.143220287732 2899.669972905398 -5432.889562906076 -3485.757751670404 -6333.388785538233 5395.151140820604 1836.9022360849067 987.4070712506254 4472.935479651034 6891.341896878534 -7300.972533660168 9015.53826292024 -6310.871540812171 -2121.2186323377073 9086.822349716833 9852.094581578953
5091.297650640023 4380.178270208213 5275.923850374098 6164.461657187167 -11.584055473234912 -7724.274555340429 9956.935875285973 8593.771175263053 1305.5921940249136 4929.558420610278 -2321.5889772719293 -3535.0010375404 -5245.7040808648435 8096.7830071909775 3278.2001100796297 1662.5074682169543 5675.579225754558 715.7683430843354 -3976.637279602449 6472.684320352291 -3785.894361175432 4192.5838241922775 5446.684806917505 9952.102111760913 5033.53960797077 2229.890891616129 -6240.291287645441
-9810.907018851769 1674.6684437751537 106.67091564266957 -7347.410384757373 -939.6007696364904 796.2512739770718 -4858.728505792263 2331.8154263678443 844.1825672627492 -6959.869387100249 7659.339337200749 -6815.935678190736 -9737.557439807422 -6002.161557822465 8040.614401904175 -5884.002358373424 -9543.514029392867 3218.3014406271013 -1307.74331145227 -8392.0796068963 530.06752213644 -5200.078719422865 5098.972626913872 -2314.7967155847064 -966.5101174612664 -5163.975481350251 4952.496695722359
7930.773648700055 5702.522940683672 -6375.424739891105 1800.88800395207 2209.513871882864 5973.741782776551 3098.640117447656 1968.2526723297597 -5492.65920037719 -6394.260442981749 -7868.6211085416735 -5302.02580851084 -5187.225245511036 -7886.57757020524 -8550.295253790951 -3158.3691174333353 -9023.517898299542 -9942.511660307035 1226.5447030017312 5563.295552893369 8433.29147768005 -3143.9243842173273 -8922.493247265129 1904.7559994287058 -3985.8717226333383 -3301.7332203610094 -2984.5148485599093
9223.113978915404 3382.1576265544754 2018.6315787255662 7166.0446719308675 -6006.907385985001 2577.7277276607765 -4314.083149342578 8555.90671546691 -8162.480039846869 -6483.010741611546 7682.513857154783 -1757.9057699408368 3252.3217156852716 -9008.706149706031 6295.931744798472 -402.03526293103823 -1685.456625517374 6870.198500249917 4181.08465657228 1765.2031181648435 3515.3077274153093 1297.3176489199159 8189.363770791559 -5560.5079715532565 7060.5895404848925 3505.8665215805067 3625.764576870035
2633.476220934499 -6593.703812130123 -9276.679778920512 -5065.279390295028 3281.6119600024504 6244.569302147136 6915.270916236812 6964.638789738481 -8176.527980637538 2643.159587709297 -3103.099440974682 -4448.956872853933 317.04114470062996 2842.8047962020937 -1636.1965952462888 3970.0022797636248 999.2474731875664 -3935.7359812074956 -7944.915187472621 -9146.602282750539 4495.438389939083 3223.347340343669 3622.1372994390276 3703.310021946947 7382.439364123591 3365.730968575477 1637.0607999063704
-5989.339236826448 3156.226658632937 5254.108798458206 8056.662780579038 -3756.335799240991 -4825.232263411723 -9587.878405756563 5474.457657848607 -887.6274730521745 752.5055075240634 7908.4822244797615 -7943.582781870788 8491.951626341128 4142.259164885618 -1954.3849365099386 -5008.513175335125 5700.0692070877085 -8472.112327222927 -6233.436735670563 6991.173513821319 8903.976336999614 -1297.6563086762308 -8477.810607925892 9981.60579910738 8824.829110199309 6143.280083442756 -3981.8941331305878
-7938.898142870798 8392.008677301914 8362.953881495865 1868.4805572323985 -9360.49651648196 7053.612079232735 6417.848191384932 -481.75414146222647 5237.649931548567 6337.920556714127 -3154.566052050287 -7116.192053389727 -3442.763644583979 -8464.616835174293 7563.995855094592 8126.7386484028975 9508.805097454922 -2988.4180253092363 4333.453936940021 3597.0187268564005 7131.168243569871 375.3171423263793 -7145.579506126611 272.0784622875635 -1471.023489335057 -376.6266320730956 -5903.343283861304
-8279.134074735552 -9750.712373369188 -3035.29089168457 -8056.848425355585 -6337.75574033979 -7164.48068415641 -6513.652332154803 -1269.3748940721016 8898.556306198116 -9962.53554697549 4400.883064438292 -1746.0429974621911 4553.516858515641 5606.554903324706 -2796.39683445204 5507.020854348208 438.0325534715248 146.07212181609066 -3381.1527912964293 -6789.116922763814 3837.919621447836 4345.168743052538 8833.883419375528 -7450.377569516235 -2018.171310231065 3549.7691300312435 8279.655600205828
-2512.1715507938916 -6701.204023721708 -6827.828422102984 5498.117777982741 5449.562379451927 469.68160260298646 5969.761144924867 -8042.631183522706 -300.08887947160474 2182.537024971245 39.45388272937089 9681.910888545714 -9421.580160814296 404.99024178635227 -1819.3327384616941 -9364.023030452849 -6153.4591711395105 1998.4568381086992 -7131.000329645174 8614.196554386162 -6081.859907605234 437.7393155779555 6965.431672281804 -7087.260799374975 2363.939363507752 7119.147022139638 2372.8318636989625
3524.4396863889397 4121.029417566531 -9833.08148907204 4781.893713104526 4126.584065537903 -3152.840617115302 -5318.594621314587 4728.306396100945 -3539.424755669227 -1347.594303323618 -3646.6445021895934 -6055.823453631133 654.5203704754658 -6289.846261520424 5654.87718074789 -6197.111537901581 -9610.896066659168 7426.88343065271 -9203.381795051511 7443.156551267937 -6673.494001492692 7009.704369852378 9755.73582940943 -4802.621618957212 -3284.401500868459 9988.394479538129 1249.7276670397277
4473.924471835231 -1368.947215718832 6198.207670731294 -5973.2597677140675 1331.0422044692477 2177.171118658067 -6911.166258303563 7886.515231708334 -7417.233608912578 7049.638475443306 -6819.48685709614 5276.515724334689 -5188.901563203763 8552.957443599058 757.0617897674019 7164.057849187215 7801.3199471272455 8173.484526914202 9873.590338753595 -4184.91248674282 4157.4833570996125 -6681.601674940809 -2223.7784315717972 -4469.032614537178 -4594.335995528547 9875.794329434008 -9284.854838797812
5322.8479633203515 -2328.8622134048164 -5236.353729257806 6465.0012113267 -100.3192131673386 -7036.713264879358 -8601.590346248511 -6856.098896584932 -3416.3285617583997 -4247.69556205149 8685.299809623684 -6769.914326650602 -3830.058949070676 7319.9065583513 5058.459500265928 -5866.171202758234 9092.538937802423 -1439.2267396714324 -7494.606377765591 28.38706327082582 -1373.9449723817306 8131.805551856192 -951.3765142066204 5592.414159691101 -4089.5499459866323 3091.070637934963 -397.6387591345356
1440.3259292473995 -4499.182266169819 4738.920950154743 -6671.899320130888 -2286.7893892535385 6478.472336132218 -2406.4866659882855 6052.330341920795 5573.989053920464 3466.3378853012073 -7077.228711414551 -1050.4641667760152 -2242.228930026531 3259.8103992030683 8376.403791153982 -9657.4141750318 -9044.18212528897 -8514.285367368904 -3160.0379237962397 -2801.8801686169345 -375.66286469621264 -4550.885524734629 -1358.3100832121636 4854.350169086183 6383.931234171214 -6947.312450154246 6338.665778320004
-1417.1334960136828 -1688.5567230347933 375.44184394507647 -5770.235426069829 -3741.1482476121137 8325.33720109145 388.0898825045988 -1095.2924436445337 6326.151971569172 -8932.458148222444 1557.566304918235 -2681.0747112342106 -2149.0693845977084 2288.2640108539417 5283.084864308734 -1805.3044094321685 8364.286983343689 41.30247487937231 7912.8128705635645 -2857.1011895143592 -8490.0657976125 5240.175047393121 -779.3245405897742 8795.414574383314 3886.6912378729485 -8912.900754798586 6912.0379780412295
-9638.275780083299 6542.965204996646 -8298.780404236439 9800.181362898926 -780.5402225791022 -8401.854978314706 3913.489879942914 -9280.842170883807 -7171.324052635608 7660.226379383181 -3481.67260258474 1719.7245337470176 -4858.920824270008 7324.165936103458 -2140.680579097605 6414.97114475616 9978.470793845558 7763.550101449946 -742.1504754095204 -6362.729721263254 4340.60384278639 -2444.0917065481262 -9858.8527388839 2960.547482943457 8074.1246033524185 6352.653006478431 -5842.740697268018
9483.849052860482 660.8274096780351 386.50546996621597 -6745.5714025556545 -5688.801509117554 -9763.227966111659 -1248.217051484433 2852.7171112748365 8658.933682143073 -1225.9399458820772 -5648.788922846735 -3794.690037446364 -9569.947757755008 9941.961919110428 276.09106781040646 7729.046382673769 7614.012680203934 -2597.630783299621 7784.62691914933 -5160.237919785715 9221.358375340878 -5351.254586851915 -9015.236664123498 -7143.110967561264 5311.5970083884495 -2393.335285460814 9170.35092258612
3336.9748693301244 5212.06964399318 -6081.345815122157 -4182.206166107687 8478.030446097626 -2731.3907589239325 2607.4801612604097 8398.802681542045 -5669.159935768571 -1183.8653339861012 8898.866600104971 -5187.270650839555 -5007.920914883351 -6757.447957546292 -8702.940970205049 520.8521526318982 2517.312820719226 -7766.873195493627 -72.42724914734208 -4813.947481097273 3470.074190076921 2838.979309782286 -5494.001125030763 8628.313381613 -6422.91412084542 5144.452107705454 9082.38870204808
-1077.0585563293353 1036.9090886510294 -4474.2545784576705 -3667.5539885167145 -5615.867880006873 2075.633206435323 1884.368143039761 4953.089061094768 7483.592351888408 2542.1941402538832 6832.197681516198 5881.581017627728 -8553.177358624705 8364.315414799872 1756.2087424368074 -8034.231832962498 -4166.226652488647 6788.451949756331 -2716.83313988833 -511.1463160046933 -7971.169992772273 1198.5820867377479 670.1896868536824 487.10136372353736 7389.164351109484 -8393.90144764154 -9478.832684687151
7460.855766762055 1079.9391714535286 4704.68935180874 316.3115067999661 8647.736470495129 2541.521601517692 -2702.8660761990777 5790.307028996018 8232.076176399234 -8340.407719012821 5285.867587741517 7732.432815482811 922.3841247547334 2781.3928178816604 8470.335322720544 6197.279440456634 -2595.4166826380206 -9108.961300658955 -9206.346968426717 6511.775425602416 -9806.957144112497 -198.44639924001785 -8483.558129221086 -595.0278997987971 8705.620163142972 -2406.3923478887036 -9859.53013870425
1616.235280177234 -2657.160432686376 8564.009251213312 3732.914504552553 9928.07018362769 6049.352558379522 6318.254402757286 9440.506335457983 9079.708792510068 -6001.8238750042 -6652.5624541201705 6992.170101180705 -9779.24646560139 1851.8716041490934 8877.893803230425 -1978.7152508897752 2380.2021278877273 5626.845607082549 6643.128346752634 -9000.983102767035 3711.684848533343 -4460.702576657778 7138.491879594876 -2817.250196418604 2.239469439831737 2316.7947726638504 2665.208957274501
-8371.437624266544 -9668.753828548031 -4669.697415631828 7630.994716791094 -2603.3571591772707 -3069.0470741042072 -264.3571043418942 805.4277863945499 4551.6458860307885 -953.6435282296516 -3928.320442597713 -5226.701194371002 7241.944451649313 6738.51319245882 -9894.970980682054 3990.4796981375257 -5273.916699915051 -3440.904138759309 -5575.593017318075 2851.7805250823894 -6761.95546870944 930.8455543398832 -3377.9875254930894 -433.8149866123549 -7506.813015915597 6362.297350678451 1015.3196221247708
2819.600259725941 -9467.561384077173 6489.200054083667 1476.5907147156486 4158.057178096929 -6456.331653675625 -651.98094094097 3439.3692741598916 9398.167937039525 3230.253541281867 -7878.305889066172 3323.8959993512 2440.2025619564192 1807.304615625204 4186.859107726599 -3705.8060687020024 8839.799692257402 -5021.074963345415 9249.450714350209 4395.998027196118 -878.5908470188588 -6418.4213146564325 5150.259500343811 -5331.533376697792 3660.315172411556 200.60849382350716 477.80596178685664
7554.05616764486 -7832.476184055728 -5371.965802070881 8528.077395028893 -4613.119708394153 7962.26399379838 -7136.506711092714 -8793.560223564127 -9597.456444506171 -757.0299769147987 -8236.827813177055 -2680.8711804632976 9364.796624964474 -1306.7509441492693 -8074.134986134755 -3467.2596555854216 -854.2192056987205 -6740.125800892596 6351.857187037282 -7977.889719739906 -5000.888172222335 -396.5982434490761 -2835.026200483663 8701.704998156914 9718.86682858898 -1703.102266132215 3949.069007577671
7927.96170583069 -2891.0284135448364 7212.829129134167 3737.5146450608518 156.70815869194485 8253.676743809101 4197.903035329422 -363.24772830233087 -8600.97928061338 -6101.795989751456 5591.354102721256 -6998.9502613063205 -2925.5691994675035 8664.383886309795 -8000.048934495791 8875.347727059729 3885.097676939291 5579.933583389651 5411.038509033213 3998.731474907061 -1997.7385647872352 1344.0292774751724 9374.373484072632 5732.808073252032 -9826.55297853713 -716.2223841230552 2920.6768000412285
-4372.924618139844 9967.124082537804 9987.196654633273 -972.2883639965585 -6044.460560198799 -5510.1484149202 -4545.58863369265 -5879.390538251566 -9217.418475505941 -8617.340547533408 2428.4754033796344 -714.6184063386208 -1680.8094970168022 -7260.648558056952 -8750.343528404941 6350.593061758005 9645.663368407346 -7740.461082171963 -5792.109435244579 -4427.504625081071 403.50140310953793 -1820.5052588358276 7845.388763409515 -1857.7380561876562 3400.3034130677534 537.3842891365457 -7546.390393203626
-4726.51146293501 -8215.144862600491 280.52583464033705 -3077.4034173982654 6478.541859642519 1875.8496288290717 6588.266538074095 3799.89339711275 334.9721143779843 3305.185207887005 -5387.270576556404 -2668.711305942168 -3682.0694024133463 -5303.790634188794 4302.716864799699 -2796.659037271532 -7748.610540290079 -8423.564001009861 2433.1444670858546 2151.938490619601 6817.191472986331 5007.586764424075 -9889.299813234351 -2777.379836067431 3706.9316791057627 -7250.771172295136 9672.547465598815
-2197.274202520536 6777.720275846445 -8370.06920499069 -5950.733955662866 4745.792476919067 3697.570046552306 -3980.6892603679953 5681.55265791849 4033.859969003819 6442.83164613141 7104.793169291792 2424.9672217707957 -3662.7841601830232 -2110.8835496705033 4207.449339598161 -6093.289209015802 3219.2879278607998 2549.967242036084 -279.7678869559659 5371.967971901351 -9280.76080362241 -4113.526448053733 -3396.0932044814226 3675.043275632357 5955.173268052164 -7914.430813675375 -5089.864381129619
7184.114618586522 -5547.792212450231 8202.77429887579 -5770.387635653462 -2032.392746580982 3440.3298816599618 -9264.424525020711 -8818.307686248965 4543.067718437802 7325.175497478129 -9791.865574575962 -6319.373880828216 -6341.411890183257 5934.260900624313 9896.848450274512 -6066.590102762055 8050.442717012218 8415.299887121411 -1248.2169942449746 -3722.7468386701166 5908.1430504972195 -4609.259268745669 7266.883387256097 -7323.222698807499 9770.708715054825 -1754.628643040689 -7460.136534241679
-3567.8884906203903 -3045.7666232423053 9955.265819995402 550.5894139810243 1492.8463266752788 -9068.629675069693 -5606.304878666335 -8232.081493004642 3296.5352354901042 7123.908370907571 460.9247587180871 4428.097093558825 -3105.9997828077558 7318.864095037017 8214.85895173375 -4213.309833221779 2773.3896779571587 -9534.503717716934 -7431.958028429246 5542.3640578347495 594.8283065052037 797.3340697516778 -230.9167619877353 -1257.178955522595 -1272.1726834940291 8986.042148831202 -450.1638634134433
8749.777157129283 5357.943673106145 4304.704996591465 5037.249205857421 1117.4469788771185 8741.93630826013 9831.092894556728 -4901.38008035155 666.4504029590735 7072.280885786931 -6573.825319805246 -28.249154125773202 -5575.562033478114 6443.250406552848 -8781.071420095395 -2526.1761870096925 9688.946553514776 7977.304041308878 -2747.4041572441092 9407.134397601738 -6630.054443565463 9821.580782395915 -9362.99243947351 9184.263077985655 8654.78434020648 -2041.6397641465164 6683.2201345672
-2840.7262534391784 3520.015794028097 -6733.321021968324 5319.951189661844 5264.138511248728 -4278.392598914052 4555.395425823754 8609.111258088567 2876.997678609805 557.9872717956987 9047.802274812773 3713.074618254708 -9089.067763021943 -3547.3491135194117 -2553.6160587864006 -5850.657711369063 6099.496220716119 2144.9993311942 1856.5130822673364 6605.544793241901 -7137.175678960972 -4381.2467277931355 5914.133313255521 -8456.149276560922 8191.475500756831 3365.3110967899556 -8445.508972056221
4053.876150706117 -9206.602865271374 246.9698241313472 -6209.839160499338 1036.2353046511325 5928.347801159298 2251.146204743529 7807.899707812339 -3293.7432344214158 9638.240069554467 -5200.24179945277 6244.187878803141 -5935.477595898075 -7945.496260311919 2754.3943555521164 -6450.068028967848 -8622.885721007498 2324.467542518547 8675.02440432887 -2893.5619566626046 8903.90208397506 -4677.2100987817275 -5996.649152792997 -7714.69283808328 -2347.4660612610123 -2906.2819274015465 -9414.900361561462
7557.876310905027 4190.706891559994 8196.139348445657 5656.42090234213 -5868.173778926355 -2787.0295348062273 2744.2981383193837 9513.771351745629 -5719.95376732366 9685.521593205416 2175.95456507402 -9211.258024042989 7784.234439488351 -5340.731893758252 -5185.721560905323 7770.671720756865 -2511.227188946268 3030.0878722882844 -7856.450119888641 -8584.348721344166 9857.579228106744 -1781.5717057026868 -1748.554171146554 3337.7742169543744 -8116.5645657122695 7390.858606126756 2134.8483073892803
-4857.518794272333 419.53946514670133 915.612874191309 8928.403363152505 -8436.408511112244 5337.38739116171 -9537.023847307153 -7853.970849649488 8532.750657554974 7071.173756436281 -2796.2624666342163 -4170.475472249349 -2294.240654424484 6134.865570928414 -9020.649955849824 -7121.025568084414 -8557.433671810408 -9264.339509574558 -6714.627426116744 2576.153668534371 -711.6875628817925 -1123.7097762501908 65.40831721845461 6090.641238476523 -5677.790078839839 931.0197750903153 3060.1057802973664
-2104.3781081524785 -1921.1806512281446 -7763.540413856012 -3345.5959249926464 7801.78971609594 1224.4291924555855 -1211.5706349389384 -5638.619067798836 -4491.064767327677 8632.550678826366 811.7855624671702 -3273.792319314217 7693.883356585182 -4160.695387302418 3292.603100028473 -6250.972282220908 -3950.073806357417 6272.126036353291 1491.2706653419082 6221.772001940606 3966.820978086953 -9517.575537981073 817.0339565392987 5393.354193783049 6920.637929288023 -7652.41553576397 9161.648681860763
-3026.691644727426 -6659.23202733361 -7158.673211529252 -7351.687367488106 1481.752016895507 2966.623267235782 -5260.221383162373 2110.3136866228797 7347.766395575378 -2608.2797741996246 7065.617379973344 -2693.011144549567 8972.649927437284 8401.991426018976 2866.4449739695738 4790.595857566537 -2542.7771482920416 4433.981140727894 2464.005045415106 -6580.268327674168 -4854.176016428469 -2304.082547165067 -6649.2651057908315 -2559.335906193761 -8587.69434759962 -6980.4734628774495 5561.590156880216
-9354.072400057592 8896.708881247298 -9648.587491789578 2206.4479989538213 3968.2931698283483 -9302.772158937407 2605.3828924564114 -6763.347804889701 9053.98107434624 -2058.9422748053285 -652.5434031483128 -9593.528731332388 8515.978324911786 -359.37220844362673 1452.9028428211313 7938.546475337327 -6975.673278572649 3567.7241479977856 -7279.662172386803 -8899.112972503672 -4402.158553900126 -7449.466718396276 -5243.413826402685 4232.087570931393 -8238.259585395506 2611.722393128901 -9267.375968946171
-4651.141343568179 -9542.210604322021 7849.908990544369 -5763.029898847864 -126.83113019462508 6806.071051915933 742.1500082090333 6315.381364198638 6078.4306702525155 -3570.7378389927835 6373.766589443663 -1976.7239922739836 2072.4479012520587 7422.768554135055 8845.928780947823 4264.3956743143335 2748.0540860082565 -4160.764937736568 -949.5905286005636 344.98913631352843 4957.555336131969 6006.697912836982 2069.1961165245884 2763.682973624238 -6440.441445684342 -7563.8626106024 -4705.9098218698355
330.7890778918627 -6593.243247338678 -1306.232685069137 -888.6726662660858 3422.1337763096126 -793.484741807586 9392.584787972235 30.08789395923668 -7883.849353704142 3631.6436609549746 -4503.532755374808 9074.732890599102 -4163.051611377915 6387.128129985951 -3053.7850969394985 4740.872203897898 -8076.710860246479 -6931.362665691785 4905.086423136188 -5562.53236074642 8148.42428200394 1174.5296893771501 -2553.2399916306895 2738.597106222891 -3127.5206270287235 -6385.038933846556 2818.5046976419853
-4914.537268617125 -7229.279821607484 -161.14383225777237 -5235.49322738988 -2965.3852642537613 -3968.588783719464 6356.075039562253 1312.9220604360744 -7168.657434236167 8924.991424886954 -8263.92107945789 7704.711373593465 4850.470706701864 -4340.83997618485 1298.7505686662262 -9094.239915611519 -7071.774132273969 -2941.494877123967 -3493.8225037680895 1009.6275734104493 -3507.135195587727 2975.9295018205084 8031.108409137076 -8923.462340023052 -7678.485326746484 -3568.1493485990522 4621.380388371106
-6700.121167421095 2177.232602803091 -3398.3424306603947 -8861.506523025573 -8663.229274136918 -2709.458485640899 5295.691075179571 -1308.3685232588723 9826.289977155226 2187.060091754178 6147.048241304414 8199.614030148514 6236.034847321807 6016.234511741575 8222.812525014331 -4574.976225768859 9230.872979374719 -617.3087942485108 1640.3752458132312 -4381.471378840513 -6110.539901062324 2384.7710503415583 3668.7381819315797 2530.7708727988684 8164.914063703312 -5226.247236614585 -813.6033895944365
9677.487713911967 8563.179349801925 2614.3562480982255 2722.938333909784 -3163.073925851292 6777.7456330078385 -5515.223220617091 9581.665584975246 4102.415575598277 -1604.9804568481559 -5319.307723748902 9951.178563990528 -9274.21585379886 5602.006290080062 -7970.156870245475 -6804.08557172224 4238.886180490348 8208.760303765179 9936.67165526111 -1700.272284351693 7831.704063523655 -1248.4576195306872 -7794.714217334 2287.81818182226 6852.764264880068 -7929.700396091903 -935.827810377572
9656.607679730645 6948.052127616487 -4058.3544536757145 4777.7760251310465 7285.65514529073 -2698.3588493571006 -8986.538950315371 9947.875050999937 5784.321239982208 8279.477273074339 -3636.1849547600823 3678.0419269366084 -3428.1762928672797 9571.356329430204 -5758.693067772056 6559.717361325609 -6819.046009327199 1601.8973696052435 -9398.235346733758 -1291.839467579368 6788.531539009542 -4166.464422129064 6891.0227030731 -2995.8665353428796 -6566.9355044778 -9856.404658964871 -2666.848610047976
-7601.533911853775 -2664.431799956943 8982.098957164533 -8479.4209616953 8994.588239120865 1600.112606607212 -5974.059499046653 5757.438163175493 -7151.458779315485 -9678.399739647964 7593.018369300156 9004.29304977386 5668.189758122606 4046.04722012847 2485.752663102121 -4100.059141767456 -2228.3967263102177 3946.8360838780427 -6161.890244831334 -1815.9695620138282 6855.161944025855 3360.441963757119 3803.46743912658 5213.642287113331 5357.483153234856 7924.296977800186 -6899.760513971362
-3792.3756510061075 -6896.667003120818 7057.822227588687 -7083.222143188503 9175.143259128232 -6419.467173123614 -2058.7268992177114 -9877.410434357314 80.83042970800489 9388.749481489354 -3501.994182669161 -8463.68648130027 2037.328832983936 -2313.0039856375224 7522.889078754106 9714.455317522985 -7467.378394824367 -5055.200153974284 9558.602933720773 -1491.621495626352 418.94057079049344 -9612.932091790983 -2193.9103808716263 6632.197721152035 2454.399931299846 -2378.4411721485285 -5146.588399680308
-3895.9336998814224 4157.1103373458045 884.6692029246478 -9112.441240970536 1909.0879377662113 2326.4421812290675 -4907.120925574306 7772.781248392392 -9856.087085012963 -7371.754209198291 9447.354090723096 2659.6417992089846 7374.35126137879 -4332.740588856503 -6131.812022327014 1447.7042201231743 8103.582714237433 -2429.2476715668345 -2669.242040923503 3267.8741844928954 326.22590273915193 395.98029269341896 -9421.791612447545 -2825.7695744707244 -4208.034988909666 4576.689248031093 -5351.684616901029
-6491.8022486425125 6707.8220201339755 -8290.74584814599 3580.9452985269563 -7647.350604408661 5718.660992646312 9732.11573571719 9628.959845386744 731.6480931060723 3840.532523152675 -5199.073115629162 1052.1771484521796 7252.614213207438 6342.137252630453 -1474.2510838312046 -3221.933851602872 -9042.31054751365 -4332.695185187694 3598.6271372311276 2775.7350604755484 -6034.628443917784 8238.828724170995 3074.9911708437667 5589.209033857671 4570.968991049225 -27.145370411188196 -1714.553803457129
1805.5273692404025 -1915.4162368154211 6096.118084632701 1262.4444936536584 -6836.3957588640515 7117.044370244199 -9247.149755976485 -221.56422917376221 783.0843330407533 -5157.511394439376 7298.176747522419 8826.253343278571 7289.820089503253 6682.587304344557 -9031.28165297822 8602.427662664657 4977.338653868099 -7181.849856726834 -3874.0905715463605 -592.7309191488912 -3887.3173410702775 5163.443621135912 -3784.671938803186 2179.7811615207793 -1748.3210897054469 9785.03938833368 -1069.2652333579153
-1896.5877151275863 -8852.029754809742 1738.7633736142652 -3626.5981343959793 3206.912255924384 5467.806907604849 -2904.5623634711574 -4265.366642777431 -434.2791038047217 3269.738377695903 -7082.788765214942 9552.34923836961 -3823.5861483512326 7872.380264286294 3327.744102674069 7627.663520509934 5544.462391592753 1457.2450920868832 4785.557600207114 5243.523647604252 8985.111697353444 7306.64787765242 -3699.6032070237316 -3966.4477937975225 -1173.2036773394411 9244.404290444138 -906.6680228250862
1 27
2482.690497187028 -9830.870712041684 6226.246257979141 2865.5894292136218 -7658.955219743389 -4051.3271932237285 -3389.609984274398 -3224.0319186303814 2922.7012019621325 3375.402523848039 790.1292840370315 2979.2468069309325 -2217.7671356793026 -4825.661270606461 -1026.8445265562823 2104.3312377097864 -4559.914884231218 -9723.013613813942 9992.27023795528 4110.848535772886 7681.881420032685 8265.197947147233 -3813.842106775587 -8876.529694026001 -9246.938059796019 -1045.1016106194802 -4849.177337302342
