51 2
-9751.428410737026 1069.8543540257197
-8875.896967495886 3310.130641814376
-5230.665474095688 3229.727155128856
16.671420302036495 -7857.227665251831
-5997.060965830135 -1772.3587748760347
8961.71558768002 -7301.775520382501
370.91918779987463 -2819.1274924627833
8670.663613353277 294.9467632498727
7801.258551618139 9665.441125866524
-8900.731562121631 9070.229798586995
4985.0782772246475 -9143.51176411793
5336.703434330268 4894.338684919077
5823.133338256861 3330.1211312817286
-916.450849715442 -3253.34613914847
-391.1269713522961 -7157.530748461782
2636.6176236451174 3698.432174228734
4012.678035023313 2163.5486836334603
-4169.300786061312 -46.242085933912676
6672.502111308615 174.94601949633216
-9923.741719082334 2251.824856906087
-7150.300046297333 2190.223809595762
9186.471736646934 3866.2189503432073
-7422.79082916032 -937.014104550688
-2788.8754289292738 1980.366606329968
-7818.534982918822 2437.5492617133277
5640.859817803508 -8790.65070517784
1680.7546698264978 -7267.6979847003895
6223.557456668756 7485.14118101374
8655.949553246759 5455.654042218874
-8017.36448107339 -9799.821709666181
-371.32304707195726 -3875.3503113714105
8183.301749543145 2202.8009634120954
6429.753160750661 -5797.0183406164115
-6332.745303044842 -5091.636850885004
9530.32901637755 5232.2287077888595
4763.300784120012 2849.032731596537
5070.20524804358 1898.312882152195
7732.217717536889 5886.355257172656
3286.7022260427057 -8156.476601663343
-7198.118536604472 -8026.834927009679
-5478.8669366666245 -274.46657080588193
-1481.7055358100497 4156.522123492037
-7794.794384717714 259.96283128825416
-8971.56194323433 3753.7152844963966
-4946.939709154077 6662.395557070267
-1397.8575396667366 182.0472674990433
2058.1863427613407 -9855.189168851022
-6171.468255381305 -7643.437907460358
4519.82472443792 -9994.746633053252
-6332.057188145528 5951.084344666202
-7235.539825018044 -4823.917314797861
1 2
9248.357869504784 -7360.583062000099
