93 31
-7484.566161587425 8675.094977419663 8898.996482082104 2122.5625694738756 4282.819904425212 -6225.647867919257 1055.5835053883893 -2010.6804671321352 -8514.179780949406 2355.8385496467035 -2552.7061853845016 -9760.76786013883 -2627.343070417938 6866.918519830007 -6253.056469832183 -1730.1255855713134 -9369.082145848182 -9922.186057484425 9501.798709222858 -9296.563865348653 -1262.2996057126165 -6561.963782172608 8315.425836908158 2078.4804574193167 -9399.82093452175 5600.042950568655 9601.589905509321 -6683.712899616916 -678.1025499704247 2068.599667491859 -2287.710023388865
-262.9011060074936 -4839.469644888115 -423.21864711526905 -9378.843278856628 -3342.4162174800977 6555.4998299596955 -5392.929476895225 8471.797238991527 9325.580680993447 9740.318062756429 228.52543517636695 3328.3852894996653 -2168.4630607173895 4269.443772836092 5536.550159551829 -3241.658520194297 3300.9125738365456 -4515.754608020097 5529.876644056276 -7453.976523884356 4128.016227244521 -3776.799018287924 -7668.116185538625 -7347.569757495194 7232.457978230275 6182.024435821095 9382.501101632173 1979.1112480465617 661.3158586677127 2816.435749089156 7258.3731131063905
-5544.4544385878935 -5399.650751858473 -7175.443768362435 -9991.56228225503 8554.218891612913 7553.60442243312 4427.073350187467 -5258.471500681441 -1373.1462403194255 -9307.319670323695 -4009.6575000501207 -1508.5194695020346 -2182.99504279952 8506.586952234109 8840.090673629646 -1501.8801453109518 -9702.173505685869 -2633.977366731837 -5592.274525554253 -1657.3617677395196 -5729.116220072526 9333.749868980842 6273.6951468332045 -9548.098654994823 5591.541739629107 -7504.772287554429 -519.3367278404585 2620.2900578575445 -7842.8280886517605 3650.2211149626182 -2338.425445745518
4342.279902638798 1284.4466661934803 460.5454409765425 9225.71406216743 6070.3334411005435 -2601.966814965095 -3139.9271289764183 1421.339269731805 7608.538494990786 4722.59922091587 1335.784336127179 2953.8875606380243 6485.569148408682 545.2493215430841 -2062.246473747362 -556.5677371615438 6166.332095631311 -7068.966388742703 -9129.939353063452 7890.04990102064 -9813.748657103855 5064.205290613934 -8988.131127141169 4151.721645564388 -374.17150560907794 -5115.635434215526 2547.4714271151843 -5611.040891949912 176.2196649495545 6038.901025842633 1146.587517276259
4092.364334967484 -922.4705188693006 -1024.1858416872456 8069.195659957455 47.345976269563835 6181.017835404158 7749.161242248432 -5023.110527640009 -4104.212745436782 2564.082725343591 6160.704837146663 1456.884872781111 -7480.9550601382 5543.842612429644 -9681.967851420737 -8107.890555316564 -6099.862088974483 2616.9451795991354 2054.0361872958474 1019.7603085219234 4756.050888977052 9992.23222807794 -8758.637782121865 -6960.233429169031 -9634.647918328299 1788.9722383068038 3674.5377367089077 1630.3258417659654 7676.093463007546 -2423.130567900689 2783.0838401336605
-3109.5515780040905 1266.6777408353537 8225.870254927202 6661.966756384874 -1674.3277729948459 -9120.706625302206 2439.806069623797 353.9313428099522 1776.094425459638 -6066.3257480092225 -2430.6571793870544 2520.1814113811033 8037.725738220513 9529.782671905177 -50.65368492681773 5347.896432802379 6438.859931717434 -2716.1171194877998 -3856.0599730983067 -2757.1760146873257 8307.03115832109 610.3364274671567 6622.6779902329 4303.4962115646795 9562.00000362359 9889.542786386643 -6490.953125726953 8394.583471489841 -616.5885118539354 -2894.3027065374417 -5009.043868752998
-4279.009351867786 -7399.1759199907665 -2796.8082307670275 2393.809717911874 9102.256795776324 8011.1463584194025 -3784.4434092547426 -1726.7836651752204 -9266.933275458921 9190.130717844273 -4034.4289497118034 9286.242826462036 5215.198022618741 4900.175516152265 6143.101393619334 4192.154187020169 4459.797069253636 -4180.867079050155 -1127.5296521129294 -7740.874415819953 1117.0437928544634 351.67864469625783 -1810.921379061252 1913.2302993961075 -4448.27272916523 3577.4784757653124 9367.984535805313 6005.474914315904 5912.884240009167 -1046.981962999167 -2348.1905287623995
8982.062187443142 -8549.911391479183 6611.8117599365505 3101.0215187188587 -7449.301091449003 3988.313397238444 -6668.8406189760135 7252.827083726075 -881.9772308849042 -7891.249018116914 -399.09052377382613 48.33555014392914 -6041.558095079303 6161.678346856503 -78.79144905402245 1003.8743666144637 4040.5828509273397 -6758.436095454921 -9625.41691274375 2531.9059416796663 7138.356991436689 -4078.751569178032 4060.594850242911 8993.28853917907 -5077.690607482104 647.5156785436084 -7512.107426595407 7170.144492266034 5872.748244554667 2827.3477094034206 -7058.284057464263
-2886.2607803227847 -5746.722924626682 -500.31181565571933 -932.524282752629 -6449.58388945053 9968.827880911173 -6174.006992394141 -2342.598856421254 -4741.845045497628 3040.518669323261 3890.1196469188217 -9478.027092313247 -2357.5365569206897 1871.9450525519533 5387.6820976112485 -6081.598606148782 -1251.6606660219277 -576.2655088084157 9563.977716861034 -5079.185434161202 201.2707324268722 1679.7741722866158 -7739.532473614532 -3174.0109497741396 4519.219754845753 -1335.2735144337985 -6148.073178405282 5702.0377891443895 8448.608095550931 -4071.1634547014073 467.7726324873547
7240.034733982342 7463.3388326964305 5205.86123006583 -4283.861687518833 -9810.38221364962 -6386.516114697906 -2001.4941724890004 -8909.074131325224 7239.42004981076 9743.870014365348 -9121.736739911023 -3567.2018701864563 4860.074027801309 2266.9043148220826 9051.918395537217 -4023.9117408063985 -5829.052666077028 2997.400793654031 -2338.498382207994 -8321.473726319608 9371.745633476392 6154.419786092807 2590.2083271120227 5654.718338821534 -222.73235585038856 5688.547983020149 -4825.610810983423 -30.214439884686726 -899.3833691178661 -2340.543164366598 7701.267662951737
4647.392164975061 3506.3747375153634 -13.461394734089481 -7361.449788554202 -6078.353664355285 1609.508044219201 4484.405680538972 -7776.418591624792 -5377.351858729886 290.06289572623245 -2661.6770936359526 -4398.378376267978 3534.7895075041015 5391.243863741642 401.1073673633291 4812.856042172538 -8832.473565981523 4605.618171753609 6190.879811547196 -8674.383044910941 3282.3458890851507 4466.962115052813 1946.5753000387704 2635.205775813356 -4250.802415277133 -9766.137660822567 9624.10790958476 -6033.8579639126965 5073.731779149906 -5335.9418936715965 1713.3170348821895
-3668.8906491573343 4481.017586904476 -8888.776277850313 2921.5008260589293 9398.408342155155 -9602.49233219356 8078.546411566422 -8051.67602437793 -2914.1587937560143 2102.8252317625393 -1197.8029081073437 6361.041920193091 -5932.194313012591 6014.414151476492 -9594.419752701879 -5018.143616771465 505.3528741559403 6156.248083088447 -5568.626696771186 -7391.357021642269 8267.21824121134 -7543.63056662924 -5188.797633610205 -4160.216192322093 -9911.608141317132 -6952.146403324741 546.2571653823288 209.97913669657282 -7590.993524139698 6337.517445647161 -2147.583826730517
2005.8202434872019 -6307.287031940767 -3453.9152307619124 -1623.0893871518929 -7948.584780792578 -6543.372113699108 521.9241054525337 9909.544450964717 -9244.324445070542 5244.685018149727 9906.016269122876 7559.3067190985275 -9305.91712040615 -9370.471146856245 9514.992004994569 -2819.74624338569 8454.347131812498 8061.245698601502 -6251.627715259638 1990.6526439090048 131.12274984807846 932.8137720583072 2286.731313307906 9806.970456896644 1112.5837480254813 -6446.342399039402 1121.032423707451 -4932.647164736115 -5392.589468217841 7111.007727667333 4525.046490479477
7631.671690384635 -7946.963710777568 1223.5645016376493 -7305.860289047263 45.96105242445083 9630.575965594016 -2128.801254530832 -7530.058456613498 2937.947899306697 -4967.250643479928 -5122.354549536459 -7036.164246989423 -3573.865993218068 -4264.301818298968 8189.791791178224 8831.612327590079 -849.6250180487677 -9881.678428320442 -3321.2137815293954 1074.9447722979075 -4338.290166934602 4419.40748804302 -4594.437098729724 5166.330036617626 -2852.9562508179197 -1834.582326505787 3571.9416192706594 -1971.3378734021662 -264.801926991895 -5281.672654067673 2997.9145223000487
5389.87034933418 1687.3120668841784 -937.8744500341745 -6962.375783369969 5134.925375571951 -2043.1097021456735 6583.6223916532035 -8450.946365401434 8227.093285986772 973.2774185244343 -6022.23234619856 493.9745811995508 -9146.996117778299 3717.7544502490473 9745.51451114186 -4352.120454529695 -135.4916304270373 8600.699414970768 -8721.717647905265 8995.689367019731 6650.484177143135 1573.0864556926736 -8223.212646003481 -7853.2898054814805 8427.64752288492 -9418.546876709068 -1774.197952693974 -6178.122721858215 -8960.819238793072 -7692.044137638028 -9994.363201671515
4614.322584248728 7523.5103414144105 -2634.779205974547 1099.5954847964058 9730.13179506813 -9097.668282247321 -1775.6410329304017 -6923.3562627890515 -6742.506955430968 2470.2727384280424 5453.942300702078 6281.206090981937 -5887.455925186591 -4207.134767074461 996.3036507342731 9696.28487108726 8140.43642041384 -3346.5899838600462 -2134.412784596542 8162.432148614116 4200.16320755173 -740.9422359014497 4389.498193737036 7202.4582056504805 -3398.445093006825 -1803.3894630292853 -8306.762355859915 -4674.401615285944 -8281.990616247254 6255.526357046783 -8499.782671947378
7633.211399119544 -1924.0800994821975 -8808.645987181259 9877.808026124512 2807.636923986436 -2838.7131009469504 5131.6550904377855 8052.666543365853 8533.078412492465 -3429.34254440765 -9104.962658377512 -1466.8410129044587 -7260.748556079872 -5777.378185604663 -8070.836299366532 9052.084200761565 5936.460579452978 -3295.195946171727 5028.017161699709 9103.100513653833 -3086.0794847486204 4719.257445255791 -7036.202002082843 -3608.420789565772 -2716.033608566515 -680.2690098270396 -3721.427132337689 6561.210579704402 -8021.1880265426935 -5011.764507287779 -9406.343452201343
9251.353400186821 -5076.810042682454 4111.431937277965 1488.2894043822453 1882.5130341429522 -4011.713675091446 -8331.566388845527 -4411.75732213351 3274.896953213929 -4506.912088119128 -5037.184546367088 -7573.282978514395 2180.947293862033 2946.527282182049 6553.767311969412 -5418.586168555493 4626.80453237821 5101.550171540095 5891.745456476405 7379.805120533001 8024.536614161847 5793.1860337585 -6010.601068805559 -3868.1846247846715 6645.495556913109 6091.968167558714 1164.556544037503 -7368.004683960948 -8468.505842257242 -1.1935630893749476 -9149.761516136947
8992.368151124163 4165.147326670627 2089.7372144168385 6105.836175135131 91.25064838358048 3326.2798846970854 7033.362452601348 4673.341425985815 3758.2858561897665 -3507.1514022377805 -9033.481419299314 -9629.155986056774 -7285.977847953284 -3478.0925047084966 -2506.1737535828606 -4346.253728495663 4245.455002523924 -519.3231698379041 9431.306045121339 -2627.0850341854966 -5756.478614676424 5423.878170709051 -413.74764570980915 -7834.874094668756 5610.796988851809 8365.26948071062 -491.33948022246295 9056.727319646954 3837.1416109732563 5294.548287508729 3254.2113245727996
4945.326192757244 7137.067418803392 2232.800914288473 -8178.347583023417 4664.4665425461935 271.97291814413256 2794.3935009273755 -8546.44200563217 -8483.1671074506 -4979.670114566718 -79.21327151267542 -5495.986356096527 831.8848067058843 1793.856713614785 -4427.157888605264 -9762.619095798482 7985.252295949624 6246.143375484327 -631.9406312047413 7326.760614832867 -4912.363234628685 2390.254488046219 -2466.338105933445 9738.018042170628 3958.89069295859 -3280.2122693047013 6302.882945253439 -3827.6880573756625 4384.499490501588 6226.409273919007 8070.478636748961
-8172.884143678203 8598.35630600416 -6227.175760509464 9504.869815510465 1240.967767075199 -5085.27380281548 -7256.178121427542 621.6776435114643 798.4922315246749 8261.982791941398 390.6079024155297 -4473.567705849908 3486.9474097212733 8758.093709525434 -8110.954302219399 9525.610805312019 3591.5460864434262 6918.8709288810605 -4956.127548636462 5375.415750572336 -9975.13644694183 -8126.5479859639145 -5176.927384601937 -7165.131187363807 -9623.478079929364 -5763.189689735093 5114.210175314822 -895.9175478447305 4541.8251267904125 -6543.247675615385 -2616.5259607051385
6995.456532272929 8627.252469375584 4292.442193935027 9466.822415271137 9709.95005097453 -5776.2389032276 -7854.84252055884 1342.2706430175895 7402.384167594155 -732.2743072392404 4261.048324397498 -148.29210251066797 -9471.399701102224 -5992.188174177162 9251.501953705258 -2816.418180317397 2937.315787436497 -1786.6660346000263 4785.375258222 -7739.909745536779 9250.128464432055 -349.340626737423 -4163.157823687536 -6234.729620072903 9222.361581817913 4789.737560309546 -8726.544549811217 -8671.732474110117 9423.937911163495 5007.623241953752 9182.366606549822
6634.3106703654885 -5586.849952379142 3181.4482783205713 565.5685726840329 -1189.182403451916 9527.98358944216 -8039.2602913864675 7487.823258260185 8590.841111654445 8791.708849125258 -1860.7812073169862 152.21193665794453 -6557.8807706983835 4576.932095859347 -1171.362195082842 -264.20877864905015 -7125.544260785855 -8007.189494200249 8539.866601880873 -6030.344708622719 -8809.537879104937 -4314.577148848 9601.443028422742 750.0512078658103 -452.969090324872 4413.905676663791 -1603.6757826134035 7646.519337192531 -9291.342892037228 -5843.9377864337175 -5075.465462460931
-1806.724481907073 1061.2837390784443 7790.0091508353835 502.0802316379595 -9090.163020710497 -5034.050165178794 1307.511296397921 4370.623172760079 -504.6586632585895 4503.417406691233 3498.393673612816 -8802.62927275931 -6656.771488463704 1502.107990887167 -492.03754788976767 -5843.159853504296 -8494.676950153143 5469.660190346094 5320.431944342225 -3204.0390654018893 3271.6816815333223 7379.869295789322 1481.1834048676446 -9675.22085575701 -4784.583523290394 4961.360899773768 -83.25474947976 -6331.107772621917 2056.53823228307 5583.778149639897 7101.294409329188
-2395.498439031194 -2610.2074881726685 -1683.6619028868608 2006.024757964131 5125.535727963012 -7833.091843716351 -7203.598289978728 4413.620375614675 -345.1425307683203 -9365.689881781014 4446.672360667793 -2318.627630519456 4011.756292220678 7108.780937082705 -6072.450163559793 -234.62905381093515 259.2294626647854 5500.165006469002 1412.4051093625349 -1569.0844768541974 -6332.718890233473 1756.537037557493 -5850.260600776644 424.59791252006835 -2958.182426471534 1047.4303114442791 5999.825394079755 7213.380979175374 9698.187179218457 -4971.927406983771 5647.589143809357
3800.2312686033365 -3985.426681904014 -1382.2054329903985 -2450.64533449427 -7913.2103729505925 -6777.645875012162 8349.711886174035 -4781.928643050454 6186.7222771589295 -405.97800099535925 -8915.337791764921 -1084.0290131177353 931.6275822734497 -4460.924181086088 1385.836786217369 2015.8416226898862 3773.566296700208 -2483.369619291091 4377.672229087348 -9691.720291524442 -2572.0991928078083 -9652.669820638786 -9476.525253031909 7807.541627382623 -5427.87536295954 -8021.470391051058 -1273.4630175511993 5154.061960051142 -1678.3145834507159 5064.681369199703 -7513.434061506266
1539.550164196784 307.61623420586693 -145.58863075202498 6617.613830478287 73.78493673252342 -4037.7308987084407 1053.1929791710536 -1430.0624800122005 3884.289580201088 -2656.0689457391672 -431.6577420898884 2756.8671201380166 -7054.281287189552 -5949.905813883014 -6610.124796241034 646.2487219232498 -262.1519364036758 3843.781267595301 -9371.733387230175 -6367.122732852921 9111.429336818368 9066.143767787122 -6049.348152298293 9662.502033050085 3146.878001245499 -7270.457670238859 4039.3419931492645 6534.162847989006 7063.0247073073915 4171.707906738284 5172.114424419609
587.2855681804231 7524.929324866494 -8710.71331490635 4678.724739145973 -22.468894152945722 -5943.892021605366 -7793.975355019418 -6286.439862559135 -2694.1090810234837 3302.886084081494 -6342.381769022642 570.1190371600787 -9490.987010035722 127.57678815934923 -8844.144721312117 -8524.548372543692 -2792.1778412949297 305.3153367438972 -6672.358898959847 -6043.8058464607475 4832.461470129194 -7868.090514315713 8813.057580105815 8587.627976699736 -2471.008710386118 -4162.73970089214 5931.813544002642 9066.701152235346 -519.825603349067 -4381.397708247239 -5949.502283564676
5552.431407493039 -2995.7361221411174 -8952.37106992843 3176.412989248938 -4460.30828483968 -9794.041338222574 -8103.836134510713 -8050.532488808324 -4639.97906831227 894.1782121980796 4557.971388819726 891.794477940537 -558.3132823660089 5463.540577863909 7811.89425115208 681.3713872950339 6881.216298279607 -5351.884506862814 -4851.150670756908 -6733.543931160186 -9894.539219041373 -3085.218861660939 -2366.512867190695 2748.962851810442 -2107.886764150062 4259.977824452557 8817.257799191892 -8907.66557348482 -9497.458448285473 6487.737992169925 -2254.5979558343097
8764.17551800996 -5798.935243771901 -8334.743776349973 -3801.590493014646 774.8819401364399 -316.0102250613254 9043.392758897939 -3835.4007560971204 -8258.85191489825 9896.907170298058 -420.6795188199558 1409.8925283987373 1440.6629557916986 1469.8787487495229 5691.691268752345 -9117.825589757962 2164.931629728122 -9285.823072624109 -7088.586659822895 -2451.6754067767342 -2329.2103136934393 9438.513661857483 -8292.24954739722 7625.1651813231365 3298.5382747713084 -9658.709216314985 527.7159972678473 -7469.597152442344 -2996.8727974093754 -4297.862371913614 -6266.017290465075
8938.80514821475 4.109963086279095 -573.3472485879611 6561.864725616735 4195.8871658942335 5456.6293807825095 -8827.607993871432 -7032.1270911399415 9424.5546579568 1080.227835334752 -72.35756897885403 -8295.23587588565 -6875.030400652811 -4367.581829405005 -1975.6888998152754 772.6081032413767 4623.834856675949 -647.3489563141065 -7618.10991375453 -6783.901066865201 -6719.487547503975 -225.4437235222722 9630.364740667064 -8611.586662830941 -7218.816468893494 -252.888909610454 -7576.222789205735 3182.9259365519083 8684.07449447861 -1190.993637976264 -7923.635822770209
5740.192374416147 -9920.825520733579 -3589.663982611324 -5759.877517941596 -5507.930711422156 5204.722035716944 -4254.783426885478 -2192.0595449443736 -8084.143857850905 2124.542862227707 -3627.42174998667 5264.367068911046 -6157.8321345202185 8296.768363128238 -2576.586946626958 -8993.119706031812 -9653.639269768279 4655.700914975037 -4545.472731067637 4790.207801968145 5890.693781172655 -5012.46025885258 1867.72700320663 -6373.598191418606 3022.0684175377046 -7820.984253600631 7995.07751065696 -3957.3129173119632 8396.11374868609 390.3583304669264 -2118.3274442908933
-3177.625919030671 -9584.892445154816 -6786.55760479292 142.80305772815518 942.6090485632521 -3714.9658512673914 -6611.130014695735 -5551.990541001645 -4213.025949540132 -2024.18437309591 7684.9199259923735 4233.064259594101 -6570.61658183816 -8982.426266748476 9990.319140026822 -7922.560579640194 -5628.1752402000175 6018.54624387092 -5277.160483110734 -9366.768723991092 9693.698097752356 -3108.226072734419 6413.796999558341 2581.1735521867395 -4708.8556063314745 -5990.541591829839 -7461.468856638987 2465.7173985631853 9742.88141653904 -5723.963986497127 2312.5929758411567
1465.9668347866555 -9913.382934866453 -7481.513269374935 6420.289825878335 7657.4257351126 -7143.89946563585 859.0096032880629 -7585.343939621676 3987.6225394251214 -9087.080850129572 9970.767307819293 -290.11936290130507 212.2791648394632 -9310.914254479881 -5954.097495653541 2066.2262871402145 4510.4714757365655 -2247.55866127841 4380.348585161133 770.8273871784695 -8667.857144516438 854.6965918467449 4865.628140184313 4198.650418656549 5449.663302695873 5676.306567155245 7788.398578348126 5756.478989947509 -1368.3425224650218 6623.821029301402 3360.144267118967
5756.211245072043 -492.8026931498589 -3099.2014960366587 8777.471735840023 8246.287575603623 6693.63434099446 -4351.377736503637 -7442.575983143373 8158.216059196704 9514.082206920666 -4928.211047894398 9734.819462077605 1089.4839150418848 1090.912134921471 4921.678317880149 -9692.52327703009 5210.815786833346 -1050.4840843148704 7557.501565511982 -937.0902310579295 7296.684125064203 -8337.35941215619 -7704.642289058564 9881.828668501701 5239.3524278399855 6868.0446406627125 9255.977712006308 -3598.272356574761 585.9929008804847 1473.189008076697 4350.727146473879
-47.43917112589406 -2038.3488745731947 1232.5847546222321 2873.8507063444904 1953.5812782119283 -7265.966194983757 3828.292682557525 -9341.647910361899 -151.09890561560678 8651.248620636285 -4327.244972312709 -8384.999921987084 4699.897469172565 -3834.6521610326545 -5551.23168243673 2153.0064325452768 2431.941326587101 1952.077481789518 8445.400931450025 1500.1669279731632 -6931.433067861197 8319.704008702916 -7740.821071270254 -7508.971145593681 7155.634722042392 5889.606032565156 -4618.540118437948 7341.81597330562 3104.2969997549735 2889.5278778865304 8487.262665142189
8705.544299719673 -8854.328407039604 354.1235919302435 4384.983515853715 -1244.23183610677 -9806.092840490663 8894.001719905038 8683.472571726339 -3327.819458751238 9813.651059840719 4386.938843144244 -6404.764905752831 8854.116532615197 -7332.195271315833 -758.2728689359028 -7334.87184605581 -1659.7980483736192 4395.331350446699 -5067.796023971822 -9139.181908705108 6377.020709031169 7698.670198832209 -8358.769450876784 -1473.6358980068671 2119.7730960129084 -5566.703111012734 5710.816356995343 784.9430077429915 -8315.058741753219 -5478.147605978658 1289.5167577889952
6826.487760314962 -5943.626207611379 2850.239735757328 -1353.7795895835006 -2755.1665293209226 -7583.538350479977 -4861.382849883266 6008.932082795925 -6061.553377735069 -3490.118312581958 6960.158723310233 -7382.868224287151 4345.639115546686 2391.480424431542 6878.486661672912 -6451.311439800263 -7631.080562165749 -2131.2251135981096 8659.665984061205 -126.46807395689575 6061.596042125071 -3056.26125885927 -3964.0904443787385 4653.118804821255 -5931.302235224125 -1565.235235299504 8914.796546982274 -2603.9411998754877 -3182.6222946811104 300.4405274332894 -2909.487275772606
8031.351133427172 1380.7107418462074 -5352.595173572854 7476.512112688659 -551.4147047356018 -5425.089764684379 -7067.171993177268 -4515.685157858891 938.5933862520233 -3658.548556547381 5957.184887132773 2317.429329823186 -275.1575991451282 9823.135836481986 -9290.831707239653 -2252.384198649793 8056.179599604486 -3714.6860885418146 2829.5508606841904 3588.5796697472833 61.50480840040291 -6037.4282139703155 3889.01660767708 -4029.72785899643 -3362.5263096387207 -7774.55681158494 -4419.067408815176 6168.227225422928 -2299.889360960514 -8525.762326868431 -7067.864265580816
4736.472697289044 9510.491640235326 9200.212095158768 636.4002799872396 -2517.4413014289157 1795.062607005988 -8552.561089657316 -1193.5783892731106 9362.452806397487 -2693.9030063542386 6.24765278232735 -6993.959847627273 1876.377821465716 -5995.997269313526 -9806.921573405596 9692.231279207797 -4003.705615230804 -8507.559256761691 1662.0914289778502 9209.461836143619 456.8454580026646 -8983.513158573494 4208.836522866586 3310.6593119922527 386.8458341530077 -3931.640862583292 -7372.300175632001 3047.886042993803 9412.424798950073 2292.5102831678414 -2560.2338194651365
-1944.450418079573 1045.9160543972557 -6795.878261122625 -4137.419344871644 4122.724912282358 -5787.5185060896465 6771.116749421675 8403.602502979174 5480.387607215851 7002.798606830751 -7441.388849411709 -4069.5926606685043 -9763.649467531888 8378.27599608228 8590.780434790759 4905.1388073473445 879.0447979114597 6924.411953693871 9453.127029382598 -6123.030091609326 -4187.569633333743 4565.008557099962 -6885.6144861131725 8268.527141536066 -9121.628479717163 -4896.265076441761 747.0501890603391 -1048.0382621174522 1382.228879760818 -8170.657087929636 -6176.161523193034
1424.411160874466 7972.83629459513 -7695.07304168155 779.7476559777042 3416.481052474308 -7991.811150726724 5537.989682142068 4778.413848453585 2090.9581875519198 -7741.871633889705 -1765.5117032099606 5984.0614574129195 -3303.8095634564033 -5345.440448098966 -1572.5378898288836 6348.703297221873 9113.808878781809 8977.759857852863 7674.587297332346 1849.311103802711 -7700.98839392326 4789.406503849057 -7972.182548369542 8711.404144714073 -64.71322528619567 -3782.3222895303506 878.0106850673965 -4571.259555716085 -3050.9170806747043 -3709.581470756082 2416.6165358604394
4622.372525425513 3204.49784780783 536.6196677515582 -9106.531013041786 4570.826577753662 2903.3887389478223 7907.35831520069 8477.685794356072 5933.4775346671395 84.63365388871352 -4552.2218747493025 -5998.700696665557 3890.477565787398 3955.068064072633 -7374.757119098218 8677.239854954627 -5223.444993540307 2163.332871796156 7462.340852865935 6395.7041861304315 9359.52779132281 8065.406480553094 8355.918212045854 -5263.22784494877 9695.053030720166 -3773.3937240101013 5628.852791709349 9990.908081574074 -3206.3143274423637 9550.519250508263 4332.771562761069
8020.33802286167 -5838.393582885943 -8647.625840346802 3588.5480149463 -3855.5903162594386 -6518.787783533162 4530.6204755700455 1234.123317925205 -6554.4812391975265 4700.197314988072 -6652.80398756622 -2332.0788808072266 5930.4966348908365 -5362.730703887612 -5134.7807959531265 8956.932884802402 2973.8195816599036 4941.328772379569 6606.676154024593 -6505.783140958934 7278.811894288199 -5359.573369805541 -8193.487038687843 -4788.300450574672 9467.924663919166 -4048.920475080249 -2113.3532212548835 1422.010773226968 1479.0208091319873 -4706.825150967493 2374.0892601071882
-609.4973703261658 4209.044983752005 -7337.326250192477 1416.3532106397197 -5023.506176208095 5445.882311095387 -7527.323244246755 9797.213907898236 -3283.205708816954 6316.671666429071 6834.2516884844845 -5602.725147594539 -1558.083698870696 6989.894894109395 -1905.641196291368 3871.258043572143 1893.4953549616112 -5757.575910027955 5908.560319170034 -4611.398230732883 4683.364359134728 -2180.608940943356 1682.2143855041031 -3014.1769610199235 -4.996024819787635 -7116.568918234265 4212.726517536172 -5288.676124783478 -8870.363248722315 -5143.562620171749 -6958.404060524847
7979.05675159868 -1211.0639885452238 6342.850529084604 3228.615567444649 -7085.97780317272 6456.808153046473 -7069.159668655166 7076.932987828342 3108.798499101422 -9349.51981038902 806.0007914449689 -2114.5428933466 -6434.798793912218 5550.325619102641 3973.195274454496 9857.202186657076 -3163.909551316764 -869.7188685486053 -4186.22457564346 165.42042003513598 5070.217692227219 -4917.191154589258 -679.0735500379869 984.1506596973977 -1712.1534898060636 -6031.7327545401895 -9366.016543326416 -1798.302319098957 9.184195548081334 -2048.6741970362864 5748.649839630294
-1829.575126730474 4519.3880516433055 3285.4304727795043 -4682.228324367721 -5698.85337197142 5377.078843815976 -5034.076327938042 273.80795190592653 -8071.953801797625 2322.9196193906773 -5179.1476744183565 -5291.036275779317 -738.3722018267963 9095.116103206561 -9910.462087953967 -6604.90042432621 -232.12130357035312 5050.857603289147 2178.6657560023286 275.205458640552 7079.991191773239 -8683.688825733963 7127.9200279221 -1957.999306243949 -6458.405447749132 -2273.8241980145895 -6711.842940811881 5692.029766453134 8295.825913817782 5028.951360979712 -1906.9505556796403
-6561.269776486436 8336.224951702217 2936.912242036291 4678.599524798168 6150.46207219134 7137.593873508242 3826.000709682932 -5833.129299751689 9691.576843595336 -7785.090947234368 -8307.934519983213 1522.2143821322697 -1280.1365641730317 3610.126607906859 3561.4824637689653 -3117.508219678236 -5679.340160587274 29.925356399691736 -6103.399333394317 3963.851654002974 4537.631383519469 499.8602964235888 583.4698433651301 -8758.077709687252 -3759.9172417123054 9499.22799490605 3550.3547871721075 1890.655202333135 -1831.5870447344887 1583.5319817378822 -9328.294127472114
3170.8449856173884 -7987.926983666908 7916.319184431279 -6605.337633314823 1045.1372635784883 6587.299896167042 6868.784816103889 -2377.7882637238326 -3988.411540107213 7191.338904855398 -5688.275683351498 -6358.9678211671435 8950.490797832677 -665.0349517702743 -7725.6632124220005 2936.829885750807 6282.280992443657 1603.8933044375444 -5298.79720554151 -359.27323506860375 -6808.4230871158825 8485.842408044591 -6112.44542907976 -6771.4032401405675 7166.272253207764 -3644.9056411401634 5930.405619432948 3875.9329321567784 9467.946750859039 -5712.925644653468 -6944.911863432233
5253.53820461262 3800.0172501363813 5432.994397878068 992.5306593706991 5298.909397383784 -7177.183239138669 7671.576419340494 -4394.419894480803 -9003.753755677719 6397.874937658398 -5113.080507903161 -8617.45577631431 2147.8105087748972 -2388.8188713651944 143.97187650532396 -6573.7040363947835 4078.4467929281527 -7730.1329984854965 -7128.59565964409 -9739.697605275058 -1522.11337660963 -1251.3766580754982 4394.784465741095 4686.310229275572 8719.037628386686 -7235.930640782722 -771.4475399978619 5892.706172521292 -6113.914523270809 -853.7231103904578 2143.0718692596
-2188.0358246146025 8396.791515469544 5443.569917091832 2053.697811136619 6516.613989069996 -5973.229224532017 191.74814843882814 3543.821049184746 2466.2585293010925 5399.955732817029 5319.989668026808 4159.462592176802 -4638.055283261242 -5254.832848469148 -4455.101014810694 -9008.682981759832 7959.27027408504 -9429.53142663746 9105.309214795172 -2007.2473459668718 5755.922682644592 -3039.595334106096 -2459.6315418193963 1306.3777536497055 -6458.626004244743 674.9485656956185 736.7366125610479 8807.503426051819 5963.290038608078 1381.4314023467596 8180.269141277993
-8339.529152756644 -8996.404435233144 -9496.736750152297 9979.671052778322 4335.5775272961855 4552.403944652315 2323.1244131403582 4159.72621230026 8210.829635399743 2373.125019803694 -7326.270089070861 4578.117494222641 -2762.6850215113373 -3.098659288880299 -5140.228426546971 -4337.020533270941 -4403.989868701208 8168.121750940212 35.84905449058169 1898.8962579074705 4880.628649965209 6490.662599592313 3849.534207465813 2571.812122200283 8917.290992214213 -5159.477532333541 6755.198395569114 1333.7805309919586 -1285.0631806654 422.9425795201005 8131.2622445872
-5855.000053250441 5374.486501457208 5608.1018538801 1430.8753557936125 9114.228504134779 514.5990137740155 -3742.0776733836683 1779.037401540325 -7996.237143793125 4788.558122820554 252.1589768897029 2585.552320453655 248.18574263613846 9835.039357308007 -162.70917028629628 1895.717069227354 -4907.968978354537 -1689.3508320917845 -7532.633453343347 4267.100482692569 9092.395851312158 -3447.3032360193456 -8665.739465588116 -143.9988259083584 -2152.2177105167375 -4836.782586551793 -9847.892473199596 -554.4851463773466 1351.374163558521 -2145.6448789286987 -4530.621757492426
6736.718173352008 -8193.674466871667 2611.692980396281 -1603.5776194714872 2001.776413449952 8676.580462510992 2618.3875921083236 7087.595754983959 -4130.6788408515185 7756.6625319992745 3801.9448210466544 9002.338031065301 -8874.117415094206 6110.1974272122425 -3603.678084210628 -4767.823379071998 -5237.656323928346 -4669.355121970826 -8575.999630110296 1511.8706242100761 -5445.584277483559 -3534.3455028348462 1447.8386380843294 -3642.4714750909916 -8367.155885967542 6737.749844560225 2660.464203751246 1665.005026429053 -5998.161674329299 -7041.6495508617045 -5098.6817137984035
642.6992619292741 6180.941054846271 -2958.9942866611655 -4430.260854304007 -9885.797206162404 3494.626553743854 5656.554755314208 -1318.77734325675 6327.630651346992 7414.075540250415 -102.4308486992395 -9165.44605603661 -7855.839909129205 -4553.235242387966 1833.6002844003488 -177.15346539157508 8062.123406314622 -8249.9396559785 -4838.862789023441 8143.270629209797 -448.3250956127322 -92.43392532799771 35.70985493077933 3789.4543723353927 8651.820333523192 2922.207228101339 -7780.740266162989 8761.82594340499 -1711.203065459713 -5030.09743614099 -9077.114286126267
-6191.157242976482 7266.074006824721 1455.425034381884 -7945.283227681097 8213.195713733454 -8772.643803481858 -8392.900414730773 -6943.780886141256 2269.751627550213 -4750.213818439171 7865.817299248334 -7029.937238086668 -2842.095498809558 -731.0686446020263 5968.21731814023 511.08362769715495 4443.286175592017 -8397.791562722954 1190.3683956091136 1421.5685796698363 6637.853234913939 8409.319314966579 4779.9981589437175 -2016.6561495717224 -5279.75273972517 696.7453543491483 7016.887662464589 9743.36736555124 8467.417508758728 -9080.271046218631 561.1136394218665
25.630267508176985 8882.075474456069 -6707.18745515328 8256.80429151843 1812.053390226074 1164.1702154667546 -167.94999958861445 -7054.961064524423 5419.851683179759 4628.2607528319695 8503.053567380037 6632.273645513571 1724.41450914714 1775.9248981284582 -4811.192627183103 3027.088726854101 -2164.7722083384324 7759.441964094331 6798.8740966887635 -9601.75098978193 -9704.177905809376 9683.645324036283 9355.93915430698 749.6374364513249 -1797.586804158782 1525.882725316922 8948.517717550185 -5126.655760000731 -3623.7026142374852 -3711.8738925605558 -7859.869205299816
7757.601749866113 7313.8675105666625 2631.5362185942195 306.55432293533886 5311.142726395501 -5792.858306617745 -7796.952839665259 6996.73498622427 -5356.944764802196 4345.449023797946 -2623.9897984283525 5665.252864523456 877.0265819752149 -8768.15849558605 8662.274439574005 77.73425838558433 2044.9433745614406 -3917.686288174269 5803.442836276223 -5958.48252314656 6830.835493031449 4488.85277655865 -4284.762970831291 -943.8933413114482 5638.788727633204 -2580.538617963555 -7495.022871397774 -3243.857665924492 -2082.6749261704445 9572.98657777287 3788.175350090516
4211.717356732614 -3309.8381031057934 2674.7803055966415 9314.386644228667 -9445.340267832351 -4366.926171431142 7345.961764900032 1385.8298525051632 6588.3517085289095 7860.587982114303 9349.251718929383 -5352.185366057638 -6774.830286831812 -641.7149399355512 -4371.695421424959 796.4590570041491 -5526.329249590929 8634.25833685122 -961.9012051637019 -1418.5455822708755 -5240.810543179626 5426.998319077531 8228.085639608224 -8407.24155882993 280.4260813607525 -3884.262488734851 -537.6994267529317 5505.652271103956 1047.420083853125 5883.550630011552 1603.0345980634538
-6249.277651670626 -8512.606484578617 -8874.141727753307 3510.729357147844 -8578.337221826427 6556.301552234487 -9739.31927544408 -9837.799478331504 -2390.3358173835113 -8050.198438646085 8243.571499597168 9503.986935166045 100.49824597465704 4434.104758182677 5096.4619815948245 -8943.657119602885 -8317.201343164084 6892.228449264934 -1227.7710068350261 3184.084005576302 -6443.502267224674 -6851.98710366062 -1114.701970512444 -2139.6804552946232 -3568.292826623898 -9287.270035984435 -9214.854112778328 645.4772442043668 3328.056249173338 -3299.018540890728 -2547.045260633614
-9348.975699527435 -7976.668245568495 -2673.0865974549524 -9076.43037936173 2861.079430138365 -6237.568483699199 298.0913977209402 6257.927685131994 6879.220890552235 -8298.49588274569 6210.872845167998 -7576.089294828927 -5528.201756578419 -9247.913354682316 -6186.834292275243 -8217.371849946294 -8722.928065768749 -8054.700896795049 -5975.83903362584 5129.715202954816 4675.8285328174115 6573.793365175974 -8466.692009014474 4862.74226336531 -6931.145030324777 -3890.360402528876 5772.282204544106 5552.995141712043 5772.820976380681 5435.608722339168 6139.198756825934
4529.738102931424 9800.053573787034 9304.07425676406 -2017.0830875330385 -3888.806893008874 5479.405293021513 -3861.5901284981464 2687.793523141734 8044.987447830299 -7400.859176017097 7268.550583864464 -4957.975263183958 -2371.602526999317 -6203.123038552474 6727.419057530322 -7027.033502619264 2487.8647302329755 -7170.824340282457 4332.3906955487255 -1466.6484329297327 -7888.381260010405 -9409.35495769371 -8753.32717949685 726.0330931540702 -7874.818656887262 -5244.480312940547 -6380.263947883472 4013.2995833079367 -5388.606021342434 1543.0005932701279 -9757.963992698586
-5971.688683326015 -4707.2632529881275 6138.130263661342 647.9635649070151 -1452.6083122427863 1308.3414817280664 7223.254817128836 9396.179737194474 2808.375115633169 -3036.670217201996 -7938.237067879388 3743.8410366166827 6760.372354265142 -9204.64118218408 2049.3296925628892 -3311.2986953407235 -5828.766727309387 8171.451056029186 -1498.8491802464505 -4665.126580563173 4413.939177014659 246.3085601957864 5670.446191233794 524.470275331425 8306.909533625203 7452.099070658671 -5685.655357411628 5844.149611330287 -3852.3959293709268 -3953.641307623321 -2552.782687156734
-9609.855306584019 9047.651638194013 -9039.62945711963 -9732.484370154167 955.3348064482434 -1002.0951173551839 8847.104437602873 5627.531906129352 -4927.7930822653 -7604.249719677614 9068.375733368575 -4663.553259045485 6111.212769360562 8956.665692643783 -3020.694133687507 4467.040572379157 7383.208906257911 541.5937896731448 9393.419613491853 -5879.604885824774 4777.829885044548 -826.0398687460911 3937.427849687978 -3922.3676791020034 9912.710217443848 2946.109275827346 -7617.769686331477 962.5986121029473 -452.2120095451719 -8328.996667440962 -1073.6990676681253
7735.839340836672 6710.729979703516 4859.368867579882 3188.4665948558486 -9944.098438716394 -9700.713789703728 170.92772417941705 -7667.639655278897 -5998.002711591511 -646.6490062791127 5572.562272702266 -4743.937464725063 -878.7673404222569 -170.76228030092716 -5748.822122340706 -8163.302339101677 -4317.484788874551 5060.2104897196 -3651.7086925524227 1813.3693983522735 2214.495687331031 -5056.525739062323 2263.5958641478574 7934.148953746881 -9707.024043881105 288.82734267963315 6343.463523594113 6733.577457715397 -7104.845238176285 -3107.238549761033 746.6451586054009
2641.129068609356 -9804.501405269275 9254.563757996817 -2530.936772858867 4980.624751126648 -7473.594737330332 -6761.584082049525 -1869.4117237076262 -8585.043967616568 -7216.313067754914 -8357.775866270204 2307.0760600933863 8875.242336908115 6009.653395492476 7628.306121880276 -7528.383686298337 -4854.560943770099 6757.842264328843 -5021.35518866855 9276.42388640299 8216.444912541021 -541.2716311656532 -9217.609714070266 3985.47438154454 -5665.180498796094 3411.9160256548003 -474.47261397704096 9346.544160781672 -974.6490689180082 8609.77251252058 3738.193672554942
-7790.594300522318 5812.961557306682 -7895.376312273253 3287.5440401591804 -9073.328906999941 602.5035053945521 -4582.358458115341 -205.4069860481177 9292.534051134244 -1967.1067448564463 7368.68701415008 1179.9267148675317 4877.519559957671 -6147.700226332838 -9143.821154003832 -45.24461910257378 -1024.6742258054855 -2422.5773316873365 -9158.843758922965 -7545.543179926701 3017.3315655432925 -358.3983563623333 -9520.687523270877 -6306.106381701222 5260.474643419546 -5667.549222995525 -7935.269283572437 4906.892181884245 3016.0432744514346 -2728.5598857752766 -1964.8555897173446
-4643.753072677335 7645.581026251908 -8858.492992409123 9143.526533283115 743.1882313017704 -4716.526951251485 -9625.835194176652 -7470.384431678283 2678.418914828784 6778.70137235173 4932.604201551385 1272.1676090836045 6365.232963353816 6583.942823009344 -9188.104476193254 -7661.745353181768 -9683.373214198313 2312.6836655354 -3788.6802333590213 -4798.962063933148 -8179.6406547898505 3473.228993349434 -507.57261435986584 -3210.3435699632964 4889.79584515301 1522.626727201432 5028.371758064983 -6205.379032454033 5279.14149408222 -8643.795933320536 -5700.340259156716
8343.658518469565 8593.239981642691 6859.93284363551 -563.7331724750784 2649.6836546676222 -6468.676176766441 1260.448041708818 -1267.4148551137641 -6745.729544387232 -9170.795563320702 5463.870245873899 6828.117850864484 7473.490854329073 5677.7825159858 -6278.361106436601 -629.3838674697145 -3633.3038563670298 -4614.771146159133 -1942.608353528508 9433.380393965577 2692.4585655154588 -2743.644915412846 -6747.269136357095 6817.899864687199 7715.056857449839 -6754.5582900998925 -3608.087692584596 356.5563282195926 3412.0867025193456 -4336.570003833029 -1614.100078022484
457.35602169593585 -8042.101261573498 953.6426515787607 4995.519067848501 6532.484470476258 5817.792006715585 -7217.896768322751 9255.113920383446 5340.552101692954 8019.996168265865 -6732.364387637815 1191.7187077191247 -4026.804307954475 -2881.2166735113933 -7422.066041288303 -7151.434735310682 7023.506921400996 6018.835287919641 -1654.7078047136383 -4242.334171856932 1925.5541642576227 7028.808745370759 -1396.7160975443821 5185.561708269986 -4060.0241473091355 -5488.775657500826 931.1605177033362 -464.95989253871085 -8369.412033091518 3213.7807114004045 -6129.324244688952
-9602.400224681176 9709.57672655462 1855.4180984924988 -6756.755973930247 -5598.66045692232 5646.324032081449 -3721.607436884795 -6621.51511309835 -8170.901144612488 -8076.622486525634 -3119.1505045813874 5471.199764800913 -5908.27708630646 1958.944896511679 8074.672497158383 -8494.631362328671 402.8515735488545 1278.446394523593 9220.788882665536 9821.896580717046 -4492.596726381952 -4127.074105527613 -7425.724007116223 6420.740849169397 8423.034084034261 4279.942138897952 659.1505274991396 -794.7281730916893 9384.667062905948 3742.228168692036 -3059.809766428665
8152.523854527801 7047.128761757034 1595.2524031572902 5465.617053827264 1287.9634239777042 -8290.928443788274 -6599.4869042787395 9067.972131275958 -8408.782280529658 6849.614537239384 9776.151792028046 4718.056237416658 -6574.364476750167 -87.94691471438091 5887.573334544468 -5654.407708362916 4752.789266849935 -3314.704135486477 9865.216726372964 -6442.847960198211 -8117.792787368124 1869.705553599848 2313.2652694842945 1172.0239053670593 2195.2384881683556 -7309.130391700113 7025.622242334339 1802.3896923858756 7296.1202899577 -2937.8822079382962 -4203.049035509521
2065.652069572974 3443.040594981927 2988.041427324966 6925.329535402041 -2926.311006107405 6934.887371707162 8323.48852979804 -8022.625495468301 -7639.34300899334 -5666.708412873219 2203.014592162386 -90.27787002791956 -5225.779392838313 -3689.0494790310677 -884.4895105633914 1895.8104438105092 -6733.434786496149 987.648054060719 2053.4819738864226 -6840.476828751874 -1425.098064959353 2909.016342243016 -2969.273174420726 -4519.527543974254 -8170.949943805166 -3361.004044928375 3212.2633738068544 6842.324255810403 7331.796523860856 174.76962069732508 916.4425104182355
4441.887756647842 4977.301360672416 -9124.782976071689 -387.8317160999504 7700.282133042267 -7572.089650338536 -5627.7665428321425 -7861.608860334223 564.1966013740202 928.2510582815466 4846.352055880345 -6581.450767555004 -4379.367860715413 6824.6816098871495 -687.7343164558097 -2209.181065572612 1765.685005932737 -6367.375736813334 2013.5323401688074 -4366.302976402146 -8208.528948830643 101.52275142900362 1483.6669574954176 -4418.847032129338 -7466.298437171162 4306.120872616708 -9995.572191765312 -8682.07398314905 -2841.7013036682492 5385.469175216167 4972.694883358694
4008.381820921688 1659.34567254604 -6882.918362529058 9513.294069117514 -9640.071177424325 5902.7508621622 8194.124812964528 4304.091183161214 -2435.4472668485187 -6974.90835707087 -7516.264081727591 -2492.8564315220638 1739.203313978067 4051.388899540503 3645.066646401525 -8631.356719326013 -3930.1407987043913 -4482.02574081304 9503.785335453293 9110.740612994337 -9167.058203985664 8592.584583814642 4112.590304416053 -1917.323193196994 4617.77565083929 -8634.299359725333 -831.6009684754317 -9945.582161330583 -6388.076620319438 -9876.528196531768 54.89386033807932
-5105.882485743507 6977.731284147576 874.4664755105296 -3944.8853451842433 2763.0707468017627 -6813.175919896461 744.9137248427305 -9173.283202354809 2792.5335324642238 8106.168713458246 1060.4534857159251 -6458.0204503377445 -787.8652984428427 -4015.436601638351 -5141.80009181193 8339.323449039166 3281.470758393374 -1874.9873752148224 8420.886446381817 1915.2555509632857 -2275.475010980077 1099.0146354431927 1182.8320905147102 -1395.2919224680045 -600.2112380181297 -5246.508381800097 9937.493769583747 -3489.041102864703 4402.948090003594 5238.412820392388 5717.994305642249
-8183.44021489839 -5592.823129727407 7095.980928720135 -7262.884142025283 362.75127359836733 4309.652655778191 8680.318560482134 6441.98129352312 -8975.36245103959 -2161.0062582168775 6740.559627902512 -5665.1113581550635 8331.530593327396 -9894.545958540644 7535.859019466556 -9501.510493523174 6698.032849211297 290.6813955228008 5286.382405635102 6756.738946293823 1297.5376124211543 5046.374912351133 -2486.776925519589 -8172.435720018434 3948.0395213397715 7085.781579388673 -573.7780594667602 -825.387155283659 8070.510383800862 -3874.633952817674 5306.4126939366015
-1555.317151003048 2489.1378544752315 1410.8243672818644 -1110.5051723478555 -2049.2108897128073 4937.206571069115 2055.0950951060386 -8176.0690594402295 2105.2555224416374 -3570.444483084718 -9846.045114011582 1913.5474371531473 2686.7922273447584 8023.8105619793205 3098.686937347513 7053.436530852694 6106.6280339509485 7376.588546691499 5561.381404727403 1593.272071162548 -225.36414922849326 -8513.02192846036 858.5299172858176 5245.462988089308 8348.618232967401 -1208.839349403639 -7646.13415326392 -3402.2272120893394 3239.0366591501024 -7002.029124937361 -477.03448757993647
1653.3877414747294 7783.717651714811 3490.728980820999 4030.069455170147 -8406.996301290648 -7815.888587833364 3600.7472462006826 -6780.103037517293 -4253.266994079654 7343.268035417888 -2511.3453951079 -305.98354518268934 -4167.312752895549 -6024.801915469362 -6592.719962154485 998.0551117453433 6011.705740476762 -9286.061414063746 6792.759697517959 -5341.213668276128 9228.549677009465 -1071.291686517936 -3134.868392661676 -9701.08548151332 9996.993194693008 -5430.031607952266 640.3155060298286 -4945.598642483135 221.40610770449348 -7068.315381196477 -8260.140670703431
6660.213225025036 -8504.142099166682 6540.61886036766 6441.354770959435 5146.226493220172 3892.925867851138 -3832.6651266158706 -1016.8502953318548 9155.56960579372 2439.3800499994704 3173.0461602883315 -3390.9404185697786 7395.686366778791 -8346.259522412347 352.43408204982916 -6629.168189306698 2618.513435060795 -1587.0761296647343 6703.584811493536 1211.6101551934498 1446.2389343746709 6135.228245527231 902.4662336626043 -8124.584093742695 4681.783746473913 -1458.116746454094 5071.761264571451 -8636.706042069614 4146.226546254044 953.8053115605053 -2870.9418020710054
-1556.644590962118 -3021.623012939398 -5975.016841315372 4318.875483200944 -6551.093091475113 580.3888530370186 -4378.473099198139 -504.25236577816213 7814.3590250801935 -7222.705538768346 2420.072188176622 -8770.134321025924 -6071.890828160207 -1756.2645221212915 -3826.8700137404376 -3943.9185074929565 4876.669840591305 -1268.5521611337263 1874.6526892751808 -9354.630819629634 9149.400414921747 3938.3196844036192 3604.690677126411 836.2428009447976 871.3619490279452 5493.415570267602 -2597.687077192556 -8273.56712985209 -7094.720341400555 -5550.302338724667 4587.318582758673
9556.011358418411 -9090.869921826801 -386.3790013667294 5734.489063022214 9184.08624460738 -3034.6919265321094 -4192.1042441339005 1834.6213918758658 2676.0529094128324 -6055.167355682403 3548.705091552156 1041.6257942381526 7741.709776964828 3676.2518582696484 -8111.461645711089 5828.71529095239 3573.9052814539973 -4775.46353211666 8425.40583173727 2762.9479321289564 -7282.603900694137 -9269.125510618418 2526.8602526294817 -9525.410520347465 -3666.9643747777527 6893.979967056948 6613.6403050428635 -1142.381920418924 -2707.040501037268 2401.6719996610627 -5728.116703858102
-4426.917909391086 -3267.4878972804718 18.06862976316188 5006.0110781392705 -8788.704295294792 9652.854542692752 -7152.619635003619 -8664.519842705658 -8520.495250324662 2278.0518560652617 7438.635512252524 5379.835285756621 8108.10595940132 -7584.89718144226 4232.465016963122 4583.115117758067 -4030.599929230936 599.0150346219816 4089.8620715767793 3480.7634428532347 -1963.639690376338 8940.968282032773 -2774.9518611801886 -8884.269955246087 105.26571381661779 3769.883926788032 9362.65799473019 5511.091800989127 8623.300942464495 509.07209361796777 5340.503183175788
8571.948718400603 7926.20452365551 2700.281088179705 -4754.124199180909 1182.107347477966 9550.710169786773 -585.357486224535 -9939.283444419043 8623.696619580955 -6894.730028693865 -1962.1782491268468 -2217.91583202283 9490.458738940277 -7442.402316665762 4203.231241248448 -6840.230458661572 -8145.87694386888 7065.421725252221 -9825.36604163081 -668.092076787525 5081.589608875418 -9547.633457262275 6079.173499765891 -8891.330842772733 -5306.172333693764 -6442.205305947975 5990.295637766958 1425.9730703702407 37.9211894291293 -7594.806365449247 8148.506708336696
5381.543597800544 3021.632308077147 -8035.682300207891 3574.221247197376 -1749.5970035282226 -6408.06674554337 8759.57401447562 -1839.799392220587 -4389.428569642235 -2407.251530974523 6445.849916410778 9993.069161992204 -6257.215542351971 -6800.502609705958 4713.908215484578 484.97320035008124 -3901.044261651962 -3800.3645111586666 875.7064923835769 -244.56778419046168 -9247.160264615364 -3590.4875029512914 -8877.751122382242 4408.331501353374 2062.74954129505 3759.6513773862025 9075.62725599697 6277.710940900324 -4577.643695734039 -1261.1617949640422 -4781.656014862252
2812.4318025606335 -8726.041743549018 6198.947128503818 7221.555019148807 -2252.4766890126702 -6982.149696798999 -2270.0085150474188 5066.166235375986 -6582.433820984019 6479.440555783614 9139.411199641985 -8958.677164036839 -3610.781988770146 978.91705973221 -2380.570567845637 -2741.9360335326746 5238.101403746949 -4032.0178448237366 8147.401023665687 -8475.531236918874 6121.823634216251 -4642.089376676228 6545.055077169785 -4564.575886853699 -6540.756805896983 435.884246974736 3074.7335003489097 4289.951259593869 6557.250089657689 9576.577253627092 3380.267471525587
9448.144619221453 -6300.808361655634 -3754.361388443952 6478.752256739772 2136.553832356145 9702.282336733784 682.3785699286072 9738.516269265107 557.3681026861141 -7285.056003231801 -9980.728149210276 -6305.687367156359 -294.12821125978917 -5930.13833639271 -2673.7092391532615 -1910.4738442220068 5143.201287062664 58.50408440404681 -8810.67570979201 5367.913291854833 8923.364743790291 -3305.3332015672468 -2828.3839784116235 -8062.531040366492 -1755.4202571036112 -5622.79192002012 3461.263147220501 3774.557459801101 -3873.1119556943504 -2838.552898002642 -3623.634382194019
6941.023723414117 -4188.426289268916 904.9579011641745 -8556.9791991684 -784.8203038876509 7738.4647331818305 6138.820964315106 -9224.326849196133 9092.511699311337 5949.1960635518535 7013.169972838819 1424.2192127112703 6250.20715449982 -7596.921093101018 3538.173888334146 1514.5718448726893 -6844.3899837492045 1668.022380435763 -9937.78403972753 -5372.076833662829 5178.688248844121 5518.622422498025 -2910.887975291119 -8576.006545415577 2806.2950986789765 -9429.9421218405 4777.176319589855 5314.77996783243 -1783.4473765196526 7120.735428770349 234.84665096776735
7824.16734843035 -135.45804973752092 7377.146589136999 845.1078181549819 9277.65614160895 -6051.327533179014 7813.261267242993 -3162.4580119116063 -6137.694220152447 9585.856854308004 -2384.72743395181 5500.663519108946 -9361.140581779997 7656.12542718041 3290.2228145716326 6597.291762364417 1523.7437722290288 5540.372000298754 7905.5367926881445 3757.1144486944704 -2181.463297052759 -3146.7341968533 -2049.492353131068 701.5981778007426 921.1765230267611 7861.093360599694 -1595.7884455232524 -8994.370318847963 5523.970909113768 447.60462128622567 5818.690419881526
9236.731799431946 -4779.712971626049 -2265.1614218276864 -1095.9778092393917 3078.3427180706767 -9616.0649597821 -8481.22973665322 9026.04099615927 -157.92825232287578 -5891.2368874347385 6464.867943954887 6575.343222360854 7137.150601908303 -5108.0762426564315 5572.969169108057 -7507.359125909057 4254.849577754854 -2058.557884470247 -4453.0937000170325 -3284.869871965495 7609.427204470088 -5550.018455167813 -8967.779764371073 5124.009329394203 -7114.537379685451 -7027.398077700087 5262.496380335069 -6514.984368766228 4530.690475774942 -144.5205377486218 109.45916877683521
-4503.404198867391 3757.2660483931413 8462.050418716663 -8884.768816443862 -4719.314357351165 -8331.822761315518 -5610.953997521082 -325.7332242057437 6147.695027530695 793.781059849458 9128.024877679232 890.4742740128386 -7091.435997160172 353.1719176881961 -1433.9769739640815 2593.908657059823 -593.5923272248874 -8684.487187653434 6451.421323081373 3226.5114039659984 -7541.883269594032 9310.711200528476 7527.347411241768 -2376.376152495405 -4687.333897434553 -8402.644924553222 5976.710985017697 5730.242683016175 5258.37818012782 3814.260932661953 -5370.992585443879
-7810.991728732564 439.09307585284296 6690.513719809718 7636.360089228507 -901.2071843661779 536.8052167577061 9634.566876948771 8594.837642610084 5299.352689840447 -2922.3302735127454 -2642.845483794369 -2757.21256869615 -7103.166438602477 1118.7010455620984 4902.349078335645 -346.8206557822232 907.5164594069865 480.84685944723424 -9917.373144626788 543.4151419610589 6758.891132287863 3151.054144560854 -4210.642368926796 -5010.089500742274 2037.4952860925678 -7148.588712872752 7705.197859467793 -5189.521143259916 6600.658079731613 1827.1041181305936 6530.494620903995
2030.3222125867233 9636.083153891494 957.6946177494228 -2771.477060292531 6691.783365592582 -1146.1903785015838 1724.9052783108436 -6711.966181951688 -1682.5461455145578 134.46737118831152 8725.087043182539 108.3057501667572 8805.22463631898 6117.3175857022925 3430.7680291982397 -6075.302391609926 -3604.942539310063 1817.974209308737 -8383.86575145142 6813.3945410997585 -7209.561076553151 -3059.747422923858 1224.7012538365507 -8809.700736506265 -7811.879885003926 -9884.954824984208 -1437.1989472637943 621.6026902916146 -1472.7052616620003 -6852.247357339756 9432.912274813298
1 31
-2807.6006412320976 -8715.222025170555 -7095.414123129578 -9537.857824023895 -1134.8598029771838 1392.0814747610893 -6898.916258178436 4975.965649276901 9555.689831312087 -1327.484669386482 5354.4916939343275 566.9307615356065 -7211.368105848385 -9516.032330163478 4843.020305192053 8247.685072223438 -4026.0065239794176 7246.491435391883 -4576.66447858143 7261.897469466639 8686.017685467374 6379.806483938035 244.12656561016956 -8795.880011102101 -9931.521473491766 -161.64152285621822 -9008.008879720144 3042.242765006149 -3353.9459746791426 -1937.9114931547228 7563.703206325168
