27 28
7690.234668786168 -7042.734528211813 -5250.029038810198 3502.687994315831 -6865.299295698856 4628.744581704017 3767.1235247052264 1395.3953862672424 -4476.016518557857 -2579.4408327210895 -6371.710253990275 -4979.058512383989 -4005.547838397496 2501.4172806561655 -5329.8464640209795 9589.4970081504 6972.086519127857 4001.480130765407 6131.387989419105 3207.725618128052 9959.065211294 -3696.184978682917 2822.4323429814376 -115.53990187338786 279.98815057110187 -2525.344655902255 -4571.175226164741 6735.011603670086
4309.160032151893 3846.910829083132 6038.952453073141 -1314.9714249901426 4624.3215717355215 -858.7175640422993 -4599.606038659823 -1779.9120434345732 5286.830134120206 7693.9641810377325 -7560.265116283622 8027.664418231667 3593.9481765232376 7190.143353891148 -9031.860371397126 -7310.80489042057 2048.162770198738 5852.5054650289985 5470.811978524389 3911.649298862072 1408.2734121843714 8133.063835173387 6762.932046890048 -1941.4758483041642 -2948.226368089786 -6330.261152299164 2275.168778915504 -4112.448254428109
6116.591285484754 -4783.5337566642465 9100.107196242545 1049.5951757299754 -1957.5924094889506 -7279.524338399473 2697.7697164696765 4827.696591568991 5469.25137413377 8802.098808554292 9476.467326411163 9829.821308204162 9658.315073202073 -6689.587155073251 -2309.550775771001 9531.476840249903 -1305.1030501266632 -5227.8937075320655 2815.083700326468 6484.369883455169 -9529.387412452661 2808.4324845294723 5113.673788137381 -7073.47050097026 8308.830157592092 -1503.1914436844982 -4539.373118891494 8605.345392163756
5072.521748958003 6583.359261581725 2583.8654179303558 -2405.7681175025355 6864.079116687764 8195.290284246406 8436.870523909562 6696.3990194363905 -8832.088878668705 8551.022174643731 3127.4651899549262 -23.37776318133183 -2430.702362258324 6459.117008330253 4265.954935236854 -3376.6143040099614 2219.3247857409533 -3010.6150446378297 2135.7940730860355 -8422.319604812565 -8702.565770464736 -3690.453159384546 1619.6317776167343 -4697.42303729553 -7415.356447574733 -3452.9145414007908 -48.904183690685386 6278.328356411839
-7657.707928134563 -2925.659184404075 3713.2027249598214 909.0911087507684 9279.895157855328 6487.161513605301 9454.08511628292 5117.600576317591 -4294.423003134846 -7631.665696714669 6767.082905598854 -8610.895609755125 -7762.417515359397 -3445.236191099374 3090.8319498861565 9176.569544454236 -3941.7200263615723 -6132.074235837095 -7368.798167759301 -4503.17386495253 2642.5847950939115 -5194.852371301522 5505.863056763883 627.4568947334847 6433.542389394115 8723.434644272587 -7397.735858928964 5516.113234445385
354.6828426233369 2364.856898709042 -8491.72336954631 3832.6552932051054 -8620.414451617142 2479.312575898395 -3697.714628997619 5499.908152468304 3689.058278431925 9579.8995380284 5318.4973858911035 -2963.41646973314 8371.708121226755 -5042.908665136989 -7793.56585233958 6879.146488453305 -3939.8849104127103 5676.643390268295 -1961.577170558804 -4164.466688145627 -5656.736278144308 -4557.531326599309 4987.882152582517 9847.489130481536 2780.1523109818554 -5912.131766347909 -3377.614593664891 2161.5328300958463
5879.0078435004725 4919.119524389733 -7099.427995597098 -3127.573708859166 -8624.007818432457 931.3729025178654 -1262.1879200136718 -7441.409260481156 -1217.179477324602 6258.8139117660885 -9833.074505431628 -4257.463911539807 333.6800427132166 6197.207890520349 4528.133239360066 6447.02777059612 -8324.293383417978 -8435.965362643445 971.5011470592199 1862.0156184478055 7984.584612357412 7002.025579832873 -6258.953741390016 -5937.204327951273 -9482.327602060815 -3004.880717176148 -7366.25896332302 5510.41906541613
-7363.970138646035 9472.32847157165 9273.045758652286 -4513.069715299329 -901.2690935604624 2275.145253347424 387.6046474928007 197.54155999808427 -8624.3301276021 -2834.4759427302233 -1640.5582996045796 -9871.733168594483 -6524.050083512831 6748.872617229488 -8775.804545330124 7572.508301830527 7329.92872573702 6157.616293782459 6297.66961285899 809.6685248690865 6328.268855913093 420.05796066355106 -7379.447300054231 8310.519031810069 -4216.098765040259 6514.865633953927 1465.0399734075363 8740.608013157562
1416.3283492769988 1119.3157605825672 -1609.925108280615 -6606.815211893903 1686.5555238238358 -344.66324583334244 -5934.291114197193 229.1249730288 -9604.959016854364 -9968.94198980421 693.7815744953296 5641.677533017597 -8991.648399703341 5992.041131936903 6883.5327518196755 1830.6052691020923 -9155.116178911077 2922.1395852095156 9049.310590491506 4076.4555992294736 -794.7217971772934 3742.3248873952452 5205.346120247188 -9445.01456058502 2642.400827241063 6771.26810867251 -8544.16208456485 -4773.359439623919
-9077.252888308682 6090.881624910584 -6418.412664303936 1834.306592238292 7101.736768563576 -8011.658287815926 1199.4677007730625 -148.65184725764993 8042.499789624046 -8608.128088880838 2070.780695875039 -7823.132309060717 9691.947316340007 480.0411848231033 -5984.0998939260935 -6105.3082018038 -2046.203628025578 3349.923653058184 3239.526217478544 -179.69208317095217 8414.65971985197 2050.8497648235316 7451.619320556209 -1928.3230280840953 5536.486483814027 -7140.678370282538 7671.039820116865 1861.217102568522
8.42610788239108 3962.1377106918662 891.3321393690294 -1934.7925654526007 3261.0982623298514 475.35529492991554 -2741.2021790186072 9356.849046700052 5295.261474111268 -7187.100661668474 7302.7402608005505 4345.27862991777 9593.208065639355 3574.2506541525927 -8466.804366861737 -3494.9296942684778 3646.1897100150236 -9511.012673645555 -7855.446515197124 6520.890942764039 -5694.624830849919 6339.513636807014 7482.854984475685 7815.862603543974 -2318.43681294984 -2058.390783853648 -4821.341901207745 -9038.182520713794
-5516.928269094324 3494.8702379691167 9943.25845173333 -6427.004384064437 4017.4612362623466 3030.51495980403 7753.891199197711 -3829.8820044004997 1251.2165852987164 -1512.0377453850688 6788.186867361259 4110.688867714265 634.5297797836938 9792.720367547194 -4520.361014838379 513.894682620592 -1630.0720472896573 -3319.3418481484205 3091.778098656472 -1378.0585369313103 -7437.105273417666 -5763.6949307489285 -1510.5868084481663 -7742.239313838084 -398.5252599061623 -4439.703703333593 -7217.134866936614 7499.301469787242
1701.6825399343852 -6980.908392086374 2224.1434701720336 3442.2174137316924 -5842.979531325849 1258.8524563508654 -9991.072943150166 2138.744234137346 -9130.810568189981 9707.597184010403 -249.5598349642496 -4994.188703393425 -8960.976475394535 9498.735518339785 -3301.899885253403 -7064.539720138448 4977.351098557594 3400.6627411353893 1263.7506600150064 6990.110265694322 8052.770223235781 4458.80844425911 5079.344242976067 -1710.1749123506743 8550.757979109552 -6737.15035639276 6336.13602351808 7947.806694231011
3854.057274572053 1440.794346972165 2650.8395407276184 -5523.153298267407 3201.0621552549874 4756.640860610991 8302.713745375473 -7545.243017636083 -6988.017891996868 73.60353736448997 1462.7042349765306 21.231458021988146 9789.22357088578 -7781.801346419872 7203.286870139833 -9515.461952437483 -6989.837425497724 -3577.161674707192 3845.613068205199 2647.076236409537 -5859.424486493112 -6760.697984007513 -5367.532159408841 -9347.126096775153 -607.7712782559902 7258.165126224361 3446.502369995864 -4000.0525050710103
-5264.805288881904 -8750.419580746553 5684.33217578941 -7188.224711539719 -9516.782335979935 8496.259001554285 -3953.4898080876046 -5965.34341566703 -8058.607062962924 -4217.221760716146 604.3445787546789 -722.1648701976683 -472.12314135196175 -4082.777818554362 -1537.2603223761198 -5946.7808806830135 8177.092833604114 7593.240892256043 2157.172083363481 3289.8011935839168 4376.447710491038 331.47662690268226 -9794.020383385312 7599.8208140175375 9746.91246930449 4572.845359160208 8842.733178210488 9527.307070275434
-8660.759833511638 -3964.5267645653903 -4067.5402813262917 -7274.958174392296 -6173.059942911763 -1352.184074877061 -1634.4344297612752 -4177.7187322724485 -9634.341495199818 -6016.95588944239 -9111.55953403112 -2312.4842118327106 3529.4834197698237 4228.936183372827 -3710.041440602976 -9685.61651658072 1518.6647517489746 -5049.717530970525 1300.9543717377564 -7843.52294413371 -5.616366088383074 -60.20316857963735 -3547.5704927067572 -3111.4779764962086 -4100.531239123435 9526.719138788456 6311.49823652574 -7302.88415409341
-3050.164443323073 -2871.3869609300473 2949.8025153870094 -5523.469864097199 -9463.915237484058 3264.0087790453417 -6677.861412953185 -4944.8794188179 495.9011957216044 -7793.759484828631 9735.447971668353 -2867.263519072725 4030.5484833862847 -1097.0590871574477 4941.732564893575 -7715.788310188549 -1845.6771267179593 -1322.3548152036128 3322.2637693131273 -7696.433118313762 5193.467444102967 -9607.718125697622 -7262.711795136285 8354.773867097101 9324.749591373962 -2069.606132066815 4732.837280619189 -2094.512835577986
9148.231041676201 -5874.519806477559 -2733.7683426456815 1857.464902218684 5265.202264335205 -4214.553076135355 -3678.358324069329 -7127.417396542899 -3022.1096414415615 -4818.016584294951 -1027.7316163037558 4308.924300627346 9756.236888846353 -677.256041033761 1207.3477778967608 -1995.0475373021327 9859.618342901787 -5092.379125074273 1510.5857737955066 3349.725798035419 -1357.8511182678649 2458.044936281918 -9008.539858705095 -8946.688315571873 -8851.37789665942 -1471.7013664724072 6210.912133292968 8828.555596636426
7065.049410710144 6686.976502847789 -3371.531251012463 8916.281407562707 5226.786344336579 5756.87398147207 -9231.89310895669 322.11071056950277 -1839.5652731534337 -9368.746104205962 -4378.377758235177 602.2812607627566 -5180.517579967821 8935.196082414517 8848.147119812209 -5140.7755433838865 -5326.079864238924 4299.178797741624 9046.268426735442 -9148.372234408625 -7468.196626291201 -2580.886064064025 -9180.823513922318 2240.1603087270196 7250.431523840285 -9583.152307041242 -3662.7548627339547 1030.097313577482
5099.673703565912 -9353.558859172585 3684.169465149087 4788.569388374688 -7079.1321766977335 5508.643489867276 1751.833571848194 -6014.120491470636 -3364.5378972082926 6483.489427176384 188.09205790693522 -5234.317401871655 -1399.8550619040889 -1888.9548010475046 -625.7262201100039 7176.9566486714975 -7806.1523710882975 6517.200084306609 -2794.633178012955 -6981.02262876336 9636.03431531401 8127.328443482649 4039.4012432990494 -9984.964372800912 -7888.698212368648 -9479.046804692229 -7785.464888805618 2465.3071722829372
1235.3057959804173 -2541.9337228101504 -5530.829734364087 -6899.695796664777 -7185.875223960375 -3045.6753811483313 1765.4532493993647 -6360.789649471848 7104.124210535476 7554.385929691882 4614.208557809954 7345.229325940098 6746.74826699456 -8111.710171553213 -29.08928313062279 -9593.249741404246 -9827.374117149942 9468.214615308301 -8316.821655933472 -9110.214524455641 -2727.238716440168 1767.1081608292025 -9762.401573327586 9704.931036234892 -1428.2775372149372 -9089.807429108683 637.4873623030417 -7713.995273953824
1471.0683611579425 1836.5045541150284 -561.0287127289685 -2445.2655966386574 3484.377396463935 155.8976950335309 -3998.1838991645755 3892.0646448206426 -6647.937514400542 180.25907510126854 -1329.0430020037802 3731.3075034222093 -4272.540332400843 -4831.705472246066 -2137.0819762622277 -8776.34499528613 -2481.273093062122 -9339.652955326781 -684.0294982468367 -8698.203355786538 3656.902225882246 6955.520171415148 7650.1929390115765 -3976.817122214633 7052.390742447893 8701.36348861755 7038.439190577523 7489.124255406117
-763.430148850548 8755.371687121136 2653.7793950175983 -8616.549593033047 2865.5034822780453 -343.69920682545126 19.758369585721084 2081.927748594846 6605.9198060341805 -9606.619923198501 2937.933730752382 259.7225505430015 5797.030275038103 6524.282094302118 8466.321025685062 4443.107016623169 -3747.18792780848 3884.986964442687 -8229.600799950511 -2876.5386459182564 3858.488833926762 696.5741327812011 8342.26332255979 5979.050837905001 6281.708474805646 -8563.782691782992 -2168.0551874906187 -3651.68950740304
-8519.139420628146 -7151.103079507153 -814.6688268470934 7155.012408163624 -8135.150028572966 -5005.111810959251 2233.535542186477 8600.38632554586 2012.4037481693376 -7076.711181217952 -3978.0590342595488 4149.99266151054 6683.379893897083 -7709.594803672213 3943.7536724635193 249.02704911822184 1384.9185593385573 -7611.146008600378 1257.0492779097185 -4211.315952491572 -7796.970252971149 894.9100809694719 4435.426401265309 534.9532078708871 8193.14697174972 6068.5794436982615 451.45094963200427 5193.138318490746
7829.884023754559 6477.855400196309 -4473.419743176614 8799.452466965497 3486.548339012288 6447.1834683379275 966.9012137244936 7219.135853433985 -2749.110499003835 9431.015117132942 2464.4239043462094 158.05112336494858 -4805.992929909213 -4787.988740104998 -4339.825436473885 9698.398134196275 1397.1552631726372 -5042.0611584786275 -851.9285514983003 946.0360828172143 3754.9323279287746 3739.1482042378193 5339.9028666003705 -942.8135229836826 -6708.327029805059 -1646.31985280367 -7523.21679070937 -8431.353251080991
-3953.562000762092 -8038.4414665331105 8308.985955081687 -8649.572326213362 -7928.585111184394 5594.96068957088 -697.6826750746513 -7706.674364351736 3091.1169479843484 -7073.465143742464 7556.898968233196 3028.137350042847 -3118.0405425850768 -9007.897929836407 7718.467132114638 -3617.3828798048626 -659.1997264872498 -7236.998561953507 619.8191722342908 1298.6605483138228 956.8522325305912 -4937.14439443504 -5910.352807123562 -9390.988467768559 9823.03656622583 -20.543774125930213 6271.030687438741 -3416.4108777501287
8006.182888515068 9075.05093481487 3426.3570117171294 6169.6978241861125 -122.29376211548151 -6428.494740804295 9540.235225821532 9589.349781465633 -6730.809272590996 5849.703372508031 -593.9782589380866 -8321.195858480432 -9909.167380800094 -8926.47399766102 6205.911218222442 -294.72890115775044 2140.770761339443 5160.831598646158 -9822.522864555107 9744.089357780504 284.5538534497846 -8922.306655510136 3002.581886427017 2963.093678996682 -8255.194573731085 -9698.897934241122 753.9331842911397 5302.942863359649
1 28
1707.971852380042 -268.6821855405724 2864.8446775537795 -4969.952952535766 7430.354296355537 -4274.742750971665 -9833.340754759716 9037.898287414959 -3280.6135321371603 -6275.619336339986 9190.463456560621 -5095.295134877356 9527.452857829485 -3934.8630422496853 2481.8522187803046 6990.340825201452 989.081615765961 -4693.27957493435 -6049.792313548494 6824.063237753573 -5263.812406653398 2439.6862939089297 1721.2475425643643 -6726.220853316554 966.5701691001632 -9526.074699635603 2047.8516329383801 -4667.075857670268
