68 34
9873.799519206907 448.07860267628894 5328.8461167826645 -4451.348752204735 3608.882943286173 -9013.69045234262 -3616.0888261713553 -359.7009085475838 4377.972871421927 1940.0107611212734 -5855.357579198799 -5534.330780836684 -3895.576789998893 6498.563550551924 -9632.545957550321 741.6660479643506 -7150.600349046303 -5313.565744000335 -4581.018625063493 433.1987104120817 6306.7881601384 1207.105627284136 366.9409340480852 -7164.3151325632325 -7724.430026546173 -7892.719927300677 145.91773239964823 -8160.986687297054 6448.093835644544 -807.2258623047419 7220.034487697812 -9435.603722240092 -2248.6761766018317 3610.044814116962
3863.9514229401884 -2174.645280998606 7042.6196387876735 283.58561437526623 -3908.2722577738905 -2361.435994257401 -4855.789684431668 7539.59274240808 1103.3273961113136 -7449.05520280099 -7906.629968859084 1082.706322752767 -6804.176634591008 3748.2621554005636 7182.007377936847 -1493.1327799569226 376.6286420772376 -51.05632151948885 -5163.7249492956735 -2166.741972541815 -9231.68885933946 6561.784843916394 -5307.996340424097 -4147.55954691494 1718.8150462015456 8583.267636114448 -7653.840734813764 6141.608065681707 6758.267455351575 8744.052346972534 -534.523123401792 -1569.250392391028 -7741.661022618296 6321.500196841875
-4798.705280242184 -4964.079405146782 -5608.310584043925 8382.412480812243 -8422.917922593058 1364.15522532642 7023.476540973112 1620.5895835735773 6950.984150420609 6656.829954645134 2682.6975014325035 8097.57970353392 3972.2928530073114 -7195.6234410197785 -3480.145676339548 -6426.125313695735 8083.116499182801 9915.183306203071 -5728.494387424196 8625.553489782105 -3411.1848478302645 -5209.1742886713255 -2410.9402332363024 2489.76903051511 -2086.285842739546 -5513.366087319347 -6791.844838360004 -6941.794746203341 2477.371778347384 6734.212936861975 8342.453207585553 -9165.955927366726 -7719.502719788056 7961.63154090145
-4945.7248587547365 -2818.862004652072 4754.039157702664 -6169.045086805816 313.1330800339456 8342.353661289726 -5726.488932128651 438.2097876065036 -4422.876825190285 3951.9728686131766 -3196.2043035650977 311.00467910860243 3639.5233315847545 652.9889082566078 -6375.698450703766 -9284.342468468236 5500.926571908622 21.588771252252627 -4087.2252114181574 3787.368902379083 362.66256481858363 3201.6975308628043 -9281.444455640865 -953.1759583528583 -1873.8169465837955 9816.707231195247 -9834.570803808932 6930.383000259877 -9029.177933539126 8984.321086834654 1635.362553012792 6143.054502956733 2111.7361957695557 2115.5895736443563
-5952.8201433241375 -2166.7179270689066 -3700.2736322441933 -9588.24872809703 -2021.4302848739926 4070.7128751355376 9081.970386918994 6498.0711517667805 71.94984726604343 1323.594396434608 1909.894899603907 424.058602833451 5696.875701136056 3863.140799180266 -6473.4113770477325 -4411.605652940951 1554.9859622207332 9093.65897532726 9458.249283793062 7141.174487039276 6188.244313487243 -8534.512757120729 8147.791336414204 2945.8687423174924 5408.462232936465 -987.6943615038599 5409.625452471177 6037.96252360192 -7813.384818711737 -5235.56901399211 -6229.440891195682 5062.37374976613 8291.76741025594 9658.87437384581
8389.081671946096 -6387.667322380839 8877.388023719039 4694.256158008093 -1812.5838182495736 5368.896849644398 -5447.166369803911 3326.2406920093254 1564.6764616150613 -3684.960785264777 -9137.654699699924 -910.1830882387403 5369.734398028428 5316.844667502593 5009.004724605271 -8466.073927663861 1656.935825900042 9501.109660826482 -5639.637659836149 1492.2396872963945 1767.7118521501288 -8788.562873842477 -9656.568306565037 3334.783375835619 -5585.51175978712 2040.2337470928323 5550.933331248569 -8591.471419421992 2348.9159148380786 9202.521849020552 -9683.246367567208 -4227.848200206628 -2189.81865322077 -2526.3702883389396
-6447.383594142657 6166.008181781199 9120.538959455207 2886.0885319055305 -8707.272116512939 53.14139052083374 7756.076859361256 486.5365374362882 -8082.787862414875 -9087.747451570842 9291.004073566517 7666.849482879617 -6254.5673995702455 -7300.092359603052 -6890.971299065521 1702.0434545270782 5465.25155349196 -7062.3876678484485 9533.306905438978 392.8107776512825 -5408.635542793026 -6563.5263547751665 8920.835944690396 6054.917843310079 5080.8712946573105 3284.3285884117704 9848.728546089555 -8586.402238904784 -6219.525684436898 6003.521432189471 8259.035475742105 -7843.3490600067635 8293.22070785927 -1813.7255918297024
-1310.1403416917638 -5183.021314795813 2748.313810013973 -8151.431023931393 412.88651406556164 9636.726159303249 2575.557889472857 -1273.2450064859677 -2438.950172035601 -3456.1867303580684 -8485.58325480927 -6953.122770178439 -8626.647650162624 -7020.769551261647 -7108.164650155915 5731.916714177092 -8372.305214682168 -7100.567872469197 2816.2914530545913 4342.096074183053 -7463.856289381732 8916.551046003173 8572.388725644108 9739.200556585576 7213.3357196440265 7008.5954243295055 -926.8581207545376 -3559.0346731299414 -33.183880175789454 -3556.3847324830513 -2994.0186206071885 1006.5770449831653 -5844.619089515404 1682.8067736299308
-9999.695134810152 -9069.831244856732 -9367.395222219413 -3081.3791162731623 -6317.345315782741 -7841.095313589932 -42.74940762717597 8890.37900897706 -7306.188347306866 9254.263920061054 6296.722037531326 2754.9963564873397 -9979.07731466662 -7345.18451091871 -6486.810129980095 -1546.768560434526 -4822.772838469509 8276.06713339434 9939.051176382047 -5488.68513693725 -1690.9630508181817 5952.897687999643 7237.750081751092 6390.184472298115 9827.722939694606 -2970.532458901953 -6533.592611443486 -9498.826718984177 9903.886325243675 512.7516782904731 8116.881857900404 7463.305178388036 -6478.5168405677605 -6157.528205327468
3372.114546928433 -5205.786380577304 9907.038470305248 3427.356595604171 -4325.844363543676 -7159.295011181532 -3353.358091767398 -5293.793199403787 -401.89776919229007 594.8197473387863 3891.643087895345 79.7493426496203 -6652.126802555711 -3208.66060648441 218.90644997325762 4742.37435876621 6908.5491530851905 3122.2199625871363 1858.7558543695832 -5212.414919833872 1166.7820227108969 -7171.9847968179165 2892.1817931073365 -1918.1009705483002 3047.0337996189064 -65.77915230029976 5519.491266737097 -1408.599052813286 6297.260968546405 -3430.8337682442216 -6189.01644898556 -620.4987399636193 7535.852364005754 -6350.520602945413
-1240.9318648163407 -3907.8600218717984 9941.247135031197 964.3762786523384 -4339.550886280969 -6225.433131908549 -3677.168035904925 7654.090076534416 1146.0294227146678 2077.6697381475424 4301.515519665158 739.9434075324843 -5090.429126195238 -9025.470089495107 8758.703124730018 -311.3347721915143 5664.434046010027 9490.576241183448 3446.8595764600323 -6166.701201284232 -737.8087702107441 -2906.2391790686233 -6176.753618906159 4543.642852035902 28.016459116883198 3276.7403083609734 5823.566737318479 -5456.511529875561 2337.0605766383687 944.8303359660295 727.7611114762603 7181.184418837616 9771.345449838045 -1122.5352171655213
3597.2142235542924 7375.819609728405 -3985.7548339494488 5607.408882951224 8438.364208680556 -8338.992143970365 -9996.552262474726 -4152.224059070338 9936.001821864207 1693.626529911915 9367.50832490102 2069.092078329779 9599.655139288443 -1603.527090725729 -1450.9276467213294 7151.1241454513 -9258.258555484945 2577.940310921418 -1824.9349680696605 3783.3080176849435 3114.414058580198 2716.2475330087836 -5956.5123012289005 -9888.54276735667 9985.474363220386 7983.1558605647515 9446.70136384496 6965.0793413790525 3014.884429783766 9552.145139343545 -6856.3989179438395 2658.3553317337955 -4372.497421451351 2874.3583991131145
3883.152813241515 -3096.4980802199516 -7739.8547208382815 -5146.35890424134 -255.47491575197637 1585.6601468029912 -3087.6052092523378 3214.8972675065907 8873.656078606062 -8738.963848259627 3490.013765666101 8937.118057916356 -4471.477178909293 -7425.092612480288 -3493.709096179582 414.99385396429534 -1823.849055869413 -4612.075134331186 -9715.787067230889 -9343.025350618484 4843.490621883635 -9399.150996202343 -1299.9184179866024 7551.541263633691 1229.2936995989276 2266.975613784565 5814.809545978966 2064.935480371827 -2291.782367500965 -7986.192472346942 -73.92158807783926 -6161.523853514966 -1704.6778359496875 3832.2366099053634
-9727.927911167188 -5168.424132013558 -309.4652533589451 6373.979375120236 -6617.620030959221 9403.098519323961 -7976.939376282986 5489.294001188189 6076.763340616948 -7474.054696177687 3501.475776610927 -8868.650803564813 382.45987871432953 -8418.871828144143 3180.3506275037053 -8557.13934484525 7874.507937849525 4468.384552180954 -2219.7294149601676 -6549.810650094361 -2045.7348765909037 5206.403099999357 9803.670378205497 -8602.11655246805 -8215.596263771598 -9485.257323163465 5886.25042954466 -8324.499345765904 4608.221246810146 9745.338011982887 -6155.2954089149225 6478.517285513517 -3696.207665519076 2071.0252669252277
-9550.244901724953 -773.0864950497235 5309.089022753413 3140.277741089454 -9451.974217350491 -6061.784289045527 4082.452842712357 -7598.612238823243 -9336.85649901098 -7062.312896122902 3506.1776570300117 4382.154375240916 -1256.847889758983 3956.7012451101637 4607.013330826285 9800.169238857616 -8738.41747536981 -3986.972310957295 3720.60979232474 9331.256575465293 -8849.144112115311 -772.930248325616 -7486.6291732512 642.0549878198963 -2482.112319897101 -9581.21232702294 -4676.157489129444 5736.50367244412 -9661.972199338941 1201.4197620098803 -2651.6836927575823 8409.364088289029 -5144.941462644372 -5436.983919186806
6394.730653168612 -7869.6061269784295 5283.6194869936335 7364.098320408371 2690.808748490512 -904.5008820116436 9790.666581301048 -7638.459040889998 -6.2329570367292035 6408.447934316318 276.2675458948506 -5762.311317485356 -2810.005619435483 -6084.642630744294 8107.990277157845 -2784.530424347793 -7924.223596164664 -5646.34613031401 -9190.91031253624 4291.708177701601 88.65139516116324 -637.6750292986544 9725.220923092027 -1874.553408550095 -9550.339843540816 -6031.905096890162 -4677.431093602804 9005.525272677456 4044.5627364025822 826.8967685043262 7739.056337880342 2846.9881255692835 -1413.449634877874 -8745.205624334565
-7720.02593385497 -2820.5794979520097 -8047.42118990237 -9283.302785629088 -1254.6998253356305 1022.9614944691675 3537.084769328574 -3602.2089263452535 8652.441185576576 -8542.412934227825 751.2812971753883 -277.1501784228949 2482.4046669065883 8475.97123151187 6649.322297593953 3295.9432626210128 9442.729777251308 1504.1088708260704 1309.5029426461533 -5869.274060879386 -5036.849788663882 3351.006588228991 4869.162533674502 -17.297348923932077 5681.852878520513 -2708.958759235369 -216.63476032989274 -3688.953752333897 -8725.428693250107 6021.328768378202 -4666.6632693743 -3030.842287273179 -8778.303686342433 -8769.406378207594
6787.769709036529 -5993.056056163881 353.6969663145901 -5198.517544152519 8947.387092939272 -7583.3169248946215 -6204.724472144334 -1843.3352573659076 -9908.594249189162 -5256.732815215492 -3441.8513539338 -3477.326547456816 -3685.6139894532716 9718.171018040888 9041.875779454967 -896.9286031420379 4315.781232755211 -2036.384229403512 9796.443183398322 -8780.199848986014 -6154.387670586181 -1927.3307324817088 -6474.923091791252 3359.547408506596 7262.094611718807 6041.4887069271335 -3269.9181125926516 1850.506886916919 782.95978718058 -8392.68837804215 -5818.240615243461 -4273.7284982824185 5312.448023123548 -2605.1908651632675
9246.48271058912 -922.0418842065465 -5303.234004379895 9845.770453505695 -91.97522257146738 763.2377539318404 -2334.9518546659965 1887.469638936882 -4851.774454084707 6642.291577053285 549.8946823640381 6434.952608966785 442.44546824477584 8202.30876000458 -128.94566223507536 7011.210098860382 957.8008280942922 -2995.100439162541 -6254.8634463287335 841.4924682596793 -9026.555763400149 8783.358701626032 -512.7434210148313 -5152.263411345534 -2187.3550700297883 8518.142041798706 -376.9301817262003 2304.785186684805 467.2531711391239 -1469.6710618961006 -6822.097025236338 -2779.5033294047425 2282.646781335696 6706.563441459155
-7537.009971188011 2572.329947401191 -5562.015508468446 -7392.485392560471 -1024.8015526526433 881.6437224363563 6644.740970389532 -2648.3917393360844 -5928.873798111287 -5516.291454433397 -8087.609505744402 2317.9188632907753 6993.014718587179 8221.171113996868 -4253.308986240396 6165.589030516254 2737.789281090645 -9793.32563447713 995.4925525870858 7797.912925371245 7083.510487600361 1821.993944603837 3618.337572980394 -5294.164904246497 9188.675820538967 7162.504073301963 3267.8562523436067 3904.5010540658204 1777.3295818021652 -4028.2321499003883 -8197.742871796057 -328.9683448389587 -5645.373737866817 -7384.5690364531965
4960.511095592436 -3764.4603684265876 -6971.827948969296 -3151.4729163864977 -2827.6004926180494 2553.0742616128955 -2471.4420642957284 4586.217238860179 8031.79849160037 -4217.2119570396635 2244.819379476501 -2332.100085258093 9862.172238904634 865.1465783879703 6070.953126147497 5917.2739793613 4886.0106406956165 3658.7867474047234 3696.9146772194053 6047.83028002265 8465.969212749256 -1750.1864902094221 -6323.0139910214975 -1793.3578667505953 711.0345610843178 3412.5618167283574 2819.1326725024137 -7182.480619329332 -4658.600324989739 6756.443288886898 6967.074147448951 -8383.8659754981 4519.48713212001 6043.055837059959
-7541.319649893476 -3581.336005808098 9109.775073226097 -3364.2093600711687 -2084.1128573863907 3153.88484637534 1929.1601818922918 2286.1593763721103 -8363.355076350916 -9250.950136720543 7874.934196952556 -2275.034957985653 -42.560518157912156 5874.085022687612 -1398.3650491564294 7155.930094294326 -8133.822274618358 -3770.623417851735 -3509.1349299628446 2564.5021727556577 -4499.636993946183 -4740.920460685807 -9149.36936077091 -6236.013236271274 1404.7398186445425 6888.513104446309 -1805.6907337298362 -2406.818589628423 -3296.1111916271493 8878.978771275786 6483.197642458406 -6164.31210327275 -1609.315532863915 -8929.123245228202
-8367.037328377211 1837.8388065454583 5023.698802213841 9026.515999103296 6280.3834313429015 -6515.231038535854 22.201798220003184 -3669.400236313493 -4988.859551841891 1409.2628090447997 3283.773832718487 7209.313371702476 7786.818637409084 -6869.884220060989 5914.552312490183 3674.7039917359452 8246.758643365756 7111.520870886667 721.0358972075101 8493.951174217003 8623.43911641739 -581.3746005508183 2011.1520686016847 -7160.814715946924 4716.2161844464445 7839.734167270566 -1924.7682679246682 9026.784260586504 4227.143398782207 9360.178990411776 -6420.513323320514 -1618.7892974310034 -4666.930133227132 7810.413941694471
6255.257291973909 -3370.6901172168527 -5036.81962740427 2072.4202852966737 -9861.116588492197 876.20108904474 3205.7850670951902 -6628.542327928246 -8733.200333089128 -4624.082106058283 8028.727722399792 -4818.968110239377 -2066.5334324969135 -5685.053946502397 794.5105522884514 -3381.4973638514157 5567.106395629191 4260.595409787784 -853.3308443242713 974.5670490571665 9597.541718154782 9322.086467191351 5749.479599183858 -1507.058383266376 -9940.119688575096 7862.252407066888 -7952.901577156728 3455.301480272843 -6494.220325769655 8638.295783255442 -2673.348218524973 8984.417911555349 3975.816258540399 -7586.095535491923
8820.224311498296 -9868.199755271598 -5869.857017511941 2426.3629309383523 -4017.140851767287 -9213.87843273715 9341.657010769857 2792.511708010821 2796.853193736095 708.9730094519928 38.79234023082245 3421.708921700585 2603.8888116295348 1114.5458823833123 -2994.7081698874435 -8726.685361518134 7264.671866594283 -4634.184103238253 785.5041369498977 4432.499490726608 -7908.2873163128315 -9986.621597582243 1592.7319512142076 5983.998928921417 -727.7842993619925 -44.572845045040594 -6395.13958069235 -2579.748891429578 -826.8116360225486 -1103.1505085716599 -9079.83800294771 -5752.926035303801 1835.5564649808584 -416.5691859123872
5.567928241156551 -4491.392004577683 -582.4411864403119 -5437.257983736232 6691.778994991426 -2126.5277164924964 6483.011595720189 8217.142784680404 2635.4511098281946 5526.268820767507 -8618.072252494469 42.59651119080809 5576.993963002473 -8105.355126925924 4630.732694222157 4333.186326552046 6466.060879311168 885.673352856722 -5154.308096845001 -8179.235840496981 -8557.981679744938 3829.3553246607407 5228.989554174139 3085.430492424968 -4296.657074956711 2069.1340379499015 -2989.110492056144 -2028.869762590075 7803.602688624273 -7956.377939546782 -1984.5875760478493 -5868.443658684366 4299.973409168402 -3244.1541166807665
5430.249311970103 957.4502854689617 -9546.693175091434 381.5792030591783 -7335.389686493932 -5504.732319733625 8691.271547411961 2952.1404902758004 3933.9208640466168 7459.992657738818 -5123.372410625689 2282.0913219053837 -5137.354047706562 -3703.5428584991405 6384.404963086741 6552.38090596702 -4505.718063773692 -7487.8942317534875 4768.179398289323 3638.31062080272 9646.60439320733 5340.4352998647755 9390.941359160206 3132.603251046223 1154.378632145248 -3982.9597458232984 -5900.220269256424 8255.55786144939 9729.610623145403 2428.124705177983 -9738.691218109354 3714.309049252068 7743.349627397583 -4047.1381116073044
-5452.889646745427 6214.309316560977 -8728.848302054965 -9728.616676856996 3958.11134244439 20.03052279149051 -3847.82763023974 3275.772234754855 -7220.3024376954545 -1232.2294185386218 3478.417423874351 -6233.789034639101 -6662.698404928993 -5762.68842996934 5992.198629440831 -3615.6367540964766 3985.3191348390355 4465.39077929646 -4154.6841261958625 -8511.249094341827 3977.28299669411 6889.639092722402 7372.652821282383 9847.232640902865 -3966.8791000372858 -5398.31869440075 -8651.932373328596 5330.456479611341 -4189.015240941507 1899.7226339686804 3387.9490246096866 3774.500992927393 9012.058522241972 9995.054033554272
-2714.0582772361313 -4100.965975290922 3216.222538289765 5013.788014993963 -9952.807598291762 -8697.301217578008 -168.89581849848037 117.36351659764478 -3476.3871261059394 -7385.676196552604 -9830.923741186843 -682.7614500408272 5779.906262322378 598.6960341741287 -4145.7452097840505 -6986.374424796666 5661.097918843354 -6605.851269706351 -9786.928792651148 -713.3186779247208 -1569.942860358753 720.045508212108 3259.236481491187 -7505.414016144605 -7245.023631098866 -566.2695201203951 7732.9895104979005 8394.044880993311 -1036.1866081268672 190.79118569634375 1601.442222654783 7168.544489781623 -5293.010505527393 -2419.0638076581236
9330.557452170295 7107.844005152194 1655.4109021223248 6448.4789014633025 4277.7443590214225 9184.845899024385 -2396.4007672204543 -1703.5768906703506 3359.0557930743216 -2914.926140598802 5857.667001975937 8657.147868371027 -4893.51712902329 -8280.210796761947 9247.566642495349 5923.601495490226 -2550.4429969686425 1815.3686508338233 -265.1576510621853 -3844.1105642882258 5657.906424595327 -2151.291355867739 -3013.122971286175 412.4164457660954 -5346.2912226929275 1338.3692462205981 -5486.835192325925 -5344.326389394613 -5675.951628002922 -7087.4715233271045 -1930.8391509097937 -9462.86848804954 -6677.879729991691 -2435.6721341386556
-7841.121631509429 -6423.877741499384 7617.662361816452 -1014.1929174113502 -9708.468010938814 -2516.51323744227 666.8868852935102 4190.904449742464 494.01720292643404 1900.159927040164 -1661.3703927053539 -7886.85996489836 -9617.17937637703 -7128.616966162788 -2811.2799272151624 -1039.801383855085 2488.1421457661345 -1670.9053991138608 2406.3209595480585 9281.334355513914 -8813.44850048681 -5465.45127797688 508.4231811065256 -9950.313119315872 2870.867270029674 -4119.026260470005 4234.116053831662 97.19666977234192 2770.544751381858 -9972.729318598917 4377.419362672674 -7987.411277626337 9918.321230360641 6959.550915946427
-8716.859827731383 1795.4033007609578 -1316.9548993360713 7247.598230247026 2787.9650926409468 -2957.6089787781966 6271.805138402562 -9762.361325894757 5863.954675100003 -117.32706302366933 -7295.5989966928155 8840.606300518608 1166.570013428407 -9137.644932441406 -8245.04750684278 7738.131359363197 2809.023323688345 8820.124999758002 -8534.269431162793 2720.0420652437733 -1141.1677361567563 -1653.8662441787765 -6376.220428360144 7138.7433878707925 8754.184296514853 -1187.5314868296991 9428.326157262323 7425.318566701004 7939.113048493153 828.8815596470358 3730.425533751475 -3956.278562675202 368.3166089345177 1488.151089742105
-1693.3071612330077 -7826.813311148622 1464.1796218260097 8110.775570888054 -1610.4724767503412 3351.9455200668235 -212.1152315998479 6416.135140607526 -7330.942798545717 902.1206008788085 5654.0272274984545 3049.1397491156695 -6565.077992501325 -1077.2660690036992 -5820.676728068915 9566.607595371785 8516.337317799935 -909.8865267376059 5212.564707530561 6385.616202437435 5725.770794260301 -5624.364308090204 2785.6919874503346 1016.7575586152689 4946.444900545961 -6265.26794867365 4785.946763464579 1046.7967019488715 8705.815592219038 -1992.5560034419786 3758.972845419068 182.0805445095466 9008.918451458892 -5284.317382626389
9987.727532232526 7366.225843659828 -525.6083687956962 4388.273469772637 1735.236502298687 -939.8630405645854 -4850.353977887556 7780.584006263456 2464.975323123088 -6562.1721569163565 5440.246688476658 -4889.2970176451845 5561.223626959118 8489.451768182025 -3402.4626460779173 8058.350375676444 3318.7167805281333 2206.549325142809 -4703.439840325834 -4804.1837772539675 1640.3362395545082 5046.8245408479925 5971.13634943658 4507.387157135443 -2487.398695195875 -5310.28742659976 646.9058160681834 1129.4923580063805 9954.905616238317 8514.713207916353 6919.411986168561 4474.610231332841 7825.7109209387345 -6140.8963347884255
-2736.4896052592376 -9421.72507181873 -9153.615665705927 -4833.399874041195 -1729.627064512777 -2179.8207527732557 7044.920067566531 1833.2678803714734 -4031.4267736832135 5666.765523561306 -3804.094511661262 -7096.6879260378855 8263.56248681599 3947.726561101379 5626.727653262882 426.29201983114217 1665.583551878788 -7836.703072948621 -8679.51521724949 -6045.359587504316 2386.171690028468 -6038.847529465763 9005.653436938228 291.7426572617842 8346.957149842932 6558.728333975847 7249.959593633532 5631.3291676282115 -6971.333658553584 9736.02762971423 -9314.92422105858 -8893.199158940584 -1388.707953512845 -593.8554219826565
-9077.490748372255 1140.929312102342 -1882.7397566429154 7086.202466224437 -4962.351041635502 -9180.830105828736 -3267.9508902680827 -4591.483978541113 -213.71437231014716 3686.2702254807427 5305.857137393119 -5022.829019413774 7668.257747133499 -4987.21710798985 -2304.182591219739 680.3510805955175 1302.9420395654615 -3730.361410541752 -7137.860817042809 6499.982245137955 -816.9700016859279 -1761.1153135250206 -179.01627362146246 5345.824228888818 -7954.126873486158 5499.936729625304 -9767.2496915768 8555.347579937676 8772.86248486102 6426.006109091675 8851.94041639068 1215.251344727565 -486.09530696812544 -6240.632525024699
-9145.003779965256 5585.4273082196505 -1250.9104612788906 2317.2552430873347 -3687.3236437219985 2115.372355940888 1500.9999608449507 9670.073935938937 6725.242698985756 -2856.7348972077625 7278.303088625493 -2853.50508420648 -4110.067969880704 -1636.6195845345628 -3595.4206566495704 -1064.344618538682 3771.6582007487123 8819.37464624385 -8583.93038932652 -4289.340644815967 7765.190771371974 -6067.58047495205 -7714.819238368256 -6266.171329993708 8031.878215549121 7917.886517078543 -1990.223065009931 -1157.0778420705956 8597.465888894403 -5110.095334280285 -8241.963577483724 -1619.6414915590703 2314.74753156059 1317.2347684352553
-6760.931156214398 -9118.048765444853 9574.821284194266 -7397.984466486791 -6411.489308345213 3747.0066243984566 -3846.2526382269816 7135.499015117606 -9547.370315676713 -2680.000972973835 -3882.955897927054 9930.567760319245 514.0578325785264 -1919.275917831831 -4291.884646927449 5865.21246550829 8499.636759161585 -1269.0747614414686 -7103.986873821477 -5176.987907401198 4096.045181731957 9046.167510487048 -3385.7742418983917 4980.354061959708 1110.0646199227976 7159.60330994309 7257.437871216844 5494.546797179635 -5665.570925532453 -9271.137862143363 9387.31083109033 1626.1481874287892 -9829.301593377795 -1449.9007290607242
4945.265222010901 3907.7946910757146 -7987.500171585817 1341.3277028597004 -9504.50435599326 8023.970196207094 7440.0344025825725 8848.33187973061 -9449.4790802945 4445.177609969434 -328.2120279519622 -1958.7681940793436 -5602.886808918397 5322.141441595268 2910.2463839151806 6957.254046970156 6349.629036664588 -5159.716680515953 -233.85609272942565 -8743.264986971091 -3248.497181243093 485.6361631130985 -1345.233963601253 -9334.09523665631 7932.005980854763 -9138.133035767594 -6191.821285959262 -1.1302107547853666 6653.127896722472 -3180.6216312263723 3387.684218184286 -7065.048835870617 3071.1012135138953 -2267.0484914726676
-6088.82159133342 6681.6103585306955 7627.453884801322 -3007.9669993240414 -3134.922072478388 -5447.443260526996 4225.9934441785135 -3702.0615040641405 -6695.709407026696 1711.6330068292518 3489.9506903168967 -4190.298357933891 6915.539245688102 -5435.177517555152 -6875.4642270901095 5050.109958410545 9781.679721280114 1756.6639731160067 6562.176410950648 9896.863016016698 5132.289124421921 8629.22770863093 9100.722292400787 -7357.315476743144 5103.43435624097 -6079.251040119456 5900.348470744311 7994.698923963675 -6412.650879760733 -9667.645583990932 -5829.2071157600285 -2248.460996404926 8506.335709114635 2411.579172448437
-4128.73106121097 6859.092320131211 -2690.4749728344004 -5393.8050537754625 -201.73213275948 -6319.375178920536 -8778.839219298152 2639.656980512331 6888.4776738217115 -7930.051303202968 -1026.6689467801389 -6687.717949203539 -7709.432263129316 -6388.959173918989 -1949.1351250072912 4145.627575939159 1056.949303926156 7984.238131950424 -5146.597387249901 -6468.013190876711 -4128.367969530095 693.4443387022457 -2067.019778332622 -2376.556743198592 -6117.373245757105 -6438.952973916248 7548.25028772853 -57.15510666512091 2140.0006544394873 -4818.5538714884315 8453.209834521062 -6042.086097811331 -4200.486639585057 -675.9149117618344
543.2851032662002 1674.227086083527 1415.460832201914 -7309.658919380678 -322.9911253744049 -2812.9436513724922 666.0605838254323 -4848.193325584829 -5984.6558691584705 -4525.698846706161 177.99678499293077 -2617.713174421705 6027.094746059172 7721.271490053841 9757.316903068779 251.52169259687435 -688.9274497225742 8167.448427911389 8953.521376981094 -592.3266321153187 9098.135365536054 1392.866738245737 -4796.58796779267 -6845.8133539955 -3568.2881382716932 6289.367942575685 -4702.979726516392 9149.53855625507 -1298.5076261338509 957.5052444606772 -4405.675680789654 -8144.181163716129 -5284.301984092641 -4800.591413751574
-3674.828831645087 -1180.681220352817 -8539.601235113996 -4025.113169712975 -5525.000867727284 6240.870020288019 -8246.853106102548 -472.32464732938206 2108.204399986709 -6908.564355768829 9439.922762457707 2337.817832996767 2399.7606023455664 -9755.532359777262 -9851.763551337064 -4778.506100653699 2566.6159172321295 6404.598197117139 -3066.2752238179073 -3653.4828411757635 3138.4745002996897 -2792.0617606764345 9939.958867428395 -5668.430595084788 -5603.586163452026 8718.807558543718 -1421.8772386534038 4771.098133674568 -1043.8000301000993 -4963.721500920768 -160.82626772902586 -8054.911651927352 8016.534985082613 7177.9068406326915
-3406.8506652468413 1.007831719434762 1014.1344332627996 5606.985988159857 -4141.501896003512 -9574.128123901628 -3844.5350836519565 235.3157064211864 -448.59264125037225 -5030.705685976997 139.63606510555292 -9286.084477359553 -773.7165682309642 -7051.0358586912525 5078.743744737705 -6759.154538558987 -2411.1765984727645 -553.0567423610883 4788.573253522703 -6105.179739930233 5880.56516709596 -7052.651833574297 4376.13333159978 2959.984393464665 1113.9713197233887 -4988.064566270116 -6186.078441299356 8128.3829673047 2688.8871940202825 -1322.0878975071846 5776.598445708452 6358.795210283495 -3872.386809315818 -6374.10281848112
-8129.101143772317 9030.862962482297 1090.5038485127698 -6021.158744994499 -3963.8861152137997 -3631.4181493657834 -4120.329970227199 6436.505923636785 1164.0575266773158 1665.4891799164725 2863.407815692237 -393.186828356007 5293.209081924057 5711.19409555438 8684.959373333666 -1645.169535397983 -2951.2272787133707 -3939.538885308598 1287.1139316648478 2222.055745148553 -8653.63670328422 -6336.305440584915 2184.1158269796306 -3612.2416698538063 7529.537061137795 -6697.360083538257 -1456.3652213380938 3982.6853640095724 -6179.281440752582 -9353.131475429394 1288.6019190051084 9136.172475143103 -7031.724564910571 6712.462090554498
-4913.647944272692 7299.693148677117 7694.370296545381 2518.3390980865097 -130.07050429531955 8126.838062851293 6846.009030626057 -1965.3343177915003 -1553.027685786088 -7110.440252079015 2770.2580845940556 -8573.049877139389 -939.2245367102187 7747.811212487395 7889.483801787792 8413.760017964745 -9153.304051430474 -633.6118525656875 -8556.304560214756 -7250.653431061895 8803.660470295348 -8530.095015539388 4969.006129343847 -2709.852250068656 2141.3938433454587 -4832.378018863741 -9616.335945304494 4200.782627019862 2185.5660129868793 -7781.4803914003305 3313.8109125924875 1562.9283425960275 653.3984568548094 6737.735959653346
9799.275064337733 -8322.853190335463 3375.2743570419443 -9649.598147223092 -2349.1104057144985 9538.764869532642 -3520.168825619392 -3580.035893716158 -3307.424135328467 6929.721387970196 -6676.097697711194 1983.9579655831512 -126.57909163805743 6159.37052824491 -7253.462517683977 -1392.8840259397075 6117.9338904915385 -935.8336829966247 -6893.7725845509085 -5531.700365793415 6545.603558964009 -5890.968597043715 -5553.793808621028 -458.5676632891591 5492.088695497814 3942.0136751032405 2722.898029590444 -889.5380272061939 9373.745744450629 2119.6779853396656 -4807.547868315074 -7989.065187019648 3070.4290551570084 4469.4039421520065
8964.269804494554 -2702.920579992685 -7655.205884051376 -9169.678024407192 -3132.1034021345477 9400.638013178766 8854.480619386773 361.59876311082917 -6836.4734455037 868.2906071746038 8738.178574712001 2474.0542229427538 -3235.217936415602 9316.158722172197 7466.797635658226 9280.413500411913 -9672.89123408536 9460.453487740455 -7323.6175451028985 -2897.5892498314915 3268.2531612795574 -4617.430064147104 2177.321512427172 8520.283319062608 -6169.536155818689 6498.687837134461 4366.230012729815 7550.084060029974 -1525.1432558550478 1496.669968311875 9399.006109195383 -9664.587193404022 -3759.973580095286 -4712.974436831483
4614.620098687554 7521.227827287315 9750.806683766157 1673.7835920119196 9459.022906006914 -2859.0863990627513 865.0198526779022 -8220.563094442736 6609.464261477671 1820.905902138009 -4793.425530039845 7683.834832033186 -290.9312037455584 5847.974133551139 7653.241169913403 -8899.897083548107 -4179.182072886029 -1557.6662159869811 5089.614291139351 -1916.4962841417046 -7768.100474679968 -2821.436231524268 -6721.429811022006 9321.886994957269 8207.364852786395 -1579.476133231492 -6231.995853973709 880.3745555313999 3267.1914704814735 -815.3092719258966 -4737.31517873408 343.70292681937826 -2852.6317334215755 9083.543157909116
7978.499038699909 -8883.399331769364 108.4219523574011 3786.3451655951776 4936.042855565311 3770.269837061147 -4886.348292076421 -5149.910974846274 2024.7135298256017 7313.68414533095 9019.331195514409 7833.315973377445 -428.1768615448327 -1229.1431461437714 -385.7257927364626 -9940.645432997717 -4101.726549363149 78.52379316957558 -9943.002176985809 -2550.3961761022965 9298.392915934266 5258.4480145324615 -9367.565518930656 5060.637479741308 5246.190042050994 -2203.5810624143105 2731.4750187172813 4718.22876611924 7069.923931551162 4345.092308020789 8665.478048491263 -3309.7250386986298 5584.4087972027155 1832.527897092108
-9414.973571920384 -449.6595940131083 5878.5901305860825 -882.4108110172583 -4152.749884948265 212.02265767291465 -5317.557260073278 6309.458134880171 1267.9739228878534 -3013.876562917213 4169.201910918671 8887.166607177158 -323.0620430317922 -727.2184697123539 9477.434640829018 -2764.635999333118 -9646.75884925599 251.17404788380736 -5691.963923116077 8165.412680462396 6838.251000070304 5853.7644021154265 5234.75383620665 6341.956232705024 -305.73462193777596 1383.3290987949695 -9594.145745822012 -4539.961409333156 -9159.432871555204 -8300.941989886545 7136.30269915835 8123.301978475662 3640.7223394593384 -8999.364800425696
9467.962220325244 7996.657357089687 -1493.0139797269112 7331.819046707515 8107.964090473837 2841.287401994912 -9544.5213560289 -6866.543788374844 -4189.616309011221 3040.7628151038243 3851.2604169243896 1889.4197193576765 2689.0293883939376 -7643.553494059394 1014.1511244428475 -3414.5029555574547 -7070.275606897292 -4440.465698514 -2275.238895241132 -8352.785939247773 -7174.276826339225 2704.4466830845595 -548.105080917745 4552.025257182231 -3031.1334828220615 9029.11177559102 8612.742413625328 -5638.815710495257 -4640.656809058645 8378.2894373116 8478.055418674598 -7411.616838527623 -6454.437472643135 -5942.310565220885
-2655.1061179350772 -4823.223793647995 -7218.653776730289 -7247.1509314737 -3268.9412383373665 -7053.148558283368 5723.31533132388 -5648.407372176618 -1348.8761294977594 5192.435386682526 -6319.613949664756 -305.3123621395607 293.99208282987456 249.47086099506305 6228.0339682777685 -496.7528264791363 4399.066063034996 -7641.000515097967 -2674.9018586793745 6125.198840545312 9349.707453406154 -41.320513760336326 -5731.530981124229 -6504.9107108510925 -9567.764058258901 -4770.790864774981 6853.475675486468 -9530.538170998801 -4638.43157993256 -8217.103537262286 -4698.937836887234 9732.614503298457 -2256.4391423684383 -9580.032518744692
-605.0664679197398 6992.0395469571595 3061.437293963407 72.65568996377442 2111.0732492092084 732.0268747074006 -920.6758190038709 6991.326037339084 -4064.6079028651693 5241.820554087026 5140.70451039784 -8154.482361204656 3803.8915722194724 405.7537039135277 -4175.760095300218 7259.2644444436955 6776.5859675973115 3846.974936167324 8974.115508460553 -2154.8154929103157 -4003.3931925295537 -4586.484962832648 -7064.852049004576 -846.0510155324755 8266.097030006084 6436.679583798275 9748.14669616845 -6053.326583704482 -422.8535042659496 1440.0121352613132 2388.649709901385 -9758.344443376014 8823.751704930088 8557.608254078528
3984.12781014091 -2387.0436130874914 -4806.027162022097 -5659.876102174162 1639.043192596535 2509.0358545874205 -8630.643270884748 6356.437699464703 7218.186971483698 -6861.625123936581 -2887.524992996311 -5749.897776592172 -6345.076571046966 -8944.9372503414 599.0596793841378 -8552.040333238407 -5936.650422175531 -4724.6759080483525 -6385.537545432007 -4267.5521225511375 -2026.8870360216342 9222.293223021992 7981.064228455591 -511.6813154488773 5870.245054594279 -8595.742155212829 -2700.9245135684787 -9362.71531571408 7244.697569891017 6073.5138341276015 -4259.6695926513 2204.0167361420154 7587.672293160995 -3629.6379144700895
7124.245846935268 -1514.5749169141945 -7415.536695311404 -1457.7952422685994 5523.59535956563 6921.317528379859 2670.6401996659915 -91.87467135317638 4365.86393846538 -7281.106925441747 625.7217476989044 9550.8398142437 -7654.648591544784 7050.348841130901 -6991.846501018115 -3789.4165610875925 6359.731469660042 -90.06338215728101 3637.53118487346 426.54866691640564 8628.30740864003 9180.230208125446 -3360.196651954404 -9877.741062641933 4587.3872496597905 -3899.8692753110054 9933.09174620641 9530.504106163091 4395.597438670182 -1466.1326678474925 -6405.225578729334 -5373.912636583036 2377.3055922316416 -5859.9317371381085
4002.8392940156064 -4570.31600130686 7293.122011741445 -4930.49033202023 6216.69928818765 2779.3922723231244 6712.969843273258 -1614.3718936263977 3048.028362778301 7572.933169655535 2337.1932742495574 9236.94091648423 -3025.6285571881444 9471.163654969485 -964.5721647199753 7769.02447562441 -9626.95789435375 8589.658596554254 -3325.413178637933 -1966.917757846636 -5477.65589666662 -48.91349418514619 9673.743416731093 9695.016919787304 4173.981786758228 7246.445487931145 1353.2632703267118 7143.834809767814 3648.827825300965 6219.155513877549 -3620.7123911787394 -389.6001020329677 4234.808752059131 5489.355265383065
-6738.568730086538 5027.820882222863 6943.71744159604 9181.08687888912 -5289.456991553842 8326.653652108027 -2287.970019714953 -4912.223791234891 4046.1632765747945 -6656.808657385898 -2031.0386894288276 -5038.876473939496 787.0660148492261 -7179.076533782349 6745.977695125948 -4934.320134948846 -8294.416589533053 -1071.8692781947575 -1355.4424784198764 1762.7391533839145 -163.83585843709443 9808.229229329987 -4169.407625782151 6960.899901523353 346.204213914265 -6650.649671281748 -8496.015510314592 6904.3818563898785 -2968.1496746686917 -9621.356998538906 -7595.148789313668 1758.354123035013 -6934.4714049283175 7985.260539003961
4560.299264697609 6942.597842096933 -4705.452505359249 9258.787038645365 4837.564176995484 4205.8446330861225 3841.794631870145 3399.8023974066236 -1893.9942952728916 9631.222890799982 -6084.966060712409 -5245.124583614635 -2022.5941198044193 -7862.027791135422 -5412.642976023088 1579.519486321049 9180.437633961075 5764.722630927257 -191.6675239035958 4523.506956540054 -5551.400941796376 -6566.708155527986 -884.2382938737337 3063.4102354245424 3389.9130153677797 -827.1949190605537 -6921.665900328753 -7439.803364585436 3551.385362973904 537.2679161371216 4131.704222057013 -6486.198794360549 -1450.612322756453 -5504.525038698233
-8692.165580183506 -7189.30119541808 -631.5636503055794 6126.740512778819 -3810.27023837291 8237.182930999596 -576.8293486433777 8735.975233657595 8969.510030792342 7428.102017445424 -2537.218803499417 9499.367581769788 -433.51173287205165 -9761.244236076867 -2246.1036361269507 7826.646617371887 -8395.344597077703 -5547.885146768821 -3381.9192265192924 511.1539429914046 4556.606955808264 -3343.322429136375 -1260.405388416446 8197.416762633558 1325.707427765361 -1531.5304671499835 634.0045308756035 8569.83728771784 -9709.694033108455 -2332.3693297326445 5873.093136959673 -3265.3094192137823 5959.897606912236 -7037.423224451404
-2065.5740241478206 8301.124235305648 7080.72578388713 5183.688522246699 6929.899196756185 3680.975794277234 7247.278394816331 2328.76039893527 3115.679463591867 2675.782488453522 -4220.88102636067 3401.0499028468857 -2230.0062978699216 -312.1462117173596 3338.726349966708 2379.859345239325 -8365.64216598725 3059.3622027253514 -9815.891260680313 -855.8382014799881 136.941082012705 -6188.771350624023 -6277.68216074865 -2413.5941700621343 6873.252453499965 -8507.112003134987 -4252.739117941686 -9223.489183923022 -5024.919981699969 1921.5982546928917 8063.819634642339 305.09978718359525 2044.8674884765496 -9429.862469522668
-2150.5417354852316 -7290.899983780304 -3764.4177540307064 3509.4464434463607 -5862.422782048365 -5811.539443104332 5030.18444779884 8716.402318143468 -3104.5662224182033 4344.025444643679 9291.116645259739 -588.8566924391544 -9006.472097270405 7436.169325259099 -5165.859974075902 4414.732795148002 -5585.930569669884 -1582.9345480763895 6400.9808454413105 2977.9316454871423 -224.4129084625256 -2006.5912384084904 1661.5545965047168 8285.931176615657 -523.1341630773841 9858.065410108724 -4398.532546799156 2940.5657074295013 5873.627644710448 8595.11915254615 7663.94906459258 482.3653761194528 -8615.877787653666 7128.121320552491
3579.773340932519 7462.113814471984 -3706.2435697953642 -4614.075643540711 -3530.248531808961 3176.4168286642853 -3712.518589279681 1175.1578505228917 8915.41670432179 9072.830657986982 -2573.584089854113 -5102.791208516805 6121.192160232651 -5345.138482804737 2172.6063862902374 -2526.9558029945265 -4151.367759722111 8266.402389626543 1398.129565505984 -8225.542866619491 -2017.8812060467253 -9075.632426773438 -5401.455425657256 7646.226304382239 5563.689883013429 1442.8426381768659 -6677.690327953973 -9391.387454805874 625.5285857691615 7500.95717315211 -7678.743202479693 -7893.64858585049 -1864.998084818255 8272.452424630676
2536.703893950975 -4291.6113844190495 474.9302644106956 6937.744052747526 -3881.415616326387 -9137.493512089826 -59.431729783413175 -6920.974077759148 2656.830661901351 -2216.5650799703362 8580.51255617572 -6044.786620655614 -9832.419650616295 -2198.39519895211 916.0603664546779 -7408.184195217033 -4504.370633228227 -4687.467769986353 4896.961622555924 4962.1761215212955 -1497.5004120933863 2145.2210189634498 -7578.879660103155 -3981.615282539672 2381.7121639230736 -8096.680421338875 -7528.419484317614 -4283.063292164997 -7393.99977050061 4344.187154414791 3210.619224994389 6084.755041575081 3285.7992081113116 7016.407339725116
-9406.353233490849 -8917.761156070193 -4622.699047570502 -1562.1693882642066 -7019.763276957465 -3224.4118138418144 -1033.6053375147003 -3424.3526261977086 6815.535074846983 -812.4761313313211 -7170.875103557492 8355.42463499411 -433.61505436086554 -4117.401274703896 -1319.8188610260477 -532.8997249406711 5147.155174535828 -7779.7736797234875 -1512.4427441332482 9284.550059344489 -5808.669632095591 1643.3717891862452 4883.1402025892385 -3921.0918248152375 -4290.101642399615 5014.856415076161 -2537.0081655930107 6431.87941635475 4653.81627526888 4749.390091569645 2233.980595608753 -758.2944946037969 9927.297681046937 9949.945321675372
-4371.682177374583 -4855.248088167054 -3014.865480245652 4544.114275796102 -7057.665758516445 -2692.795344319341 7837.498416805665 3487.9007952661686 3177.181220872675 -1806.0329628152722 -2818.3846943195686 5331.170653162944 -8421.06529123407 -9020.419171187265 -3502.3302705580963 6416.429718507756 -4418.686644161713 -4334.790479574999 205.21000856712453 3816.472660817857 -5780.160537949313 71.72502820912996 9262.725745253556 -7394.120443822714 -9646.821729062927 6448.076428944638 9509.380752640038 7970.1302810206835 5971.684643784709 7908.174004103035 -8851.877574465718 3528.9312698126923 -5080.0368376864435 -8111.128787229258
1659.1135142887197 358.85146135318064 3299.2157841594053 -2106.967987715915 -1269.4571268639265 -2475.0137032562707 -4232.038804743405 3433.114824754368 -3258.3602160427863 1525.3594145378283 1551.2391205305757 5703.538567489617 -7194.668079782503 8241.438078774005 -3731.052230910099 8468.277629749795 9850.218235106924 9660.55869643869 6279.3341535487525 -8244.937535615114 -9535.364796737838 123.53039073056425 -9829.023573882689 -7211.646982588433 7605.808079736191 7754.9760181417405 -7414.646088864252 -4673.1148535885 -5517.1592101271535 -4934.573658210044 4299.306206454261 -1799.7593135819861 -6536.393302203298 9804.759279950089
-8946.582292178871 7419.39711305936 8107.029618574059 -3065.548618936822 1634.8106452440552 -7731.20981185506 6551.589168231421 5478.364191001017 4576.471156760654 5033.095693007734 -115.72353817671683 -5548.4048525382605 3281.3841164384776 4314.383600078791 1920.0326542669172 6490.843881836012 8686.252422787446 9828.635754945906 4843.783560710686 9661.523356097689 -2448.9898443720094 -9978.764833537545 348.07718437994663 7339.431716068422 6268.557554573186 -9405.575361615269 -3293.7969544884063 -5341.006260118206 2759.4158304997327 6836.861315224447 8153.179433612582 -7748.690665115026 6647.837138338527 5721.262197509346
1 34
4202.760595210695 6869.661196551366 -1809.0668493246649 -1246.4324981052105 9760.683802537627 -2926.7905985406296 -638.5755275485571 -6874.3668778332 9296.251711583216 9443.679473180247 5381.953204603018 3867.47649958912 4701.482995525532 6168.772807998428 9197.109736260547 50.96800172939038 3180.9713701690707 -1946.9776750242372 -772.1296081799992 -985.9057149695891 -6089.916591440252 4776.052620873976 -9731.346108443804 -7825.659406600267 -6725.830751084261 -4185.135389464441 2295.706409934168 -6995.836681689509 4751.681583827056 -6069.349527289578 -6795.54518965247 -9270.36982805607 9610.073944459964 4129.871382944253
