8 1
92
5369.001590414882 -5634.966498265095 1649.3740109629398 5053.531754325291 9807.417646551745 -7357.078593153581 -3944.200137482195 -8704.967049467581
4439.063519099755 4580.7225152907085 3405.056660920178 -1534.4760552385378 -8345.712832693596 -8531.302679607357 7043.928392343081 1162.8884022058573
472.68531164693377 -8248.114874097686 2962.496549024221 -4803.842486344915 -3827.180699303288 4276.824648177053 -8209.332528723216 9880.955808133102
4673.343836657088 -8350.549401432188 831.9643775950663 4076.561376679785 -2128.5458804800346 3594.7779117580285 7924.762070482888 6970.150818154518
-8405.749585197329 7251.339767027923 -1733.6124308326944 -6302.90939612735 9403.387444621942 -6159.557611506337 -1008.2344708201999 -2087.2023894810927
1246.0503656924684 -9812.321869071788 -7501.5594301459005 -4510.1704378702025 -519.1847861848582 -4935.718246166633 -8264.702733313645 9330.418616785762
-2461.518443518884 8676.586582239474 -7676.304542006736 -4271.5073336267515 -261.8627397573364 2509.250540758001 -7751.548025000377 -2053.426655887305
152.50921817617564 7338.8791511037925 -923.4987160988258 2799.4287049333725 4678.386459523272 984.3099293432006 2229.201259730602 -3435.843342736355
1793.8778153927487 -5827.708162292922 5356.528597673088 7259.356184789514 -4659.013398030558 -9188.663155068676 4937.022318621757 -9319.97973889135
6823.386845420708 7596.299043809802 -6626.020346207795 3768.6262930741086 8193.3293756089 3802.467112177377 3773.5304697861993 -7926.437112309448
400.8056706166899 8323.90567080762 -7157.341949480851 -2889.9544511937884 6843.560621390981 4003.2917121222254 5563.947150742386 6155.912109336608
-6201.001277255487 5667.314140450697 -9410.934550915399 -4936.550703426772 -4949.365363713465 8646.171581544106 2981.502495630317 5932.45616638767
5439.284738119275 -8854.148905458027 -7280.727763136992 -9314.221494061561 -2711.804873699699 3416.093846549087 -4009.6601401651124 -4002.7351146746714
1567.6073466499165 4350.082185508429 6423.715027759772 4676.570260838997 -5808.905376539462 -3977.1784826614166 9055.041402306033 4736.738153408893
4172.79669168974 1271.3929799585785 -681.1081739370475 7553.7541876954165 1307.8744158312093 -9186.627702716803 -8292.591054505427 477.510692503678
-7055.1850737540535 3624.416346821863 3311.4081815948302 9970.062815053723 -3231.9504934059814 -3598.4210011430378 -6663.568929438923 -2179.821793365082
-2275.047125065 1805.4860043869176 9123.259136985173 2857.470866091351 -947.141028304557 -7940.460719173823 -4478.054281603691 3875.615693864642
-9099.143018387327 -3297.5719268310595 5005.316314658092 -7851.6045829794875 9616.769147421608 -327.229316285544 -4108.612552496697 -4669.319589593774
-3894.0572571635475 -2569.7703882266333 -5992.977959058209 -5859.359443273122 5585.588063857756 -1938.68404305066 5534.778954933594 -1591.5252307818228
3949.771354364544 -1632.4934789118997 9267.389947714917 8455.08361832588 -5479.872405525559 6807.54444643926 4700.512496506779 -4016.7566827865994
-9467.810476710261 -5288.990648352403 -4724.76041188771 5987.963145634081 -5626.201522712136 -8860.170989083514 -2341.4432047276805 512.2076003773527
-4446.322848322961 -5832.944594212699 -6481.981076235186 27.095934050956203 751.7552785747921 -5426.648654848101 6054.640794199442 8923.710304182598
-8887.7936225698 -8077.336783620343 977.0959621841666 1754.0000830521494 -4365.644266337794 -7706.121400562703 3959.0055276103067 -1298.4406461768776
-8.842168034279894 1439.8718747499333 -4238.468277897589 -5333.114341171794 -9505.248793116103 -8110.350425658979 -4160.305911772637 -1881.8726916299893
-6840.917164416556 -378.55137309013844 -863.0386289236067 309.3722828828213 -9101.311706116743 5459.327669450498 8288.987062336342 -3266.5364753778877
1554.6357257736036 -9059.83171143591 9602.160578021332 3062.039966499826 2001.8211602397078 496.03134025028703 -4428.428017588768 -6343.936803015362
-9115.91954916172 5236.854417131648 -8832.607090064294 -7785.9734552311675 2379.269804839878 8228.37866279771 1034.954557069912 -1105.4507119725004
-1201.5589090261346 2044.0530335474941 -3875.107067436432 -587.8588471200255 -6633.100462340513 -2589.3886005742743 430.79835161414303 -8820.481534785755
6360.317884672535 9442.93777107527 3494.782097300762 8704.084658345491 -2472.1428500873308 -7304.283611031168 -1202.8526576396453 -1998.043627856412
6469.282256205872 4446.568294489456 -2950.9406418551134 3429.7210469797265 -2894.5511408236534 4772.6969057303195 -1602.153261756801 -8519.771030938324
1930.6522343464057 -8495.229735402945 -6249.166986202499 -2548.031040493035 5877.35195701106 -3523.1363767363246 4396.255299738017 161.5394722124238
4038.519623684162 -7248.138414407573 2739.9800156624715 2102.4897987053573 -4733.08814111022 -1577.9957261465279 -9039.877415292085 -227.69647798064398
-1798.495309970247 3486.257855082178 9988.462806625932 4674.418828911188 -1706.1703264700718 6787.258122110379 3808.887200972258 -1028.7480918702313
3865.0781276888065 934.0420137019719 4623.924912339513 -5492.218359996949 -1958.5688276525116 1652.4370079152177 -3030.4874835095343 -126.56406580634211
7235.174209085359 -2192.0420707110625 2645.188098040422 -6637.888381723189 -8672.67162895658 4448.575118121731 1012.3578162013218 -8642.271969610983
-2111.8012616150118 1381.1569351097369 -5757.921655489 -443.7046903329174 -5070.881359528831 9647.747120299744 7103.673719582843 -5699.296211551384
3967.727166877432 -2078.698003317132 -2918.3849659290127 -491.6535743996701 -4493.768466528347 2198.2899637325336 992.1289716766387 -4782.884783609938
307.58889107826144 2644.9285239775854 -6603.909153711369 -2343.615072222129 -7121.030377320083 7879.800371518115 5119.963696875262 -1859.5970459979208
-158.4545160549169 -2227.3742697456855 8652.34160047704 -1140.0918036942803 -9377.564875752683 -4309.318761632461 -3083.420563499082 414.13609574047405
-7604.077739421114 -7720.1761418435335 6900.275679769351 9756.385948580159 8449.58337447247 1624.9055423955397 -8613.698856062336 -3520.2626008753614
3437.1546292545827 -3705.9088551112636 -9633.692143196564 1928.551258296111 1243.5348023738024 -7954.495326291495 2896.6928919010734 1945.1099574140226
-2624.4773162124193 -3709.4274669380666 8730.145974444938 -4073.3660628986736 -4687.706104178018 -9718.43974910596 -5876.823760964953 -6322.72336772842
785.9400805260611 -1030.7061971860658 -9805.060475054195 6586.5187966923695 9504.01118277731 -3083.435071868985 9238.142023221728 2155.0584505524785
3434.9406609519065 7999.834732706349 -2514.5442434352217 6829.704509051651 -2538.375441498979 338.518883439574 -2288.7975299261943 8415.15754366076
-4145.451345551707 176.56018894562476 -5397.3707864040725 -4446.2762197686125 -5248.492517008763 -8932.023554115427 -7941.781412466675 4410.249189565357
-1582.8684232917167 9861.994147580092 -7674.747389563725 -9346.569153350454 -7717.083631243593 -9005.572195078692 -1306.3768655637195 4186.024267750952
-5425.284073054339 -5914.224841252 985.2003205923793 -591.8365429996065 -5304.418159643649 -4695.140652380701 600.9950427727672 -9070.436376382548
2563.9978836112405 3303.778739801057 -8657.062700803566 -5959.167526981739 9159.089838793574 -1442.2911860236163 6097.635781897121 -4911.990306185903
8707.08951311624 -3938.3083824272935 -2442.3019682314552 -3568.880885481667 8233.907997355564 5813.156188778479 3030.5796138843725 6613.080795747432
-1175.4824688729132 4344.088561190507 -1161.363072428414 -7507.4697859677235 -4929.023777178707 -2910.4078301416303 -3222.974176133939 7530.123610532439
-6580.034623308353 2434.0202633595327 -5258.562799007845 -4271.311416620154 -2526.80877696428 -8015.42871422984 5712.446274440381 6778.460587554771
-2385.8441341779417 -1084.0722227716087 -1811.949224873968 -8720.4341947251 674.6477375005015 4863.739683807311 6876.15835390714 456.7615540853767
-7409.99672396448 -5800.110823191633 -5490.5255312635545 -3671.988188993975 -5380.520839020064 -1932.6807295991784 3400.5584459539477 -4793.987035317074
-1861.2739590565689 5774.312224343488 -2344.6638293224087 4473.576843895846 4667.455093431745 4340.5754127333275 -1577.5165718287408 -4652.53339163713
-5604.381137942997 -1886.9273798426375 -7387.367024653231 -149.17112409992478 6879.693840178992 3672.4312604748247 7686.071710810302 -8808.158725860889
-7659.786452251094 4258.022667093001 -7510.688384452122 -4236.193163942463 258.8794625120918 -4804.621077536098 -1819.447599138095 316.7789030264539
727.5922267814858 4131.491003894427 -9580.444276069224 2456.836481862958 5193.05306455957 4450.702560692331 2047.1481985184928 -8803.323807084707
-1556.4482058479407 -3538.250100771572 988.3911486437119 -6826.777282777721 660.0443595062043 -9138.355613468448 -5347.893952044753 -383.6003794291646
6207.292741123172 8418.63078491261 -2888.411045298507 3166.3270303790287 2420.124038230173 583.0250363603864 -7936.765052972483 3266.905509717877
6863.020070341005 1066.5018155126345 7861.781577981743 7749.277290924736 3055.364879392673 -3236.741439054853 -3601.013241329958 -3460.000399561787
7536.655184406525 -8903.657932685652 7218.021111170088 -4450.0262806398605 3216.798410078216 7379.44515797335 -1311.5562066930052 -9170.522374325203
3115.7925834528014 3075.3710410643253 -2825.249874706795 -1542.9489713145867 8633.09825176886 -9183.895243440515 -6413.8028758716155 5438.394130743911
-4125.692652484345 -6454.695310107377 6509.321258439362 -8044.401275757123 9045.60778036861 -5248.692904022445 -570.4970159685035 -6697.2160773423475
6456.995911663766 -2136.738816162815 -8793.044787665527 3099.2543625921517 -7696.481502941524 -6814.957154647216 999.3600677299855 6102.310077561009
1902.3752627906506 5791.569231272155 -145.531952220741 1123.8419825188503 -4055.5370057099217 -3875.0467623632703 -5503.3475364834385 -4824.5386155371725
-3432.0331522893484 2021.8528530107506 -921.0866449270889 -2840.214160325673 -354.5668593223836 -8038.816169861795 505.43721997303874 -1723.8267520335485
7819.5671802674115 5643.927744021295 -125.5317928233253 -7684.855763107376 941.8770012730984 -3252.261232184479 -6808.624133808535 -4208.355411292359
6538.906558252191 1074.4681459144686 -5793.04943994567 -8256.098757930273 -3886.7246292502196 9556.144902122593 -1547.9874939106103 9856.818001528798
-1370.018122235073 7008.087094489481 -4189.525261898486 5916.89153403964 4631.495738342088 8329.888520276105 5900.400575937945 6676.347702718245
3261.2324097200326 -1612.1135178009172 -890.5396080415921 -6631.893483846321 -4628.593940812726 -3937.7480680795406 7392.4938843856435 9234.027936445473
-3858.099987383889 -2349.67118143087 -9865.068328514668 -4205.173242224243 -5486.7787597133665 -404.0348352064684 -7301.024827994569 -3466.3646568955464
4738.7069063262625 1561.4539377429846 -1621.3805862449753 -1756.7412862588299 1368.0207227033516 6898.660684626935 9080.135656849325 -7463.753132257511
4327.0389094759175 4220.848215862816 -6918.134217812252 -8459.33196511292 -6889.73070624434 -5483.177067982521 2292.5674506301366 6868.756164007467
5026.20404103221 6782.338481242248 2602.2259792277036 2709.6257629370866 -9860.76082566968 -9825.629348371225 -89.46744398013652 -5710.638945664666
5198.492111004822 6113.250163282477 -277.23524316787916 2627.756672385329 -485.0131178338106 -5773.880809436203 4268.359098113086 2152.229583764274
4366.101518184552 -4992.1446727148395 797.7340276769264 9825.49507725161 3786.523497159238 882.1932989509369 -9285.607837814137 5503.904373791385
6423.114387073587 4231.641465832399 -7931.8199382168 9414.507191950073 9511.748905605698 -369.7016905314049 -3264.3215303023608 -7192.290241162722
3364.046832754171 7085.409908691112 -198.4693832040448 -6085.848459330007 6791.311957523987 2439.2050988861065 -2219.514668826041 -7618.528564765074
9661.950402544131 7426.13802139429 3118.6635104014003 4567.510347895775 -8076.7418950739175 -8896.705875217576 9095.842280733184 70.2548706360576
5169.882288020659 7615.965895715824 -240.93862553513463 9264.164069852675 -5357.26763592221 -646.2374601014835 -8179.6898374126695 -889.5929631817162
7003.995584791319 -4252.588954826923 -1567.6348839378807 1574.2764081992427 -7161.338257946027 -4978.236579805662 -6062.895517091505 9575.687634188005
6603.9033364398165 1269.1460749318321 2191.9711482038692 -9723.138244639438 2891.556967140723 9180.99255440167 -8082.797688631962 -1961.750595801066
2660.654552725571 -1082.1265119275067 5719.2293144677715 -244.58088000450152 -567.4852584464134 788.4029963340872 -8509.360648332518 -902.3258555072098
292.9393490810762 6196.30242818668 -4698.947453487754 -4799.545335260942 3078.563628263637 -1033.5906585100565 8688.13072594467 9422.252278610704
-5348.68447738188 1899.7623349393943 -5373.107931281224 7594.382233718687 -9701.79584071433 9925.011212445508 9294.369575839697 3944.081597215425
2511.603306450077 -6864.390000955678 396.49728224609134 9739.683122190563 -212.7697749092804 -2771.5297539977655 -1566.0494196737473 -5975.196793171158
1371.588766926825 -6135.299487066674 790.3243463925501 -39.47424376088202 5802.784394079195 2900.7951193306835 -7783.024676202602 6624.739107270911
2001.045879649395 -7706.792707200687 -6685.614572091745 8326.49812013036 -1467.3617993176504 -8470.274987060582 -7463.656767450122 1056.9992803137793
-9900.454634423138 6211.3049514968825 -1442.3810424365802 200.5529502304198 -4723.102307366578 -6038.414811011477 -1312.3281862477324 -8638.228357606295
-8387.029573745793 -70.6455098650058 -7796.050401319702 4518.195846478346 5336.035870563803 3015.717562701686 -2763.438540244496 8693.909164701705
9218.808086816647 1012.5925502776608 3450.1193427918024 -2066.919517967378 -2979.1637283028185 -4127.547178328641 -948.588823762313 9211.883742300626
-8486.921633841335 -1386.7859375651424 6969.067835859405 3509.068045472035 9840.41462759345 1948.2301454306344 -5932.158259057174 8712.10220456195
