7 1
51
-1948.2009843893165 -1045.702035956594 -9575.432181931717 -5262.752308897369 8416.679900854695 8985.44608117612 5050.617175039168
-3559.0713970300912 -1212.5353916650256 -1555.722290177746 -4873.842437474285 -94.61710455090724 5308.26498651797 4953.8381306474275
9294.016060642723 -2609.9673996094853 -9986.007271546365 8454.77672127229 -1697.4520764869812 -4429.298599842128 7991.180281125173
239.5186058741092 9693.492883516807 -9784.547160314489 7064.3976196356525 5989.690905338766 9024.685226486341 -5522.959582811968
8159.5246995783855 -6894.401025696488 3032.522087449419 -885.8573175019992 8537.273954888467 2094.9973917372863 -4590.286373925456
6823.378632745393 -4636.124093794709 -8196.696018814768 8912.187970598476 -1363.1367236554252 9811.17683618093 6430.0825576172065
6365.008068706189 -2415.820716551333 -2002.3817282415603 4273.26111665853 -3429.2650326609973 5914.066188971712 -215.4333242490029
-1649.8743052048176 -9833.674219132281 -4228.955067844309 9908.432787019414 -8303.412051463676 1265.1187619059874 5125.173554121642
-2637.7310635468 -967.1989500397849 3023.9932163541507 5246.719968385358 -424.7419478677748 5874.299124938685 4773.941184015766
1873.5760111106938 -9831.086322600802 4452.6459805806735 -6270.321907646244 -7500.550171847093 3888.3662619315455 609.5032536797371
-294.87004927208545 -4052.6811171304253 -6188.2855024004075 3806.624860704478 -1033.071352043844 9407.864684160755 8875.347126980778
-3135.8876639983982 3536.6746758609606 -5198.867144215588 2038.7688836695233 5397.860339409037 7314.669174066334 5941.223881780979
677.429571681314 -7856.203854460251 5245.932179545163 7732.835470584123 9782.86870405902 -6484.6303182321335 4767.452679611608
-9939.870090249713 -2146.137455032659 7864.232203235264 7881.448934420172 7403.4598785617745 -8384.420501411298 2427.4769994171766
1446.7978330822516 -7085.032042794672 3578.6915604832284 5818.757809736213 3236.4126723522186 -7207.383674254382 -3826.7749665108777
9522.682890154021 -5381.949435379756 -5326.882789788854 3917.30480005155 6891.644223388092 5541.22505939503 -8933.116000729453
9510.589785359225 6798.1208941636505 -569.9481309965049 7113.765015368208 -9269.477828514411 -2621.3905654633354 5679.785312292324
-6106.113728491134 4729.9686958024395 -1097.8076011476496 5687.380471622779 4540.551985149828 9638.470799830095 -1685.2324945513483
-6555.816416502648 4235.472572935831 -4085.3174001342404 -2589.1865991037703 -3854.2849556307847 6687.148437538719 -3731.815175011153
-3045.1126505273132 -5455.396586662231 -7214.8985956458355 9759.104510600464 -3570.773549012909 1406.9694821111607 4861.70546319881
-6137.818117182775 -2606.438935618554 2466.4024412910694 7511.81090376819 4909.726592989506 -2107.1839328024207 -2104.0796717565045
4826.432516979576 -2356.7424759627875 -9982.037849051429 -4000.281147280951 -345.2016537950949 -3548.050912022327 5807.264460857879
-7836.280571783403 1295.0600922142003 5292.506150989766 2409.1232200491577 2910.8189488247026 -5653.205720170278 -5291.824744498348
-797.539076623978 1519.5987776562906 -3357.2345075746643 -3712.9583289575894 7112.713601558713 -481.97106265043476 -4670.801846334139
9540.629063951965 -1008.1328685189492 8815.992430959846 7982.805798657129 -7389.593963606622 -7329.272784427057 -1442.0247735922076
-8550.230739898388 -8335.170745921172 -8442.967060127761 -3557.5486231524937 6530.411572931 3792.0017639846974 7058.6142035150515
-5580.896317360275 -8428.386791209548 3079.693481592736 -7189.940895755524 -3606.6467050255224 9961.224873484083 -8411.203831883553
-18.39435274322568 -849.5305276651052 -1623.1441979005576 3769.227663822563 -5492.353229209001 2105.0390739471823 3868.897956309267
4676.38786009141 1478.8748663648403 -2715.1545005967855 -8815.829372030174 7054.462735926689 -9822.358367078219 -1513.4926464323598
4992.151561595634 -5539.964767794052 6381.660398938147 802.0789893181445 7457.197976682481 -7218.882597526775 -6986.155084364527
2409.756430593865 3553.008452742095 1205.4581654189951 6988.00143426564 -3806.1537297579443 4744.492966339851 -7410.24823471383
5074.269031483407 3278.1862538642963 -7999.125532725908 3298.65815739804 5729.888116243868 -5865.4428198847945 8575.316419461491
-513.0590342357737 -4180.381379134604 3245.494483642522 4360.7898562188675 9182.303028907536 3129.2947138226154 -8205.220551490349
7280.52434428774 5275.7230187196 -8113.4584869868395 -9486.993866177832 -2429.8853164539196 6161.984935563734 3074.9107513177005
-3088.4324491717944 -4448.124058337504 7458.055242126498 1150.23304797349 -5506.762062426163 871.5553574689766 -6236.870426402365
-3433.7194497611563 -3009.3471932683324 3463.067274850486 564.7969859024943 5630.531957327221 -2443.7431312316457 8358.176394997132
-70.15124357641798 4966.421672204784 -8928.299365716348 -4506.456390852258 -6841.432230183071 1525.7056345128221 2452.1297773374426
-760.2183237113495 -6504.48644105198 5599.38347913267 1297.4235206110898 8394.506619038653 6471.855848091174 1205.5642631269548
-8942.950875003033 -2593.9367651257417 8138.414904566012 -1897.364494767795 -6984.887357851637 -9660.12138894256 -9344.31070524355
2856.870753759833 9959.601634728093 754.671655783206 8498.119082554833 6459.2747912680425 -8954.696655701759 4020.7609229956215
-7883.932278644081 -5975.163576222051 4545.592682929002 4805.242786385579 -1774.4569805608116 -6667.364236878579 5800.72150468829
-6681.417926055436 -605.2955828989707 -3227.1816466354485 -8198.431878761092 -7131.46601369244 -6800.925389005104 8505.167809918086
3347.767197696412 7981.573596190599 -1297.8503636088153 -4563.633540984173 -1148.7505520644809 4067.5056718274263 6848.058147157124
2644.0828679842725 -2054.7735285995095 310.318537662939 6347.03202188893 8791.429985471215 5155.970944391271 -7534.291230651941
2441.2902462790844 2215.5438926003026 -8761.882160283552 -9687.275209069743 6832.244461917293 -1887.9276848825712 4677.894214406579
-6213.84758466903 6978.317067245309 -2245.908438184736 4775.866738424806 1099.9905717641668 -6489.897327680041 8583.709897608369
7187.626593888686 -5476.985139519131 8622.0501662787 -1743.9501145000704 6339.616455695583 6899.229084570674 -4660.099855172945
6557.433452764431 8465.099421533836 2671.668986359402 2477.084476390821 -189.00005740815322 -5744.022957054475 1003.8410367717843
3781.553657439872 -299.5278328577024 8168.424246377883 -3897.2556815248627 -8640.559978913247 5822.5320769115715 -4668.530502930588
-7555.903194076915 4869.25987284427 -7707.313616096371 -3256.0847117587573 7864.351488858832 -6056.24440211496 -1312.552216287284
351.39757337273295 8819.05263398567 9677.1998526522 -285.89007425933596 -4038.141936198652 -2442.594336922657 -1576.0195707928106
