26 1
19
-1157.5808704272367 -9723.87939654747 4993.742275100802 1402.8527032565253 8599.285960937279 2038.3024828531234 9128.631101541137 -30.574663512819825 6093.075350391437 -632.2549064794748 5487.875246723095 1645.9145442469217 -5176.4655724090235 2491.819709864678 -8931.704976944688 1658.5242041163983 -1149.6973454384442 5442.285633161142 6890.556978469431 -3694.6580037352114 7222.887994632347 -7565.323206098106 59.44395091143815 6345.1363318904605 5392.758879637055 9535.713663850256
-2790.790145048112 -6062.00688432978 -3580.1372547338524 7203.749213834704 5609.604917337814 -9600.436402105395 -3726.146177958618 -6526.191330699305 7497.525126340097 8306.016754664317 -7617.054518654886 1298.8508644329413 3445.6581313528895 4336.594285764953 -8100.350347407779 8626.841125323332 14.574829152777966 -1959.8375026376007 8248.492859955026 8458.001338507609 -3275.107743244248 963.7176240003755 -9344.176071892083 -5548.95406098727 -3327.854415035201 -7824.263450904443
-3593.095429960964 4646.1656034610605 -6080.516383795481 6401.556508581023 -5722.4286931291335 4047.4718410595015 -9075.169980949571 1870.7782982009176 8507.563761059788 1080.3780775796604 -853.6763905397456 1921.654098887666 -8386.275390126239 -8258.045132985344 -7602.837564948246 -3137.494839701544 -8804.732273648162 1876.3381086365753 9200.575251715989 2029.6450693023944 -9711.988346385839 -6272.8755303798425 4045.5673864455166 7464.89426432881 -3123.1423139383432 3516.179826530155
-1519.9946433499517 9100.476365024366 -1068.3644525042291 4311.541958934546 5416.786615321376 3054.9675845082274 8372.476641454828 -9153.065456774539 -1935.1121915834565 1313.4645161425888 6654.40744347504 -1551.3506155299 7616.694839573032 -9861.641628845891 9067.995891953644 -8100.042892510675 -21.52493971822878 -1405.9899718840225 1233.4663213248587 2512.728137491378 -6020.38311999642 -7075.575926281428 -8989.414657816216 8026.642539305816 481.6694007101014 1887.4124751366326
-3784.324175802418 -5256.626254414329 3299.646241352155 -7235.993454551965 -573.6586121803139 -3528.239939582465 6743.177095056995 -4245.459958265054 -616.1113217500206 8725.136996400532 -9073.43153702783 9732.574325505444 5766.407471539389 5577.813616891803 -8621.12677707525 6985.287834234918 3878.9977451534032 -2437.352311540848 -9320.019829127732 1902.678629274531 -6206.887889825616 5714.181417406193 2350.862839489633 -2496.6588183925123 6396.0425479114965 7607.767867039212
-4229.287709952958 6763.436062875793 -5502.469945491662 -3973.84487018072 -3424.0068077819897 -9558.283685337277 3356.221595145633 -4776.730956599975 -7331.917011071633 -8135.886902247614 -4376.508301132689 807.8409327188219 -545.8463151424312 -6172.1637877357825 -9388.108917007265 4574.553366435177 -4637.596546485179 3104.546977881075 9053.532834401562 9202.96162911199 1027.5923743943058 -5049.466852000075 -46.86782166038756 -7425.103984700978 5587.995201629028 -5083.859518526062
2757.8289015463833 -498.32973711924024 -3206.5634813340703 4582.811838419257 -812.1030312237672 4025.4065508350304 -1089.421442895582 -9563.569855471345 -1776.4375398388693 -4767.846127259947 -9293.777006477427 -9523.029743665447 -5009.868979240908 -2297.7660437458326 -577.9422359599976 -5539.874303002672 11.998455340233704 -2763.779535884958 -9908.403702043937 9587.28555458182 -5811.391795428529 -8742.471777778741 -901.2947354318658 5264.904269289429 -8117.1511056803665 -5717.245451567128
1805.5931757398612 -2131.0507853380514 -2339.1526770715072 8046.392895039749 7922.592914671022 -4748.942312613769 -7327.020808607583 2243.052108611859 8555.643637036748 -9699.44897089257 -7162.6665709702975 8003.623159736828 4722.264735896844 7229.094602072699 -6392.510119033923 1140.5324181696178 -8217.639716368965 -6332.919737290846 -4178.486044428411 1545.396470327416 -692.0913791886123 5686.283526621421 171.72022153616854 106.8922279364433 9178.573764844572 -5344.333556451806
-9475.694437304042 -214.2322759223407 -7486.513738772686 -7017.325722315324 9100.173745158398 8672.771791125087 -5111.046856284686 6716.433949424452 -5610.380687724836 5742.053538314207 -8965.068599633536 -5582.219128481894 2362.131885417708 6316.561952220514 -5760.096734903546 4835.777727955843 -8409.558014791783 -4023.569244788676 7425.6194960351895 -2848.696751841273 -3672.94818144118 -1915.6600396670356 -9000.458667620735 447.7305632958123 -2866.9586268030844 2176.3477730609266
3477.769943377454 -1944.69917281987 -8770.128894159223 -1580.5376043919096 -8378.484501532512 1287.522326087672 -3237.6000793968233 -8215.751845923294 -6254.680504777858 1808.455500366299 3888.560895456365 6128.975269168928 -4541.163229755156 6300.880815532932 31.734114536890047 685.9524069350173 8851.937097272163 6116.193065936932 2367.6139470452326 1306.316958626936 4136.544532980261 2204.554640350474 -7228.544979741559 3614.8775852880917 -5799.155232395925 -5973.962647213535
599.7720822048541 -8046.0312393131935 7175.905488108849 -6836.6759348561445 -2032.943083797907 4945.681782826541 -5219.398346342048 -1209.3230533405222 4472.131992436152 -2267.061085019677 -3163.8092457304265 -268.9260808210929 -7950.974951677028 -6807.067315664859 -2303.1412337179954 -8998.775176267827 5818.277353360441 -3029.3484580418535 6075.813123893135 6671.337922098872 -4121.500882629727 6729.087909938204 -5424.469129041476 9387.594457513871 4078.4151999110836 -2739.8763480135303
8015.139177572717 6844.900698340458 -9729.234359356933 6955.728996277103 -7636.244344369023 -7657.8851275497 -3424.5614646412314 6112.967926175788 -40.51683804541062 9840.976650088633 503.9341780525938 8812.51749401231 -903.4054274004284 -1706.4766000357831 2796.8164599164047 -3399.4282189423266 -2672.3398733635495 3715.191135752206 1563.3679921198 -7049.471565717871 8924.484892746743 5598.300814057942 -8297.628849474972 8205.667770191692 9516.748091601614 -4729.368438972639
3610.9223592775215 3684.763389896849 6225.31694827454 -7311.954097101931 -3590.850844658262 3718.860681587299 -3718.9670037373617 8179.881825755976 9005.230793764262 -2679.505979211296 -4318.007024224579 -6193.00909270764 -8448.7342834428 9283.203592728052 9893.51878749425 7864.964763220629 4929.678625133873 3130.265624242016 -4600.46227212423 8434.940916507458 354.12759472041944 -2731.4470265041346 -4299.463736558209 1686.0676418134826 6492.131406677505 -7566.71126042683
-2104.9513778998353 8651.542696478937 -389.1063017983579 2465.173735103268 -9334.812962211183 1122.4062334337777 792.9806079694335 4003.186346736984 -6040.961842525998 -2976.7582224919615 -2031.134587996462 -7561.692305767904 8204.503781077325 -2378.9664623210747 -8340.126468969345 -6785.683822449449 6317.118465234582 -2892.934676737382 9388.604337403624 4953.953279119327 3028.0408331783874 2535.4684460556637 7772.643168676845 -1802.024233162363 2648.923572719237 5429.954472432893
8200.986782571912 -9926.875778400994 -6421.717075254499 2090.058418497196 5955.626776012306 -7811.970228908376 1237.647887720952 1573.2951377578393 -587.5880772891251 2215.3437274673997 -3210.1956701112376 9487.065312936145 2354.290516444964 8503.29627453682 -4460.859661528105 -5394.025184327021 -9015.556409075072 2207.546708042926 7256.942428960785 -1239.0506917185103 4778.588486123892 2874.1193171211435 8361.4698708949 6901.207078191794 6761.356442988887 8753.801243836631
849.7601194263807 4380.91086090791 -6675.404580195314 5806.357646983195 -5801.465644863078 -1632.3307975207827 4212.291865053263 -5274.80203986024 -2726.3502673087905 4131.395010321392 -4901.361335064976 -275.51421125493107 -1100.6984527978639 -6349.71417759506 8850.069959631055 -7629.970346928932 4517.073616673688 -5473.518131913073 2427.0428259470937 -9682.917398744416 -8041.385618314565 -5482.048292020454 1747.3338307192553 -3237.396107702839 4002.206390633304 -1596.3817160035032
9572.294228589326 4887.514197526783 -8439.331515026455 -1452.2474719523252 -2021.4663305211752 -5359.627986238156 783.1203348593044 1543.2281835840786 -1473.318403165069 6681.187723634252 9205.510477543154 -9991.580442674405 -6510.533525161762 -9380.809875898734 8028.518252348284 8715.75409343515 -7753.336870408958 6027.643258670043 4952.027672998836 -5982.741287321349 -5495.076813046345 -7160.23104069832 -1044.4645955670258 3028.65759725317 1528.6869620408106 -787.2383022027443
5722.79292287375 -7483.025623941119 3991.303524116547 1582.8725117766517 -7571.985651044624 9607.257091828917 -7633.530129176871 2959.424702721377 -9308.699849683833 1278.9565358214077 6052.572900161875 9404.311217337428 -6946.153103040256 4722.298392012288 -8465.055486540896 7167.887434822576 9816.07987449113 9455.87947188177 -2253.4404362138002 6434.1134839750775 2130.3919991498224 -4791.681607129885 -3350.424033566237 -7491.037464683326 -4340.289485653972 -6411.046385570509
-6563.492378329179 8778.866149939658 -8562.353176416524 -4203.644205100501 8907.451847907734 -31.52916666771671 -377.3324901740034 -3160.354954222091 6512.066207554744 -7711.797848101067 -2194.59203739633 -1664.6419055513088 649.3492509008374 -1590.3363542442712 8359.760050245673 3269.653087673427 -4543.67132806142 5764.234425590936 -4046.941134579327 -5465.920129253106 -164.99856088590786 -3770.233016573039 -4893.255749684245 -4978.8443765406655 -4024.564760092071 7278.297192861686
