33 1
29
-4289.886815690514 6976.659711139753 -6434.3324312169625 -7094.366573418249 1994.2716640794952 -3155.63820909651 7821.706859600978 -3820.0970957478294 -292.1514539730979 2629.7539817158413 4413.075455212427 2027.4361741577777 -6706.672211302404 1426.9084115820442 -6004.839467683973 -725.9556829930098 720.029072665051 -4647.852210825969 8492.891045191267 -5946.2351864303755 2334.993264633138 -4888.462968094554 -3366.1508722478375 5313.344050261801 1592.7319384068214 2468.1285254953928 4164.2273427546515 2474.6537168802224 9159.424319633832 -3161.9592998378957 -5664.922352461079 -3978.0614090537483 -2242.6327663384263
-3142.587144583844 -4641.591968660954 9899.282001024116 5262.241933798929 -785.6273122720941 5541.734605544885 -9497.395011048935 -9111.400265078171 5096.582782893947 -9582.061027129475 -1190.5159436742124 1445.9281135945457 -6710.240200731996 759.9925704485413 -3966.289809749106 578.8524283272945 -7995.9279450797685 2025.3111265162443 -4613.217752391572 3011.3654318450117 2626.561590280673 -8273.751824808325 4323.877495199187 -4805.066723139393 -8409.257500306365 -7044.637489558565 -7584.74534484783 -5953.967932305357 7197.357429525298 -9458.440740679525 -1786.5721092494678 -4638.496855775813 -4879.4527000677745
6524.192514577935 -5703.7321453934455 -5848.9588596217045 6808.438402784766 4966.519624366425 6100.454434648134 213.21428724801808 -3793.4039428854403 4491.184817524525 7392.889152993088 -9209.622784974375 4260.958707518894 -1424.0948557026932 6553.276625282877 907.6298361627814 8428.294236397876 -9583.723314672652 6220.927461254318 7057.970795859725 -4690.216980878344 -12.51207466188498 -9583.30047030222 6262.703334437141 -1349.786562839583 -7285.051276432518 -7669.738020571705 4710.190310195418 8083.884478152671 -9296.672509685352 861.8380796691654 6598.937458580764 -4073.194545810472 -293.62087418325063
-7446.776841762921 -3665.128389312007 -417.8975572837844 -9168.511474344612 -9753.209777522614 2009.1669052165926 -4591.303223583336 6301.840681075333 9585.852590076596 1299.5434400772829 1978.7692137835747 -9555.711476003728 -5388.888269323862 -6486.055232123694 -9515.522359526827 2900.6325768665756 -7144.555119499448 8161.018082114671 3922.557761947619 -1113.010862267336 -7779.049888283049 -4873.899033146616 4415.250430931539 365.65501480888815 4053.088492006007 -9152.614616141138 -4190.376351829792 -6404.7433851948535 -3764.434165912291 3741.1391088992423 -9402.32685683783 2876.258103169501 -463.0881884703558
3043.4540913246183 -8383.79294661113 5134.394989393901 -3835.620243569535 2008.8383119248192 -2742.90779061203 6789.224491336769 -5462.267577110524 73.6520571543424 -5433.55366411775 9391.074523381736 -3592.206850897357 -916.2316319865658 -9725.2253490672 694.5854427921149 6846.323400954818 2508.419668742894 -4778.751101032081 -6679.057671577566 6164.729737961781 -1011.6653232096669 -9792.578636215288 9434.408713443088 -4671.743153069916 8664.615632844176 -9744.40217209558 9321.560903709531 9041.17586946535 8881.972318119042 4560.819341092947 -4575.6417808044625 -1692.3758054634036 1304.917040379698
-4011.2125779111893 828.6241415865297 -4903.857768401718 5292.197010506514 7680.402944492736 2222.118619126939 -6153.801043421865 32.30714532467573 1356.138563579365 -592.4904979295134 -5018.646102078134 -3604.711563236491 -5544.975697569299 -2707.340588190208 -5855.8087819255425 9266.545146761895 4474.420028251518 -2269.0548041470174 9447.793333315029 -7016.504648651307 4976.407277581693 6267.687624800277 -1069.7394596128506 -5658.843763844199 9927.419894487713 3010.232449215864 -1897.4233909163904 -4337.809549524598 -2162.2605655991165 3174.1475207229123 -4753.240200772717 -1985.8725525439704 2731.923023561638
4660.0702367284775 -4478.260499886373 5439.520808413419 7988.469545019128 -2802.0327230160083 8414.357088501496 -354.3497120598422 -9991.427771943763 9585.712779065892 -5190.901753612605 2951.2665162070243 -8192.467977746433 -2079.701769100704 445.4104127766386 6191.091192894402 -9648.882062288118 8269.050437087746 -9392.569499515388 -7974.283650681177 -9549.591448660834 6008.024521040088 -1784.8770440090648 -9004.503440919412 -4083.9360098270627 -4279.854943211523 -5969.266980659829 4297.806994312043 -3727.9202114076534 1966.5595484515434 5154.330009645251 724.4420748713637 -8190.359313189335 4916.7661151084085
-8304.719407911278 1173.3319348793357 1430.2053257047937 6450.2448321160955 -7292.430060085977 4136.104299441344 3534.4615781709817 8591.114173522983 -4275.947328223564 -3795.9153191244495 -5417.033068209107 -4961.659804482283 1185.4754061365802 -2146.619924460957 -3078.847766271082 -4212.514538643974 -5575.56612437355 4417.800058639894 7791.94398815919 5540.041096673289 7040.151772471418 -4235.312720915607 9134.535503968364 5831.298601385064 -4125.867574072846 -4714.733853750452 -2340.622618760135 -4556.521955083237 6043.529692157486 2759.6579218230963 7208.780655339691 -3277.7136656644343 -3896.12942118891
-3762.4238258124624 1556.967444874832 8145.574503809832 9802.675599299178 -4845.709939337788 -9648.58546226151 1992.281818737798 -4758.073097375602 -4724.752723548653 -7133.254072207326 6721.751332131207 180.95201497127346 -2738.176177322256 1122.3664641331725 2587.233538709963 8675.022009621141 9162.351896107331 8347.466781815212 2090.020025126827 -3820.952544820415 -147.02691350729037 -2431.439799525987 9856.055225131444 -2652.756706396064 -2382.7933917008013 1192.6968304496204 3494.459122132621 -2252.4686942115623 7335.0719420054265 -5644.485017663407 3045.1917206217586 2001.8752362166724 4593.752663420377
4244.741050484596 -6704.547155346807 -1079.888823236348 -62.83950207201451 -4538.910054259549 4042.001599765201 -398.47664591440116 1087.3671724881478 -6186.383321671782 6213.8770107142045 -9801.128114237408 2926.451234390599 -944.7521613402096 8837.59177379417 -7567.880147488804 2542.788380697226 193.78602992975175 5600.48266004974 -7135.115256905527 -1028.3269930974711 2679.272665696293 -2790.040971018295 5126.949504358257 8910.295265658773 -2157.400763680411 8029.090406521813 2694.745686609296 -28.098559337628103 -3997.7822338283067 2253.754321483315 5129.525542475994 8094.002491721127 8052.687209009884
-5114.604573876567 518.0453379689443 3873.2083067614603 -7204.903214371805 4572.655285906114 -900.2511642140325 -4510.066135798423 -6404.089840249613 -6979.147265149084 -5317.4537802317955 1249.9096602105747 -6035.990431041316 3616.8884747986012 -2018.61217198144 8317.060191931283 7933.6268249624445 -6935.4144443303085 -3700.343768963705 -251.44373524957155 -6359.466047652997 -2276.5888432653283 6918.004660444763 -3764.0107040399953 9825.123676180137 -6158.548193170927 2986.495811706598 8869.108001532517 8000.891052878058 -3620.9615913781154 5516.074251405518 2826.45650939215 -4747.3109296118655 256.3110948957765
6115.99304755555 -7207.790879753855 -4944.481247989709 3661.044540894607 -7957.529611765204 -7735.646251630333 -9289.73694991993 4059.2558813235355 7291.698022817458 -2209.5763344160923 1897.3794006544194 -7728.00856861465 8574.264017003494 -8990.461987894972 5761.962565884251 -5799.350330422401 5777.324014010108 -1998.6743119198836 -9914.950216966685 -4762.95106305559 782.6290537546629 781.6365218057836 -246.62611833428855 3975.295844219925 9752.292757648549 5251.053373447638 -3880.5473998286843 -3514.579561717799 5663.5601943084785 490.76579818126083 -7229.14557210226 3271.322109842469 -6338.255944495468
-3403.208964077571 9397.249903888962 3122.5517195055945 -1649.2255623835135 -6136.487013998997 -8028.753602529506 -6370.045397297415 -1842.8915562280408 7631.86307551615 6070.83922686014 7639.865189651606 -3234.5356667590304 8883.021319247691 2644.362237362053 2718.2786392972957 -3375.680020116849 -6743.607086576058 -3410.7584044998785 4923.941348107777 7527.9034511316495 1341.4746449145714 5111.010767330898 3090.8967848161064 -875.7393631944124 -2712.1280307689585 -321.62568063097024 5811.765960163153 -7126.12638669387 -1898.334063218239 -5127.30075162574 380.5407286246318 4071.6476640198107 3149.0991269798797
6668.491351262572 3010.3221343512905 -6804.687735977084 -4893.836883081451 -4342.387109278969 -1446.1382594056922 -9803.62413671606 -2377.9528483784707 -784.5580596388554 -8279.218857900025 -4248.513828440621 7618.236646899484 8115.0851141825915 -9843.470810399274 3793.755302299962 7173.1927395738385 5588.904263257824 407.2134334998427 6276.435594633531 -1899.4007370127329 8039.260981246778 4323.180975512154 -967.7821536280535 3086.065193204573 5052.952874407027 -2689.335009925102 -9046.230808287479 -3155.4601461153143 4479.3222278361045 -2404.3710606051636 9429.822542229304 -6603.392407957349 5347.391410463988
2115.549277942302 5191.881705351951 -2499.52920469362 2381.2393005340527 -6826.541317357518 -5140.96132248113 7410.2434606088755 5554.784023542234 -601.4198774676552 4242.753052935792 -8481.85671692301 -5564.4870785436515 -2437.3439490154688 -6928.579189817596 8306.722962449781 4490.860816888404 -2741.015468013222 1311.7875259290704 8738.347360932261 945.7483586762391 7134.129981653616 -3842.1287987426676 -8439.01727388857 9138.369772561098 -6782.670490445978 895.6943775569453 -70.56342248335204 -9436.870534416248 934.2742749143054 4271.869414842355 -2792.955097526362 1598.3049754409658 6214.6480697362385
3104.350623901004 -6885.9722551779505 7896.930594529611 5755.504887940559 8697.81664290612 -8761.980433221881 -2881.8014714214214 -8873.986939749058 -2405.29872045504 2380.8253873714893 2273.7854513753136 -1425.4600173982908 -7888.438114721372 8397.7771101867 -6255.465873514956 -3530.9915594153354 5448.911781053332 -8963.638404101384 6603.316441045725 759.5018265521594 -5966.218156153147 -3379.1513833897916 7759.985434617989 -8346.769676589618 -839.0338287226259 -941.5029774351133 8402.011839056606 -397.4382846030894 3965.837676766836 6210.503020190172 -2163.7941550501764 5914.2540140115525 7655.140870494626
-6980.138976896799 -1645.0682620884309 3888.0645094341326 6642.621696152157 -3067.824075384422 -5737.073989071899 -9552.050552586836 -3364.3816602706593 -8630.189567578758 7041.1721456985215 -5574.9751756359365 5289.119813555222 5183.520022368146 -2427.372599473114 -3003.8752013426474 -441.0241184137867 -9876.53261663999 7070.2799721272895 7654.76158969519 7722.708356563886 1143.4273912109966 515.836094774013 5057.979501800375 -7275.505133296309 931.3686488204385 1882.4577164457187 -4601.912940630366 9433.771320360913 2836.2413851267247 1106.4871626719869 -438.4578719772144 6440.084730693034 -5010.644279637258
75.97599572316904 489.3690041013451 -4363.537318511328 -3901.008584883023 -4505.623917505166 -4804.074804059946 -9407.552384232426 3324.721724830373 -8230.979010247223 1177.6883217406757 2886.0864015431216 3993.6387658766853 3555.2569143725595 3927.1142891062555 5082.065427718178 3387.294601962183 9280.895917257505 6539.448572595702 2998.2229425461064 -6284.678361933032 -553.9287856268566 2409.5278848371945 6257.944613033651 -176.7570837796011 -3700.737080169809 805.8419601240748 4324.631085376708 -1003.1285902561922 -6554.842224703328 -604.4956905436065 2915.216144555614 -1243.8984025854497 -9531.326802957867
-282.01777113163735 8835.724298611232 -3064.469294842438 4409.930491538951 3318.438828436565 -4482.533993001199 4792.8494526865015 -979.8475980099174 -7281.597983069814 8692.994654249636 -4679.257709493685 8408.092335994588 -2782.3130829272723 1482.1807039990817 -2749.0877744060917 -4856.043477483247 1406.490750592353 -8978.463340138003 -9500.100667905817 7728.697429945671 -8878.55313937634 -8076.218334820371 4009.7825593938433 1651.453934529649 2399.439737455172 5769.245596419374 6590.413961535036 9684.93103699344 -3773.5243661214254 1221.544505599044 -161.2606799225323 1632.4847574602136 -4231.776500954172
-6831.330962585287 -4598.58520607522 4126.23696555791 5386.601760314979 -5937.038020916541 -1005.9849361347133 -1606.5648165906168 -3137.36778844371 -7824.584874539549 -3477.287815506689 -9886.33997529253 -5603.545251244924 724.168940084448 -4738.1320360134205 -217.18405075931878 227.09029523328536 2352.418793194498 -7990.427716344277 -4226.985391440226 -5344.768029568496 9945.094275258172 9746.171912167229 3611.339199540873 9451.081951420445 5277.336399606964 6750.489414287033 9317.360693406594 7071.462173217544 4960.002110546589 -6803.594134512743 -1357.8002515486314 6644.500097837408 -3944.8660084208377
-5818.64007347517 -4619.13512566797 4930.850213056852 420.75643840563134 -409.6272095876393 9189.881686510667 -3624.8467040674705 -7203.288048735941 9685.59142881355 8355.051877970818 -5521.135723817483 9309.136086227067 -8726.287455226826 3399.575733928259 811.6401267649926 -9279.865709164114 -6630.612370364368 9904.42297265909 6969.644580005013 -4384.705813162724 -3930.3391663150933 279.29310612810696 1672.7242791782046 -8211.293448977667 -1130.4710820989512 7003.195372422611 2074.597865737025 -6938.894725982042 7538.710305231321 4802.528911442434 5345.997050767248 2406.970448117987 -4696.851446105376
107.0323412257967 4400.4117332232745 9538.152007115063 1029.286373436209 -4599.238691688425 7173.534708911462 9181.120013326767 -1012.5564566993744 6630.642972991856 -7424.282678491205 -6932.745595498896 5054.337032329066 2700.886493405247 -4967.213411450899 111.51490514968282 7312.32536676915 9513.27920568276 9794.518084301973 -3156.8298146396346 3560.88221835464 -6674.107251301626 2234.488844504811 -6035.351348893357 -838.923776335816 9909.687026369058 598.4793129560476 -6297.298027275553 6020.2783969840275 441.13807530244776 712.7611237441142 -35.224407068570144 -5641.961332134844 -6018.53148317667
4888.454293844827 -4859.083519698315 5411.029446936887 8431.360090590053 -9280.625036792691 3290.0800792789523 -4004.4373793703135 -7208.863675424677 68.70406092754638 -4457.205458864129 -1182.210344536863 -8206.464915532546 -1596.233612520462 6962.672561575499 -3626.907373330868 -9109.363556022907 2107.5125899894065 6973.132133400661 9990.01892684344 -6516.720877152893 4728.5649010431935 5676.173472480539 -952.012235430595 -371.54944418709965 3717.716303489524 -601.7090509634127 -2922.3139586621664 -2997.507834325661 -5885.05881367835 -9789.469677688334 3553.146994626675 -2561.942524248906 8619.465904339879
-2096.8667511312015 9048.123171457784 457.87243740131635 -6560.035725875432 1719.9690062321297 81.20103547098552 1576.430109287954 5065.444080801988 -2726.637574561455 -5090.409457890104 6275.257491727454 -4764.831014644642 -1089.8655753470157 -7029.213326620027 -3230.6875956777594 2935.863696667482 -1722.3280763588118 -1841.9478474021962 -5799.585472271047 -6502.709794079457 5868.134918763788 7488.654925945852 -2532.3957113137067 130.03687684558645 -9099.1483146405 2008.9075834570976 8470.791737369098 1224.0867492410362 -2582.5056653937327 -7319.076237074762 7437.547849533541 -7286.584055024505 -5992.213601855489
1518.1850724198375 -2637.5461204770745 3628.2309732621634 2192.0264077970096 1972.0857339532831 2635.872267914505 6818.5041456337785 -8874.623577706727 -6790.24000913107 -6641.355233306814 1204.3048605124204 -5183.502392289883 -7997.520504169666 -7399.600512469375 -9581.738853346082 -5986.019223101457 2880.9180242134753 -6468.415139778772 -9850.594512885573 -7996.360959823023 -5409.930171805388 4639.560861829319 9252.797792903679 -2293.465134877575 7131.6057914971025 -7398.717684681333 -171.4775266552988 -2242.345382536828 2884.65333731385 1210.6422994299646 -1105.5160200545379 7586.810332617799 1917.3610883610309
-4938.369904416915 -9402.629568190117 -1549.927975988834 -6995.016533328709 -850.0282115000955 -7963.328903653182 -1455.318095228129 5072.363534557226 7552.36604631173 -9198.132897807383 3124.324490393021 -2945.3824529158455 665.4510138510668 -1583.5428919605692 1525.2066921383193 5430.223044612305 -9063.912338435473 -5922.67300512269 4396.224038219507 -6089.35272571133 6103.061186512899 8254.1064182798 7689.939990424882 -2844.1051561723343 6167.9235922081225 -7517.603733820129 4404.474841677313 -1271.7286383704231 -4445.85365182955 -6676.478295699004 8730.10993977061 -7818.851204900181 8437.978967816427
7130.353847691145 -9287.249319400895 -9056.25960985593 -6640.930685952 -7127.129969060639 -6278.561151079761 -9451.010204709452 -6423.670274862703 -4208.7818513360235 -4429.865553368375 8189.003266666812 -5749.488793771092 6233.930961724896 9246.923958654428 4676.162145174769 -1261.979206074766 -8912.692130638929 -4797.663638691869 -6946.166660872561 -7087.826163307522 9181.086740029077 -1991.8533042855797 -762.6984050960473 -1718.374729380841 -5778.574738770128 2823.9259452332517 -4317.42420764156 -632.1081376443562 7957.492734586958 9861.233342063944 6730.5885573943015 9453.560160622594 4570.668451686892
4514.522753514075 5589.000825538702 6560.508117250476 9579.103783917286 -9803.192864765806 -233.37957871834078 7333.466117445794 -8079.794927842334 -6409.37427082779 2534.3583248086816 294.18497374677463 6812.159967276555 747.6661441946326 -3327.60251375775 -2332.4190503999034 -3561.530651215785 4984.496369977807 1437.6393324653236 9264.809206378712 -4489.602934008805 -7246.189381531738 -524.0127804249387 -8759.827080467561 6550.480164272172 -6183.602692393455 3024.12669565943 644.5547613923245 -6825.657987701526 -6967.176464964234 6849.735588890857 1285.8991480858713 -4255.530080569812 3276.924432756239
681.7548239985972 6626.465514716576 232.88775267773963 9624.688860761722 -5354.856227724343 -5666.81242573208 -5659.350215932557 -5235.3111967327995 1616.0048942255398 -3694.8580399750817 -6689.836708768815 -5870.370699469607 -8911.206116362795 2046.8498976276514 3278.399121517008 8334.657362417503 6395.930396611715 -2900.634417216823 9325.199796761051 3380.963938627734 -7632.948370384498 -7423.319220566298 719.8047694175475 2097.5768050124443 1475.3884818649785 -4899.761908593839 4770.0895967864235 -6176.149749506019 4232.974046438794 -4140.153064492094 9871.544185246596 2276.6524158021075 6799.5594885922765
