19 1
90
9385.836068179131 2224.725931377274 -9262.578837049297 1969.5528215627037 1282.5961380299868 -3466.029321443917 9419.972360094132 6213.436949218736 9036.993047678174 -9404.432981350674 -994.4310337735278 2782.8702092880812 3342.819046278224 7380.570817666456 -3060.667289525918 9179.098939373518 5212.900934431389 9756.153759713492 -852.9280945707778
5987.935083470955 3608.1310819721766 -5332.685920596072 -4786.333715347335 -9558.568628409259 -5562.449217116075 4383.1590816530315 1155.4008444979518 -6304.209866321073 4042.1236530434326 9359.351121172149 -3302.8658599946284 -4069.187454008643 6035.238746125673 4658.912176318861 -9412.158724163077 -7410.439895567282 5348.16835619337 -3284.9497023433623
995.0191511182875 -8023.731871567284 888.388927389813 9096.127287597832 263.79986474168254 -4414.0248691393745 3779.401113733482 139.0436179899516 7829.873438823812 9028.984514084685 3444.046777794807 -6964.9701320603 -9547.570320153409 1572.0793582951082 5987.841013958519 -9858.801392919502 1214.4187785575396 -4222.639509685841 -1403.3775370020448
1563.9169036760068 3838.98040106161 -4303.336943709455 -6029.00607055892 6563.238535611668 -8687.860316547298 6386.533320588762 -4246.467775856233 -7331.794157541632 3179.588687980211 -4230.201276787666 -7845.263711177864 2857.157125237014 -4078.5707362514786 62.400515137665934 -9130.985948064092 -9746.730428564275 -4940.1148151010975 9434.177183726195
1153.6145599270203 -9788.912325257723 4416.4785690235785 2299.588955739562 -6014.557578083444 4306.63202790976 8851.24620340109 -3194.970803195625 -2255.595875648957 4990.001761358772 -5171.589278380025 -6599.749256943805 7780.933551934682 8253.258991297687 -8306.56636753078 6729.238084386761 4135.378209991641 8667.459614202136 -1688.4619312212599
-825.0167029192835 -4325.570654459037 8433.307771848231 -6248.458711000094 -5066.4618171156 -1478.7645783682074 9776.447411948859 -7671.500304872878 -281.17578744565253 4036.2515391519464 -1981.624649990743 8709.528338858781 -9838.556031744192 -9699.410144039055 5299.941785128647 2027.032241860088 -6462.4607232931885 9238.743891865459 4018.6717129437857
-8114.655619717839 -3353.4850853184444 -3599.1898771443666 6218.819861071501 -4476.016925847845 1410.9127913725679 7839.884763332797 -5372.036339019892 5278.355225573123 -6266.3079278934865 -9350.330814372099 5407.207042040734 6588.4845940439845 -7167.036396790931 7889.068328327339 -3979.428175143289 6644.975473521627 -5737.114736883735 1086.3396125874751
6774.557618784063 -5625.200052139608 5712.946331008619 -8186.880150370636 -3769.656943541204 -3176.9564596984055 1052.390128391853 -9184.940143202117 -8625.854428045846 -9115.728543064753 1152.9205839791048 -9454.120467573306 -2105.3621701102365 118.24626036678092 -6212.6602825823675 8844.1042560801 3913.3320834693513 -2458.4067013812864 7942.691205305451
-791.4464081187198 2418.1504866696596 3605.05396693484 -2113.5160432597067 6012.271895413573 -5593.36983514231 8136.1418896615105 -4089.893922311192 2178.694042585319 4284.811866834287 -8051.322739947542 713.0327234156193 -4207.861131307655 -8376.8687528556 -1254.2138291219944 -3245.5478517986467 -9071.769660974993 11.69452378330061 -8493.111370646027
3118.7742670792213 -7046.787253261935 4762.5723069477135 7930.397500763876 431.2769887855866 6889.624123020734 -8972.743017484509 -4513.2496481651715 -3105.2349413590273 9854.158460920185 -9283.5242635714 -7794.766870150409 9475.209091734574 -2347.346832646337 3164.0653846478963 8559.06590934148 2635.4146209716455 -3924.4055997968226 1819.826766983575
2313.620267686367 -4579.854599081694 4509.096476694003 9216.792120426333 -26.965210889258742 7309.9805621195665 -4683.648527848308 5994.481114558821 -5198.306049624177 7649.6252780209215 2707.840077808434 4418.522887345642 5586.324039728363 1942.2920297931469 -9645.273501431715 -5025.388829645889 2330.02708567606 -4669.822692513283 704.0036132753139
8876.297135034147 5537.547065887784 7604.324742887169 9874.073796839559 3791.2132735947816 9595.394985192379 -2293.7119269217555 2130.868872850717 -8516.484801114992 3187.168320199895 -4152.276788651379 -4644.835391809293 -1396.4308046720307 -9021.120040624322 94.74431595900751 -3009.4239260780387 8405.152059063497 3267.0564000864306 -3251.443480871625
-5080.907316150858 1457.7324145142939 -3252.2917014924733 -1724.5476877515703 1885.6884226825805 6040.661464067465 5597.600676258751 -7471.548545975082 6083.491480092389 5630.87269309693 -6562.847126590014 2429.0100306009736 8091.5654042058195 3418.0554499926766 -4202.585740314775 -2435.280545325453 -6243.899371729815 1206.6463287831011 6972.610655528442
1822.7053642611663 -2822.859996736717 -7425.053633337766 -3546.2856827360456 9448.455226246642 5557.252575794821 7690.248604342534 1563.485526388591 -1348.6241081373882 8975.850838918974 4569.253606861392 -431.13716199798 -414.1935323305497 7174.247369127865 7371.176149683823 8800.81002151221 -2953.80126799313 1164.3317233898706 4246.925721774594
-6235.645249549418 5255.365814214114 4084.038274695349 1896.269771907815 3590.492929796217 2726.606707644265 -5451.931201852764 8535.807162285768 -2611.663939076301 7565.690058106025 4878.128411518739 -8740.386268994913 -5715.375652213004 -341.135415213088 4727.116200756671 1735.9640222781927 -809.3200348885966 -2086.7079811109534 -7277.857231989875
-3700.7929847213327 8561.99761454864 2987.247624515012 -8654.395595762204 4502.73295072174 -2433.5560539489506 9529.022641042346 -1165.32428371696 3145.6700311366094 -7284.8360463804875 -4483.946211474523 -8000.302774058842 3661.4315430855313 -8989.02199181277 8727.115311110487 4394.935047636171 6333.584652338453 6769.850657006824 -7318.338281308476
8701.529350895038 6408.6309730284665 -9178.882870622545 -1479.0269966446576 -2512.4838533676375 -1435.8327487219703 -9075.268950813439 3077.606417044579 5577.651574354813 4024.59620131516 141.87692667390365 7456.596202629753 7123.383978138219 -268.6534181969273 -9580.028214166596 -391.07150676171295 -8280.883135296686 8311.617784312839 5077.5616641573215
-1775.4979686306779 -9934.05318290419 5894.032132337217 -8594.423486234587 3886.4809571628793 -7495.702184665236 1140.8862125871874 -4476.423071057969 8957.478693958401 2238.7050084601487 -7393.464959909506 9640.237121175542 -2077.7162839084085 9169.709025077678 -7483.912851657295 9916.718537203698 -7478.719644471969 -8255.492763582088 2814.450317203642
8002.402073429192 -4041.089592955822 10.391822693065478 6214.563022260609 -7749.1655986107635 2993.6046359188713 4386.549908400317 9502.708380839627 -281.5014575124369 138.20521099071084 1691.5861489586277 8722.229314344473 1589.7436453709797 -1766.1723780719058 8836.344845253388 -723.6399041091681 -8738.596856347958 -8447.234223381975 -2089.107616690795
2945.2995841726733 -3164.645111377873 5417.278575610126 1234.7683196170092 9378.960523785816 5324.035682787402 1781.653350971419 5332.12856839511 -3232.2895804621994 -4742.790824724603 8356.672444344014 -8202.610214006974 -872.5488680903654 2537.3770524090196 -4092.152265932492 9163.064174513052 3135.0994091734938 3719.9169126706875 7821.540881298111
-6747.079312772048 4753.470930540598 -1695.3361852370326 1964.8432818006659 -1717.6354846359536 -2030.81251467125 8884.837477407327 5974.131412853365 115.51229372383204 -2743.343577059616 -5118.935498356241 7476.777096985617 -8740.822399946255 4134.3090050707815 1146.9617798448253 3411.92846574539 6146.409614571867 7339.669580852431 -4678.007163087623
-572.8778309676527 -5873.980210521717 9990.136165995897 -2506.377991599027 -5448.246523504705 -5856.900417800072 -3363.367780792212 5953.596743752865 4920.303274265847 2690.074621565622 7161.830604716521 -2089.1470131369297 90.43216252696402 6624.240818885337 -3369.111246315033 -5088.5080133549645 6953.592726886749 677.476453812491 7795.303335036118
-4859.399664903707 -1754.7810488107043 -4751.809640041968 -2135.0410284929167 -8279.286020501397 5544.108615717258 -91.20194186909066 -9878.488222428974 2904.3805929089376 1996.6812176018193 -651.4020065181521 -8901.716837376647 -6836.822678452523 -8949.391241491056 9532.498300946714 9704.601310769514 7698.001367661938 -2518.7713691031695 -867.5963459122177
-6663.828351921513 645.8783385489569 -2611.846889649046 -507.6481408631589 -3846.1539038026203 -5114.974932171066 -8762.2660863426 6459.320272297722 -6606.165467249485 2271.4384483624744 2098.1136527839935 5968.882021318685 -3295.9519727672214 -4004.4962751648172 -4935.389994129806 -5513.722513837401 -6578.005298499002 -776.7624281375429 -454.30100321409554
7775.627167909493 1970.2940587753528 -5967.737180990118 9234.722999564168 4042.6870725349672 2766.232599749592 -3100.6205285265896 -5961.646164936696 4469.545891353897 5226.035706912537 8505.60511540671 2595.943574239658 -8707.954700523722 -2594.9163702996048 -3049.0586211927193 -5905.707410909768 2266.839305536052 6979.399320712062 6883.570234909388
3177.04270591519 365.6742445722102 -3203.6969091290275 1552.849293744368 9230.845458241496 -6655.696625209646 3120.7429500067938 -8296.911537592034 -6526.382434717084 -2044.6291477716304 -2276.7123027523285 9842.123715978363 1533.4859371884813 -9827.049509622184 -2988.6214100474717 -7778.824944447082 -4962.019929290409 -6182.515949207994 5133.9108209023725
1600.0731031513278 -9418.21579990938 -7321.288243725912 -3195.3627323926366 -4681.712909536002 -6612.6404449175925 -3488.200832556523 -2802.4519109016446 -1253.629627567665 3594.393762300362 7666.036801253802 3141.813963132434 8654.700717114018 852.777013491479 -5081.440960867518 3215.579432139768 562.6823468933108 -6805.054682173391 -4715.4353005297025
-6019.334499619895 -9614.228272180451 -492.45325359994786 -6541.966277848399 9701.43750304501 8290.488507874063 -9287.732757060367 -2754.1788071325564 3911.891752294836 -5846.723641713025 -541.5551289573687 -9130.376736056458 -3007.918635757216 -420.2939265206296 -8731.561578595474 -9899.680420364268 -7848.931830946899 -5619.602078639303 915.5964334838827
2353.2760528072267 4738.060106533283 638.393176851825 9743.678259165146 -541.6915126870081 8944.381783405603 -4949.743681452425 -5920.610356818241 9575.172004404048 -6234.8248600642855 -1385.932609065554 -780.8006833342879 341.0157775626503 5992.425585471197 -9678.233289231755 -521.735327466251 4919.821404969429 645.3997794427087 -9601.799117653212
-5283.825578122592 5806.8243469408335 6910.121649204342 9830.88157941194 -776.6456617786371 -7296.276948980831 4275.192665339353 9366.078980683189 6105.8156092455265 7918.012838296294 -1741.034581205813 -5263.605293450262 8609.813049001725 2642.1805656081815 1305.4939685947902 -8296.425561950678 5054.665048428053 -1903.4827286724767 5897.472412561656
1583.3513158924543 -3151.718006992057 -170.46943982696575 -5756.98178925695 7127.473313072245 2956.958733716492 3345.650830037808 8166.756379385439 -2671.8329978075326 -3520.854894312466 3317.680312560653 177.15862225399724 -9767.568398598949 -3764.3405402755925 6980.5439538376595 5378.610182073811 -1728.8364856934968 4695.453950264082 -4387.807467911184
5798.583593716445 -9921.085891296709 9617.532271661523 969.2115568737972 7654.449922123145 -5209.684215800041 3266.1870835125883 -5377.156330456334 -3425.283867710913 -6613.0193585430625 1707.5206406793222 5546.971144111591 7629.282618085548 -5449.134922644581 -3116.524121502831 -5297.324894416384 -2474.8146474679334 3512.486854225559 4347.250738889696
-9890.198413756229 -6664.6433253620235 4096.392327232132 4923.409033678034 -2835.0818372522117 996.3299076162584 -4425.0111243621395 -2774.0245017811158 2131.497395911374 6955.856848077525 -3899.542175609902 9023.096328291449 -5010.861317140356 -1264.028688686165 -7654.882257139908 -5288.003046695238 -7501.400602572357 -6346.790853976911 -7158.544641113784
-3827.420536503032 401.949243140034 3355.45481959262 6803.742994816934 -136.55231734711379 8185.93047132283 -1954.9532258867312 1364.5097128292618 6126.447639707036 6560.067878355152 -7292.412805175334 7336.351291897085 9095.743674130317 389.94865950382336 844.5909018567563 -6256.280862057551 4735.454613413109 -4148.135256222052 8791.150866772961
2024.476876057137 3676.6980965664843 -9396.038239075206 3761.9270542039703 -1555.3144466650083 -4415.822424768974 -7405.517148732115 5479.360095660097 7635.4837208469835 1081.3194821982797 -4076.200176733957 6672.651532566728 5407.587646194652 -8983.374405155511 4228.741813708963 -3840.2737504345287 474.8256980351125 -7320.553377541372 7006.5373838408195
7316.646142931801 -2410.631044477125 6819.667995234329 -7279.557170118449 2196.768194950115 9700.90516371791 8923.609642040032 5603.2730601038675 -597.2135002329378 -3890.5588901439096 -380.53426376020434 32.377236932810774 -9409.618136090632 -4827.204021287166 4751.677486950939 9485.457555086607 4187.8195767117395 -6404.513879824026 6792.647664541844
-2459.0450629338893 8178.468931219588 -8732.382523920534 5308.785776993036 -9334.401788381992 8769.726175334617 4827.065950360771 4056.4554183043547 8006.731203825933 5224.81066080259 6520.535768965223 -5819.270918131001 -9476.591898988103 -2371.713340815989 -1044.9877100172198 5427.437415200402 472.32776395512883 -369.9315142991363 4776.566524494425
1668.7758801833825 -1921.065605833499 -194.8051097433363 1810.7959717402264 4653.87681868831 -4518.688113748637 -7270.108405526626 -5123.296734672968 -6807.137468149647 -178.25110914808283 8169.847686937763 -2096.7794556793788 2924.723692052232 5802.305906513149 -1855.6671755764382 -4073.2433932131107 7801.568233009864 -9490.073182789476 -8857.596616572639
4055.2028993783897 -9119.158172273044 3038.8807940850165 7396.339325709374 9140.218522784566 2214.608214269523 6269.898961236049 -2641.878039979115 -5852.822647378193 3782.4178099660694 -6593.6732708911295 -1243.5041476685874 -9421.31048694305 -4437.691676863155 -7991.442132907023 447.0697112168873 -1957.7151357500134 -510.3372084201292 -7386.57883867623
2771.618714614726 -9644.688324264664 7854.019356239147 225.90687395134773 -4160.410038763524 -3835.5948897157077 118.18282808113327 3373.2502711482084 3737.7418833964657 -4335.896783348468 -1808.7348833065198 7176.667770322616 8638.760895625725 -8276.656490348036 245.9386242901346 7771.8610494288405 3990.821123492349 -8355.558344319845 1381.830303843668
5261.924371313613 7791.531928451528 -6797.125759555549 -972.1116829132934 -9378.678134535228 -2716.6472860390622 -7945.335519661063 5317.934202431305 -4697.113613024994 -7927.063226204263 -282.60460437416805 7408.9806109129095 -4425.930711576578 -7106.825778884198 5891.851076236115 -6265.546953011926 -7422.615893329718 1859.5861560384092 1608.5306921592055
4810.650053456877 -367.1073966178701 6020.1673283090895 -7222.510308860142 -2055.0186779990718 -6169.24431372752 -2333.9170255521276 2268.4607943083374 908.291440613466 -2513.8716405983623 -8858.596553941406 9297.202188622512 7790.075958045647 9140.036353175645 -7224.143218095549 -8280.19340273232 -5565.053568227765 -5929.62257254939 862.3548424785586
-4714.37300891683 9734.314250796186 4481.622902652631 5512.387373183714 -8818.175740550047 -5553.531527092199 3671.930158440411 -3778.0806811490384 -3614.2358241447782 -7606.5948288298805 2749.5089657188055 3436.4402992213327 -358.83967923811906 -6613.736919281027 -7181.769752970522 6961.905319777805 -5225.9509362187355 -5400.537800934538 1373.339088128534
7083.766434151967 1624.8206739492853 8645.282103658494 -1394.320088389124 2820.616230431531 5411.752485555953 5207.623523324639 251.1939222395995 -5985.740375522934 -8321.079315905907 -4820.053548211292 -5655.13957874253 -6753.3804042396505 -2687.552771951214 2885.174388999747 -8008.434423502837 1410.7897160283464 8587.184915194997 7505.714403298145
9345.14925971218 -6698.60871636449 276.015159870969 -7679.593025254639 5725.721954185476 3229.679134353344 -6352.402788380194 -5604.336048156935 9220.558902292341 5600.103422163389 -4543.351840128104 6488.181810924871 9785.271245994907 9346.79965710982 -5786.313501016293 1953.5784925005864 -783.2503412512451 -1314.5944998015566 -5150.067311685318
-9401.727880734556 4823.877353980164 4314.684589586581 8386.590421077475 -4466.3219493644665 9257.351777466476 -3638.414398258703 -288.2974826730915 -3829.271509472763 5920.8838782740495 -4272.806741901812 7838.282685512611 7677.828782635348 -1648.5308777927403 5713.8015713693585 7127.946172617765 -2829.289814544897 -6175.359640306823 -7841.774457493225
-6052.985944801501 -2968.1999939007637 -6744.236188378161 5800.2976185232255 -4723.870001979813 7805.088010351057 1966.389972911982 -411.9752651369272 937.7098094553967 943.1602588922378 6419.256988782945 -7349.505189304213 -6937.365611494419 1238.7052544491216 -5776.244328146534 6759.029417265239 -7757.341146027812 -7437.2701903209745 1976.7176548482967
8033.193805769617 -6115.135023221483 -9086.660092455764 7617.135022690858 3674.6777790315064 208.49851815567126 6972.4707890595055 -7728.125105227732 -2483.1872299175957 8689.637361640998 -7529.116589062257 9774.749431647295 5796.67109353261 -5310.6226557803775 -4917.630355532007 -626.2837711407992 8087.283466894587 3109.9719888634663 -8898.429210120437
2707.4715168910043 -8447.178752371074 -8736.852780868434 -489.72957084575137 -8174.824490745572 6555.331162230483 8069.667540282888 -58.004834455046876 -5929.372428856159 -5717.406181648952 -6019.607355616616 3453.1306943859436 -9862.366916734683 -1097.5497748764228 4480.125001636965 1233.9627515345237 -271.6360585774728 -5380.00687742052 -3590.1685074196002
5829.6201601715 -128.05078702465653 1576.1864745834828 -9398.801858602483 -6891.686895541254 -7079.629131499368 -622.6789274555085 -6921.866926487057 6280.02321039697 9294.743784690429 2447.813746031541 -4257.13170374082 -1572.0044088023478 4826.761149442116 -3719.9186166229765 1400.0476966048664 2203.002128391663 4820.096859063135 -3210.3493896122172
-283.33963333615793 -9541.792797022057 7946.659688518001 -7515.64185405486 8388.718136874497 5059.390911652832 -1972.1897490612391 -9940.294766545607 8758.85152130766 2228.529269695682 -2275.167943149332 -7703.730077176405 -4507.096931730981 -9459.414975894484 5208.19960339325 2500.8638350871097 955.739149009547 -1394.4247405136193 2701.095529254877
679.5877470333471 7267.409658052136 -1295.5378820213118 -1916.2286171118567 -4347.261900360959 -9656.335016153687 -3778.4926031655395 -7665.953225615949 6242.8615043886075 5087.785340565675 -5126.4623577473985 -5143.527129321197 8852.37291472303 9053.008739996592 -9870.178385963472 2764.832330139763 -8019.307491978598 -6054.6639693266925 -8178.0514215479425
4357.341802999641 -8746.712047903273 2235.4653805010566 -6444.797947811449 -3928.4327422661854 5733.017328295891 4656.754402299366 9321.20570538431 -866.0370996267338 -7520.683556832401 7520.930001975947 -558.0308822777388 4373.981342785335 809.5292775546695 6176.842846970569 -4721.831199662487 8963.543824990607 5692.367244570909 -9940.756749195732
3608.706916531899 -2380.1152475815197 -7615.817044843829 -9922.538698417371 -9839.333693830937 -4673.746578940308 -9790.360662177456 5647.24378328374 -1283.0849920344535 4263.328010057197 -9296.89139376909 9939.82530278918 2556.5326857382606 -7089.147588797105 -2487.436017829372 5731.79346823774 3203.034375427502 7610.8397081222065 3238.690373754045
6097.834558697761 2800.3568951444395 -9877.944389083144 3225.868556354426 4450.520807947529 1857.5667954676228 3035.4285210439302 3739.1311328593856 -2325.002009491295 -7704.7993388873565 -4567.279488040057 -5540.049310626443 -6042.816887521454 2807.9323187759255 125.2613341139022 -2048.646886275973 -9010.107810442847 -9690.908089543935 6309.633033673685
-5798.027870828852 4747.691530632921 -1032.2225492312682 4935.564703734579 -3461.676410865409 -9442.34023379872 -9271.029077043644 -3870.839296213011 7930.866161041078 -7735.349409518577 9123.722851418413 9516.675947973512 -4090.393112407156 -4497.801944166433 496.9319551843473 -3884.7535280867196 -6983.404332016822 -6039.277629885584 3336.8140043706735
-9253.75868607051 -7946.688711797776 3511.5881794042725 7711.63266437038 -1996.3762019266533 -8132.563861115561 -544.6011535287853 -9450.611101577013 9967.517072967086 7596.0380760863045 -63.25922070467277 -6674.349887261404 -5624.56971197973 -4895.9003282425665 -4716.76437794807 -473.1095277581553 1315.3056658923706 8147.6011794173755 3816.3812706310146
-697.5212045452881 5404.740640798018 -1428.241207561361 9269.413874735164 4764.513566903621 -9950.851909600151 2389.904073683163 3797.3253004831404 -9149.829887516125 -8837.377379619897 -9827.534740005956 4089.5062331912377 2158.7460137003454 -5791.759064814697 -450.4752192247288 2280.6209914590436 -3242.4106866512584 -5666.1190509536245 5224.837630944905
6361.928931443999 8267.86728804934 -6812.667486306116 -2863.238620330928 -6336.4962427841265 -8068.449338338973 -8845.38810352927 -8396.785521368834 -6614.30261995559 3080.9434198098315 5586.763574949506 8777.239313898102 1024.853990750802 -199.89422333560105 -8141.102527970045 -1635.5259189538901 9211.708305890694 4674.052497581393 6908.86551587933
-3325.0396274698633 4710.494442178746 -4023.431164102675 -1296.2441782351416 8282.753432664493 -3712.7596453455026 9145.529719446578 -2650.6033369191127 -842.1503034003308 -3006.6506709043206 -3681.9078349924857 -3254.9259309026766 5969.447069456086 -1557.774980438604 2061.8274737254887 -752.4322010866872 7601.572776727546 -5483.644831834446 -2025.0786835462468
-802.097912218771 5532.582620520541 -5598.99520312763 -6841.357576530289 9788.975960023636 6522.034985116883 -9121.800649537048 5310.892603360338 6489.710228012329 2579.019479306049 -2923.4878588253423 7784.163312684315 3538.372333627791 7159.532875766272 -5880.255270592345 1402.9234611311786 -759.9103701021486 -3832.159468613887 6233.422681328571
-3146.5732162526974 3665.2346739069017 -4058.9386160123777 302.343512270465 1854.515725522133 5010.783438415332 -8924.75329128597 1914.8850212199432 -7387.270077346544 -9027.33319102138 -3652.986770670992 1721.9939556799982 372.39238859113357 -2223.4408343693904 -6970.3893325352365 -7821.76999940378 4356.173984337516 926.6457693912635 -1765.390131663211
-462.8785129091084 9017.144308438106 935.7397102686009 5788.583850384803 -829.454460051662 -7743.792557337261 -2209.4501091665443 -208.01329751766207 7456.153651283043 8072.81455815339 -5213.153026196555 -8281.179670894138 -9627.915873026886 3381.449020764374 5020.433115591302 -7562.74075074107 9834.078964607324 -8609.211874533154 -4711.527980609851
9788.683592954996 -7856.206894765103 -3901.323094175744 -6698.066454064641 -8356.3433510976 -3990.5941969922806 8550.13492010257 6105.166194592275 -7548.149471755796 -1384.8772012328081 -7413.1456773057835 -6159.831482492273 872.1481257239502 -8043.388612303641 -6171.58245303172 -6158.227649949528 -9938.058925434028 120.46070097502889 7107.122740015839
3372.2631497167313 3110.9130357614904 -1681.3292395876397 -6688.424231475674 -1195.5732313669323 -5505.004583612536 7706.430371852592 -6605.709451317225 9443.569714947997 1687.4843255166907 -570.214010803078 -9830.568637127724 -2713.046465167894 2286.418161294292 5190.943979241072 -3815.2370935213776 -7366.000781275459 -2674.7137597654128 -6153.356559621343
-5059.2601850891115 -7445.048429131466 5358.942988387096 -8453.06754757116 -2440.611677847811 -7212.3663113755265 1896.2265008312152 -7752.486367259939 1818.6225370210504 -9284.385963893688 9155.21556223759 -5942.88224296533 -6218.717180824342 -8055.938146693476 -999.3748807543961 1368.7890944089686 7352.874528491608 937.5803459624167 7121.971429237052
89.26860504269462 1039.9263832422912 -1082.7083020411937 -4085.2941134216044 5588.256550566861 -532.7258409083297 696.9262380159344 3401.9251988716114 2851.6987372952008 8589.99999524614 -411.9134920460274 5695.725041137945 -2890.7905237924815 408.8566911024991 9611.804972605132 -9796.660409135158 -5305.896507902712 8029.14967021727 6766.70706027879
-9497.716801881157 6731.01518401883 2695.606347691846 791.270406624848 7536.094192931007 8916.323599830255 -7381.04899515362 -2559.645576442502 -20.248263692885303 -1024.646779228855 -2081.833736861782 -1855.2922668396413 -5402.154242781312 -5159.688838647169 -1316.5637210341501 3488.913468818204 -2420.019160011191 7186.040338937819 5364.065982847636
5494.528872211235 9788.03643411016 423.2287665092699 -625.2556153784099 -8154.320972372358 2249.322438661802 9504.319175527122 4066.809184568243 7720.141000267235 9433.524181721397 746.9200479792089 9222.01359612117 -2311.182291619165 -2142.519199230137 -1498.3715425161408 -1034.2116176518448 8772.77236572883 1608.561989672562 -9990.316375877992
3955.4945340575778 -3321.226535359947 -6581.42305852647 6697.775915756109 4424.0566455554035 -9772.95295605455 2074.8367962288357 -356.42376989459444 -3147.064755315727 -166.70767735225309 6245.4394530463505 -7471.0691095194015 -1767.38343808617 -2295.5993555562663 -1851.9042789480536 -2515.2334903454584 3820.623787519102 3722.0358600694726 7407.45223511037
36.57734604489633 -9837.86185656637 6687.954400812534 -1691.1555079749924 7808.899729276236 -4506.955732146139 5096.259133685919 -154.61508846937795 1974.7255018981832 642.9478704403409 1129.3067877735848 -4596.670554929039 873.6484288884476 1439.6362906555823 6467.896318570834 9641.089772483785 7638.917350780586 6932.75862389736 -9631.421081864346
-3657.737341982488 -2171.8017952990394 -1737.7051453624317 -7925.333121373273 2756.957008931573 -6645.0707467531565 193.94173666050847 5383.9485724458955 5912.450598891606 8665.413360560819 -1802.9290123282954 1677.4772492710508 -4617.809304381133 2951.6645536344568 5747.4363226931255 -880.5952506340982 -3213.590154240129 -9229.971104978096 -348.6997006604306
14.993104659262826 -3071.2837699173942 -3657.0815945380655 -856.5853849522427 2372.0019018514486 -8163.927276670442 1069.8459400208521 3950.4386233921014 5645.566658457523 3543.742864200287 7637.178457961767 -2531.251933277965 1081.5750131395635 -3135.9481473666247 -9590.430977240803 -9929.974989441474 9905.390323848158 2262.619237628731 4878.8702608450985
-1135.57876054213 -2798.018083894689 -2927.9528738667877 1450.600203996437 4478.543407154166 8256.011222949037 -3393.803941393432 8786.68301296566 -6612.56987316525 6475.863692424773 8927.683097137207 -3768.1078130777323 -7577.564409452963 -7550.060942030965 -2286.777486745659 6010.271682877799 -8157.70042907255 4935.97202967846 -7441.6586320422075
-5603.0807799764125 7954.113324475002 9933.270883206333 3658.7505786896763 9484.347305534517 -7899.108529345942 7196.810057203136 2151.2055902853317 -7530.98161224781 -3600.4398251167104 -4424.3464689316015 -3097.086942450411 -8717.229474534413 3891.690710103985 7224.467624403944 8616.759348793847 2553.9965568386597 9956.815504989514 -5736.23337042697
3709.2615277103523 494.791211517937 1920.6818578606672 -4907.962562291667 6194.560795171958 5874.837455998437 -5719.922951129166 -9839.68784242901 -7881.902107767844 -7690.419986338698 5988.7585542696 7505.696487620531 -7213.733339032504 3715.329315495994 -5208.611175689603 -4356.72687148656 -5730.174226235949 4805.114806141406 1289.7379504228284
3278.116242757109 -6467.285018657902 5765.897877321278 -6724.911314111919 -4121.367689450432 -3309.6720823445194 -9122.671795177637 4112.005412533012 5215.36866093131 9410.314929900313 -5015.566781921332 -396.2692969734617 2613.5305754649144 2028.934228295333 2343.73936426458 -2310.0720805496967 -7619.23654250249 -8479.768185563718 -6359.80037404275
2703.7793370485233 -1692.5483098146342 -1509.1874685229595 -722.8265958924148 5278.56319442403 -3825.032807580884 -240.5133378146911 4547.224056945515 -810.2668582801361 6007.284697835061 8477.678165701753 9287.79382989106 6430.280487800344 1591.889734636252 67.95931432302677 -4489.134019169878 -3996.85597984174 877.7910357647434 7918.634168291526
-8251.977769197787 -4974.088609329874 -6710.212629765678 4342.736584083128 -8587.722598787153 9087.091304705402 -7268.168363678311 -1918.770300595782 3103.1931457901974 4108.905498196667 -8684.52983200429 2523.5714662632417 3705.307301933073 -6379.496164317872 4137.997716442478 -1776.7202134787658 -482.1863603145339 -5334.370370757253 4667.771923951874
-9695.988970987111 35.42047203175753 7022.044753066704 99.82142098211625 8751.645102202921 4644.734093194815 208.06783356243614 -6333.623156426054 1861.011121782587 428.14712114342547 6603.383810341875 2163.3573276063853 -2362.4111235211467 3464.5529865703284 861.7882244009797 -8775.005201866781 9462.97433887513 8078.713205610813 2793.288317017368
-5423.1724842038175 6770.792185741117 -5485.083019166162 -5823.923028892233 2914.751385690459 -1940.1037448333373 2571.0793844298005 -2440.4583873409983 1583.988652695367 -9664.11056907892 -5081.180705436775 5192.257319814975 -5442.2277211993 -9050.213195403656 6014.5778979291335 -9263.95848050886 5997.527041068162 -4322.304682073425 -6591.578556393893
8970.879243698582 -2527.294641613149 5907.641766457651 -4724.304972544959 921.6978420568321 -4105.91461844739 2837.6016273839996 1012.2093647871734 1952.0565681002263 849.9686549183098 -5805.779152561228 2730.746392097317 599.6863479459116 -5903.667113094315 -6803.906500782917 -371.3651982633364 -1535.5699866860668 3346.745288522461 1532.4779887398527
1360.9838672162205 975.9570554337388 -792.1430416468738 4210.939664487425 5807.404761568943 -2379.498316188371 -9254.382482830899 -4213.948849747604 259.90442587182406 -2545.168450323723 4346.438676557027 -6794.476598938175 -1419.1553958627483 -7455.217644314531 -3165.650078459552 4629.4508181399215 4004.828844281532 -450.6780647981868 5820.114652888851
-758.9198686510244 190.85641712176948 -7668.314346975618 -8298.894172115664 2534.7928957334134 -4407.439584680787 -5820.903187374906 282.5785064164593 -2130.524263215938 -6354.532307425272 1877.4451021773311 -9165.301052768333 -5352.83643373981 6947.349067752319 -547.3810273416093 -3315.1663938829515 1130.0281946228315 2457.8033844133115 -6092.01256690195
-9213.368963296678 -582.5272686668886 -3151.2890256815544 6292.66640359604 1021.6975685957623 -8946.15710257449 2866.115249128825 -3011.508409079358 -8402.446898874585 534.5540426961106 -1178.8819291390864 2404.5372709415515 -1597.7834057058863 1535.5366101145646 2696.9295396007255 -9781.992495714163 -9042.983975562014 2144.5553333299067 -5962.65106950181
6234.372855786241 -8469.892178377315 5827.597516653708 7366.685826626035 3446.1426339414575 8143.172717047128 2099.560801482892 -9048.259208511687 -9825.58414042944 7193.917829527247 -9272.86037209923 -1316.6922037994318 -8676.199378481395 9720.346532017298 -4484.2389582487 -3852.2766611577563 4171.693175588502 6841.523884116072 7741.788433193386
5329.823811760767 5890.657048085139 -8099.552673734575 -1934.5794620338338 -5128.828055493713 4285.686751479199 941.7683249526835 8489.438713322983 -2462.898406418748 1369.8534566267026 879.3942767750887 -4114.892740532705 5711.0339033130695 7798.8064371602195 -5098.531881048325 -1610.3253495378594 201.38924241419227 -9110.734330308811 -8693.611750129841
-245.07452637966526 -6141.466738603374 -8197.37770291035 -8417.539655217737 -9205.31080201471 -7109.20963327394 2658.5437305729483 -8883.70627605983 -48.78108457655435 3958.8552467441423 -152.50943506140902 -9377.065760605763 7143.054143597223 -829.4585508697346 -2232.6836295514704 -6354.108545634352 -5384.795749782496 -4653.021847432195 -648.2854879504175
9383.868029222598 9425.259737395867 -58.09355140545449 4771.335373961212 1231.084280289033 -2883.098425298267 4589.8506207810005 -2720.860414097985 2942.2324936354544 8392.545657015544 7850.917644448444 9188.575539401692 -3913.0766901387015 7811.485343838744 -5726.135061196523 4851.071837337335 4204.747201861952 8016.174492718248 -2055.733223283467
5406.23490725235 -2113.4497101454763 4489.2436775722435 -6766.004310467997 -9848.687909471852 9676.049335538977 -1666.3008279155365 3024.079059474134 5800.527663331155 -5526.1152924035905 4121.7431812793275 -6094.16681417857 4890.719653125185 1894.510291632012 -9373.634045744811 4767.450798446607 2510.7133044418842 8542.829617556872 -352.4796206586543
