161 3
-9069.98591463345 -5269.330313637004 -3407.2980371641324
303.8758744772749 9144.548764671727 -3847.2412958655314
9458.3763712385 -627.5957492926464 4335.744696927788
6204.369659504457 7369.645055639918 -5943.292642756622
-8455.7121196357 1050.8725411355408 5908.767633163961
-8796.70633126103 2642.634473376522 -390.5015658532611
6667.835892692277 -3900.087860620285 8571.494159869704
-6667.253083777865 -349.20848571605893 4650.274864191446
-5287.523054340246 2219.715661768638 2682.736561434458
3751.9357379896755 8306.081624672403 -4317.610199786542
-98.03597882857684 -1753.970110703116 -3499.257613957061
5529.103129088175 -3895.98922346746 -2344.67168075094
-1141.1796803916732 4814.594761464121 370.83938565451535
-9036.911561612418 -9367.2645954518 -4192.617601444875
-4039.6116463094804 7104.907141212647 -3725.3684257363066
-3161.902936276577 -6521.006678196286 -832.587464343489
9990.501522595809 478.50880588490145 7417.106801265971
2062.5799110575463 7576.812605419003 -7907.622177470755
2319.781404352103 3416.151220099633 -2989.0769435678385
5181.95577312483 2369.0726184637206 -7956.181768741572
8975.528565094683 -3913.8802425680087 2210.40477572873
7036.840880433567 4955.705339752425 6624.927921235605
7170.894151449855 3632.534373338829 -8773.066291185938
266.4475798422409 -9418.685658395938 -3085.4824735599304
9798.378889487747 4529.560212335635 441.6996167488978
-1960.9385332582806 538.1407359223431 -6368.1384978683145
-407.2072761658692 -9750.577888076667 -7807.671400935305
6631.730045719465 8986.192248176401 -5645.799712408306
-4031.3638217170774 8139.387407298727 -1788.8885431161652
1191.0787860827659 2043.561786799126 -1615.6696262460282
3575.6961513109272 -2954.4612121345044 7111.682289312961
7619.04837010365 -2789.79457164374 9874.500850918605
8230.132692498864 -275.55878348852093 -7227.8572557796215
-3590.2978876426505 -6354.672795860637 -3934.958329745963
4525.066707497632 2247.665070360179 -7288.931539736763
2904.483216233246 3460.2150403791948 -4614.829303826719
-8602.086837116189 -3058.2226749436604 -5576.6084722881915
848.2575388858186 -4337.739793226234 -897.9597973672207
-9460.350833400047 -6982.092384060972 -6630.182681073007
-5393.3807550954025 2389.4038574173574 -6410.3844474612
-6063.563107318828 -7448.613774173547 7792.290536697856
3630.9203948084214 960.1307297758703 4428.478042047072
9874.501171106567 5831.023360741134 -3787.138731838153
-2682.2016713109133 -9865.996010429357 -4643.857547811703
8364.701323971403 -9125.932714012057 9333.694712378263
-1411.2518065856148 -8196.03592039407 -975.5454487822644
-4540.299784521313 5257.21237720896 4905.797387167395
-6690.990879240486 -8084.955909383389 -9170.324892107143
421.3145191309486 8488.57143069111 449.26334505039995
4157.500862756162 -9906.066366452864 350.6490617839845
-3282.4550750048174 212.44290386945613 5094.809446041423
-3554.253390466948 -5933.665577327429 -4882.502044729873
-882.5201878610951 -6088.511712798978 8364.427740751053
-4444.237729304734 -9105.953619992959 6193.048860690682
-8849.3969186394 -1138.1685588142827 1753.8849354659997
7545.109558454813 9944.00413946755 -858.8398542078467
6851.82719041629 8685.983606223745 -1652.794802448634
1165.6051571260614 -7510.442733206646 -5144.53498862804
-8310.816951005107 -7329.823052732409 4057.9499000693613
-7068.8445419542695 1038.1631242745207 5912.8068445474855
-2006.3321739839002 -1473.2771125250074 9996.65458273116
2757.366155792917 -8036.727765854954 5019.243712567462
-8603.588257065818 690.2270950343955 -7353.911238046023
4986.283835905895 -3149.6060109646496 9149.354098602988
9695.54123165871 969.9968627658436 8396.903979166778
728.2653377773368 -77.23213126853443 -7832.023375300543
3901.421545822501 -5441.453799053044 5523.5464403246915
-586.2836799277866 -5686.044961394954 9208.400918496685
4896.657716599158 1117.950235962122 -384.32608266272655
-6938.600432032127 556.979193981515 1641.4429367072062
6355.891164932604 6163.988680317012 9547.22643166409
-6310.777353152536 -4478.084824182724 -9072.074457681347
-9536.860986820315 8719.121985497739 4041.0618858409707
4583.358864042917 2429.732607482385 7119.478937406544
-420.3240286066957 -5396.288512266343 5452.534229369541
9648.152169361954 2751.097205923217 -4272.995055830795
-6507.646564351755 -7121.775754336968 -7120.63103345904
-5912.765180124457 405.53227169273305 9786.628473058016
5432.117768351693 -208.87768469172806 7537.380551125534
-9488.641648081542 -5657.481119070298 -2846.7883428014275
6415.113857867465 -2720.8103879179935 1461.1728427044745
-2065.395541266772 4120.073444847812 -6549.173253293087
-7737.835010335639 8588.383183407212 8680.078482689849
2124.2070933638697 6047.04893917273 -6547.504214208695
-8470.757735949495 -9254.350794512848 -8210.849202867123
7445.481983316731 -1262.9787822287963 -7123.001810717406
2900.860162421888 -2369.1556444367825 -9319.301038405121
-7713.28053958257 7625.28274423792 -7269.154063678276
-8283.766335779499 8064.5869189895675 -2254.4514549231253
9629.008111570169 -347.0159331052346 5223.67310881181
-6492.235884443538 9632.265024153538 -5718.061706132899
-8551.952285088022 -1465.934962964282 4905.649742474645
-5303.580541770943 -4447.310779296243 7965.244376259678
-1838.9046614181034 8270.535447319977 5514.324045545445
-3066.4960987199374 -2295.445086906074 7959.813118540133
-652.7627536841937 -5984.013628094061 3870.6666625160196
-8795.212602557065 4657.617691506168 1153.036980400615
6163.306851390196 6817.857057404701 3183.8988140978236
2651.3648794147593 2162.779054648827 -9853.141630107795
2820.712370958103 -4743.916762504398 -6478.76863882914
-4523.465464262471 -6792.908067701084 -6710.176481996577
-4895.457049885595 8289.878294073682 -2189.8452111858187
-6272.1620359628605 -7061.5240923934725 8158.320641680522
-9461.21611606257 -5856.779706816688 -666.8709473264153
-3768.970287887505 -856.36457549025 -6766.035856181583
-2320.187291472038 8318.007529765251 -9031.830528564513
3548.1795397767783 5501.342169744579 9467.470952454372
-8603.652544800556 9620.65001713673 -6367.072151192908
-3362.5720267429715 -7043.049619951271 3571.985677639177
6153.948295012202 -6747.302599459983 5454.929110736497
-2000.3676902179523 6985.342962559367 -1555.1095314358463
8496.179077125518 138.27618114301367 3636.845461044024
4691.758569629039 2866.169008806579 -4137.60356321458
3188.8643282478715 9146.851436394645 -4974.3593696985245
8322.537652227998 2034.3876814475334 819.9115569705391
5508.845071433558 -3473.2013063362883 -9375.013412434078
9429.810232493666 -7654.844956360474 -6195.3336018752725
-1974.2557737008638 9960.189699761922 -8374.473938349602
-4067.28311213288 3777.9563926659393 4222.159389534238
592.8184441662561 -3532.0164452640947 -3148.005881465927
-3627.549451254974 -5421.782702170252 -8729.352396475066
282.8524951440995 -8508.75843692486 6534.6049760328315
427.0577973441432 113.62210004084045 22.970185612462956
9554.216964098945 -8445.589143889621 -3640.2873243956055
5779.226826931545 709.9496232424244 8713.897688639008
586.1032122667748 -9584.659528549333 8502.087814436429
1557.3793581283553 9778.679435241811 -1394.360890492635
-3281.7476632553407 6224.342812179582 -6033.786951940232
-9.46030311481627 3934.443625103375 -5502.234127109165
3840.137829922385 4079.1067720698175 4343.0152959068455
-8612.991388564726 8815.292460581142 -664.3811449097357
8155.790390631282 -9831.813840197992 5320.225963643714
-6378.85521191182 1022.7765361555812 4835.155350428371
-608.4945732823271 1507.2302703281312 9979.663553068029
-8604.661134094353 -3217.8970575836784 -1395.672315758724
-6343.148162264456 9929.534963483482 2395.644272856658
-3640.2310048762774 -2238.240098277677 -5450.492769850645
1741.2913368985428 -9131.380310414876 8058.78812248684
4078.1213816036106 -7770.128060584083 2769.63517934795
3593.143518155339 -7908.5999589078765 -9155.448060751427
-2575.6065447294804 6234.923744029673 4311.116404971433
4660.328220321771 -2149.285673132171 -4769.641432229628
3984.5266400809323 -9873.448482016247 -2645.590913747742
-7481.247443567236 1462.997162851636 -2012.4887638758037
2479.6249803931223 7499.055874187194 -6182.439759554683
-3086.4618030104984 -9727.479537429801 -3855.7255378855352
951.1571024425575 4792.810991469878 -6413.063717546718
5765.508518543198 9428.637553789511 865.0058278238903
7143.3382597515265 1618.3105582645421 -7679.517177163888
920.1293242634838 4955.055269168122 9874.204588059834
-2621.932100143492 -2749.7021773268225 -5371.763875050783
6158.110256996046 -7762.158051248769 -6272.531019177197
-7162.906886437497 8100.559470622698 5365.713814979763
9597.21858552633 -4606.258236772951 -7867.955074001127
9180.496292961576 -7007.045060470618 -7334.02751495378
2348.608943358744 7775.650239352821 2015.0153849206636
6292.180223661075 1664.0132699883306 -4087.2880026727707
8664.113085668007 55.86956196092797 4744.654750716578
-3915.8727460033215 8145.070659376939 -4363.917633411416
-3596.735353526239 -6823.933578775901 -9524.082388782763
-1888.24047505642 -519.2383632991368 -1980.90032143817
