112 33
245.31557727072993
7555.31235803603 9837.1468140275 5499.344710904801 6818.43982608186 7782.456400972347 5178.098245804424 -2475.633959862278 4210.242366821654 -1978.0421530601507 3585.4121224182545 -2135.01208850732 9527.716516909564 -5335.097681105565 8171.340470611209 -5471.984694268 -8025.9365565993885 -1265.8786585769813 3546.2868626983563 7800.435446763866 -92.04339024281035 4834.239304621828 -7900.954372986024 1130.8571550513716 -7503.082524609557 8262.018871523796 -6263.786340020992 -1807.636241529306 4423.889766114082 8540.597437933237 -3632.371552181994 9566.899762349014 247.07173840156975 1101.3541408236342
1469.6113686003227 8386.323071026716 1354.4339544064624 -1812.75719348831 463.4312708742236 -8330.756046897986 1892.3573749213956 -8472.003024624415 -7749.4149472343415 9812.3041713221 -8209.522482018392 -2071.449682363791 1935.918851147435 -3981.3089245587 -3733.2864067697355 6996.325699184945 -1249.5652721616862 3386.2103396591483 4288.599238369352 1894.6296457539138 -914.0488511474414 -9717.708565387522 2443.1899184209997 -7649.915309271635 -6559.835295282848 1340.9182863438418 -2773.8662293989864 -547.7139886355544 2135.9714608055856 5036.857125245704 9485.185558266443 -433.9412364046093 -4692.971322372121
5377.526334127268 6830.795155767151 -4590.08295650521 8865.216034299636 2554.6932314329442 -1016.9400164024391 5790.719258591742 6926.118506915991 885.4224100293031 -357.8181592052515 -1965.8701303379748 7604.918850146314 7559.27573682175 8801.89364133278 -9248.370962181121 -777.0001940336078 -9197.500301406359 4327.243057859907 611.7922821352131 8435.541949492708 1184.167116385268 -6005.938460993259 -7523.743052351096 9660.345878672044 -1351.8927379780907 -5422.173563991691 1684.591697446307 1225.188999637965 -8875.221089135357 6541.927237672506 2910.4541143235638 -649.087996899565 4410.386699815206
5949.439557956372 -9301.158867682416 2686.0119449179 4571.703269401685 -1505.4940656375802 7897.089001925393 5270.16291433237 -4105.342237596758 9953.221453237955 8082.414475194793 -5717.58644471907 -7197.279969261763 2493.2733208655773 910.5208139849055 2187.2301738165042 6147.689021270402 -5884.609344581828 -4792.035635701666 5482.427912173778 2844.286702812149 -6335.414713542024 4121.350615788177 -5111.732475054065 9646.588246385949 8252.409625229979 8500.11143962132 -8673.916838430527 3812.907847849512 4948.694486405828 5597.874624085491 1922.9258280674876 -1623.8507952832642 -8444.301895997158
6562.654836757265 8900.034018661667 3473.815745723292 4969.826951397648 -649.5154162462386 -6746.825864394272 -1968.5315174064044 7866.242170599537 1400.700503164444 1523.038612165641 -5378.931840509144 -27.97122028661761 -5587.045166058524 8368.221001783018 7561.044989306931 -2667.34639994606 -5486.431015770268 7017.469891578883 -5799.097681258687 -7303.721271472419 7922.130390940263 -4348.522682951503 151.43453310392943 -1144.5934383720105 5142.2400691648345 -8843.630280800968 2068.002221157809 -9649.577017658396 4651.131311215198 -2853.169132476656 -1798.6522685428645 -6850.154278007436 -7277.338892535952
-9200.42817763455 -1293.7395071873361 -3336.9855080330453 -257.46506781287644 3769.7624441114713 -9659.382841362969 9561.008313836766 -2557.4880995207704 8681.843486031172 -3694.7199533575877 -2663.178898356593 2856.5271849895653 -8460.657199163288 -9186.024284222869 1816.801058492003 -5801.247763474633 7004.5692959827065 -2988.113754790149 517.2959526094637 -3131.058722849305 -1660.950125872083 1436.519957231445 8973.178982796253 5344.513573515436 9900.848352170025 7236.458900231995 3432.6712961437297 1094.4143156327264 3905.8261818600877 -7565.71170282735 7653.796402489377 -3882.7495098299705 401.10549852960503
-2455.1789428569728 2131.375692622616 9099.79304809514 -9371.66422532268 -3129.061204707051 1172.6793628719843 3224.011309350335 2269.8973192825433 6147.458939909442 -5056.734697816887 9371.394899316168 -6.602375047874375 -3934.5039205149533 -2595.5569794677504 431.2487626774546 -9048.302885246067 3350.419677176562 -3276.1832659279053 7764.408953827227 3065.4639185033266 4981.398253548468 -7814.757561207976 -5442.032254372706 5591.2830774608265 5204.925251812916 4022.838440275069 9991.400918811516 -227.8774342659417 1713.472100403027 1497.9283339836238 -7237.558955025281 3650.2854815535266 -6647.735191627029
-1598.6991345694878 -320.60912659763744 694.0895907621616 -2976.600442781046 -7559.596192935849 -8501.343130125619 9971.120211440837 8844.96622655814 8398.13129011721 9378.080067615843 558.7428158392831 6121.002977850389 2330.4768094149786 4548.202360031553 3832.6435378934675 4394.270278178767 -7499.4820534668925 8527.505983525574 -5289.289736702205 -5887.968753675043 7289.461930554375 -9980.254987518561 9487.298567722355 -2740.301331546182 -6397.068480559537 5042.69373640841 6351.262229291211 -2483.292961604975 3537.377414597957 -908.1694225040592 3357.129120193129 -7151.579268052017 -4153.853451709319
950.6694977484349 -4332.358926389339 -2172.001502024734 -4960.6082220561975 6655.880045727095 9602.870411737596 8917.979464228352 -4666.768751360611 2306.5449580713703 1204.4489692540665 -4083.0884312664884 9019.758053279897 7539.087152842938 4734.341943696156 -1949.9758838442285 7175.64862765394 -6858.507694080463 -9824.358127041227 4209.900464494813 -3459.876975488647 -6444.008145446058 -6210.040489230611 623.795090748652 -9069.413505114084 710.0026686767524 -3409.166417907226 -9548.287308471472 -6515.650907924651 4331.854609306312 -7988.987006173398 -7884.2196608334025 2281.9173606094537 3784.015071235939
4225.7688150000195 -4590.968052460864 7646.915727497395 -6743.052455459127 3328.9882935031383 4195.143960517997 -4053.623601898109 3032.371819267648 -5867.286360434494 391.29894336675716 -5982.543531463349 -8612.003795771983 -7394.502057021046 -4872.0151170681065 430.6492579259502 -9363.610800736997 9208.189585939966 9383.680753975317 7063.78530686376 6690.022100004091 8886.53124680298 -5206.292958946501 4551.857210128252 -1218.5454185882918 -5100.173984038958 -3380.403100921294 -496.67106762443655 766.7804769598679 -292.47760015872336 -9495.195771633085 5166.945147673752 -2366.5279464884634 -5437.829119985078
9576.801071162576 -8262.719774847086 8040.1330785725695 2146.671058627895 6703.32576856278 2827.319395406277 -546.813531683365 -5820.648828479742 6542.135541505595 -3029.748952995111 -254.001980316345 2106.760460731495 1508.6625709127657 9122.16591315277 -2441.2275508029425 -8603.357834945096 568.4187500357202 6048.84352851712 5009.272113667172 9268.433842610619 -4635.0667004204915 -6962.569076850619 7101.2265725731995 -9476.450879513479 9732.739442825721 -6092.508783788495 -454.16575005314553 411.37445202783056 -8919.103514125001 -1208.2604694053462 5321.919459235622 -4584.997516784819 -8954.990031778743
9279.509991691291 -6181.615744262838 3610.815334488314 9795.340861663452 -3298.919825129343 671.6396655208555 -847.9105951398797 1429.6853509227385 7466.731759109694 -8663.292150617914 293.6345489341438 -8684.77557752401 -6906.9766862545 -7165.8417487437355 8942.579452452239 -9117.717925834168 1233.7167855815387 7124.012696471858 -352.56564942867954 591.9659417023868 4482.420774889453 2017.2793872036618 -4543.230243395186 -4427.093072664096 9539.530497741125 -3034.2613088007856 1903.4157650999023 -3369.437827689503 -6411.355689063434 3881.6108073871474 -3477.7022259928444 -8402.92275990532 295.26035454384873
138.07772688752084 -3196.4263131329344 -6194.0261043956 -5203.212551049616 3953.8577632917877 -5958.467209472916 -1190.8790845407584 -3205.5134809984256 -4821.4401985545455 -317.5080555181139 7284.377427501837 -6651.110664562346 -4111.060714082715 7841.724339397719 -8784.527527037191 8434.87590547344 6533.833074548413 3052.7269832196853 2244.440814798738 -3705.2295950917924 -9202.487640716328 -1908.5276694931854 -7977.620989198784 8808.00789522598 -3411.7486451857367 -1527.445826172292 6209.499689536062 -5321.501632191461 1628.0738296066065 3782.499775365537 -8747.761567826317 -9661.364960049117 -446.3310418890833
1303.9191581775285 8103.5594091326275 617.6166807073896 9780.105320971918 9925.38183980728 -1720.5604620700851 -4158.036278654003 -8206.42485120859 4485.239520334817 629.2675613703304 -4314.305912570205 9309.52215333507 3481.1121147605754 -2031.0275580972093 -4681.909683070089 -8222.37089420716 -5000.269907553446 -7915.16879570446 3342.1954184903316 -8775.397433808774 -2484.732842175097 -5758.263381500426 -497.6517756555513 -50.50640040098733 -6092.558792367404 -7562.156660224144 8455.346945615049 803.396202234273 6416.920715417913 2161.1265428333663 1575.7955642099296 9718.889231274461 8843.753214359407
8338.42264018267 6963.519768278784 9027.786907685615 -801.2911618551625 6444.016372716611 8050.440886905861 -5776.166469807727 8066.836540709708 4679.304751885638 5219.754556147027 -3516.8211287321374 8890.574993555842 -7681.572191693888 1737.3635753465096 9572.772600308079 3841.2019519569367 6313.5852849094845 3542.693685806391 -9055.499505195829 -3504.4571404169237 2240.2408534848855 -900.8077154387611 -3438.067408542018 3232.0144065336317 -599.028798434354 -6136.593385045133 -1420.322360238095 7596.689520788434 -4151.402288609085 -6120.684662083273 8307.313539041428 6259.837712303386 5749.839125117287
-1689.8055773414526 -9523.9451197887 -8880.71851350009 4992.079605176732 -1989.650485244496 -7754.496776154827 -5384.311422034482 -3356.573704758547 -4243.587843736498 9704.958807232691 -4687.047997176892 -6513.419943161913 7316.126171374955 -5697.019916300114 7879.675076462343 9179.657351864149 -98.30768327338046 -4806.797664049509 4442.56262431118 8937.288988132303 -1431.9480988600426 -7718.539780342031 3131.540501382693 -8188.5884152679055 -1678.321240859419 9586.51391987471 9160.615321805202 7731.464516314198 -2564.7893706792856 -9522.508741040794 1402.9568870040566 654.780224006352 -5837.340916689975
-2272.3025991871527 3249.3770470570635 -9965.40529512361 8115.67098490076 8777.149599333374 4674.8945805990425 -566.211700521304 6677.3896392186725 -5292.0983830146915 -2274.38509988827 -8659.618401232397 1768.3546846771696 -4805.684434309181 -7746.3339895635945 7166.70828041216 -1025.6825771593703 9880.730484853342 -1626.3090900640836 -3813.1837738301692 8162.998926598579 9646.07523201637 7407.846234088509 308.7451606260165 -5683.33112446384 -4188.59093709759 8792.235139972177 5235.055888175024 -6657.189659892122 -9900.34416380707 1860.872459513137 -9938.349137199102 1375.1444019851642 1904.2642796941946
-1379.3559915049136 -2244.252005064389 2442.05653673694 3707.27396460208 9908.603062329825 5940.898830007189 718.6678931029837 -1198.3385479279532 -4616.468501426165 -8653.467778878288 -1631.4452701664086 5032.972209223306 1375.2791890614026 -1538.4087335952063 3663.037508167985 2423.983298778532 -7167.347957649603 -9287.545915455821 -9826.395603343793 5773.8881801347125 -3342.7213711819913 7998.761794712671 -5214.383690379969 4838.016711670096 782.2197375663563 -9920.4604686271 1298.028184608269 4691.810123650537 -9337.856258924196 -2412.4784593517616 -9658.02713286529 6704.834904710009 7842.923466471868
5578.433914058944 4336.867810563186 12.651867335542192 1524.3160081060742 -2496.1971344785106 -8947.542186715393 6234.885937054054 4134.533388399848 -9779.777463302113 -9070.509833859152 45.983308323691745 4687.867310782603 6864.544977387599 -8583.520268523393 -2279.5372728902394 7594.937313680664 -504.66644882738365 -7566.937282961771 -7642.2183273143855 1261.705916077697 -3217.9583636337657 -4052.29195243878 7267.687052702542 2489.85889859127 3558.035400434803 108.75735731247005 -5620.589126829838 -3492.6185080579808 1058.9800517342665 4973.065539870473 6043.642983577825 9502.902897696491 4169.239060021837
239.00863168680735 -6688.567493360176 6059.308892560011 6987.9338008983395 1308.1075654571796 897.0712440887983 -9185.958842001637 -5726.6518097234175 4007.377891643806 6839.591923467004 631.6191147806439 -8289.79523751474 -7734.192338901234 -2106.1578101749774 4088.5174575916153 -9042.999643094588 396.9819531038502 -192.65020590974746 2161.2325409645837 2113.459495842566 5098.384179839655 2848.514643027922 -1549.5978744636432 8088.375409216333 -7076.320453661327 9004.556028556184 -1444.2696141981924 -9091.691145547893 7424.304034980632 4953.160383934866 -2726.4864944478886 6139.009090138006 -5033.196691572226
7024.486175721508 -1073.9444445923473 7032.288252800532 -4363.774269975344 -7385.561186123296 -8413.403573766049 -1926.5015615427528 6268.833759545272 -8090.9254765886 7842.9030884116655 -7690.767826507749 -3830.409746293075 6577.823089388054 1439.972510613954 -6367.296447998018 6088.307717627913 -1682.2869665135604 -7686.153148792135 7179.678830263427 -1322.5667059499992 4228.282014421147 -722.6175417622853 -3403.648075752383 5848.874126104389 7089.058042320434 -9303.867607009035 9483.425439802071 -5529.416963665457 9078.882702817373 8848.220569134322 2811.131239616021 2429.3097035783594 -3181.933978325271
8229.238546908255 8312.312975583402 9935.547844164037 2187.4419487871273 -4649.339764026347 -1030.8642080401423 2598.6395667213583 -3973.2675812523003 -2775.6337148599196 -7243.569517692666 -9854.275627429155 707.6849352419194 -5145.929296281979 6825.200106583561 -9241.758763564978 7160.349438097528 -1414.448922077554 -7048.554297620307 -9050.69957023754 -9652.756633832743 3961.532551665028 -9618.616809337815 -8220.39459075517 8866.648132822993 -2510.580307868484 -5817.335453874141 657.6592228684749 -2084.6956466276342 -8833.537543618088 -1206.2655592407318 3765.6246201237427 8576.724106779762 6311.10573671874
-801.7197907589125 959.0910275429014 -2765.742850047399 5421.508461903242 -195.8776268571528 409.0738531025181 8507.45549882983 -5394.91550142428 7821.364646431237 -9484.11252328865 -9041.457508580355 9295.130914909361 1214.1902053986905 9661.246747449884 -6997.390260636748 -6117.923918951163 3367.277788146448 -7733.5749896524785 -4436.726680478316 8535.607388489065 -9239.91195609253 5969.779165463118 -5041.922028431791 5127.0131040872675 -6330.713569649457 -2002.6533894299537 -3616.3816155989825 1940.6630859164634 -1198.018052947189 6137.852320997208 2404.2249869568404 560.3367827115453 3147.949671074115
-9442.610750525218 5367.10585191919 -8287.393839384187 905.6828697076471 4702.109032302826 4667.233019533753 379.8160270551725 -7870.039525263594 -1331.5896010465567 -3655.4227133342374 4994.910085048197 513.0305291941877 -1792.2816038164838 4041.2859903741173 7897.542771954231 -6578.84100077671 8584.692471957656 2570.76490870652 2209.30196803925 -873.925693442674 -1982.616103446162 2657.9278690463343 2076.7644255793057 -3744.7576379327365 -2821.276954241427 1854.1796810083197 -930.8365814517838 8736.601512055735 6373.2483607506 6857.3273045465685 8275.854574906527 9196.393985027775 -8.283247225936066
-6816.098814413883 -3206.312134880698 -4306.136075722901 6455.641502766637 3924.107217335195 957.4768781025105 3571.444717037595 -2782.6294612949014 5853.825472449835 -5783.845777281418 -1117.0454861036887 578.380034893129 -7637.272663945567 373.03297237678635 2023.7630940323634 7406.002132077087 9084.319695689774 -2272.898682062685 1043.5148439671411 -1851.0543470884386 -9470.970867072483 -1367.4354588966034 -7765.880766406239 6411.138406946964 -6590.718699551891 -5004.90583669619 5909.969547029243 1393.1227643590591 -9259.233761886437 9097.002799277554 4252.879916460015 -7385.775226494701 5003.2189290426395
-6004.091552132176 6121.559240258444 -4941.160447821298 6567.288191865391 -1861.7871327170524 -49.49042607996125 -4409.713595067677 2058.8588511649978 -9344.686108113574 2253.418933433175 7393.2866897059575 644.6474286967805 1400.254794165492 7939.443221564798 -9501.064746014112 -6364.784468078022 -2131.2764515739827 8148.646541341881 -7391.243589337151 3296.6440422580727 5048.597243823699 4941.682448764504 323.62831819902203 628.305554740411 -7199.238085646817 8005.3371093258065 1609.631503862196 -662.332650015418 4481.576882747442 -9426.997178293535 3031.5559870002835 -7509.229710814539 -2854.038728939525
-1834.4486538618685 7495.463986393745 7559.140705311667 6932.171627899388 3769.4630261103175 5843.19499004178 1564.1069642787734 2944.1343558034496 -3023.7646528980486 -7743.1510005149585 4053.105010850637 5930.331053937714 -473.6279105236863 7226.010853150736 -760.5707551437517 -6191.305867655909 3493.574039809535 3973.311560288874 -2796.869691703985 -0.9292907182480121 1599.5452794167322 -3088.090592843846 -8529.124647606994 3524.780587441581 -1941.577378903552 -7573.110518912301 3370.153959290572 1064.5775432314604 53.01074008095566 4541.119509023212 2764.719601077275 -3840.293225698175 -3254.7715083995054
7445.421229218748 -1087.2537112218633 2255.431397574379 -4965.153706446219 5025.808834202226 1495.2525267155434 -1183.5921903804956 -8865.91359106994 -1670.9086790840956 5191.196165444197 -6483.923205686339 6795.80240074348 6223.088552141147 4268.514530390408 -5324.193911432431 -9530.319863491197 -561.4855493178948 -2954.533799864751 -9822.024684702386 6712.98588998953 -5148.088652822856 6277.4255505971505 -9218.459391795717 3083.61914804548 -8648.615183398484 1514.2056697936314 -3636.002492018866 -2448.07350895563 4140.263084850581 3529.0463714118487 5455.03995807436 -7685.637436797834 2626.0680378714933
8949.655137368954 -6669.404426258092 59.03358160213611 2486.122992573919 -4009.603529146897 -2029.3983880483183 -9538.496505360401 -9312.867405592853 -3956.639798952501 6598.160408967084 -7532.109261928897 -7063.452129523511 6709.9910909133905 9913.329462650374 2014.7448863908903 6382.930892178772 3377.8008968034337 3072.137961348666 -7480.90912488921 7551.849668151495 -4335.50830648215 4762.864393893007 -6553.384072644503 -676.6573095345921 -5597.777152208312 5479.175871820682 6153.619488072982 -7656.529970920954 7373.790281609588 -31.924222761035708 4824.2393483404885 -6115.617137599874 -2923.6236536532733
-867.7021989954919 2372.592166133938 -6370.360924952116 -4893.172998450556 -4649.1466387942655 8168.745204716211 2341.5030471863247 -3304.0172295739276 575.416994880412 -1709.01059572341 -6240.967805546412 -9756.487959582551 -3426.931362459176 4884.963538465479 -1104.3619365253817 8289.27423427167 -3153.075787503428 -4381.272614759362 -3898.948374322371 8179.799074090457 6156.919052355523 -5673.021440194341 9043.898215247398 -8143.172983393813 4066.3990723643346 1685.015391881152 5794.995568321134 8629.57383335632 -3303.276315517678 -3835.5533412958694 -2343.725848678202 -9623.437562366402 7006.592045186913
-9081.910487787765 9653.9251115306 -3280.851993046359 605.3748039003294 -3877.8630483231827 -8301.102580477464 593.6798873559128 6539.207052252397 5788.480558269617 -5946.126207147296 1700.4187299831974 -4070.391721650173 8519.591944710457 -9746.023344289557 -3698.978269447779 -4990.631910598584 -3090.235771526144 1419.89343427739 -3820.3624319156534 7277.312967565347 1564.9793131370134 -1165.019246748092 -3392.1673785090525 4430.400929493879 7718.357402815698 47.86339894220691 -5575.944412224078 5379.624920399265 -4583.1488175622435 -4009.3734034408453 4506.174284692595 6719.74396685357 3194.1523088744343
-7835.0288669470465 -5797.340948949852 5546.509999167327 6626.056156298429 -5755.943016872907 528.2337316902867 5253.831094015672 -5695.577799663713 -4509.342449150929 -7985.0591295641625 -7289.295545803961 5393.442507307458 -4521.23706806211 -7723.936107360065 -3278.440843414348 -2867.3457883885003 962.9462051853607 -1201.6327125607586 3208.2688076446284 6171.6806353130505 204.52799457480614 1788.3196943362473 736.7043321326983 1505.516653640365 -540.9585706583166 -6891.896877107164 -6680.0243382145545 -4304.5175953593425 438.014045504553 -4841.191431138685 -5713.061708977434 916.5411293577472 1491.5300452244937
-8524.362848386449 1373.0530367521915 8870.941808131276 -42.180124781410996 8182.674805590668 5779.700745650411 2724.375864855292 -167.97186636633705 -1205.7115908271626 4732.305894488052 8423.78472018526 1133.984935735176 6188.127557070922 8538.15874731736 2682.269687606009 -4656.942844281886 3773.013422609847 -3620.06624801418 7413.153867662484 -4113.064444599499 8106.007128671103 3430.8303192433123 9358.573342767973 -8089.868979194342 -2359.805019013348 -8196.906652648475 -4262.67762396777 7234.518103030106 -9708.51447945841 5887.3331287909605 9066.5882783267 -5726.178673203779 7336.979392894555
4865.791172998526 -3791.9618912594697 -8515.759809324016 5438.3854335956385 8238.069789939993 1327.0586797915967 -7001.766984626569 4358.590625732033 7095.847825871944 -3524.70429040244 -1502.7500124584603 6394.208546872622 3493.7116653052453 -7381.534156757865 8116.885431973638 -8159.9169596126185 -6965.588414163768 -7673.6002102248 -932.3693408855506 3033.053585648793 -4032.3416592802096 -1744.5099780743749 4957.937134468999 -9339.603386909701 5412.923484384022 1398.0091229015597 -2742.977023937894 7641.562376726848 106.40183243171487 6012.7494437801015 -2524.435548992421 3976.4961040860653 -1407.1262390138054
-5915.300365838992 -5020.28308219701 -9937.69605807058 -3932.6786301464936 3338.24610160633 8212.774784243884 -527.0593271066755 -6978.385915511159 3960.4296881894243 6679.394646810146 -7456.015025666849 4688.594470509284 4680.9614253754535 8805.235218671514 1708.002937146186 961.059635502219 -3014.960602200358 -1862.8559544619393 -1644.1393015176436 -8636.412364463142 9226.241973830674 -9550.852762936556 -1370.6573653460237 595.4150531400664 -7731.820617868739 -849.8541397323224 -506.29881537341316 -1806.7706570558803 5632.797972026057 -7462.735671293861 -954.4192800706314 -9181.81854999405 -9730.081727822106
5567.5106815854015 5766.233553177475 -4522.432979743667 9493.477398728122 9110.095957787544 3534.2531966603055 2773.882639670115 1813.8643415539827 6397.909203451276 -2722.559923902967 -1855.413005240096 4173.135488521702 6861.793220395182 -8761.726126071077 -448.17080987566624 -6885.395727740335 -1178.243434171025 -8657.82412615105 -6699.787349686996 7513.273148947163 6582.932225303368 -2442.470344004477 5301.729852126058 4922.343411553378 6473.330201075474 -7629.521431436857 -9535.371799109793 8295.89030320031 -8739.80288311632 -5506.541564613823 8695.099284498021 5148.129039053871 -2451.047697195123
2944.1763168014677 -7101.168901532719 4045.2840120225737 4103.188458254192 -3526.95552637301 4771.825430497953 653.9015927361525 -3694.918321106462 -1622.2315889726688 -7253.2307991493235 -4025.295670210101 3189.7588284865997 1638.8671727533438 4131.514690324333 8198.304023710454 -6446.225248775457 -3124.8084446421444 -5487.915182672558 -1763.9761289025937 288.93279555296976 -3828.3892828086464 -6518.877134177721 6276.4797856313635 6756.886825393041 4059.9963313385597 9861.876115239254 3446.2226989829924 -8285.541711654103 7659.238323029233 5645.768803064113 -7888.392313466866 7687.888584086893 -583.8290128015869
-4276.265399934229 -7473.2072391456 133.22695577408922 8752.280370686618 -3228.92669430771 -4527.557356733498 -3720.6435098945567 -8309.344562756462 9234.318393457048 -9086.684326408586 -2729.5295568385436 3809.528437024159 9404.757451444093 -9152.165099157772 8936.29438825943 -145.58293465954011 -1742.1760249690287 3115.08227289786 -136.49000300826265 8078.054668370532 -4376.884110993468 3449.8088248164695 -689.7919173348782 -2099.7572572510844 6116.3688619513 578.9991088345978 1639.0149666615453 -1666.132348909574 -4899.428410337321 -7815.182128199376 9457.427950511912 -7004.805325559216 -3895.569505600718
2656.1269741248125 3300.420708014377 -1579.6719464081107 7503.65092050919 -6581.92292654397 1802.7593771242719 5038.527305932805 -7824.815403124479 -3680.8223984649976 710.7437988330839 -9214.487154895784 -7130.086266739794 -596.8689022914295 -1603.065696063537 1089.8463541314668 -7893.2327072449125 6009.741023351782 3419.6461153650052 4262.323855086559 -5244.119689813265 -8125.99927927268 6182.819214136933 -6975.263926880985 35.359808090232036 -162.40944371299338 -1518.9064495765178 -8922.728798902428 -1497.735587796502 -2511.7979462156436 3986.3597979532187 -5207.3122286823145 -9380.60074622674 1613.8552535150775
2534.7995753222567 2706.793360982525 -1970.4309557703082 -3485.797821394165 3233.4319602828637 -6295.306806080238 -1922.803224849792 -45.45235251532904 -6576.3973728930105 5585.700999445109 9780.409839781056 -689.5689330259866 -6993.455364891876 433.4859043470151 -5745.515729864046 -7289.697600032059 9149.78205983726 -3473.3407816009912 9588.252116482105 6913.184702681796 7911.171363283884 -6066.824805460003 1982.5595321617984 -5311.660882637477 1150.7988008309367 -7395.082370938983 288.9445532823338 3110.9792130342903 7975.476303200743 -5245.010467627991 9698.08206646501 528.442751666611 1395.8643233732219
-5682.770231209056 9488.681764350898 -8866.096458347129 8149.625941322785 -7865.6250689903445 3429.1177030980907 7762.15757602598 -8197.375141742576 5695.898444361279 32.335645523073254 8383.957176534252 -4439.2352637865115 5933.620578857433 -8087.782213081356 -346.68121752527804 -66.30732573382375 -4634.162917674887 -5083.090241076258 4124.98406048337 -2327.6538943919704 -5218.738642579199 260.24585875649063 5371.077252502457 7919.580304650699 -2122.406332165312 -8409.13745323263 9803.1929024663 7230.058502992917 6322.115050297129 -4374.604888744289 6866.38127443667 7223.305915424215 1776.2046521738412
-4333.273937654172 -7128.53852646743 2254.060617318639 -2326.632577557417 -4380.820416563995 -2798.3932917373777 -6432.013879006909 -9074.966194538227 6549.956067672592 -5776.902686962692 -2842.4609056358795 8530.757267208239 2242.912252527198 2949.0794317651616 5954.6317523679045 9044.730866978047 8517.436211591492 -551.8585880839601 967.2988473501955 -9379.445605682251 4260.437996943583 7787.8279280958595 7483.4315007358855 -3660.8823659058507 7760.242836656533 3285.2201130615504 -1208.7850560268798 7500.275309029006 -197.31750694427683 178.93159969488988 8095.461284717072 -9622.787635788334 -6864.419442687915
1488.593644002638 4571.283071525735 9160.631568373556 -4081.091285526919 -2072.541393994132 -1600.5358907147966 2728.50171515691 3358.7050575169415 9742.94373822639 -297.89735228020254 -6351.98571498308 -5539.342672352474 2482.5293082228072 8518.68626923026 4411.488130650028 -1143.6875256019812 -6844.993410874729 -4164.34136901155 -2364.251906059154 6627.53988873343 -9679.898892905796 8919.679013384484 2804.715681326521 7125.697832840404 -607.1882969592916 -2208.8202736468766 3678.2163123055616 6225.055365274649 -3914.529330853451 -4129.910782603514 9806.05677810869 2737.6412754917565 -7184.4328876261425
-7705.768855695683 -4.359082096676502 4709.868084655771 -5445.678500751416 -4144.474255072816 -5686.784430139848 5685.7030104582955 -2806.3823709779863 -8120.4800235938455 -9073.914094429787 -8828.878496871479 9506.84803702802 7522.3611205872585 -9132.310702534347 -704.1658662918198 -9676.544545707864 -237.5499353194191 3068.718615747028 -1163.8590651908435 7413.994112235701 -1109.005130303207 -9022.556535780344 3307.4790860653884 4582.416724918037 1040.3659769601509 -7114.278158489442 -1772.4156813225854 -3914.9998710575965 -9838.165681601115 -8375.790549573792 370.25149926845006 3071.5628319219923 6022.442451055367
8787.401993389129 -2129.9977349868323 -9223.11760252903 4318.72379750598 3547.8241538796374 -6167.896394652339 -8046.112418277915 6341.647866052286 -9224.706309970163 -2308.0344372491245 -7016.907783818074 6352.064868451853 3835.6270031018266 -8366.471454912411 -1178.2873840257162 -1008.6517314748835 2092.6381429401936 69.49673069538039 -6040.661931743558 -5037.6393503412455 3751.5940741344693 -772.0611672512987 9991.7494156736 4578.525626676335 1231.0576545181048 -7382.091804872371 9145.012764827774 3129.7949506590066 2198.098047340083 9271.059629616258 -9358.536009926442 6498.471971596027 887.3696433288587
9392.652000367521 -3845.1835483081286 -1354.2607468591996 7586.148806421119 5043.779780700159 2992.986859633549 -63.02963355407701 6823.788748516621 7720.340125537503 -683.5002920700554 5429.090354303615 6315.465725568203 8325.656262759905 3881.4884010327205 8736.667591891033 -8385.808036088269 -8606.973229240382 7936.547608197547 1914.725160625896 -3105.5511654736038 9901.150949718798 5901.689327760105 -1280.4044105705107 -5868.164103758775 9026.137808363896 -9912.439851545778 5546.518520391495 -5139.418534191021 -139.9863661823074 3101.1984381858147 -2555.9288489370456 -5942.638046650286 -7019.994529661371
2259.518935678825 2635.2021797308735 7268.616398742597 5485.991444766025 -2594.8260254291044 -977.5001237653196 -8805.454510716936 -2951.1548126572816 -9826.20393914506 -4492.492648502857 -4919.772775170112 7818.797991533462 -1082.554703676893 -6748.380611758343 -1430.5309664736487 -5701.3769076779845 -9671.394133747082 -543.3535855329246 -9619.524373440565 1525.5828090799387 -4898.576327460073 8963.726712592212 3963.9158275070768 5000.018803387013 -8764.23593717653 -7434.383330627634 6055.188967938258 -5741.421047080884 3193.0474560062157 7878.122580712308 -5064.662035849894 -136.6875874240941 -8559.588995235403
-2167.7438264847606 -9899.159144117713 2061.0902160796286 -8315.21942411988 -6864.82609747676 -5109.135586925419 -2441.243698218207 -2534.2274788692957 -8571.280825311518 4759.897932512487 -6986.526607787022 -7356.683530628088 4059.2936474384514 -1644.714834967548 -4806.2186814300985 1557.1483916178913 -4976.059364676364 3512.4108156076945 -5422.297154285818 -3237.9940317149994 -2167.0211167796842 9846.987504190627 -1584.4789077601072 2967.0614526644895 -5808.042895606362 7206.711233618895 2926.3447726670347 1133.523727450287 -4687.957747206077 2059.9215371597456 5741.69933277466 -3934.6946661345946 3330.525487383851
-8251.616232399998 6777.605289144794 7622.456011250906 -5679.508473585471 -602.6763380367393 -3970.094507528841 6851.273438845299 2881.6082896740063 3897.4635934322014 7666.7926583783155 5830.357243881172 9361.195249962911 -8412.526465324705 -5753.795543165809 2055.063726368988 -3181.3710411578386 -3709.7696620878005 -6875.259814964244 9113.203551660998 7187.487803202326 -296.4652365742422 -220.3436571618895 -3049.2056358980735 9428.316085675866 3483.8853832763143 -5964.960684028604 -5708.741474264165 -6222.862783768867 4984.908337834768 -4142.090287312268 -7421.505360820697 7467.8394152942565 76.78319518513126
-9058.16415170736 5192.19169328309 5345.874675614194 1612.5186935282672 2036.2393969153727 3241.2289561871585 7460.8687253759235 3078.1909146747166 -2332.6844186284698 6986.1664981709255 2716.392659110121 -7181.559966221691 7043.263148738857 7562.879641783602 -6315.971838410282 7435.915942440155 -8148.748137593933 288.4781608502999 274.05732716089915 -8646.712852456903 6580.27716519095 4362.02955556366 6502.11361593406 -2385.326675622093 -3549.2030646305066 -7103.267157985398 9881.315424285545 6062.081827945183 -733.2734041631356 1141.7446025552072 -583.4471285223244 6955.68261074186 1738.1675867687482
-6676.543088206743 1285.8643263384038 8675.393290215921 3824.714366979453 -5494.70688241005 3200.3998457086163 7889.6017789248945 -8143.952673025743 -1021.5457883974541 849.1881537998397 -7053.261994110322 8956.084416482521 -539.5407939882716 -7299.197133232596 -2498.5526911107445 -4805.28569030307 -7696.598798186753 -3527.956630005222 -450.66642313014745 -6724.515886620769 2646.4169354914375 9629.181963804229 -57.497927388385506 2545.8534775718726 6509.380140295736 -5985.432485260208 -3698.547227089324 7102.810219538671 2341.2359716434803 -2584.4879437583804 9011.865202893721 -1106.515287565022 2780.965293545327
9643.615035098326 -1456.1650601971596 4722.935316411418 -5270.128288680471 9978.904713307566 -518.5254848287586 -4389.436749444808 -9017.205175725878 -5122.529038753896 -8666.294009597792 4354.035132681125 8896.14382441367 8861.900655538855 8707.507442723818 7951.459175276617 -2061.571385166425 4611.530487383869 185.7548331120779 6892.222360533633 9317.138331721013 4094.14469999205 2182.741602193164 4979.926963683582 9926.499744994228 -58.04855246974694 11.086166990273341 -6105.2182704703355 -2508.4639131703643 7529.707760586516 -6862.047455558422 -3500.93855235333 2938.0239802423075 5623.233184419152
-503.25574506699195 6140.534127256045 3256.199060125815 8583.42884656298 -5116.402834411977 3611.7270290502493 -413.33991726165004 8122.907815054776 -7867.621566939467 8450.126523026742 -2279.9758951034055 816.3353109298296 -8172.721440561668 5625.663051811876 5335.501520979524 7544.600524720063 3251.479641287051 5266.735957410061 -2724.193412981852 5051.546602569793 1399.650302574175 -4701.736023668366 -8496.135578679356 9916.141360477934 4968.898411755239 9303.739984199026 6738.1036501307535 -7285.852597804874 7152.425633676092 -9841.115714637894 9557.110302013523 2473.758020036479 1125.106798445082
206.77983937618592 4024.3403488918975 7579.439715557517 3043.240085053354 8848.5433635681 9276.948847061234 3766.282502728125 9065.970311327637 8196.991382363001 5379.61516876257 7952.567888868332 2233.138598834512 3184.5396789575734 4693.101329353829 -3296.9079790733404 2282.5823223594834 -9866.196589131749 -7956.5202394986345 137.28539858592922 3819.749680694844 5849.057034119585 7971.3368687754955 -4131.394643914495 -5812.84710039639 -5166.031236763877 7631.563906942356 -3511.969256255409 -7171.296669078977 -8456.807702782258 -1582.8406797569132 -3406.891887888386 -7555.219454224267 -89.74026514178513
306.27094038057294 -6973.352560108128 -97.47964103872437 -9001.168887765185 -9684.726564506273 -4945.456360650424 -9423.285188613574 7203.316313842166 -4904.410543464382 -8779.377192784337 -6526.492247039577 -5298.64676860182 7985.611362176587 7067.409664225492 -909.3818921803395 -3904.2058046701795 -2362.6194320991153 -3396.655880241934 -6406.313022055277 3689.68830216909 3899.687082765673 2900.640528623635 -8282.71946590511 -8088.502680859348 7465.025935985996 7102.0497252957575 7866.804590948148 -2663.1118969445806 -5469.055048812887 -7614.3461670371935 -2965.6723267521666 -1811.5088111585283 -7994.927885706306
5095.65889080809 2529.5063651232285 8712.523930483636 381.68195848717005 -4739.596247698681 -2237.074544922968 4388.5118189182085 5384.605794542125 1354.4458647399879 8831.41537830047 -5305.414227972267 -5572.932072901933 -7146.769311692516 7447.8938095997655 6384.982902748663 3375.6612839160825 -3949.563370838776 5001.602056081298 -9960.485384040947 -7377.778689082759 8.1654371303066 1898.6275926077378 1314.4888754250514 -3982.8135209002194 -6504.055079624652 1310.8283313368975 7233.909947088687 1047.2779809613658 3563.455314389348 -4070.3567482214376 2914.110352615715 -9154.427378590402 -5387.865171839184
-7163.3241574887925 7290.53272944476 -7755.536597975499 -384.34270667241617 4446.907890129027 -1917.926449236491 3077.739943667897 1230.4278022048402 3011.4652465305535 -2489.631179756273 3068.583019608859 -689.5111749841581 -5780.041556298401 4838.931623007142 -7375.788293233385 -5974.223893143458 9759.726890966038 3010.3113539121805 -859.2459190633963 5166.575132955095 4205.03972486539 -6772.686534546845 915.8883237937262 9824.951077944868 -3004.055631099536 -5051.75762306473 2509.770075454191 -178.55125468130245 -2731.4167293418086 7812.675512560865 -2971.245652185399 -7127.449381135953 1108.668324285667
1693.575952589079 3463.216115342695 1698.9012242561912 218.8709223740334 8356.866912273741 -1602.3819609328111 6936.5925648403645 4797.616221639473 -8529.040945774395 3319.8595833530544 4511.514994444386 -6038.347883400664 -6495.920698598709 -4393.451478431951 -4137.749258453096 -4338.445236919746 -8756.102387029372 6841.814295466556 -6251.437488600435 -8101.724916025441 -4890.705218775513 6343.73313331154 3503.467800355773 -8308.388683425692 5180.598898826665 -3008.6196946217415 936.8802752404008 -2807.83423205101 -2573.976852824895 -4571.744195294822 -446.60662630406296 1490.5824346739864 4126.824411339032
1454.6422077709485 -6314.826749024367 1081.425235323566 5015.961251176737 2998.8466951003884 3713.07356200347 7871.893072163217 1469.3287078681078 7091.3055561819165 -1312.9562480000368 -7556.707049705027 -8916.723348173578 -5352.191328607967 6054.3316927079195 -4532.186881132115 -4026.321076333934 -6084.561170696401 -6618.494626511216 -2629.4662326271027 3179.3293075468246 -1964.1162351126559 2024.2144158074934 7966.6804626455305 2028.1131559671412 9828.652510677977 -1477.6105356566077 2844.428000645863 1489.454224888672 4118.430697720049 207.1883189199816 -7817.58627273409 2289.9043750562905 3593.7705742431917
94.46269154026231 2432.482574487023 -8053.430720529377 5171.448420382221 -8549.750535644445 4543.432392134742 2578.786738712264 -6249.33846945348 -3718.9844033354284 7751.097775781036 -2384.9477287476666 -9432.003752730398 3247.4577527492147 -3389.355118864055 5287.343855208277 -192.22232404486203 9854.085040521371 791.2035578600025 -6597.455298491856 490.1325067627022 5055.957708437878 -514.0277933286015 -8191.048807416743 -6897.759698400234 -8527.862476692371 9682.778530141222 -5111.491413254492 -6441.124353988547 2122.411408184753 3355.405582018404 5665.027241789536 2767.0372056042943 9850.87316838299
7187.132550782077 -3935.373009556478 3278.7129466091155 4281.791298323971 1259.1570421785982 -166.14190283956304 6593.971011410715 9717.937592145128 8991.536107627155 4274.495010369068 9616.558392748342 7645.84625647774 1313.4663179909076 -2193.4717727332463 7588.183329536019 -9938.146059178556 9971.858245594845 7632.496742333911 -2000.2442540873735 6599.208487126412 -8875.957999640548 -7753.760922103778 -2268.922877812989 -7476.511999082273 1463.8118682245313 2736.5663722796016 -8584.89571889798 5233.37142034219 -8074.567622839011 -771.2392829584933 3739.274996522665 -5206.378156181095 3420.2040814396823
688.4217115861047 -3968.9162382361 407.9544458180935 1185.1228770732814 1622.8331466836407 -1558.3644191015574 -4398.006307988525 6720.347275835542 6967.076552809231 6805.340120392899 -9858.690366454195 -8249.701403972165 8974.30711605664 3583.7521787993282 3421.4033126158047 4850.117782207117 1535.5963931169772 5419.015618486703 -3131.896325101644 689.5240549235332 4851.1408105017035 -8590.604948418873 -1399.0307348224742 -8634.992971601547 4665.243361836909 -5252.909040396751 -4359.7862649253675 4553.627396600874 5691.696878791985 9924.653425728538 8093.673975521997 2920.7542540543545 -243.763117969218
-1503.3501651481565 3669.5997525057173 4322.786761690595 -9804.001336301413 468.02236882868056 -4977.796513728967 3726.5010361617296 6378.842824242625 -647.9794015674997 -453.06289869956527 8456.104002107564 -1623.813954291838 7091.297216020641 -6649.249189596045 -2358.127324680173 -9819.058121399872 -6200.730113863678 -7585.383669353374 98.71555339196675 3456.901404006687 -1635.5679172932232 1424.9378946681827 -3353.609933684612 5967.927288244744 4819.45196922996 387.17647256690725 -3241.7890678296617 7802.383583697505 -1523.118985369205 9051.661351017265 1963.155106150005 -1700.5777065833845 -6541.604925548365
8504.810808534887 -9646.146864822033 4481.423510933786 -6882.342661711733 -5741.626994145435 7074.150339714677 -9354.895232816862 -1573.23561218324 -552.4332569221297 -934.2433330780823 -9764.71862997643 -3440.8309279820724 -6666.150848900077 6702.075296448042 9682.051977863171 -4236.261565229993 3238.2301558861254 -1567.363576137679 5947.81568213884 -140.3129822192186 833.3705374909096 1134.4208356954732 -7879.572409376036 3122.067627286595 -9884.386373877736 -6105.9060504001645 7619.095329259551 -945.8854436349957 -598.6152215046095 -2507.0586098280082 2509.779857976595 -7056.571049389801 -1627.0133102340915
5071.523594788527 2714.4378749600073 3387.6053670952697 -6047.069141180752 -6330.302767237654 -9780.205657221428 -216.5246368339649 -9867.95241608613 6346.397721273244 -9139.482774424312 -9106.022758609444 6427.957134924993 -251.18325913951958 -7097.788479271665 7842.169699875751 6372.612830492397 5356.684166144512 5947.361399119585 3902.176635382979 7849.617661329721 8004.267055828965 -9497.769469109411 7929.992710944225 6990.551352894519 3935.968196568123 -2836.197239547065 -7239.180610564915 -6543.456493184083 -8534.236152224668 -833.7065699270315 3267.8129592469377 -4171.510210651415 9942.791333677957
6340.121753824662 -6262.68484962613 537.1263748360816 7339.252577481697 2239.386422734824 -1722.8845001565696 -1354.9649102588828 -4474.711476534379 -3284.8997366978065 2385.9199262242328 7923.967790189399 5656.817891379713 5233.848839080461 -2746.201213856596 9637.166406584962 -3134.461487239053 -2535.431777971582 5963.873283588056 -2359.413966313017 -9172.737654646304 -2025.916015314593 3731.0037033507597 6264.086217363516 -1122.6843543770829 -1701.8019146331026 -5892.398555367411 -8727.251424492952 -8571.48471558314 -2593.524946249794 9722.641566596674 9786.707567205674 8497.711719886996 9158.684909694173
4470.924910542779 -7874.267793769703 3285.6780041255024 -7011.07444950723 -6868.257624380587 -5274.201691502569 -7164.616284976477 -5644.663762263837 8565.383195650676 -3086.7090194027805 -4450.570634273341 -2051.1012828572593 8626.099919732453 -6089.859749605899 -1321.8950025314916 -3241.4090962419605 -5781.0408662226955 -6818.91081899573 -1258.3303298878272 -4692.713189906903 385.2869430095434 -6516.859408975857 3341.3792462685014 1333.425034508462 -6843.6746792143 6653.293266872046 -8731.133208066374 3987.115531216874 1992.266224873636 -5560.769642899315 -9464.43816946981 2182.050252378487 -7270.137280013451
4507.010300999733 7427.000492754469 3041.873230320989 8076.850396880407 -3170.0606352240284 8357.249919504942 7037.726834018034 -8926.015610244256 3793.2643933342642 4373.381268957244 8001.476309756625 -8937.459257249346 3478.8461472419185 8622.55387327683 6172.854849080424 4404.519178323499 2570.727732144507 9753.168761386369 -213.71401076558504 -3235.682361181205 -5156.920604762396 1076.634343053156 5537.283172453355 -5868.316252278676 8079.3269276003375 2069.472884649209 8063.592485423404 -8443.744023045972 2889.525569732723 6106.976292234556 1575.9692029653597 -2130.8387965725005 -8175.661811553136
-3938.216591422063 128.5661877513976 -5988.800008649296 7022.35308889284 9318.436181087283 9796.423215548322 -8546.658087145817 4682.542370335077 -8045.157921092434 5279.004579399903 4995.189761556761 1251.2226666238494 6121.301192528841 -1668.5625130928456 3485.37384563289 -2825.9702088744107 -1634.881055491609 5024.544503473684 1171.6739283688967 -2531.2056171355653 -8996.012347096712 -9684.792353756342 2566.8932684340743 4758.642737876138 -8115.009080954119 -7935.18645144742 247.95734845481638 -7709.095686714727 7869.01077459706 7748.2552510598725 -2864.283359872824 -9093.809367947308 -3441.083378201124
-3142.6821242183123 5754.830919117521 3891.6363961882344 -3385.723515531309 -2451.0949077892556 9336.291844150383 4701.3877867134415 -1156.356477275869 -9723.90816306436 -3308.632671554519 8503.317463931835 -8594.760104260286 8819.030875235134 -4377.194858055382 -3265.58560222461 -3418.992806161962 4816.624316829642 -8541.136486587675 -21.039619113114895 -5039.814260091817 -2777.1834730434584 737.9382302088925 -2419.5194992263305 1647.6712021575731 -2484.841485168472 -7955.8257314417215 -9736.117899500225 -853.8461831662044 -491.6815405850557 -9688.446347774574 -4619.883812884369 9836.652114399923 -4580.806451450919
-1687.7041851582344 -3603.4855729227293 -8932.766833310126 8737.996384995873 3142.9185110203744 -1564.03005753646 -873.7209942547979 7133.814393014716 -2852.027910484101 9951.627920324012 -5451.870871336692 -934.0150274563075 -1172.1061374038145 336.84711622989926 -1000.2192788961129 -1803.0881005337578 -9595.56396572059 9980.869577306446 2330.253078663298 -4411.757795271976 9160.700239726688 9009.030098178122 -3683.887122486829 4390.864076923284 7452.64363958067 7390.1250368649635 9782.12452188971 7966.613005208117 -2434.432980457653 2898.8414956799497 -3624.872579815641 251.90330083945992 7922.997069082579
-7229.789014818158 -3070.9722005511185 -7691.5666519605975 -1052.1947511856997 5151.729907379013 -7972.373339640846 1452.3934111161598 -431.3669963239681 4796.272499289189 3493.9645517313365 -185.69433353089698 5246.539119530798 -1634.5274419436391 5603.421255854948 7150.8654482164275 3380.226144815506 289.4275809849314 -1884.5555620084497 5947.098464817669 523.2046789066644 5988.434424763873 1617.0914428778997 4720.40924870697 9236.192084595026 -8259.80335894852 -6308.080670329287 6184.870203408987 9269.374979135588 2472.144743387891 5394.105145331287 9886.529560696094 -773.2496042510629 -9610.920487216088
7329.172937894789 -7772.445663858167 6514.417423335079 -5424.491796770865 894.7894504749329 1687.3966272389825 -1647.8364122222647 2218.6742810445976 3189.1071749080693 6793.698062100069 -2011.5582643280886 -7079.285236219685 4254.479471859873 5995.019325535224 4382.01720609358 4091.432600763461 -801.1908618612779 -6130.6845910983875 -7892.907092798034 -4971.945234990556 -1550.302068417437 7873.207118560771 1130.6041612242007 656.0665358259939 5229.904078800622 1753.3495330155292 717.7019410630983 8468.62875814418 -2724.839356225968 -4192.032464936744 1354.3874828822736 7914.488809732557 5277.803679935236
-6120.819353721165 7735.78832785803 -3289.7740193366863 7113.821402656282 -5047.785117290992 3593.658825007755 -1532.1375378985304 8229.83364539485 5729.158520003348 1279.842729137954 7976.326353090826 -2630.7188536745343 -242.54126596416063 -2079.6388957908075 -5838.970998126394 2074.4332898790053 1924.6774114528434 4728.496233129214 -6266.33701073878 -677.7019444464113 -3768.55701354754 -749.5085045162159 -7225.965727811252 -5011.163069740188 3988.988978607944 -9432.023085923094 4670.19653106749 9917.034253437916 5811.5575296564875 -3669.4572402712547 -6008.671904679237 -5594.67055906665 -9889.237878201036
-7872.369986168906 -612.7064723679596 -5553.432120872888 7284.3380643659475 2010.4575930332521 391.6348884628587 -8052.211081707234 -9612.480595321837 8687.429999276239 9189.973348767966 -1385.2440785936597 -7144.211091760961 -4016.8048557359252 5903.6906060523215 9522.568485434207 2551.251520321506 1807.8700434809198 7334.9673549602885 4301.614271189161 1643.4634664383393 -1386.70079880732 -8890.219810866878 -5497.599186746665 -549.5569488799265 -3748.1235223228723 -7684.110360578388 3034.6089232915747 7309.245726691712 -5051.074284847196 1943.6271374748612 5160.979033267646 183.98494588951326 -9549.164373429338
-4434.923121579368 -5040.193553800469 -4878.209466450249 4564.055108748664 -6525.773489571871 5740.671616280888 -7987.94600977176 -2346.461333504817 -6803.104460266413 -8427.587803061086 -8963.8860018372 -2336.844634606845 1823.0056420375004 -7450.016823826245 2016.4043671034124 -1929.6149747672816 7296.6612268443205 1165.7511801118872 6353.968926572317 -1642.2283614512544 5804.681572718486 -3305.8940067430867 -676.5100330812766 1143.8768858869626 3645.4920759088345 -1173.9723879213052 -5566.721363049518 -7954.625208254684 -5386.7596637076385 -4735.449745853731 -7992.751451241107 -7859.3438603760715 9558.958790907272
2219.7759770610137 -6984.685385466638 -2365.6447129079525 5985.9050171132185 -9309.253568039861 6796.0665714061 5152.3543170627945 -5080.99320975762 3054.545279936223 -25.971123218678258 -657.2464961562982 7799.044575694399 -9283.324676796366 3859.9617073415284 -1862.9947454404764 4452.508932536237 -3746.120604894929 6370.713211544426 -5192.648485576224 6627.535451663476 6223.573713267586 -9174.862486195347 -216.27890815235332 9165.084119049654 146.49773815156732 5523.392441836424 -7504.690635617795 -522.5129294855797 5157.508393489439 9563.367383384139 -2779.099966714547 -5153.746730580806 -3493.3203586059026
-9233.872049934382 9658.856380024547 3066.7757119098133 -2489.6132104783983 8571.45665862174 8415.625414418919 2466.8029724561948 8200.726568022215 -2920.877557316717 -2478.6312209341395 -9485.06661070651 -5048.1377210612145 7278.412286380204 130.4494244348116 -8813.245066903366 -3216.4455513963767 4826.493934589609 9513.975959467247 7371.903297023058 1998.385042151871 8193.188216632308 -1067.5673448288544 -8145.274454955078 3145.9088916387645 8348.076525370201 6825.426605600271 1474.0688904986582 2314.711403557645 -9756.166595981953 2432.8569489082092 3998.3602435188022 4650.29581281374 963.034423384619
1345.8946972906306 -36.4487903583431 -1290.2648871657148 7526.509425522072 -6835.710744225989 8617.612823444593 -7988.177714688003 -8851.247357736143 -5190.513395279106 -4332.775580743349 1441.2076125952099 -9209.09778672126 3221.4504852933496 -7963.305781257641 -6375.630256403623 -4846.078419866047 -4707.989681070108 3986.2148931061947 1230.7583363161648 -6417.750394551449 6311.969394177628 1912.197437754765 -4647.117717368272 -8084.583764553779 -533.9081175062056 3990.0249149489173 4360.720154906518 905.610976701566 -855.0527051977679 1328.8399176104758 171.7427312948148 805.5165923890181 -6125.185194078873
-5520.803784980985 -3801.011395142242 425.9149475652084 -6902.568485510574 -1675.5824150357566 -9666.49020821305 2112.0729729188643 9623.979002099706 -8644.829498660716 -947.6095333107278 -3470.8482262214748 -4178.286993264559 -2872.841601929317 -348.3691448744539 -4913.35965443237 2837.560556736469 4294.772789843864 3188.8387754216474 -1917.9569919845017 -1798.454191429768 -4351.475746303652 -4319.272532932608 -5437.266765956199 2178.6965555517527 -8228.379218215678 1907.9616735949894 -8086.29757649888 -8615.912288199459 -6815.432567659918 4439.092153729665 4189.939108402943 2560.7334645399096 911.1800298917569
-6068.699524162291 -5505.174046761976 782.5444115920873 9383.578263663465 381.30264823300604 354.6818779116293 -1294.3445819092922 -607.3100305474672 -8937.949060863335 -3642.994132719994 2365.7880575658564 -7744.814650849869 4353.926063258821 9205.861482098178 9244.009088764851 5212.987448911117 -9725.981901514191 5433.182064451634 -3742.891791731495 1777.3821734351732 -427.8657954406699 -3496.5657929471945 9545.876413645947 -6513.507835401271 -239.99107976795312 -9981.386977021257 4761.632115686445 2775.484912322703 -7820.541189114045 -6953.772487588747 -1643.6248437575377 3270.419848840176 -9439.776421550012
9646.809922010943 1400.3747149134724 -9121.551900702609 4215.848158186871 -7315.2281425932 -1135.7746253232508 4348.470108619145 -9129.705710652996 6347.875098545064 2742.8588439002397 -7459.628086831875 -2992.102651903013 -7772.001533191693 3486.401933446128 -1478.6021795743109 4245.346116431963 -1140.6273097021294 -8957.821228144172 8703.733261779918 9518.425494588933 4272.569855068943 -5695.543226205768 7453.8503706828415 -7504.578133225073 8901.842411122092 -8689.918664559016 3959.666023806185 -7234.593573422283 4354.551088679284 2757.3928979071516 9223.55738862939 2012.3367958872605 -837.2804583500529
6888.667758340864 7234.015194504489 -6491.199644735925 7659.865796522172 -8748.253861541578 6307.799062925911 3401.680816910499 272.2356660497717 1245.1172726556306 -4723.3221497488075 3599.648177575027 -9472.584421473806 -6978.669322604367 -1883.2243566682873 -4041.983979862034 -7297.926199458094 5495.657310085604 8668.14775218807 -9610.93319277254 2835.1633060020595 3137.8566124990793 1348.960473264513 6172.336567212757 2496.430345025865 -7410.771289740239 3592.8859436131715 -8477.67246001939 9696.721377511665 2239.2794403159023 6678.029346938085 -9705.605555758782 -1013.1128812884181 -194.62413167544037
5017.6877320289295 -9254.261166862654 -6110.378168066588 4537.687305726364 104.1496182974497 -5133.346554766212 -8207.065021223812 -4785.347885439197 -8700.016642887085 -3471.218544052592 2478.940938017149 -7411.977010005675 6032.451383754638 -1721.2139877977625 8803.678357559587 3772.4918887412114 2775.5493924613675 6541.6216748264305 -9612.039534359375 -7355.368982670077 8024.395598771451 -2656.057480770187 -6156.3581044423745 -3542.918384648752 8677.082057384454 -4811.2870642597945 4715.467173332587 2100.8174290736406 -8854.101628775134 7830.598264651904 2766.484294115284 7253.633215494727 4242.837606507868
2551.9999418164916 1059.3748155902358 -4456.063728937296 -4183.928740773775 9910.400889987632 -3070.975928755018 -373.28109711452817 8951.152435546948 -5990.2931343735545 6848.446372393511 -2016.505445784931 -7673.800936854922 6305.1221923468565 8144.59575491905 9179.51709709789 -6090.846571317738 1185.8850800347373 -7914.355755335525 -183.99064915921372 7401.229894605316 2585.938387962504 1593.0066884537591 -5543.779452647417 4516.349764261047 4809.251387473098 -3561.3902454151485 9609.944193517389 2233.584813904761 7948.113597247575 2387.830705194141 8157.993670694694 -8034.141085594327 4460.170684857518
-4810.802173474138 6459.646267725493 -7699.230221275326 6598.035835713545 -7283.427582978943 1973.8499332195606 -3271.8116240891004 -232.20255784913024 -6432.50778288492 2838.69885707729 -8328.843520669025 5133.318548087744 5680.3167908368305 9070.331316939973 450.8503684998177 1713.1057581122895 -1787.1759362128541 7483.299403942063 -2555.6573097511073 7295.0911908131275 -8916.818100706654 -1676.8338545949791 -5645.078545633663 -6873.232441755814 5568.93064964386 -2906.734378042881 -6018.108661929964 2731.507484091124 7777.333408713108 8645.519674181069 -1270.2318892259682 8029.864474162176 -7958.022789705168
3722.0962321070947 -2338.407393040232 -1871.5675389508206 -1204.6111287749336 6661.6301052013805 -8169.65224870931 8248.674591651074 7221.1691942965845 -8519.793824223012 -8452.26248176202 3204.5962048799574 4006.4200427807336 2533.787439076985 3847.633402092839 -8581.992635620594 4970.23438322197 5741.763904747881 -985.7178723845591 6898.4769775316745 -9231.268872554112 -969.8525929481275 -4972.177909354618 -8447.735936276009 1114.705819165416 6083.859255889965 5186.15944553716 -8131.502271168156 9436.559294031838 6376.77518309562 -5164.080087719592 4757.953214934982 -8651.967859006128 -886.8144481155832
-4194.506540081846 -4493.284279878871 6815.367604747396 -8071.945894916384 -4926.81921892736 -7395.343566041451 -4966.112089823331 -313.0956139655045 -6386.085181752368 9220.281656406616 -5010.200148285117 5755.479066479882 4436.469965902408 -3648.3603680156084 -7483.194907293669 4337.190114862824 9915.301083511647 5243.373399343742 6051.145628442207 -1959.1371298271533 4769.755175204322 -484.9778531524371 2705.16610827317 -6002.427054809469 4348.611044484174 8746.64468291606 679.578756834444 3151.3237170131197 443.82253973543266 -7448.092400712434 -5639.848688768754 -1425.4156885470202 -9572.069816410429
5531.3134980152845 -1177.7325548843564 -9603.85666028187 5267.039603120194 -8697.23154294128 -3866.2011174882327 -5615.173883140589 2487.305227552337 3503.2216447546307 6907.807890571039 2205.5935930615124 8567.464073351668 -6327.699817567671 422.70773055298923 5972.638971303988 -2818.0260014979885 4354.0684430446945 6376.916588523387 6118.22440086429 7542.673750621983 -5227.396673135194 7981.936624214864 -4742.656807720305 -1162.8338621241983 6484.468688108525 -7934.212112985606 -3691.0776529387394 473.3967302952915 7812.706221134438 2224.9287299131265 463.6062356873081 -1347.5150425241864 -4486.9727781015345
241.2281969270698 -4365.316810109259 -8628.866969494038 -1985.9357376406406 -5479.38938354456 327.8808532336352 -7415.247630621844 -4924.728869644324 -132.3391722058641 6544.297069948334 6101.793777233132 -1161.491330866329 -6166.4448219855485 8827.304542165704 2652.117043490125 2234.011078641108 -5547.033925182201 -2870.5500059160995 6776.8552237892545 7516.91868928869 -2125.3607221686143 5003.8910769689755 3512.940903076209 4111.054460141497 -4036.365242385711 7184.28757577738 7459.65673550226 9686.7454956683 -2098.132340344534 2943.920899523029 -794.0266164022687 4044.324755926207 -5793.647204183101
6325.185056203936 -3331.2796010816955 3643.5526873903746 5827.069602071662 -5833.962155379347 -2757.5598495671256 -1412.3016361596092 -771.1607229009514 7800.784722695949 8163.030193749466 -3106.4864570182917 -1600.4169647673552 -3581.684609650515 9987.161613121512 -513.5876445223694 5967.428494271449 4332.926929596315 -2073.355031197748 -6829.705021884447 2491.1233869428524 9251.66160379774 -727.2553878615072 -8131.334496003841 -3601.0298128843906 7482.118151687162 -3400.4405148242013 8852.993444193708 -8353.395442247845 8668.84809855256 -4605.522344629198 -6627.7606486766945 7288.893517840552 2055.1166449676894
9751.320567108185 -3446.268532332854 4512.391768575564 2516.9244242653895 -1651.8355929715071 1893.806378081239 8979.350947217845 -1752.3121320721802 -3872.0081212662617 -1688.6765194763102 -1546.3622211033162 9196.02821589915 -7500.774114478401 -9523.048975810014 -4534.084180350497 4181.898746904113 5346.28660260025 1888.5072538804689 -7822.156318606792 2781.229034185042 8104.46938578783 -4617.195630311863 5714.846150410849 -3265.3072307716657 3674.1438394306297 -410.40650761822326 3901.6993531694698 5617.678281159597 -6920.476977033481 -8245.78805724876 -6676.900997138999 6980.852736983783 -5161.993948179389
-9208.003511173914 -4114.401818244096 -6553.056823152079 -5914.544583932597 -3874.4401571133903 9971.916772971617 -2033.77307720912 5006.013230531929 -4825.61818478197 3761.1317295652552 390.60188704718166 -9367.446642040188 -907.3227517938103 -3762.232465603787 -8534.96700782389 730.4398949490205 6575.829497483715 -9122.91719098895 -52.79523976222299 6879.93599440133 536.3496669260221 -693.9148915677688 119.61240232995078 -3897.2798400924867 -1769.0351395585294 -6285.572151165459 -1401.8121890554394 -9632.681473806768 5594.701411570708 5621.335899895548 -1322.9356230286467 -9547.939097109635 6806.266429437725
3789.3487314861286 -6011.6597476891175 -325.69385729766145 -8855.961230029992 3028.4216786851066 5045.313159110372 -2027.106979471354 4671.718531386881 -5274.970824818554 4079.112549008003 1366.750252668604 -9886.737162585338 442.43458597860445 7477.752662943476 -4548.881132035338 -739.9916470622175 5669.811167325182 1876.8296522007258 -6120.868268835369 825.6163246062024 2805.8023369386337 7921.139407099985 8255.746149641935 5307.940624006373 -2608.805616967451 9584.517575992475 -882.1146496244874 363.60742885604304 -8019.600839894454 -2318.64810901075 -1196.9981658181732 -9445.364576046211 2609.7641269888118
8682.556029516134 7753.708833775363 -8300.458382137283 2353.7382687753434 -1437.1018765365352 3872.001473888953 -1099.1540039430984 205.36677797977427 2753.0726960474894 -6384.901930424611 4275.181945745893 -9825.530559449971 -4136.681046496449 4511.959882696241 -5690.797145348512 -853.1396069385355 -6965.93173685752 -1888.8753829319958 -4256.094652004632 -8149.756113460171 2045.03113297241 9941.948623798165 6909.023188961291 8395.109541698617 1784.713666958869 8241.685672479274 -2284.8982397467025 -5726.51020660293 1673.3508242320167 -7796.460855874594 6030.134584919948 -354.22665284756476 6052.149133059818
-5770.748558544318 7180.187357398008 4225.93581853405 7152.949129160414 -7140.601914786375 -616.0727206554056 1068.5179121685487 5411.203231878837 7150.065642886908 -3991.8350524832413 5095.6670022328435 4192.780352897713 -6851.376663321993 -7298.359313750638 -9415.779075932418 -5511.278867990146 -7294.601422425047 -807.6549903297782 8672.255025972292 -9182.470620020433 4929.770607188066 8600.865304505227 -4173.295353517295 2936.0501158871703 -421.6608775465702 8005.870586280154 -6446.657115812508 -7569.1396503799215 -3490.2091052545356 -6706.823312932089 -1538.350725538423 -9081.98969748199 8889.868681828673
-6888.045397908307 431.4400732474496 5697.263354155117 -2866.153523783836 9513.785363199113 717.5051217219643 1196.9894539789257 -2441.628847075479 6288.770121234191 -8555.155716340158 -8924.659082283231 -5643.986079644001 5705.801687681051 1457.0567447652793 5077.03875202026 5310.950437831121 -5318.197021129465 -3568.7059223336328 -4683.612219064992 2418.816956806275 -911.0956962384189 -2842.7201871739635 -7088.330370918201 9986.179385120318 -4677.133978937007 8831.0427043745 -5196.354159312979 -3486.8502464201856 7934.853687938568 8477.126289072534 -2620.570933156914 8240.033421244214 -4198.549373698841
-7137.303441338885 6276.3703667714035 -7060.8592691265185 2757.8605022633765 7372.411662668037 829.5679612377644 482.4718840203641 7870.289001699894 -6551.881563653384 8395.270481774529 9644.288404449308 4166.043114772499 -3921.2237769505373 8384.775619162356 -9269.861635403031 -1089.9011287707763 8002.56171890668 4643.379432222026 8201.557273362148 4628.835323640689 1368.7766999745745 -4347.7367338989725 -8870.968529009091 -2587.8280466590177 4661.651257861346 9421.146733653444 -6687.839714717971 -8400.05436882193 865.1013584510874 4787.581074707428 -6604.400540967099 9394.846894519618 757.7029436521225
8702.3718157677 -3357.053995283286 598.1899718099612 1876.0072811989703 -2503.023012973067 -6866.774720185289 -2221.9633154435696 2752.350542784605 4664.33010786884 6719.051838395379 8497.522579535096 -6993.151951576544 -211.48533028279417 -1693.0638875887016 -7611.228695023966 -596.3565144388358 -7483.965595241145 -9311.381288875142 7998.333345136674 9147.89967013073 5678.088597383226 -3701.1174126901205 -6636.637849213535 -9469.789526808028 525.6778355381302 5297.259418373584 -8771.172380243166 -2876.8965713895604 3084.614389005814 9511.136569326372 9130.682477683335 7580.885480336998 6095.049626852126
-7819.446491259301 -649.2275763382931 -1264.0265256477542 4770.759886096328 -6222.627328347811 1611.9594963781874 5466.447107300448 8117.558729696986 438.68735266014846 -733.3096887141583 -386.43953846196746 7513.393298239149 5741.817653594431 8746.162467868256 -9997.611570249222 5561.416958792181 3659.4824684303258 5628.234422888381 78.05853591978303 -8510.247522378646 -7189.0145142522815 -4552.829194408019 -4288.894825631049 9111.398946087953 726.2565422088301 -6595.868664940461 74.5310519499235 -931.8863742959256 4708.403827267943 -8744.357809371095 3751.4281478705434 3669.868806178376 -8770.808421487309
-831.9454748007811 7735.286612231001 -8448.866337725458 6905.207603308572 -4346.232202815599 4073.2122383216083 6524.892188319845 -9653.020339267858 -4579.6027841223695 -6529.2452119151385 3853.7243154803728 -5938.056662806961 171.45922819326915 -1085.5645145416984 5743.824355264685 -9581.331337828758 -8350.601502557196 -2673.3583917184014 3913.1251756817583 1687.6072898505354 -7092.628813765418 -8805.12548689849 -1020.6969684044816 8254.863775290229 804.9943122159093 9830.39109112363 3158.386222324274 -6926.383637073126 -9944.607361693545 -221.2556616618076 4097.315187771115 -8487.731891797468 -8339.2539175894
-806.7146664212396 597.114103871927 26.018991257931702 5257.110372559295 -7700.513607196104 762.5410524560011 2417.722292526045 2237.0304474310724 6750.596413176143 6069.50898196991 6982.3637838291725 -7521.316776836795 1385.7977253654044 78.99670800408785 -2053.41701470515 -5627.687524776761 2293.301615355789 -3478.950714928237 3535.185693548292 1430.2415423062303 7940.349238511168 5534.167668418477 -1848.7396185803618 3830.776572091596 -5109.275038758132 6069.877786663512 -3382.2569635934533 5135.402405452571 8084.154542198095 -6732.32402707179 742.2511468680004 -5468.944817591026 -7533.973574074759
5055.772668667421 -6265.919623712089 4428.278148482097 -5146.9115843404325 6279.042716413425 2473.3308163596357 -2744.0901547008352 -8196.5599800842 -7635.355989568476 9819.908209815865 -9220.73268400345 6146.442122646509 4973.707638653545 5708.440389611471 -6461.02310562652 -9817.94541693755 7394.811295312818 2513.5660606753845 -9737.775094296992 -9207.375081090677 1985.1452951193369 -5929.087308300532 -4992.5323250254405 -3191.906376018621 -1955.669185830122 -5589.725232180398 9180.300624919259 -9135.893548091157 5572.472313831271 3503.0350849212646 4772.53133642301 3585.535579924781 -6701.368491426585
4223.504654012833 4886.73392338928 -7365.791134287696 -6339.862704788955 -5490.448772486329 -6186.108710982546 -5276.366442696956 1475.194516021551 4399.001191810967 -2178.3093518995856 3909.1449124165065 6630.89429987625 252.56923703356188 -5466.07313265944 -8333.896574066217 -7963.483088725238 933.0248432914959 7070.070727654438 7002.654743475974 2524.454812089405 -7889.004537237584 -3426.5487677669817 -6323.2580290359365 -7886.416311902649 1760.3004548983154 -2334.8602083448714 4756.698967532262 -4833.385662735379 295.2850013286734 -6867.67412047749 9244.87970588374 9679.970340063948 6189.480655736983
-8574.39959561206 -2641.4889154891252 -8443.382061454739 6567.113539577109 268.515396253566 -9701.826561596596 -139.15334948613418 5075.191664961412 611.8920477387601 -7354.060520861712 4218.893612523849 130.16458917917407 -3605.7979118057683 -2643.273715820178 -3600.2014031548506 -4624.685998087044 1565.8521100463968 -5968.089213770609 -9561.908985548323 4231.017648357556 -9503.432500582794 -5363.831058001531 -5750.828836204735 3270.080252796459 -5018.758447225151 8011.554312560529 8695.500768341026 -1091.4947428489013 8638.846376056492 -8726.149238126052 -6676.977352731444 1412.2447146525774 -1217.0276064425925
-4413.713909310959 -2380.9678794513193 -3508.7297882424 6133.470797222726 -2410.153862602091 -1407.0255079840572 -3554.459550773412 5306.446146267463 -5068.623531114505 -7789.421915287288 -6332.031777215525 -4117.255095310752 5024.644040705771 7266.989524904649 6109.8493606896845 3004.5830450775575 1081.8698312754186 -7213.396830178087 -3165.3221476019808 -1691.422799886319 -7646.40024114162 -5923.947602547132 -5876.10963608737 -3681.633071009085 9048.047191462112 8083.225335436971 3047.3358713016823 -5209.289234023516 -9271.119411360729 -2827.2615038463746 9001.224790290027 7728.601544073761 -1272.0284422470431
-1411.5006258890135 -2742.7555390442085 4049.266497512657 8692.735876199513 9209.4147653728 7892.353492346923 -8938.748604139668 -6311.60153929345 -9264.453466704026 8710.60818172414 -4857.5367737501065 3723.205636106044 5347.421475410079 9235.540037205905 4874.836191969876 9489.135174946074 -7579.275071367954 -8079.717717260657 -4970.704016422931 75.50675460494676 5650.396163740432 -7002.366001802738 1954.9093112643259 -6069.903670317538 6558.892538483007 -1977.868284562097 584.8359510922728 -3672.3291799721665 8958.955596785949 -5467.011650921885 -4303.982604164767 -3785.3176172861904 -9427.93253483163
-8110.06235501045 7823.433239570273 1686.357252218124 1088.6498834285048 1639.9096205766982 -8166.931811854876 -94.26162438486062 -118.08070195681103 -4812.265860804286 7987.113898528547 8127.462324071908 -8187.403263071853 -1928.804854851218 2607.3343623115998 -7595.148376312965 5589.086897605508 -3375.034864082011 9045.480173307216 -3956.4635604885816 5556.781147938544 9632.96863107495 -7724.739609536537 6904.642951013437 9817.360111827882 1237.6599530047497 9863.491910907065 9244.169189009597 3169.731866626127 -8791.834601846791 -8237.808052723343 3739.776226929016 4828.706178085926 1364.184401431021
1910.4066399739404 5044.860622933129 -6267.652113336728 -269.302415843209 -2142.9485747930084 3163.003933836413 -4033.90741541674 -7693.656014730159 -4851.02298153151 -5008.495461960316 -8057.065625809088 5756.315773782206 -9651.546005932812 -811.4401579461392 -4374.350953754669 -8147.666911631504 -4603.379447135725 3073.8773113321968 -8914.390339473377 9553.669169109606 8456.233427855725 -7775.961170757797 6963.120816066039 3552.707985206969 -6120.689974969469 6737.152755939031 -7358.771655292123 476.04999547591615 2750.720726994012 -1785.460758228557 5318.516471768375 -306.5718475747435 1543.327071378575
-9909.409528816952 2507.403968069626 8514.182444029626 5217.641607042016 -943.5142380492671 -212.57187588030138 6457.9956473595885 3425.9893852635705 -3022.600352199336 2052.4680419458873 -6118.378517698639 -3302.903199311105 973.2413089372494 -7821.85030265157 -5334.524441932826 -9944.783382923128 -7639.806907713451 -8394.419288157213 7651.709269558825 8297.161933923479 -9058.613083143753 4115.569288318024 -5627.370553931366 8264.043132444629 1498.5329813771914 2891.194833142521 -3886.5518172777347 1823.886970361089 -7562.205689664388 -9126.361714240044 -379.51581535093646 -9882.549815477478 822.6437019830737
4325.490556881357 2769.3557479148185 -5249.850405519025 -7889.541845488937 -9758.436560447588 5315.510361840787 9912.275272340205 -3101.6952734514216 -5853.280077513128 8186.956139653837 -1432.5647958887002 2917.6768199645358 -4242.540465170317 8820.542724961782 -5763.051227474689 -9732.675308015025 5129.580399339904 8771.698502894105 -8073.593212010584 -4019.215921431578 3805.2327612681056 186.63113261479157 5167.484800794389 -9230.606892928006 9610.509287220804 -7748.613791326978 -1642.9439398153372 -1707.3555941220911 6704.679089261939 1686.7907637540993 3001.516722866496 4796.595121583263 -2356.873603116036
7852.875148188748 136.87741130576978 -1558.854141039321 -9837.73709871895 259.6644877279068 1248.1264895525946 4558.1147032705085 1291.7076647911144 3476.1105146569025 9264.625551428828 -2668.236834867952 -8929.532348222067 5508.508678677103 5125.936522256472 943.0465585205948 -5905.379373427897 -7309.015184722878 7471.989110866023 5747.502969500994 6468.410991925619 -1837.8880382076532 -9375.630549763287 4077.1021935073695 -1399.657052342316 3012.0761539404502 -8988.869443762871 -5100.667667583613 -7394.617175610867 -3753.1640381004336 -1677.7756282819064 5804.3042475697 -787.9025651885659 -5466.03185509821
