32 2
-340.9429361193837
5343.305808962528 3019.0430002727917
-766.3698570742763 2517.1415214032386
9108.843375042536 3655.5487511164592
-5458.118056603751 8645.17076740949
-4385.331844423715 -1216.983413788983
6510.844240041788 5708.365902551719
3799.3313145164902 -5342.8724863495545
7454.608124266528 -5059.213251827948
-5629.015074329069 -3859.783210574754
8852.26427680418 -2307.2644378582254
5945.750823231028 -6759.467975914029
-3794.884380893209 5235.028910937472
-586.055547612641 5903.70282347401
-1194.811771006418 -6453.916400853545
3578.8437653523524 5473.738043429672
-4189.478345641591 -8818.487813670245
2541.7245995397298 -7481.542865351828
9466.135080816188 -4619.521794389525
5600.756214157191 4325.757662480986
-7129.178009167763 -5564.128283694838
4489.306219660431 -4236.66709485705
-5249.236849244081 -5849.490393303485
3369.912790070837 -2140.151345466792
-9536.693145590807 3450.3219066890706
-9516.067438180025 45.130977686485494
8508.484522616367 2574.014919621033
9385.611686736112 -4055.428315121221
-8865.987374113609 -1280.690053411874
8563.050185225431 -4831.119494886167
-8293.744828662097 3323.439183845876
-5305.784324269795 -7368.027659868121
7544.387515652132 8274.612652927306
