188 22
57.652865810175854
1287.3849154104373 1936.0209029766138 1223.0159369045887 -2821.58629564877 9471.894153980706 -5413.730376818074 2708.038115352141 6756.1126881305645 6912.408201918195 -5697.017256525978 -2297.487725882086 -1676.4872343668067 -8243.977903086996 -1456.133382637625 -2167.0486611622055 -5480.367482114272 8768.498371703114 277.11688769006287 7408.819908965324 -1997.761540020795 -4035.645335668183 7276.236444888957
5750.377833043998 8622.605158129249 -1535.6428712241595 9495.063156584736 -8655.48783117963 -4976.047276724104 -4363.24190020857 -6936.947830413443 9281.375760243689 1753.2208829805259 5931.108006224271 8415.86552763202 -8961.806843879212 5392.101421807622 -8159.302396163812 2597.6021241564267 4753.280215474393 -6301.418298083363 9525.651983909916 -1294.6028374050675 3489.9166877896787 5052.726409567695
-1844.3756480712173 6951.06498092804 -6026.228956865847 -9120.877887327595 9214.809945391255 6024.207436081393 -5339.169604212389 6189.027749957746 -9169.543673067597 1676.1558622325356 -886.6493588056237 1453.522761823011 3151.004206581989 6611.360671968785 -2426.18328894928 4531.955066385533 5417.32467966584 -2895.7388832047436 4800.60472602359 -943.2246829323976 -7901.339154772231 -5228.95380566528
3039.5590400190104 -5829.472030693661 -7661.339126029052 3338.259457258153 -8235.772852949878 -6750.465011653421 1313.529884829828 -2723.78357883216 -6838.279354378472 4497.706511575903 -7576.284787355298 -2418.0766282322948 -3440.3618037136075 8141.741816224105 6264.570160888137 1484.623414833417 -3118.7984588043946 -3686.497547215781 4594.610585570646 7060.247955471914 -9504.369639121003 -8760.534692091056
-6788.041623990944 9188.118787301282 -7327.426124220146 7080.827874896746 -3825.403496528317 -8659.390753877971 4734.071740936552 -9149.766000376574 4486.00541479081 4805.210673736954 3080.4519795128417 -3512.70069083643 3144.501774828681 -4882.12641526502 413.52203296438165 302.00885827633283 -5933.96005021531 -5520.8315622228965 -427.8512460935726 4093.4420124622447 -4079.975152081912 324.39739859820475
2233.3540505622022 -5449.264523586119 -8351.359794480291 8265.371974551737 -6243.656831511733 -7135.37379681167 649.5735942273914 3945.1302857283863 36.69417004156094 -2747.1059468064677 672.1901709021731 -2571.991188524312 -3692.6949504024933 -3348.5314238217634 -7927.6029436351855 6153.104049356754 8661.670248164744 -6526.142420812761 -7808.588767781279 6887.55510253703 3404.3360583605554 -6748.840199884078
7161.1339450207415 4606.259413824491 4716.629976845208 6107.877769752715 898.4818881835017 3043.872093130196 715.0153113796223 -5775.667396282997 7427.860214327928 -7287.389148253622 -6684.5177295862995 -442.70515811321275 -2742.764978890713 3387.3925669174823 8483.55064446633 3681.7934753968657 9538.944623821993 -3095.349237446383 -5361.648097598301 6607.8866027139375 -6980.669254245473 369.45245932393846
4299.849647721132 -4055.664563180927 -2346.1549846062853 -1773.7854260092317 -834.3912472813572 -5654.1845743057675 -908.6253381956394 -4667.933398752768 -1573.1315849576786 4617.430592747025 558.0952068615788 2549.2625713739417 3258.277891355441 8671.481230134374 -9851.058908205696 3401.085735108105 1348.7538792574796 5554.889577673286 1731.315909951325 9506.868566771918 6273.728129213578 -9796.2704336065
-8059.0215198347705 -2433.9350246982085 9321.18155087447 -5667.046730309462 -5651.90242161596 1191.347684483093 -3636.646040810476 5160.571567728399 -6686.225908088572 -6632.986180361295 3097.8780609203914 9329.985249474455 -9384.362118584488 9529.446889978652 -5435.29999615336 -3775.0850252682876 6322.310203268458 6172.570862077844 -8704.863332727826 -8108.968657227316 -5425.635759192469 -8983.680575729855
1536.319521752599 -585.6152725989159 2137.184272864719 3513.233306301214 -9603.517690551525 -6677.458202561559 8108.261059601307 -6792.771767394241 -8590.441803421096 -801.5838336990164 4458.137207307467 -3679.8392025379044 -1074.2329254342912 5295.039574419705 3354.9227940363035 -716.2707713815216 7750.867834774021 -6192.558753518122 -9632.608344053375 -7950.339257228323 -2098.864828530316 714.595401893961
9626.580589715093 2293.757067946088 2027.1969321929646 -8666.729355989923 -559.29626256761 6461.338254520178 -7238.223837737432 -1371.0206241406577 9186.46186973979 6358.995326277223 -8839.020845381658 -5753.81611853996 6.19755972418352 5196.430004177135 -943.5302408936677 -3429.0891514668883 -1505.1238091275973 -712.5201331925819 -3861.4472972370486 -3795.7249820802017 -1693.8921654278201 6019.6767179181625
5654.89415716722 5.261388126813472 -7580.878132862179 364.5154152863797 5098.092361948047 -6895.780017909743 -3274.8639831514793 -1946.797846196615 -4781.2141485644925 9326.14410527252 9667.668416855391 -4063.2081718923364 -5769.02313409325 -8214.453263732194 1400.45147562668 2434.6775069112336 7433.9012182181905 1885.2561221174983 -3850.048768482643 9601.19448768094 3816.151358936546 9052.602865590397
-3439.808350907838 -7800.743293132035 3650.702298283548 9749.524698873887 -3701.371816596231 -3918.3864870893003 -9098.535039122318 -2686.7216596830604 -4852.3329302423 -1620.2785034160934 -5127.5671082857425 6918.292501594264 -6854.153303527018 5448.317824132679 1697.8546828898052 3977.8881353041706 -2570.6339207831315 3938.2656113402445 -4702.346947010838 5414.451678086536 1427.604586079864 9078.387182697192
3414.499770492137 -7767.56151249852 -431.02909271493263 -178.46182727033556 9626.638763725412 4393.467645974872 3136.400211822638 -4584.473422222856 -2499.1892441340815 -8030.705159383584 2354.6413573052087 -7953.521058399884 -5308.310174032982 1153.7178422904362 8463.57595004333 -2632.8897250128257 7385.34679338022 -853.6147334503275 2193.535262040632 -8150.237085927088 3834.7400827164565 -7526.490348070134
-7372.774273800671 6605.92165665072 3304.0885796910916 8633.215604214849 -6849.160311212812 -39.59533816549629 6334.559913117115 -276.908139585601 625.9552698222469 6656.254567532564 3461.504248729898 3102.092681950555 5882.684420754909 5156.320730968162 3010.443600931514 9531.825473223562 -712.0104634804102 7263.460617511679 4213.016290725789 9251.403715406363 -6661.246218857505 -5584.641494453935
3246.9431714431394 5311.982293770403 4918.587895606477 -2926.438652257483 2855.8978562833163 569.2299904291831 -9307.947421456343 8944.291561809438 7294.011763317114 1517.8022280001587 5500.548475168469 -4397.908314940846 -7729.864997309081 -6443.938287250712 -42.10641648573619 -6591.480846408127 8838.733213525764 4010.4536872107183 -7108.926994836908 -1379.1361843109607 -8586.593295314704 -9249.168271741852
7803.212620982238 -6418.661766847676 8828.590805301763 -6853.677337209523 2937.2206359648862 -1227.6925971657802 4231.392799018484 7407.944848724961 -8436.928061055023 -360.1162987321877 -3065.853915318741 -4017.204982848868 -4298.16029762796 5743.0009878567325 -6521.940556323716 -3291.101039410547 4646.878095289199 -633.3481635156204 5325.863824753678 -7629.554792301489 2607.2418676450798 3280.3074286344927
-8450.647514254902 2994.262191775124 -6334.88514977804 7532.570356740969 8155.400690433806 -2465.063865432595 6752.659786832963 -3386.689615659422 7299.608792920324 -4.054942828099229 -5714.111071847808 4035.6523396110497 7276.063338053944 -5213.882924809199 1390.8936884016857 3571.443873196882 8087.165068613438 2575.8313082694895 2462.421574873517 -3659.263416615104 -3312.904049109302 925.585736302839
7049.36500861069 3640.6701670547736 5138.442905040154 -228.7519994171489 5964.0455023368195 2368.9643714631493 -2382.892139577888 3804.7391779369555 -2198.0994892234885 -6908.449564473507 3147.857151889106 -8872.018586084196 8394.20203594436 -9507.991094303541 7147.034251374273 198.9525821201405 4380.337504808565 7179.84992278161 -2971.0020077278723 5125.407924662404 -6538.198742465664 -6256.378146974997
-9012.478576616188 -3745.3446476911467 -5450.74289587086 8017.798336059321 3440.644739550655 8276.858577446383 77.3098364278776 -4728.078578394395 5285.654546145264 -5644.417174837977 3822.804628845115 -7356.663353156406 7731.469562960854 -8864.549412363966 1606.3520091230985 543.8695576195169 432.3124423842455 3380.0150817633767 9891.972083399141 -5245.959107140623 744.3177430351079 6448.422272649714
-1064.3221997776036 6480.373144186353 -3906.525160169549 6456.772610621203 -642.9711436467496 -3165.828773534181 -2249.7326787823567 8729.89521896508 6041.287530183441 7327.976354685936 -2985.2964612509277 -6671.378819076728 -922.8301046256729 -9425.756912296945 -2785.3812151874454 -9400.54085546375 -247.36475912429705 7198.693789755445 501.1073800459326 -1119.5116920892287 -2306.8735912756174 9317.322611506057
2856.4842789711784 -7133.242039992419 -2152.7214728281742 7199.025129463371 2926.903693374965 9519.591771546176 -4150.678168250101 -9290.753039275643 6781.383533755947 -859.7072943707863 4346.0506914209145 9117.899139496712 1721.5055781176216 -9922.978989322753 9994.741791508597 -1360.208560422434 5921.71733548918 5570.01830476354 4782.551649096722 8566.731368098102 -8513.053979921493 -7713.114373894931
-4910.075485065946 4922.570412292498 -9872.105111362567 5791.137725480279 5008.166403834428 -4389.104957138264 3076.9246143171804 1066.3268626535482 591.0166951280771 7714.686021546295 -7797.805036039012 -6067.469131921097 9634.476312886058 -1235.4079156901626 3952.0668749574725 -9627.110426406209 6013.978119263509 -61.84670477073996 3395.8069599629252 -4453.956750593249 -8072.764065492223 8121.250217947021
5094.86144438321 9674.82279015272 -1700.9144824244831 -3645.4868371658367 8167.876468251085 -4409.54547473017 -7471.409115627581 -4325.710014187016 -8245.099976541507 9172.104007738155 -298.65369769191057 9864.964379977213 -9308.056190524256 -1710.5808437984215 -2185.811730370213 5779.741905223318 -2718.997475758034 5316.180888142737 -6012.788070070686 3777.067366558833 3246.9947524026284 8699.025532721676
-5028.95586688709 -4267.622347547602 -7949.772676615918 -6337.0460070580375 -5966.733950767844 4421.441655971337 5564.319675922454 1454.6727171862058 8796.0816120419 7060.192740295683 -2700.0652091625498 5563.707062720669 -9937.992392923934 767.5923042217728 6970.444639833477 7249.212247332831 2742.4708476316046 -4793.211031787996 -8693.95065823895 -8531.47730629162 -1921.9764477808358 647.8154105450012
-3049.128816922417 8337.303785435051 6070.702956047167 -5593.167996155875 1898.8084272247834 2097.039655895993 -6371.880519129009 -5471.454239844009 -319.25699573489874 9237.221259315604 5187.432891737726 4875.735914564573 9379.68571659413 521.2435451641668 -4742.420942901762 -6231.057783892466 -2300.413536881955 -6031.2125689523755 -9025.005260592749 8083.711074961197 5812.470063549108 -8948.755153512047
-1448.8452710374004 -8186.47681951028 -364.52565804306505 2660.708513571366 -3840.5174715196354 694.5046287195855 7330.667921541502 1180.5946127839543 -1506.4773419063276 -131.72995459943922 -7183.80357098261 -3423.5216216844337 7765.43885712546 -9109.906061849882 -3609.6098360790174 -246.93996868731847 -5230.830315871864 5826.526641465422 2492.020766361178 -4423.502408469928 -6435.636781622092 -429.51216098437544
1546.7664855953517 -6850.479395311628 191.54609505062763 2036.859013253823 -5158.205903228967 7442.178776039051 7098.8245299141345 2677.1973560832066 -8161.406356753096 7104.973167398839 -7174.190236688441 -2912.555482054906 284.3943960081342 2716.8436472909652 -1881.6934262578088 -5307.047910107534 618.8360661278057 6219.643300070789 -2386.1795725516586 -1914.20241638679 5359.973898947599 -1912.3961081521675
-6658.265974305939 2827.648657995589 3738.4777752083937 -1422.4002033425204 -2020.9708836064547 1315.7311329269069 -2390.506720579442 1720.4813436418917 4615.814594742442 382.63275753311973 -287.87585347863387 -9325.594309512773 -6548.253772080601 -8336.935208379506 1775.2398160153934 6145.587763940059 -6544.574618361254 -8089.752990606727 -2111.681049368346 2706.9963238986693 436.6289114341289 7973.917846513086
-5928.748402331987 -1106.2123210066238 -9708.924497480668 -9939.104987530496 2992.414355654966 7954.99912540627 7507.417454268962 -8778.115115932022 620.7525198876301 -1328.111419857767 -5627.958610697301 5723.2555419866 -51.20333864896202 4315.0786956329775 -4131.920021389672 7051.025353838897 -8726.124791114773 -6466.8478281200505 -579.6292498692019 -3393.5057633678325 -4245.6523784611845 8119.514988284063
-1575.1774208704883 6707.609677463966 -6750.127001809392 3243.3913965495904 7337.740341768669 1810.5365480854634 9449.257814413293 7769.039785718007 6955.782074396389 9632.33752595455 5826.706624523806 -4228.329695974456 2800.782405639333 -5551.105999203787 -4170.61874502757 -2715.40404840855 4236.755612129431 -7744.8345540294695 -5846.7612231099065 1416.9216678513803 -5624.79977046112 8517.991845900553
5873.003281464989 -5166.280646874151 9677.867813685854 -3911.3464700889526 -7365.931116793274 -2236.7313475601013 -2288.408427599573 2450.3919664013483 4579.427935095451 2240.395010670909 -1674.4196063449872 4436.47829334412 5249.414471580534 -5187.822789136014 -3589.2764943672973 -820.9738988337958 -4179.995896472817 3898.125958954004 -3492.9013456034627 5916.592705103769 -6459.338910490686 135.18062522537002
5748.25027589616 -2632.9041032683745 -6664.23371686113 -348.4495290589257 -941.4565041642672 -1429.3045101324515 1717.8592507187714 -7104.4757188047415 307.2265283410343 -9301.950616281945 3165.4147107540866 -6764.503630129579 -7480.645492396869 6697.702752336994 -5261.656507843917 -8638.415125096097 6595.8531838058625 -7898.975642413652 -8894.907913514338 -4010.905534837979 9317.766526869236 -2348.4696882827575
6801.6464779687485 497.88784533869875 -1482.827749621767 -3233.853831784466 1741.4795972178563 -9504.081486254918 9785.176482659623 -8856.06590185632 -3964.240917947641 4936.600933205555 -8357.922994129945 -4478.333294699106 1832.0680910273459 124.04026501351473 9311.51906230178 666.0713816183943 -4566.488569597089 9923.039085233431 6956.821502975199 1826.2734334964844 2863.9585170110586 -6901.647662513193
4802.41747920661 -3468.0613848562716 -536.3619258564049 4706.4564473890205 -5378.325534589237 5188.610853673905 -5446.057412189484 -8166.910093601407 -2858.5292574291543 8457.054626772217 -795.3397052263699 597.9314773868191 5327.757316485215 1366.6644439786687 -5846.316441286907 -7494.9302740659 -8382.476855876908 -891.5076613385681 -4419.98890245852 6845.931570811172 -4748.572317997464 6586.967968513218
5081.739327785186 2931.3007096318834 1689.7519186067439 -3709.097088046209 2619.1999154072073 -6452.445314019741 1231.29412925032 -5627.462191017598 -8261.388336305072 5288.278199650489 1800.5513728033384 -965.1849352542486 -2452.3432908871464 -7052.5396796766145 3159.4919969896364 -8878.163940171882 -9093.807606617282 -6119.491889562114 3078.1876335848465 -6780.831864878504 9372.451038497627 6002.319464439997
-1671.4485010300905 6546.432689231864 -3550.643996491951 9627.360937034122 -7085.9526374352245 6137.3714299153435 3829.344048168272 -5258.197848283748 -71.94168817623358 341.4356155514106 -9185.127959987018 6782.815409649724 -9353.255978839343 -2980.5512980725534 7329.270601025586 2996.835448140513 4377.135452378976 2456.022703036473 3766.859607968683 229.30027911780962 -9615.795498055197 -5976.825029184667
285.49564285108136 -7493.075956168281 -605.8613350257074 1074.722850066808 -6752.274365589674 -6825.4358521173635 -5047.904986416823 3387.7214454233435 203.23626928317935 -239.37808523370586 -5495.64811130185 5069.5533930363945 3203.0858616044206 -4797.031213527034 4354.610404491317 9685.510389758692 -6035.701932638944 4965.407763247735 5963.1913524915 7896.047605903073 7660.183746376533 6640.51482351646
7585.148772648601 -4591.473429878505 7052.184954743305 5979.231216304863 8816.666945886736 2923.523138405715 -8750.964984720826 -5858.17553276115 -9067.985171225611 -8107.028836947267 -96.16282995850634 -1875.2367091286533 7506.722150699294 525.6677045848064 8146.360272933445 -4350.844913152981 -7378.318454588087 2468.5184547989957 -956.6477548734383 7733.468499549046 -9752.901222235416 8319.716800066188
2829.583156372966 -2336.9902103461636 9247.314155534601 -9804.820408523294 -4189.545346713732 -9800.402962089709 -9325.538718899747 -4214.93145538512 6606.5427379042085 -2860.297311465012 -8096.768160370831 8109.454106128476 -8936.314292265663 -1794.4734793722182 5051.046732528495 2907.1609615090965 -9762.513256473627 4054.527956038555 7133.352119849951 5268.589128281186 -6326.849228675722 9589.011890074351
8934.933354940636 -7940.772077717453 1683.238876585534 -1141.6156389457283 9724.756052394507 9250.888252815206 7898.003033794095 -3751.6996569985686 1421.4496999020448 774.1273711690083 9618.148779477116 7141.529491450394 4570.194171442417 1663.2518161698154 7556.551746059962 5095.242342883448 -993.5799636008051 -4218.1622022249285 2509.7152028382607 -1157.381113306159 -5887.793082435353 2039.4856573925517
6125.306006688532 9284.187493408623 6871.400591058526 2118.0649468132324 -854.6388392688641 -6104.716327044839 6809.340391643094 -3347.8152634939543 -8495.27746109337 5383.243037038426 2552.9453025937964 4732.015800763618 8011.242157216042 -2715.1402309483583 9318.275237268816 -5940.843806717758 -9243.227881783356 2627.655063878421 -4364.023688381109 5049.787332612035 7235.7358514473235 3479.940942047013
-2978.1445046480167 1012.5083532939443 9186.660292295019 -2469.8484415175326 9540.932424764513 -7791.305138155589 1366.027969448738 1850.859182694796 -4837.9831677980255 8846.407392775069 1489.2156214166134 -90.90394590379219 -4109.883210887031 7493.455525480007 -3069.0044647761215 8335.862866911688 -2494.254489613374 1162.067560714313 -7302.436255701952 5203.4854007930335 572.5984140887613 -6970.244814545128
-9863.707219647966 -9474.993260742353 -3479.9882206814555 3716.056158576357 6044.18934577849 -9582.28462391566 -4075.9756670529378 -4303.310392316493 6895.431631460622 5643.764450440056 -7296.549908302859 -5666.413298430261 -9650.858756722459 -8244.990057092491 9771.16735440856 3177.972926487593 2706.5166582082784 5829.535219562958 -294.3235779335391 2624.346532859643 -3209.082539267032 -6049.40954012476
4114.856381877013 2092.0866998345227 -9169.935635867916 -5560.794036610748 7975.455003768297 -5434.221102722643 7677.251915140507 5852.575251665465 3920.428666754602 7323.8901407834455 -612.2345660188839 -789.9791857443743 -5359.441134353784 8239.72035178772 3703.2663967346634 3017.543657204609 -9203.697769501028 86.61670137771216 -8543.32932410931 -5466.189629855343 -7324.418906912884 1077.814228237923
3896.216706563664 -9115.621819894026 3189.076099711827 -6015.190267745889 -2562.0725396928683 -3927.178946339154 39.15061877761218 1865.8069402615984 9678.556885159076 9906.401648075189 -9235.560707997925 -9933.834310782135 701.0722239243169 -1059.4164097039975 6215.612506611284 -7561.082674926105 -3346.566077357229 -561.8438082365174 911.1455508974232 -536.1239465516119 1131.5969407856192 9536.665022570676
-637.5408286372895 7314.534983861864 4944.545894871122 8699.255730402958 3553.0485428910597 -1412.022625541089 -5917.075558456523 -1711.4590293060137 -8951.562715923032 -6621.209524796723 -154.39721550646937 2501.930418790984 -5428.886032745095 6936.982710581833 -3625.1357300321006 -2993.6152521145723 7196.744405660196 9655.214344002092 8232.542920725435 7368.29789655708 2894.512788140755 -2446.377685689811
5688.365187143001 -5020.97498900637 -7081.150136420045 7471.09620148073 -6052.616288652243 -8488.282698437382 -392.034940650894 2934.1649103437685 -2633.1534338589017 3920.9206357134626 -9653.933966856472 -1705.4891125485865 -5580.180799408902 7109.432012334983 1889.9290626506954 3755.7148246462475 692.8081937725055 6391.383629811862 -658.8939186852222 8331.079240950858 5844.2044621608875 -2090.4815095415215
-5914.896443843534 7396.765674367198 127.04067825057427 2907.6326360950407 -4359.751758483652 1496.1623608094233 6214.889345073931 2352.465143838441 -504.11259318276643 1851.6739413997457 -4855.526359560067 2501.673407207616 9754.569759064794 -752.3771559498164 1765.9328109875132 -8222.950988321094 -7803.969233870461 -4506.280322853131 -3386.163727907694 8344.990539828592 329.4126735489608 -8014.925890460298
-9009.628555238074 7946.642761963496 1740.0358561748035 1770.9083855018744 -226.4912935172615 6018.573815265161 -3836.087895631351 227.41639037433742 -8608.529090966325 -4606.840241642298 4051.843478359693 4883.5602759185385 9042.531372060526 -2944.854497065974 2545.764928079814 4022.8632585297455 632.6023829941005 -5398.018230223345 -8440.388263485595 8947.992191016237 8647.382091287738 -7877.859288896496
-5316.944248473432 -3937.7133092000086 -2300.1219110771844 -3975.7760792917798 -8523.198486705222 -6195.835562800469 492.7787849198521 3253.2638847950457 -2011.9020683854224 5062.849362771774 -3771.9752695402285 -7488.3896936448455 -5751.231431566884 6408.121881457282 -847.6325265310479 26.45661069207563 -8929.266579889318 7419.784379832803 -3907.3501326103587 -4156.4478672353 -3400.8338934205476 825.2884749456498
6984.770482597836 60.04246281968335 -2409.4763539969617 5158.856699002636 -5305.273898792991 -6139.8360690309855 -8390.761362282003 849.9186054042802 -6910.618091120741 -2562.3826765084214 254.49139024489523 8646.213435907895 1006.3286888120238 -4464.536123466598 -6488.392655808406 3491.5534808897137 1814.662183345261 112.7354511379981 7364.257514468041 -8554.58310226049 1344.9131167144242 882.9958229207223
-1823.4961136089978 -782.6108352143128 -9517.212182530075 6371.874730967973 8634.653593907384 5.330918985309836 -4310.57564041458 2582.277654417334 8550.559465748043 -8467.056392302056 1745.176842646366 5299.34137996463 7078.264624908952 -4434.783178323676 4621.612590346722 -3994.398060674229 4487.079739092438 -8726.665319295482 -3241.919066052068 -9108.355028247417 9275.46596960815 6642.065369028402
-6083.664767744673 7778.095460862733 9734.094155691932 1882.3975107116148 3961.0582000645736 -4985.440935798766 1652.880753236479 -636.7010556782843 -6912.163491436778 -6326.121115939071 -4922.955043809047 2106.8645828631743 2153.1991628649776 625.5606252990092 7118.24582009052 7941.3927022577045 -6772.9960300370285 9344.362721802976 -7875.546851328565 -1516.71573594029 -3468.3019936684077 -2627.619701466361
-7639.571528889273 -4234.766231026639 -6985.965398564689 7676.555506335204 2138.0654851782874 6614.949655865123 -2461.2733092545504 931.4918641789591 8205.308052986391 -9614.146082360176 3469.0691764547537 -1832.874660848831 3039.1480394480022 538.4348566968656 -1362.3980583800876 3769.074761065802 -4710.3635242951 -6847.525598507278 -9508.405928701708 -4248.09133975216 -1547.7098091385087 2518.7067786144635
-7498.093668678634 -8662.127279908265 -9601.763266245043 692.8792133935585 3787.7919361682343 3907.415800891329 9202.614058366918 7673.51316708633 9866.290529165104 -1751.200874140006 1616.0617124471173 7093.055725263537 2469.391634440659 -6900.747195722707 8156.45565290342 -9739.923043932633 -7527.200881557679 -1239.9096894237264 5533.187792517001 -6699.959091339359 -5215.782000704974 7668.715526220061
-3893.5456048273018 -6700.504527455145 -525.1713024121345 -2234.982094654488 9114.50555178239 -1378.8265450693543 -6518.62299856649 6604.922947499974 -8839.851826849703 3442.951750295648 -7739.55497343108 -8855.991064934768 -7673.172720347532 -4294.474477713148 6978.988539723156 -6313.070156688691 -1583.6449053988872 3328.2734200007108 187.677844400323 4439.528400517551 -3196.233420514558 -1382.169807081009
-5377.200763620413 -8064.025778772583 3056.761543759745 7261.655859418715 4982.054733248642 -5461.886641208551 2811.3388111133754 5729.789356485302 5437.840364945259 -6432.008511713682 5734.324271409736 -1268.179106735619 -4774.26197748462 -7654.293227630733 3735.5390725188117 -5802.726082112408 5012.14148218031 8312.708509408425 6727.064206563795 -6853.083123534911 2322.3201114644307 9174.449646231467
-7452.632128187346 -2264.0108203828822 7646.444379785535 3918.6588349985213 3156.0547291695457 -6366.932471102267 6320.738451621188 -6088.297150824817 -9245.521992218448 -9371.374504725838 -3569.6575518155414 7932.909172012482 7079.913326134389 -6013.012358565211 5503.051344895226 -4253.416746425031 -5702.003348495013 -2093.87553511859 -2213.149400255563 7161.4760937615465 6118.66057436168 -2607.191135523978
6392.740233774712 5833.913238722464 -7721.053618266627 7685.121561406995 -9336.815567831847 1940.7122860928448 6013.097217121349 6933.861850846617 -6909.871669003276 -4631.415754803496 -2138.031580205353 -1006.0579169208086 -400.78770020132833 -8774.21734346127 4072.4625679808087 -4414.531761226841 7815.531884754459 -500.72101869098697 -3812.61925132284 3188.1272440106895 -6206.1671457155 -5097.451745330101
-3289.242818617131 -9527.13298714293 7512.873974329857 2494.939093081699 5599.47294865806 177.30301097097436 2860.742580678745 1557.2068133913854 -9357.184948261609 -2424.674620404686 7586.164977395576 -9353.04975097423 -8918.017034200795 -127.71466857235828 -6644.1603387310315 7287.895244664909 4576.177924106712 -3682.202032189274 -5977.456371014702 -7132.949691439619 -7923.48637452017 -4505.755834617274
9728.582762595674 -4034.725194150097 -6683.731255362611 -3938.1768671880745 6401.368082242723 6495.289003377409 -3794.6937793481684 -3490.071407756066 5081.46008198739 -3235.0362310266955 -3650.3978680199543 -5092.4809531007595 -8602.862695061312 4616.660898126971 -929.9823182737782 22.281140110491833 7483.126894570723 4477.799023664542 -4179.14473323747 -2123.221374263495 -2720.7049525739976 5181.143111016045
2497.859336877984 870.8783125886948 9636.105271013399 7348.532704929748 -5652.510949063221 7511.429057747413 -7823.5131903448 -1564.8744089811735 -377.6121336012711 4296.574736758119 -6617.585995620057 8345.896229146136 6374.033766092543 -9925.983883084007 -1448.9585672223675 2262.9503048664355 -3501.068456695746 4507.714345925049 -7890.378585592423 4637.508845254939 -3071.331534850812 3996.7939006823963
-2968.5095220972626 4372.04550770648 -6404.255695376244 -6281.0435584138195 7545.8361109335165 -8282.004887974414 -3790.5847766529632 -3346.7169469733717 115.21967861160192 -7421.207919095152 4599.042259206841 -5042.860670099818 -3320.8190872193263 -1950.1740301295704 2504.4973275529155 2666.7359946224897 -4640.984210505215 -5153.6006782575705 -427.87091892820354 2476.2279977778962 -1309.4389177622343 -3103.585016436128
6691.683577811484 -7829.164271307858 2136.815830183852 9.602323338323913 -6066.289736947206 -7568.604886734398 -828.1672460515128 4876.468954176749 1137.4289266377618 8963.429412081729 7616.551714976074 -7887.484055830356 -7447.806094502626 1261.2809085682911 8831.014810748184 -375.3615912562527 -2250.174351735348 -1598.5636481860638 -9041.309061782587 3172.9853553218873 -8659.14583229844 7150.396955860222
-1749.7427233643757 6437.69512012192 -13.432868205673003 2462.452179974858 -6866.523178611455 8802.928030015068 -5994.728015876142 7284.750562342524 -4135.274499674942 2824.373855313199 2408.0109678756417 4065.710360891484 -6987.236366098937 -3692.7703626785787 -4309.68717851282 2732.986698792265 -7850.773812033578 -4573.643891446708 2494.3964255278242 -9169.71936251618 -4919.4713003864845 -1508.5160151329746
-276.1170820112093 6043.134005528778 -2158.5456331652604 -7169.695566049643 9809.342214208911 -7464.895766575717 -5917.640692360855 8444.021406823078 -5828.56051734073 -9415.765758889303 -6859.254213211001 8587.478031231658 -2753.602306340239 1126.8103108961586 -1926.7230413329207 -1299.2810748983866 9367.26292431881 -7166.755468338122 2822.6671956855316 -8811.912636505065 -8587.986553547673 9679.192778179699
4390.306303793503 435.08061441874816 -2667.3563123569984 -966.927136293134 -4158.90478540941 -5124.595369417151 6465.994674567246 8819.420525514877 -2231.590213432246 9246.842058917886 7000.365699672449 686.5227971921322 -7989.30946298646 4554.440152769932 8482.738849067911 9146.476685583344 -3486.3732509038628 9467.11410133542 -7244.965133434642 -7301.722570805045 167.66935139641282 316.39633944364687
414.1279719709455 3270.7264612164163 -3425.716639238094 399.65812770153207 -3174.125009515278 -1385.818759930151 1357.357349703132 -2486.9217701590296 6700.469520102408 -5007.391010763668 8990.302164873603 -4656.171155281021 9546.812170893169 8875.5172444329 -1935.7145419416956 8932.342845415838 8575.265013317618 9195.30609503289 2757.4228236388244 -3844.7133205414666 5187.057945674467 -7332.745394185103
3643.4429594196063 -4477.191715539888 356.8291438765518 -2356.7705343066136 284.8611181700544 -5311.078212029612 841.1729193950086 9808.9355388082 2253.506249220809 7246.736617529561 -1850.6970283188639 -9408.96213264686 7714.017627630255 5510.0550686677125 9796.854957671796 -2108.5102212695683 -8672.658988039246 379.54840524028623 -5176.1224198182945 2123.4349905908275 -92.24252351097675 2406.359571073959
6408.850767761531 -2291.7508475630502 -4285.687354620677 -8437.276506714295 -5395.976353523432 8680.521202146734 -5895.61855762506 8890.907830246117 -2206.230869037029 -5086.599441096438 -702.2889748151665 -9737.078576254336 137.62654552206914 -9563.227938450642 -8097.394443253478 -5138.768789700385 -6624.852850804798 -893.2960070119025 8878.561666140886 1592.2396327415408 2667.034821954383 8337.632381977586
-4628.382119212934 -647.9076588350836 4050.8681683527902 -596.7469915291713 -592.9581220401342 -3494.085253107215 1457.2225737910776 -4332.017194962113 -4625.898472874385 6750.146310478896 -4680.02103326038 8312.1970154989 6023.996097517116 7720.132072957305 -6175.6050069221355 2115.120301914296 -4148.64257252994 4224.219061368067 -7413.717505512082 2970.5180353401884 6409.728497003365 1091.233982054755
-5200.941863193911 -5943.631565489413 480.2706655048678 1961.7785534796822 -1180.8313408215163 3951.4623785097247 -9976.529751417262 5143.447927637519 -4561.197989965098 -8162.2120346961365 1781.3545188809785 -5684.666521762263 -4612.187143107846 -3711.82491219646 -2611.308960305787 -9471.997050899501 3911.868341919673 2420.566190131436 -908.818406150358 -3521.00706021359 -2854.3406789430037 6077.679857823534
-9954.176568207326 -3464.432853092554 49.595911201187846 5036.28252934613 -2515.3736101955483 -9937.19694932661 8278.359231265786 1960.1993158903006 -1934.4240459420043 7739.1989974237185 -3063.4909400952592 7111.905885776669 -4767.883561474875 -8119.426740569284 7059.628537887573 -2340.149181999671 2887.8859269073946 -6563.362743410225 3580.1725725808374 -3979.928564543713 5203.298045418134 -2758.3068560830416
3335.2416818706533 8035.2520034566805 8077.598750796104 -1134.1721480809483 -1431.6668527425172 -4587.5749918653355 2241.4363181191966 -2788.229368379729 -7042.85901485318 9766.512078347045 -6683.05884593812 -468.89345273172876 9107.297010870861 -349.2832966152637 7156.851788031254 716.2001915935307 6651.686395719975 5234.4921971700605 -7018.325986017348 -564.2133324838869 -6420.710209219487 -6583.0953539187685
-6601.59174538405 6307.792520856019 7706.356621444429 7734.460779466819 -3956.9708059838968 -3963.970942198911 7174.331062100904 2816.3736905128826 376.0851271135962 -5077.676284301413 2210.6669287386558 5532.408329323358 -7236.205284172869 -3807.866933546804 5610.459810641278 1604.1778269816223 -1115.336325948765 -7972.99321861908 241.25296412855823 -29.87650332170415 4010.843271895217 -1011.8205881964095
51.12585075809329 7170.221076146834 4455.935056715545 7378.389950548037 3819.581066792878 -9383.106319392089 4376.444166700952 -5613.198051042965 1700.0180263754155 -5446.17527815592 7529.770661936316 9331.807878149553 4572.1001742349235 -3376.325876758453 -3928.4174706763224 4824.399857791106 1357.3084876643952 9007.246541652814 -7726.513605661916 9830.838654232659 -5819.136601172867 -84.3833458365516
-8472.032731917508 -1010.9298510511344 9338.147343719691 -4321.143984251794 3075.204912047433 -1284.441951696048 -9274.579699223883 -9734.947419375085 -2542.822417311748 -9627.395483661303 -8989.893062673382 4468.00571155473 3645.388812236326 5907.804295302292 -1506.776213065279 -6128.697524689528 8195.889295434776 -1616.612763120891 9891.139742614934 7042.9144954481635 -1897.036167528423 203.267524465291
-9938.11220067741 5951.110426711954 6477.408482102033 3349.577971403687 -6166.9595054850815 8026.358826827945 3531.47263808993 7626.069938669298 -7890.6724241502 2191.6356493536878 -8854.150390602379 1620.8493750277103 4143.784329522114 8113.780885297587 592.7677860277745 -3970.280366931107 379.122625280761 -5261.409576481804 5543.828601959227 -8135.365336739333 -977.7404962610308 -3671.8571921179337
-5613.986698582061 8092.914479354109 2424.818695710497 1653.4466517412875 4581.758788880468 -936.8014921336617 2148.0190742554587 -9883.263813868289 2161.69588981008 -80.30312216736456 2140.054802475299 1047.147972881441 6429.5903683542565 3100.61056720962 5086.40451954494 -6814.66565002712 -9739.988165031613 -8683.443497931468 9420.161528763023 2041.5224053638958 8059.892200798808 8830.455626019528
-3003.668393991541 4785.778620966286 5379.908496713406 9268.135365036327 -388.44308842215287 8687.44847529109 -6287.885595018876 2651.4220115492626 -5074.1531328182355 6904.654218784366 -8249.449318414756 -6495.927109339852 3367.467384979738 9367.09461490679 -308.3149641422733 1812.7157210726218 318.91460383377307 4171.487790220222 -4013.378331195814 -7066.0324291929965 4127.450974383335 5515.239843915859
-5492.997277269136 -8023.108565020787 -9208.346152791724 -973.3396203846587 -3089.785655906885 -6503.355357244558 7154.598000489299 -4593.74686090688 578.8668699977097 2488.345894489139 8475.331957517785 -365.74157407642815 -2255.506182054587 -5907.704071689983 -2677.1093619774256 -3664.307943699374 6936.04283596453 1547.9830989839138 -1327.5389787025651 8118.0029935405255 1569.4192764158015 -8084.835884876245
-6088.418276305985 -3047.3584169631395 -5710.08934706628 1058.6766407314972 6755.079768935288 -1830.4970752778236 6624.066958415162 -4513.636008973638 -364.1277956984759 9109.95989933671 5133.096463207474 2855.486399697562 -4185.571498656069 -476.9048859809682 6815.592949867569 -3839.7665169454795 2436.8121755961165 386.7882156499072 3930.0800430246327 -4431.946762981193 3274.5904505806793 -7828.924754956064
-5628.479121679248 1176.2047760884725 3655.692738758 -1965.858684926944 4144.850331406473 7635.686648062358 9491.527212690125 7261.92200935131 1738.705818543389 -8590.38536840951 9235.50830529127 -4037.5530377499035 -5991.15511744353 7680.845114374533 -6314.953911071068 7758.197796676672 9953.914142942212 -27.16799392530811 -3498.5919199072523 5526.617104157804 6581.650752022946 -2452.619236333633
9618.210267178678 -2577.7923629771694 -938.6817101631877 7932.924109352061 -3848.837110046801 -4735.580184483112 -1201.4778855730747 316.4085517670519 2273.4279916112246 8624.230658377455 3109.34891831405 147.17466510004488 -2250.3354677244624 -5880.684854260485 24.917952547479217 9434.50721707326 4850.550837066363 -8995.064293720501 5285.957997654272 8429.554302349181 -7925.708183890998 8327.378857506526
-3841.109441221264 386.68917605965544 9012.062201477504 8707.207707038186 1030.7683899950734 3119.5899601473557 -8225.967500671672 3914.245943565991 4325.769310188916 5475.370453547459 825.2511208329688 -7024.2963928676 5618.045390334091 -4504.1103156596955 -9937.894298605619 4302.118649274422 9569.08425327923 -7653.8624233167175 4410.096942167949 5352.318122852055 -7463.005641289374 5915.288219116601
-9709.130190981377 5105.837003527522 6806.327360273899 -8223.452914182144 -4738.3243438160425 5764.09681141872 -7781.217067647134 4070.759951734808 -1595.152357563451 3366.2510456665987 9563.887740492275 -6668.465638283376 5765.734671555721 5565.8116256384055 1279.9050655668962 -615.4696648295067 -4407.1841617224545 -4931.453504099899 -5659.426581584235 4198.41749897481 -532.8021230594495 9102.46193346662
8302.646018964151 2706.0052783885894 -3655.7134299480776 -1166.0055706620387 -5390.861298389642 6791.54734846027 -5628.484165215801 7196.079773109075 -9725.720591807936 -206.84699245612683 5952.145948033531 -405.98872472516996 9689.203477276878 -8055.587850468391 1252.4667498230447 4265.407137614953 8680.463659950627 412.14997116771883 -9541.18593208513 -4869.71437623895 5169.709379090091 3686.0263573255997
8534.626283806418 4537.806805428703 6703.754177627776 9027.09485358564 -3436.461359199796 -1514.5238001282669 7055.780466107415 9499.745253446585 8961.265386778909 -9533.820608003889 5342.158443118224 1832.8554428818225 -26.293334256313756 6214.257408555146 5535.246487345685 -7488.141916744493 -5730.345791183487 806.0621634077488 7092.822226981065 1022.5039951948256 -5836.90641732619 2126.9210364610353
5814.053017780443 -789.3609261362599 9454.528542770411 1426.3945948584114 1819.0168833601056 -705.1212179881477 4481.894312498618 -70.43015741738782 -2654.5164655624885 4536.318455886998 2272.2707457266515 7336.367320343383 9287.90224533058 710.403204126118 5368.968917906692 7298.464331944164 -8153.737870703024 4466.869688294515 2046.3522737637759 1721.3102261464846 1197.3512997947437 -7400.444537276998
-1058.197866289398 -8023.684834804643 7478.207053476894 952.5299341087411 -6309.129879252974 2923.7392511338985 4124.694266409751 -1532.3755275165004 -339.5763675506623 1.9844792265867 -963.6669024519451 -4202.310111387779 -6954.683717201038 9931.74158901081 8259.028810557309 -4598.48022419149 -3201.6715153569057 -5795.016876667507 -9970.993682971599 2787.43292496078 -8966.515550745153 -4365.773186055763
5.339963271695524 4951.692699993107 3331.17880460804 -4924.294504737601 -1531.3621004536599 -5477.282206496412 1292.7734262804715 6633.465100622827 -8298.965648087611 -9664.622372720543 4534.662407374184 -6087.117472042755 -2606.5248515211833 -1611.8286978369324 -464.34823090667305 9337.214540316094 3740.551570071837 1598.7251813904204 -4199.06906031887 7224.759156196404 -8361.475630090918 -8922.027056259203
-6158.496764579731 6244.894372231491 8329.797753204919 -7845.153405026229 7727.543527597514 5080.692543068601 3035.7325777218175 8509.711135233556 9802.33904560062 964.4288735276659 7366.8103750123555 -1930.3646896716928 9104.989280685877 -5527.331270199807 -1341.8717986087977 -9712.03354312093 -8366.488042889869 -9121.475601212049 7777.207436633613 2735.905184461213 7751.877102948878 3707.660545975961
9835.708809875177 6628.367004520314 4154.850143743868 -4311.457481184211 6372.386734088723 5330.612277904871 763.4342367233512 8730.379891592213 -9679.618088190991 4890.679643790723 5912.119976046466 -7945.996378997817 -2979.310798470323 5639.531472016584 1574.3013668444128 -2582.186771932091 -6783.241445051056 -1898.6118221806446 -3741.4357185975214 -5451.901211450416 950.976222821102 5249.72892394556
8489.235871718047 -6057.743138589773 -387.9754540666254 -4136.359857771499 3682.928884409197 -1275.447988874319 -296.2561828599555 -456.6146363529497 -1786.182938110076 9288.618724541477 833.0711044832515 8082.2282250208955 -9493.41811354671 -6239.953046841242 -5005.200483421899 4365.064314745177 647.4217949029389 -1727.230956501935 2956.9412430008615 -347.0860226523455 -1182.727379653994 -5247.887036335932
315.1290279466539 -5802.583268010195 -6276.596146725137 -9040.174540904727 -6278.4263097997955 -1512.9199479656472 2517.5697192744483 15.591762012587424 6530.8914233965115 1166.4164433558562 1324.3025435734635 8591.863569303572 3797.889762548519 8470.889432070242 8139.9463037967 -7649.010001754826 -5198.636605594167 7513.465380864236 -3065.0703587600583 -8259.905117015345 8163.425725081022 -9263.380900874661
-6611.981838364425 8047.592836665768 9695.75133329726 1016.6570202586954 -6278.462807218499 -4456.207654570281 -8803.105230924584 -4396.174869116876 -2611.9737136955837 8695.085711827742 -3548.2659570211326 -1557.8517095329335 2531.2788888920586 2393.065583507161 -4135.196258423717 2213.968417118869 1462.700295645427 1044.6837854743226 5464.131262830644 -3256.9390588290516 6889.892794317962 4902.700243564152
1434.6216287923053 -5650.463392815732 -7702.7573810958565 -9058.223894740666 -7082.137622319145 2462.6162419479897 -9983.045400268744 986.2155074959555 9327.09269892663 1333.0302942347607 -8737.365022805956 6322.638649552111 -1258.7728512916474 -1084.4272778786144 -3646.9659773764106 -6300.028158297846 -1014.4336507051266 -7715.024740305556 -155.29957313771774 8130.903524939775 -8322.9322480729 -793.4905124338366
7941.218199576957 -6713.608253798209 -392.5849184027029 -2590.0056236319324 -8840.04650567593 7491.137183425053 338.61998888494054 -5570.6767956759195 9866.84178592248 5343.0090803552885 -2214.0736495487 -3024.152979860837 -7481.766321147974 9973.723343389414 950.4388995693898 -9880.039735417244 -7158.170493584317 -2819.9899473944943 -4545.535157540706 -1193.6326737007348 2109.6689367029394 4925.686194202401
-9156.322779917879 6668.713340101247 4294.7353154219 6882.954583741455 -7089.787792178615 485.15823123874 2023.4074677458739 -5448.852340041876 -3682.5411408664395 -2164.1981988677817 6513.197775706703 -193.69310634580688 7035.035762562977 8919.164689557056 -22.409997092230697 -7750.974515806363 5450.407468488569 -8966.892648639036 2233.8453283679955 5689.027805094054 8043.215707060299 -5956.873178696187
174.71282506309763 -5039.786676374191 -6909.4493138922535 -1570.7748804212715 504.33654383008616 -3288.626178017231 1073.055840112438 3505.4532867293274 -6302.83749394099 992.4876857248873 7204.535887897055 5969.666933323133 2131.8985430928406 -9057.586816661616 880.1304456165944 -9866.36033960987 -1477.585191151631 -5640.0061225737245 -4474.928158478601 -9789.17481607526 4487.158983575993 -434.25294272473184
-1533.3796648261905 -2366.7529959462727 2101.8140453424585 -1264.201647827811 8208.33361245662 -3017.981712182891 -7727.617996912615 8032.739241028739 -9263.688308196923 4068.032118462561 9276.60337005058 6796.425455410259 2869.4212280475986 1118.0368109630908 4064.200949077487 -4377.380373197912 5948.707613196311 -2701.735960952956 -3005.9366296557546 1886.5627099186804 4566.110489462897 -9502.075393644289
-9875.589186939238 8551.039392600502 3472.4298983518984 2370.5971244071425 -3150.0001719768215 3217.310381336052 -348.4345961964391 4372.50585792277 7342.594499393417 2367.085634093608 9263.697550409943 2558.4848509555886 5498.928741116641 -242.00978655875224 -6596.895575374507 3263.064951676104 -8256.009684758925 -7912.789444971191 -8854.470735561581 7169.738453472852 5511.00283688522 4239.553756060635
3296.995550798287 9517.222118276884 5680.176708859277 -2664.9672972369535 -5202.3596989582165 5897.652682830527 4638.869062412454 8748.335966444141 6297.458776172103 -1601.4132208350711 -9913.595867158001 -1431.1094348632469 -5409.137168290034 969.6942171959163 -8539.528779283013 -114.8114984248441 -5676.52151089645 -2808.0715531218757 4837.595757674182 -5379.958399258433 8205.801879568524 -8718.253166297705
-6552.860302686585 1882.2017341845058 -5638.5190565519915 -627.3058846610293 6802.918991034669 -7677.7949987219035 -5276.598468996914 4396.127206533525 -4544.536225944842 -4616.397228003719 396.2522425488096 -6024.9160921118255 -6463.594362835418 1025.596586859896 -9597.484175196125 -8664.967719418433 -5474.854592203251 4607.372016492571 1361.4134832218224 4764.096280026706 1.9888188625845942 -9816.465303334762
7333.638801132729 -45.578330085359994 5112.280897659868 -6871.913450598668 3602.1385227758237 5649.930831617343 -9711.170331846077 6240.059219914845 3544.4280852471675 -167.7660860853539 6294.4163727985015 6528.259829701492 530.1197209033144 5174.656844577852 4107.935472730418 -2652.062190302293 9759.505668684575 -4962.5014222802365 8015.260668801508 8774.391429978532 -2946.4235585109154 9296.50540654895
2849.2334948169664 7505.844417883483 3104.745491897964 1891.6592926925277 7911.621469779246 -5272.676375467558 -2201.5955762164685 -8442.459629021396 -2961.7935244802093 8066.823650188657 7695.777496316638 3320.1045069759784 6992.081412242762 -2888.8663233035913 -2204.8083147442285 -2592.5788931960733 3061.5621790373625 3588.718443318934 5096.082784331587 -7208.310308246617 -1719.0592402678085 -6893.294656492426
-1230.209794332768 -1422.9992829610037 -4601.967857823132 -6794.466611504884 -9450.021729898654 5113.844792166798 -602.0243897082582 8812.837911241288 7710.827139294477 7986.1024843160085 -4893.768121405406 -7371.369758961466 -6130.01715330369 9445.363377729966 7285.084505758008 5913.642750038851 -4161.728311488036 -2254.9978953320497 9860.62862433443 -1323.9059717692198 -5266.319847684566 -6472.461351125545
6745.86149224779 1419.0007079127608 7646.568665146438 -9745.578046967032 -5527.418766852823 2016.8938402290878 1508.3801349219339 6514.249518189317 5174.784795557363 -3810.425714792833 -6287.241926606713 -5231.715920064437 -5215.056821956039 -7677.296533261273 3156.110773763421 1179.9539704804629 3116.3459954684786 9241.949871782439 -6850.210881333882 -8364.685673557924 -6982.0073917095615 -5314.9753885986975
-3719.2542157278676 -7598.686655135602 -8140.288724257743 3111.3283973010803 9519.896675492313 -2601.4838009998775 1422.0083203307295 -422.1499188494963 3046.546495026545 9314.240968500657 -3835.8733268503056 5148.108457127766 -4164.418085599826 -4361.423014498829 -427.0494238554529 7227.869296670364 1778.8816620867656 -2864.617612713363 1537.5096779086598 -3286.4784576387865 7120.800174320448 293.1516468543032
2259.7801147281207 -6690.511547810207 9908.49153250481 -8943.241181495112 -9174.963583893756 2966.357640551172 6564.360616318252 -6750.475914782008 8929.38478671083 3184.322597810027 -8955.023667321724 165.94640987916682 -1383.8199915147889 2841.949469882318 -1159.4749764471107 1491.041404555821 -6986.339118111469 -4095.638081788058 -9287.440372265388 7770.450259038407 -7180.165416289288 -2984.0211704367966
-7415.598094423352 -9589.450106663353 751.0917019082262 -6340.024021213971 -2425.499144340868 -8141.413620457989 6634.191707413462 -5883.00858945148 -7414.058335391079 -4162.455415580819 8704.775238521219 9681.365646567978 -2238.36463430994 9444.394494157179 9256.451662795003 -2769.046119452778 -2025.8043698948813 -9482.101579610962 -4934.3512131131265 4472.3098420593 -5558.916454043332 5871.69295341113
7963.0337708920015 -3444.605478223757 -303.31727161179333 -8261.78862071942 -1423.986829252368 392.925182256522 3300.3810635948867 -295.6326998049353 3520.9809587137734 -1668.0690814301597 9805.991556880457 7880.926818253392 3536.800739726492 3728.561027584017 2092.1748676761745 9937.015898962152 1622.7253001546014 -3069.3692964999373 8941.189869286078 5990.897375207083 1190.5942109745047 2258.153667734732
-5412.292802133007 6684.51516680557 -3984.532840638437 -1373.9797667354887 6090.129418467875 7705.596150963498 4138.480350464728 -2290.362900431546 -3582.556591367689 7516.759968948238 -876.5849727618224 -1736.3531008621794 9631.645381288079 810.6009935841139 -9502.744854349685 5460.037753752735 5970.445626374521 1165.7996411017666 -5384.001641601412 -1567.8376636550256 2574.0111776950034 -2614.2806510366936
4997.087973143543 6880.629030337863 2103.0019227833964 -1506.832856562558 1006.6993443914471 7824.713213661984 5698.749484503345 7245.704951871699 2039.306563925129 5591.482027025184 -5104.847878380743 -1394.3579948770093 3726.105981308585 -1535.635883826215 8830.628065311848 -4192.433183891304 3379.404168210136 169.17275349338888 3555.98556765011 4110.0879710011795 8539.873881099276 -7255.472839372345
-7621.537826625265 8595.481877775448 -829.4847614885348 -3014.3120840385973 3683.134184278513 -8412.728215593892 -818.0770183476161 3112.421305888205 3589.5053748091104 5682.173590351975 6127.992534537461 -6137.388089500409 -2826.712017874622 -9280.757206835626 -5443.692448118034 7875.014425518955 212.90166642414079 2094.557082597945 -6314.305769994388 1202.617571881341 8174.78160703801 -9963.070889233057
-4986.698223075477 8809.343964570195 -648.4852257377988 211.54076756863287 3032.1729838384526 -4176.132356538355 -3631.927995661168 4753.909741291989 -9948.108095192316 -7004.199472925033 9265.423920420311 -6176.865157266962 8859.823331696789 -5918.7011538888255 -6500.624719551484 7778.993690762647 -401.9060732688504 4967.898251295112 2479.4678293552133 -9465.79566374699 -2237.492962544902 1290.5125004130368
-8145.3612687365685 -8365.11484991384 -8422.10220276141 -2518.2780460653184 -1657.801667180598 -1413.7782828656837 4391.988336353152 630.6858556447642 157.4596339958316 4901.372988116525 -7455.466267527433 9596.937053865448 8897.261133159314 5712.018070633629 -281.34006521030096 -7680.809312896721 8640.426660181958 4057.640624554142 9843.740466126972 4041.354801580961 161.58793789447918 -5739.155054767149
8240.864751200814 -2421.050498684256 -1354.1230390541477 -120.88693983140001 8732.720089172588 7726.331338241103 4706.108670362399 4772.355851858578 9712.20561246193 -2541.4001347060002 -5966.111748015048 3536.8851227029045 -5298.548304303361 -8015.6275290457925 -9846.837887815916 -3958.1832925919034 -4282.146766840465 -3540.9094964653013 7324.338324851578 -185.2602443487267 6773.061828178565 3108.4829060685734
6209.110780974168 -9125.069582883583 5553.511645764645 -2008.223789085655 3285.3009593268325 -7589.969775623973 -6584.114118460973 -4813.94281524852 4769.602191066957 5457.962670431742 8272.514661028239 -5004.888346151483 135.7555609323008 9090.478308701775 -8397.51017545618 -8721.100142364336 -8390.676393853573 -5082.0771408965575 -815.0885589416685 -7146.77752712741 1330.7953761180997 -9347.108786745895
-6971.210678532895 -7663.991851511973 -6476.208399112695 -9694.767161241129 769.3421163959865 -1805.4629950137987 2294.110693594508 9569.391548074349 6091.143783143023 6559.828610943685 -1306.451685203243 -1922.0606913910387 -8980.688569289783 1383.8399419338784 -86.0706631969224 8758.932009432356 -9226.277541076013 5437.080751566127 -9223.53744348216 2501.6050591353523 -7003.716882124291 -8006.0245304180435
8043.710855360787 -6323.740027952632 -8426.200051660622 4332.971670595123 7520.5835374794915 9200.042211306969 -1693.1355080348894 -1227.2846982749234 2963.2052386767355 -3468.5610220658855 -6544.104621499516 686.4916281999922 -6071.576433836459 6329.138470372107 9858.639156009343 -2616.903029817133 -8418.030113879207 8175.874381576712 -5308.084991508029 -2295.1358878076508 -7693.031456507122 1375.4233595448986
6655.942909747864 -3388.3215664850304 696.1849469994922 -1007.7466627998929 4661.340029245021 -7206.851140971451 727.0281832388227 95.56501361191658 5331.86602750376 -713.4322643191263 -4622.28427623647 1781.3152876746808 -6255.310495366728 -2975.8254755238677 2317.9961119809286 -2985.1909345988097 -7264.9641764500175 -386.0098305235733 -2925.57994731282 -677.3537229053436 6114.536628155971 2695.347615316079
-2051.5648408701018 -6780.559941933421 231.38909332059666 3749.1604595189674 -3868.4975488926175 -6480.286935010548 -9715.010362727953 6670.224901034122 378.21400591346173 2703.313232444405 -646.1359523171286 2878.1131792742926 -3646.433538495253 -5508.885690298859 -5906.551853875091 8335.52384221464 -4023.4068439419725 4577.682274838555 8347.586932399587 507.99413188021026 2686.076509297298 8571.847294985248
-2342.794352496533 -4664.819320263562 -8716.748387007778 5597.233479268036 -4975.24032543537 561.1220791577725 -3166.0795447511455 -5029.25834833569 -9729.143764134351 8735.748721398144 -4471.9875351292185 7678.97270723735 -9518.32461992095 8531.073506713634 -579.561434375717 2057.38763824293 -7502.814289615257 -6964.375963415863 -1262.537784308768 -5193.47131232977 7912.757940334759 9684.91842052506
1516.176036147015 4759.150623234847 2894.3955399022107 -7101.412666250999 1221.3458814045625 9610.626704396007 -252.82475782604888 847.8488633870747 -2725.9301877370935 3454.9581961487675 -7517.480004957819 -7670.668615707578 -3768.144896972105 -3820.068206360763 6688.120812337209 -125.35852760023045 -4693.8443327411815 264.4023088454269 9945.96941275274 1737.9378696201584 8693.263358500586 -9569.637885526408
3204.5138957198633 -6030.987532047853 3886.0100276148405 -9841.662781719659 3270.63660014189 -4237.096523750219 5097.961715495396 -2113.120612003525 1334.3836929367753 -8936.877676400132 -1244.621511814281 8877.535578877392 9757.910289015577 3416.734656263261 -5477.020759396895 -6521.097511895091 6435.450307611609 6913.4737344903915 7806.181343687946 3157.7917381562747 6661.715485514949 -2315.1378936179535
6404.010456350148 2043.1314930087901 -1312.887603158997 -1497.5584217838114 4391.707849978919 -3429.8466983255666 9011.702808635848 8953.498785942953 2572.970786206175 2118.3424323372565 312.03753368875005 9229.387010050803 -3055.4323621895765 8180.143189400529 -6745.2132357203955 -2368.5234043419114 -4031.692264282853 -8950.66158974018 -2433.215029122378 -6427.340099065519 370.61458870349816 8917.108165686052
4254.4684963197415 9025.270176687285 -765.8664055373229 3087.1196659889392 1655.9099163325427 -6941.3485424485 -6520.529086927702 -147.0621989543306 -4603.478338523459 5962.349664085403 5754.900595431403 6519.649811924217 8822.287413434053 3079.6579851236347 9709.443594114753 -7220.92259479223 -1593.7493847090027 4213.009059653978 2150.3925367073225 8645.745418483453 9787.979349871108 932.3239947636303
2187.001577448531 7218.988788415329 -6764.067119787225 -1454.5822044222878 2121.244765537567 4823.3915511829255 2140.400934440848 1541.3122470844319 -4254.739986036524 -7103.69981783703 4311.864169726588 4461.78231913235 7734.4948763039865 7540.286322549724 6852.99040156812 -5771.601164747247 -3965.2050428008542 -7329.749372771281 1704.6069879045426 -683.5698072682735 9445.21561526465 3646.706470863557
6414.661554649352 74.27966323213877 -569.0311059442884 6708.658557538136 6320.326017077246 -627.2405367191714 -2872.1343867436253 6109.992416529165 2124.742834004868 6460.693180627801 1418.1207492393896 9082.457744142215 137.5240666660684 -9405.754229734115 -3114.1096924612484 -168.83607934544307 1355.0953523518783 -6643.10867975852 7553.724527647191 4856.4154413848355 -9500.020650318571 -2398.5355015515934
-4014.5323104455065 -2083.2276672078006 5676.021369264368 -8751.763479808606 -2845.611513098356 -26.580627968382032 1102.4233971302856 -3560.8747307729873 4501.1078279959365 -2767.2742695353045 -2749.9531109250293 222.3315479396624 -7213.406444100661 2160.766243625985 -6876.798273450155 580.7221827977774 7540.7578765399885 -419.9957721507235 -8107.39505295712 4863.978420819341 9086.332851472253 -8700.07465972084
-3995.2507736323105 2666.371416007387 -4275.840584951098 7427.9615716650915 -731.464231661861 3386.0634370501502 6076.110083735539 -5169.155503964967 -3387.667885897509 -6970.943719355228 -3783.4031428299377 9611.022646777437 -6199.913274459301 3574.1929560790522 -4163.5028524767085 8529.113061891108 5919.022736369658 -8508.096320975334 2655.830874819012 -9529.415396793818 -6483.009789097789 -3399.720811882409
-1195.8169669152358 -3764.7991198788322 7597.700441729503 -6039.157507427686 -2863.7421982683045 7935.917072712211 -7099.184307024994 5625.1993853213025 -1755.945385648054 8605.73276373585 -3788.730849839748 6796.1942475068645 9168.610266889846 7477.992921938083 3630.8695493799933 -3552.964052736618 1632.6085723208798 6401.7132054132235 6047.332673285275 -5310.191986003579 -8296.540956628165 8835.876055849105
-3069.19536964712 8078.23309338071 6301.299653499256 2495.041853329314 -8205.239874638619 508.63108519363414 7830.744372377434 -9089.141570086076 -3577.9335029341855 8447.72226723062 -9985.49296476613 -2903.121553173595 6755.05047228781 8857.69765319736 -2309.567757449886 3213.6867611897815 4485.796587364759 1864.0613594911774 6040.028895482048 -9648.376875668875 8571.774987106473 -2024.5701610490178
-4202.728276564505 -3574.4146186620874 9897.977750618411 -5995.30844977924 -5915.846049465081 -2246.3106814258053 -4415.817595267162 -2230.7203761264846 -9259.050514627925 -4599.542160161239 5078.154150105205 9496.539381716295 6926.125226461045 -4569.159956754594 -4972.331572574153 6917.792973014799 -7480.888214776347 -4385.10726278486 3497.0701976226737 4587.599563106018 3498.4478267084705 -2338.2592132114396
-5978.764928379122 -1227.259087809025 5814.980692689389 -8232.025914539634 -4102.4517849263775 -1148.47811996776 -8033.326733940956 -8509.061696733877 3852.0773481559954 6903.662182426626 4917.170863092244 -2956.8561897856725 8645.386066595674 -3048.135584853462 -961.8299593285537 -2565.982005156604 7923.851819405256 -8481.863783482739 -3528.768835624416 1190.9396835212901 -8041.519080322457 -4329.069994632264
7465.69371256353 -6565.413751809939 -7374.043844293308 -9080.431780169898 -7162.106352050856 -4295.373696794797 7873.409925344655 -6538.696416825602 66.78605501039783 -4034.1050826944884 -4344.543437581905 9243.246257472627 4427.237967820394 -6943.7245281555015 -904.6006412662828 4600.6496516724565 4136.437142225748 4854.818565830286 7465.9191327419285 2207.2625196565004 -3771.180492977839 -6789.87046851808
1071.891963422746 -4293.45022384398 8804.960232106932 3634.9945996645274 9958.254592378184 7587.109477822607 -3070.520409161395 7604.133017743701 9127.95006332099 7498.967129424429 9223.239284713414 9399.221048131389 3740.609131303354 -17.216338036671004 -7023.138279101502 2920.7895667378853 8624.39916704132 -6215.505394097272 -6174.138769063193 1936.4302962460097 4436.517517727321 -983.5845439354234
2694.990769766797 5881.858412488293 7352.488602772566 -3714.0865908741307 846.5467821927705 8879.49473112544 -4304.015645643589 9069.027270231913 4541.306074328331 -6463.237038601692 110.32535527821165 -4646.365919144113 -6829.029358763117 -271.7002519430025 -2924.7887231802024 4726.495593324713 -1973.2302220706433 7883.057979984769 4414.51840815753 -7405.741155792361 9805.151313731109 -6495.3101488509965
-4377.505500323726 -2603.5638499436127 2707.166816366813 2516.0689620459234 -153.36828529914783 -1252.2527534519177 -5077.229987832578 3387.309104072172 2557.3821722986995 2483.9215648593654 3293.153369505466 9818.287159936408 -3292.049851929677 -9188.41488642875 6542.415884341015 16.59410404385926 -6694.3191029830505 -6213.750749472242 3934.2147094491957 7276.975986591249 4094.845102952482 -8665.98721157692
2297.383156232014 1326.6735072874744 6563.302585015481 -9754.571752616368 9135.861153184018 -9328.760525736101 -9318.812653487821 -3711.685480131863 9476.454109996037 8193.969560417674 -8866.847713007908 6565.459710632429 -5502.823304628381 -6166.857011299942 5534.63800695013 -981.6904021940754 573.9342447915624 -8141.07524130252 1131.5396583665188 8893.538001988032 6057.798089971391 -3213.2579842889063
9420.522245208253 -9054.541949701466 7900.668103287553 -6725.529327738035 -333.6215899570034 -2732.754775150168 -4615.888998383122 892.4670426633384 -6681.0601964655 6904.393720670701 -6686.924016869951 7580.688718913116 8225.319478759764 -9345.657607379482 -4618.668659030558 2284.9015773525643 5973.628273072485 1925.5539201960928 -9082.128149837037 -2956.718072697453 -3006.4254831434064 4149.594253082465
9757.384646985578 700.6417319949178 7967.993643404712 2021.0970448376029 -7626.8816351628875 -7420.532419699892 -6634.1200212979 5584.368611146512 -4161.403693955199 -4255.31509096021 -5151.4856826915675 -4204.802504932628 -4848.244868513494 -5947.651804394687 -3955.6369197966815 7709.169050007935 4435.806596559942 536.801032907013 -1819.2575035633827 1629.7051803157974 9510.052614212058 -7140.558103998637
-77.02867788982621 4321.223387210113 -2042.9803392405229 5362.587745898849 -6832.354743846925 -8091.363352286485 -7054.892997838014 9422.786021611304 -1058.4402055798619 951.6498233976508 -8756.66242269506 -2504.1243616663533 -9839.335871411937 3263.8521408231063 -1810.127405115747 7003.017700873072 4940.4910404658 -3755.97721824392 5553.773392251134 -8544.652025397614 -7269.002936831752 7234.045985450997
7221.7693292424265 5297.193985798574 6791.535983704311 8371.610188710118 -4348.00988202235 -7544.385087087054 -7248.295271265379 8115.711540920693 -6173.980849528731 5147.547554249255 -1237.3351985051577 -4903.614609441443 -2685.9027682645738 -9239.423821038934 4087.10871969262 5492.668620679309 8145.043296831987 8489.910397458563 -5864.587819609977 1292.4585232390382 -3337.517224877033 4104.799210561734
-8301.622848065825 -5799.151140036778 5402.173821779583 -3200.09157934779 -9838.340599938629 2481.66812086569 -6310.866995556709 -4220.659157093005 -2537.789416861191 -7783.273609580514 4477.030779799303 260.1307811538554 -3235.2231529019164 -6693.333681122313 5875.317954014334 -6862.821302676798 8570.460142037125 8124.1106460727715 -4441.668693456495 3031.4171709050443 3279.7005067974314 -7867.753983929291
6743.345427858563 3069.6603573390366 -7978.751258879122 -8954.708610149522 4580.110689744737 8917.165350593747 -3418.207720315442 6976.640298246519 -4869.839268098157 -3626.7726811123603 -5373.333691813192 -4833.157014107776 8755.662737953186 1975.4815894958883 -1796.537142462972 7437.933516270219 8901.077969876802 -1160.1993002910622 6900.846084225639 -9650.056413580915 -4057.4138449780057 8232.021732937934
8577.283752747298 -6085.588122512621 -4636.01450268752 -2139.619296162172 6169.242363882227 7154.575896677565 -1749.9130572562044 7025.331676726841 8905.00087566207 8858.715470400839 -6976.366754599959 9646.792021007164 -8809.972678715025 -7992.151466237907 -6982.364805045005 -8876.2390971514 9250.062267861784 -6225.0510998701375 -5778.944314109262 -4464.014145917498 -6084.217373091614 4863.013631369266
-5968.802780129172 2516.9202744268077 9975.396632110507 -5958.157790521516 -6622.7978935899 -4399.979022740869 -663.0344602140995 6663.1520216460085 -1881.4797860778817 -7520.575998056098 8300.63274206717 -8519.74190916517 4434.581172635972 -750.075675471302 -3968.1884427423174 -2768.0562815985813 -7024.744835438388 -8149.220560614221 -6494.883765276369 -8084.250859056788 -4370.57837027661 4312.766005284526
9673.063228064606 1057.2241880334568 -8558.212983915671 -7079.3775206790815 8022.452577159849 1363.0093509217022 7679.738696063279 -9808.179086484872 675.0625519523783 -609.2172332985265 -3306.991611166294 -277.26724265006123 8476.66723848342 5388.964753774888 1207.7486955600616 6843.580597160995 1999.3616352926638 5706.235739516347 4864.431611977288 7636.98020786127 2191.527896464413 -7405.099120888683
6235.195946988932 -6184.667952287215 8179.066447921425 7636.237586602572 432.5607706569408 5199.948491302208 -8820.013346473357 1332.3499424545316 7331.447677797751 683.3625188233891 4022.9250428584164 -1648.0595507269027 -4514.675828697113 4056.342207408512 8981.810121114911 4591.718537559969 -7777.078992267303 1377.7397459600252 5753.301002322289 7599.687692240321 -3504.2180572628804 -5480.3303364537915
-1967.3678246604395 8559.084104094916 -2285.2904126562553 -3127.4789312332805 -5694.787516843101 3792.4408810626865 -3061.2583616380307 -3303.426322403846 -569.7579240803225 6798.415685292599 9295.62452143776 -2193.4225124469813 64.50163959610472 -7085.354150587693 -6533.635375798792 6566.424890954153 -3820.221656338347 1539.592275335308 1064.8143161076732 7190.009911422072 -4999.99165765346 1106.1232828130524
-8760.867690868168 -747.5439604774347 -5693.16948331914 -6152.713014490921 176.03554878704745 -3218.562578330686 -1073.1025233393957 -1232.0418616930092 6793.194457872589 -3761.322961266116 -1804.8699158344043 9848.20673477553 1767.4264737871908 -3110.5983258368997 231.1882497359711 4987.454272293509 1901.5079540565312 -367.8997914045394 -378.71159407685263 -6659.277472938216 -3204.5828513587967 -1593.897893567726
1688.0640819617201 -5358.4295069555 -8428.234338995468 -6278.977455688093 -2315.6085210673027 3388.852459838943 -2743.6820302949536 3707.3113638735704 6844.6278093546825 32.88457954491423 3791.6003315174003 -4085.4089644504984 -5075.588998453109 9788.815709247563 2752.06071170621 -2878.416089948206 7367.22785197962 7302.015159518796 8702.359265783925 7556.21594248337 5072.644583521571 8587.807450947614
-3355.825861968242 1710.1928478892005 -8235.572239375473 9008.049938342647 -3567.9141241686093 3178.1874674649243 8826.814003572465 9356.990162009344 -8388.665558672228 5249.3207468075325 -2339.141505329516 8584.059216192 4437.788045047835 769.8246790798166 4678.165775221838 2910.590128521586 6070.386190824314 2735.634776883584 188.770761898606 -2931.0805087958915 2966.547511185867 5411.644386735406
-774.4896178154704 2316.212992752695 -4594.491459057017 1825.154732448842 -6744.789313677497 -8562.082869612088 3427.9269533905626 9508.623697416966 -7613.289946165449 -8623.836133047114 -4936.107841698469 3439.6699035518814 -9337.167410254257 5969.570798217399 -2207.0662204243545 -4385.171671508823 4879.8150473518435 -233.2801588535567 3922.0692693356577 1523.925892496367 8944.994686001392 2877.14134030103
790.4871761079394 554.6857451378746 -7806.786282477602 499.92485728772044 5525.237877844962 -1214.9610860600114 -9272.692112460372 -4854.5202344272775 7038.770797233268 2041.362206274347 -2390.7203607263946 5920.677838154443 -5346.853350954828 -2694.930279191499 -8273.226600307744 3249.19458473331 -3190.788741062949 9168.040284111288 -5862.9191567524485 -3443.2238815144747 -2321.2456781529036 8129.610411313955
-4494.999590756752 6013.998011179294 -4009.2697508735073 2485.7343727095085 -1478.6804102750866 2925.059277823402 3902.0571677533226 -2260.5604022799653 -3225.2566071465026 -5999.334180210815 -8006.943500001458 2128.2489012873575 7985.976781711011 -3790.2460863093993 4913.650430114611 -1825.6237768072124 4606.438310011576 9513.406379551947 2198.364596851845 2449.0814270098163 -1902.6138731493857 3397.280676342827
9181.389608310554 -5216.45149987241 -1236.1933825865399 1423.1568274923393 -4365.926012056558 8195.820527880453 7210.333640938072 -2220.6331676894943 4173.760699408891 -2907.9135340374005 15.70761918712924 -3533.8470044536516 695.8516581810036 6799.133374664263 5642.518803057432 3568.5438626223695 -1300.0152362421159 -5444.183218526841 9561.546148414156 1533.4285369218996 1506.0721467516742 3981.142974065566
-3916.371717017586 7641.405814949852 2010.9221292974871 7687.487455117764 8783.477908911129 9033.451008630302 675.9427383012699 -9164.343107006309 8591.18270010674 1355.8077821748302 385.29819843684527 -8113.290486825879 -7382.148844411733 -8639.198759705576 1002.7571357424185 9425.387038135312 1734.4378201068466 4268.708522670497 8409.837994046557 4005.150391625306 8021.001858118183 8730.263204577452
-4085.9314691694544 -2369.1925414151374 -3864.7834488000553 4783.8260921622 -8325.838247552509 3939.893383564022 -1164.1533480206654 -8335.515520987077 3369.4648115211476 8518.656626003656 -7175.998015397225 5246.341582725394 2041.365584631032 -5.940151450689882 -9752.242579057376 5734.216461463111 -3178.148533153606 -4302.153060732776 -2384.4859718731514 -6819.861457129499 -5894.381766339269 2617.686264079004
-4621.891986073308 -5859.1779556284855 2075.213719853342 1038.4373642848514 -6696.475469687249 -2476.0130735097773 -9769.945416332292 4245.00713888328 -7498.505876541124 -3547.7235194186933 -1055.6441279112387 -1775.893839484841 -5463.019665459403 -7201.236638370758 -8398.514580325951 -1318.6126892240864 1008.465945925871 645.8548859869516 9370.017979330136 8064.854655178067 -3390.342821278158 -6834.174895356613
-9292.363009994388 -379.65220177694937 -3382.229769709511 7229.652174144667 1145.6102825544567 8931.756874571409 -8513.403112241427 -6387.726583670061 5858.414327825136 -8836.838479025333 7943.449647345296 6127.541126551594 -7918.709709897321 6468.083465177671 -6152.314267924923 -5328.620694894595 -6110.3058207380045 -2022.3136211774718 -6981.231170626854 -3963.821913811349 4167.325986410773 -3774.8381003510212
8131.55050556135 5231.924351041913 9011.964765869237 -8161.74254620011 -2070.1511510688024 6457.959145407618 -687.2660837582334 6671.71284277588 7610.162870583768 -7336.916146538908 504.4295312186241 8990.489759915316 -7670.7125969937515 3837.647773180375 -8511.699574371492 4917.426448239188 -3822.0852398874385 -1185.1254175249815 3601.143717287692 -4804.145934058814 -4010.7806021974393 -9289.151464061259
-2633.748976848625 1997.458469797657 2118.4664401470072 516.8422329136538 -8626.1381010116 -6923.103989576939 -8646.662603611292 1903.4381917587343 -8332.803234719919 -9970.210843278053 1929.1744860372528 -2294.696754300223 5028.603028663199 2234.19972266731 6433.110863475071 -4937.903834956774 4887.582187104412 -2503.2158861045555 -827.1680342846485 -7736.403420795821 1501.9653015648764 -3494.752718631051
1474.368176476033 -262.27497909914564 -6965.304818624576 8229.331260170478 -3610.127022857494 2464.726606452754 -4610.141208588676 -8271.887467897906 -1915.9214800541395 8926.460569087143 -3811.7873847439723 4171.927965733757 -7120.86349522948 -8954.1241814563 -9952.113518670967 -3048.7006285990083 -8188.146893713737 -8967.985815758599 5089.350988875585 9814.77359885519 5049.3253037448485 -1419.2898693120496
-1.5244953657220321 3732.2720941582265 5011.346742719059 365.5968191520078 499.2113098997106 -6890.144226478427 -9413.357680952384 1113.7084853044653 -29.11831392206477 7389.263436641446 631.3447048602702 5888.878340555721 -1920.3177757632784 -5893.167304215106 7371.175027171321 -3903.129049757985 -1200.3126580805765 -402.38511011567425 5989.536240680773 -7099.353669205393 -5530.094251812794 -8321.454319701917
-4149.5091898784685 1824.974016524122 -48.985638249674594 846.634712350331 5970.972883719625 -4798.187914965452 39.99018056570276 4662.491258670241 295.57813824947516 3928.598332656593 5271.874199961332 -4562.617660581276 -1495.2477519820895 51.79681118760527 -3251.344528062492 -1585.1113164743074 8805.415030734195 -6270.819481154237 -6606.663238597596 -1852.9786917121064 -4980.155456356543 -891.2680417386291
-5812.374228260022 -971.1346258621361 -3839.462671185678 -227.33040011037883 -4683.140637923957 -3166.9985227663046 3057.767366721964 2241.76428048426 8090.386055141029 -5913.751064572694 5317.441582594842 -180.9067801563251 4324.007610563598 -1992.4273935838219 -2655.4751255874207 -77.83235848896038 9190.599904829498 2837.897103861258 -6351.033075054366 7447.24758701686 -3125.748097921868 -8011.652282026813
-3819.8841199867293 2963.731655748663 887.21380314214 -4621.701802996982 6678.673463465868 3736.0690331805617 -1483.2584154684555 1872.9153780635606 5781.037947519388 -8476.872628074818 9166.465703519138 537.0601590667284 7164.569295440295 7289.757814225672 4191.858306687052 -8300.988417991604 9983.42110155597 -8166.918411929813 4346.377503177564 5623.90904373507 9570.049229808345 8086.239975954122
-8516.85997607093 -8567.25632105343 -954.9100008179685 -8683.242691595386 588.4793077395971 -1430.0540612696714 -6860.684027594565 4720.360472931236 2459.092546003072 1379.739915632481 2601.8115412586867 -2851.5682722520323 -7603.359740568596 2301.752394131041 7561.413623443208 3855.403480788842 7191.357604672397 -9167.826247536397 -779.4501891795044 7080.13097407643 -5836.420528347468 -5336.195464823263
-8300.245162544108 2105.1617294114494 8863.030223498441 -8019.49654437143 9996.115132877403 -8579.030221525441 5269.572972405143 -5847.451829943336 6655.958761186954 2526.597340508184 4126.218977632561 917.2628314842423 -3897.5933252143277 -8619.707856952184 -3966.6537321506203 -4156.098117532796 -2797.976677954317 5037.882101148634 -8093.149651388978 2186.7094659072336 -4742.197561152208 3328.550038810763
-7300.676600291503 -2699.445343403413 -292.5165356649268 -5109.747373533546 1591.0629952132313 9882.53277590593 8305.306651578157 -3597.303537996808 1363.0311594480263 -4846.214357819512 6771.496711880522 2554.751586914139 9632.227069709534 -793.6955254815184 1907.496162047868 -6851.302487765165 7965.189285518103 6009.19501637708 6569.466599918549 -8399.270223953923 -7349.931902215987 -4485.883894590512
7516.587025604331 -4206.506934049936 1971.8360698112356 9416.578570874819 4138.25582338666 6314.884785381619 -2244.422560960853 -3729.2938681977676 -4232.32798808254 7344.680918021317 -5207.138449057811 9831.193003106226 -7351.333480124402 5157.512904951604 1060.785879737954 3047.455481544337 4770.478964907405 -1930.8913157633542 -3156.8948562489577 1428.0818173586194 9181.876325961763 -8445.244832187289
-7180.190785309807 658.3640456943976 8927.074779730465 3948.6235828060253 7133.326537306144 4261.896710019017 7737.065917292926 -9227.74610121655 6077.332152839175 7999.727674520007 7918.962431837692 -701.3581785494844 5191.653814259169 -8607.068604866885 2007.0535262777248 6464.481531820955 -2420.5058305808725 -4414.265784524847 9102.549939072931 -1641.5702686851582 963.3911981586516 2726.1596389862225
8878.933402380299 -9161.910514581143 -6977.084120895085 9004.551306876827 -6186.61545323836 -1333.2628170921307 -6484.206099660754 3437.313575351176 -6883.11274701583 -635.2397400988102 5970.226941112227 -1891.6079763810958 6897.8593877524 5836.473295697335 2671.1727430762658 8877.249977551692 -3935.3166891893407 -3437.8264827905205 7555.147488235216 1822.8597257629062 6511.028103436995 -5588.245693208131
166.3166572206137 5283.302747632173 1412.6240218808507 -9873.730922673973 -6422.958752662509 -3411.068398591655 7490.752396341817 -3025.034828720989 277.6741165143503 -4828.307067559128 397.5611232613646 9808.074993672013 -2895.22846104771 -6443.066715648567 4395.558006825451 3270.9808515966815 127.26411348438705 4512.989950237556 1472.2593214285262 5840.570862094231 -5845.553522069739 5069.22073580154
-8614.01807995436 -1164.5373685294599 2637.606822145761 4173.9311965027555 8641.622895575725 4848.867115938676 587.2100523517456 6575.759964419292 8517.242975191468 3851.648514755472 -4728.399863845089 -2118.8560131746663 4797.184534229606 5921.06537488289 1994.4470946874899 -4046.268864525595 1907.527881282298 -2665.436977256637 4161.84789883713 -4156.162443769542 -4997.727095170412 6889.791562249797
-9881.773440922043 -6155.606457793659 -8210.670536968715 -5650.593568081282 -3161.763530592705 -2421.1507079702806 -4809.771452470622 4001.134488496873 5111.811770924956 -4496.5271614286 8176.710978452353 9540.779627938115 -8438.281779843237 -2202.8639342127462 -3495.393164551999 -6132.344837797831 7940.821083279308 807.2618765499792 6010.886348205115 -4352.492050327847 3630.287987830312 2551.199638036529
-1791.4835288627164 4694.155397154858 -8065.496282505049 413.151513884839 4941.58760917339 -3016.1674874113005 -1193.099742939934 6172.481959088005 -9882.921020144306 -5938.521255341902 5918.920005276104 -5353.971438095739 1304.7208867417012 -3359.5755512972382 -1136.5485543729556 -2083.669591103052 6.44439378306015 5925.855633872807 5287.169147604953 7754.089721633314 4450.954998187921 4924.404827438775
-7907.2573133266815 -2148.547515583523 -9874.102053371007 499.5611277856133 3846.1134221669927 -1981.6582941328998 2716.9270220464678 -3732.1626260493604 -3908.6807823553136 9514.658726923986 857.9431204899211 -4452.513846624953 7981.356382917831 7572.154759419922 952.6874023018263 3649.145114078039 -732.2962606254896 8006.815383516314 -446.9878329230469 5665.073769033292 -8039.210972044075 -787.7383293612966
-8433.723124455631 -2868.448540175752 403.8233837082953 -2732.1126580846885 7814.10328284818 8198.402507820007 -620.6158247527128 2382.344694819609 -6753.812091936017 8284.58807427718 5221.252767634747 8528.378069023569 159.34683492951444 5005.401510452366 -6445.054167309385 -8469.583480864509 4980.716278591164 -2187.356312171826 7854.190347485401 3207.9188735280513 2446.1757296099186 4405.151978720356
4364.156906720969 -4504.884761852328 8447.926679766653 8059.719871026275 4603.488019057853 7302.924413784807 -263.0153966549515 4706.489391648121 217.04942410877993 5742.540687942912 -8361.877296235623 -7112.094365468713 9021.149902163037 2765.936788633029 -7224.434024598739 -4560.6716821006385 5016.004076157893 9974.019788417918 -7479.010563712769 9429.969442711023 -4648.50173595515 -5061.920714342152
-5385.361766022489 2956.712623708385 2541.408247459345 28.510245335050058 -1688.9739627643594 5714.239065014761 -7935.629463440555 -709.6252866331088 -6965.662795769925 -2495.411452443419 6450.745164130381 -8998.96705461535 -5357.282407378439 8806.271621348253 -3615.2224132897027 -8729.120982968652 -8594.23700649904 -7486.528828524928 7809.386177124405 3076.7692788276854 -4969.84327854582 8510.155470983853
8745.43670065418 3106.374188866326 603.7309334016609 4667.334967170171 166.59221879921824 -1233.0133300840116 1233.8371630306065 2083.827015156212 5288.752699349812 -6891.433202191562 5954.37058163296 8734.718900543157 -5209.978965573389 -5981.981715314279 -5308.171455621131 5978.87570978911 5032.522352224651 9072.426778162 4271.116988108435 3599.411649670994 8835.440794020746 -1331.1763007119516
-2802.876245893064 -6498.059871984511 -983.7556910960284 2071.9887257550945 855.432283058004 -2325.5045170268595 8449.037715247698 -4291.788844726989 -3493.9753567303414 2256.334846939015 4733.50891937141 5389.825132489323 1280.4909666912718 4241.308246705761 6470.970344752252 -9209.234294009348 3173.5585805446863 -4427.821418328479 -954.5250797756307 8281.07485101006 4880.037951345697 43.912301410671716
6530.92123562636 5540.693800272709 9791.692286374 7121.74955148419 9775.67899183829 -5846.319721141495 4371.419019843199 -674.224219827016 9564.57371396002 -4301.509124784513 -8350.799025882305 -8682.450581430445 -9586.394782159037 7119.298414078166 -511.91228672106627 5507.469018109499 1257.9299588625909 -6221.372392441121 -5232.191238062902 5780.514781446942 -4650.177267602436 4146.052925042604
